debug 242 201 1 1
debug 241 111 0 1
debug 240 117 2 3
debug 239 107 2 5
debug 238 133 1 6
debug 237 39 0 6
debug 236 149 2 8
debug 235 205 2 10
debug 234 220 2 12
debug 233 129 1 13
debug 232 127 0 13
debug 231 1 2 15
debug 230 208 1 16
debug 229 114 0 16
debug 228 209 0 16
debug 227 138 1 17
debug 226 0 1 18
debug 225 197 1 19
debug 224 151 2 21
debug 223 7 3 24
debug 222 211 4 28
debug 221 66 1 29
debug 220 96 0 29
debug 219 4 0 29
debug 218 199 0 29
debug 217 118 0 29
debug 216 70 0 29
debug 215 157 1 30
debug 214 153 0 30
debug 213 191 0 30
debug 212 126 0 30
debug 211 196 1 31
debug 210 56 1 32
debug 209 137 1 33
debug 208 202 0 33
debug 207 119 4 37
debug 206 150 2 39
debug 205 178 1 40
debug 204 239 1 41
debug 203 74 1 42
debug 202 102 0 42
debug 201 2 1 43
debug 200 15 1 44
debug 199 104 3 47
debug 198 181 1 48
debug 197 113 2 50
debug 196 43 1 51
debug 195 65 1 52
debug 194 18 2 54
debug 193 6 0 54
debug 192 63 1 55
debug 191 25 2 57
debug 190 54 1 58
debug 189 36 1 59
debug 188 214 0 59
debug 187 136 1 60
debug 186 26 0 60
debug 185 115 0 60
debug 184 28 1 61
debug 183 35 2 63
debug 182 213 2 65
debug 181 134 0 65
debug 180 29 0 65
debug 179 55 0 65
debug 178 42 0 65
debug 177 132 1 66
debug 176 33 2 68
debug 175 147 0 68
debug 174 72 0 68
debug 173 195 1 69
debug 172 52 1 70
debug 171 242 1 71
debug 170 75 2 73
debug 169 192 1 74
debug 168 64 3 77
debug 167 27 0 77
debug 166 187 1 78
debug 165 240 1 79
debug 164 61 0 79
debug 163 182 1 80
debug 162 163 0 80
debug 161 215 3 83
debug 160 135 1 84
debug 159 71 1 85
debug 158 76 1 86
debug 157 97 0 86
debug 156 162 1 87
debug 155 32 0 87
debug 154 156 2 89
debug 153 62 1 90
debug 152 225 0 90
debug 151 100 2 92
debug 150 194 0 92
debug 149 87 0 92
debug 148 189 0 92
debug 147 226 1 93
debug 146 198 0 93
debug 145 176 1 94
debug 144 46 0 94
debug 143 218 0 94
debug 142 166 2 96
debug 141 224 1 97
debug 140 83 0 97
debug 139 44 1 98
debug 138 120 2 100
debug 137 68 0 100
debug 136 221 1 101
debug 135 17 1 102
debug 134 234 1 103
debug 133 125 1 104
debug 132 47 1 105
debug 131 231 1 106
debug 130 206 1 107
debug 129 172 0 107
debug 128 101 1 108
debug 127 38 0 108
debug 126 227 1 109
debug 125 23 0 109
debug 124 174 0 109
debug 123 152 1 110
debug 122 170 2 112
debug 121 48 1 113
debug 120 131 0 113
debug 119 160 1 114
debug 118 186 1 115
debug 117 85 3 118
debug 116 103 0 118
debug 115 45 0 118
debug 114 143 0 118
debug 113 19 1 119
debug 112 98 1 120
debug 111 80 0 120
debug 110 144 0 120
debug 109 173 2 122
debug 108 40 0 122
debug 107 122 0 122
debug 106 59 1 123
debug 105 89 2 125
debug 104 50 3 128
debug 103 203 0 128
debug 102 84 1 129
debug 101 216 0 129
debug 100 58 0 129
debug 99 207 0 129
debug 98 139 0 129
debug 97 67 0 129
debug 96 210 2 131
debug 95 159 2 133
debug 94 69 0 133
debug 93 82 1 134
debug 92 183 1 135
debug 91 90 2 137
debug 90 228 0 137
debug 89 31 1 138
debug 88 3 1 139
debug 87 73 0 139
debug 86 91 2 141
debug 85 190 0 141
debug 84 93 2 143
debug 83 53 1 144
debug 82 165 2 146
debug 81 200 1 147
debug 80 222 1 148
debug 79 95 4 152
debug 78 145 0 152
debug 77 112 0 152
debug 76 204 0 152
debug 75 8 1 153
debug 74 5 0 153
debug 73 161 1 154
debug 72 175 0 154
debug 71 232 2 156
debug 70 212 1 157
debug 69 233 1 158
debug 68 217 0 158
debug 67 167 2 160
debug 66 106 0 160
debug 65 241 0 160
debug 64 37 0 160
debug 63 188 1 161
debug 62 155 2 163
debug 61 130 1 164
debug 60 60 1 165
debug 59 236 3 168
debug 58 108 0 168
debug 57 177 1 169
debug 56 78 2 171
debug 55 154 1 172
debug 54 34 3 175
debug 53 14 1 176
debug 52 10 1 177
debug 51 142 0 177
debug 50 81 1 178
debug 49 77 0 178
debug 48 11 2 180
debug 47 94 0 180
debug 46 128 2 182
debug 45 238 0 182
debug 44 219 3 185
debug 43 140 0 185
debug 42 13 4 189
debug 41 109 0 189
debug 40 184 1 190
debug 39 110 1 191
debug 38 16 2 193
debug 37 21 2 195
debug 36 105 1 196
debug 35 164 3 199
debug 34 88 1 200
debug 33 24 3 203
debug 32 121 2 205
debug 31 12 3 208
debug 30 230 2 210
debug 29 168 2 212
debug 28 86 0 212
debug 27 116 1 213
debug 26 237 0 213
debug 25 180 0 213
debug 24 148 2 215
debug 23 169 2 217
debug 22 179 1 218
debug 21 49 1 219
debug 20 124 1 220
debug 19 223 1 221
debug 18 158 1 222
debug 17 9 1 223
debug 16 51 2 225
debug 15 123 0 225
debug 14 146 1 226
debug 13 79 2 228
debug 12 30 0 228
debug 11 92 1 229
debug 10 193 1 230
debug 9 185 1 231
debug 8 22 1 232
debug 7 41 0 232
debug 6 20 2 234
debug 5 141 1 235
debug 4 171 0 235
debug 3 235 1 236
debug 2 57 1 237
debug 1 229 0 237
debug 0 99 0 237