soc=333
lb_soc=24
makespan=37
lb_makespan=5
comp_time=0
solutions=
0:(0,0,0),(2,2,2),(2,1,2),(1,1,2),(1,1,2),(1,1,2),(0,1,2),(1,1,2),(1,1,2),(1,1,2),(1,1,2),(1,1,2),(2,1,2),(2,0,2),(2,1,2),(1,1,2),(1,1,2),(1,1,2),(2,1,2),(2,2,2),(1,2,2),(1,2,2),(1,2,2),(1,2,2),(1,1,2),(1,0,2),(1,1,2),(1,2,2),(1,2,2),(1,2,2),(0,2,2),(0,2,1),(1,2,1),(1,2,1),(1,2,1),(2,2,1),(2,1,1),
1:(1,0,1),(2,2,1),(2,2,0),(1,2,0),(1,2,0),(1,2,0),(2,2,0),(2,2,1),(2,2,2),(1,2,2),(1,2,2),(1,2,2),(1,1,2),(1,0,2),(1,1,2),(1,2,2),(1,2,2),(1,2,2),(0,2,2),(0,1,2),(0,0,2),(1,0,2),(1,0,2),(0,0,2),(0,1,2),(0,0,2),(0,1,2),(0,0,2),(1,0,2),(1,0,2),(0,0,2),(0,0,1),(0,0,0),(1,0,0),(1,0,0),(1,0,0),(1,0,0),
2:(0,1,0),(1,2,1),(1,2,1),(1,2,1),(1,2,1),(1,2,1),(0,2,1),(0,2,0),(1,2,0),(1,2,0),(1,2,0),(1,2,0),(1,1,0),(1,0,0),(1,1,0),(1,2,0),(1,2,0),(1,2,0),(0,2,0),(1,2,0),(1,2,0),(1,2,0),(1,1,0),(1,0,0),(1,1,0),(1,2,0),(1,2,0),(1,2,0),(1,2,0),(1,2,0),(2,2,0),(2,2,1),(2,2,2),(1,2,2),(1,2,2),(1,2,2),(1,1,2),
3:(0,0,2),(1,0,1),(1,0,1),(1,0,1),(1,0,1),(1,0,1),(0,0,1),(0,0,0),(1,0,0),(1,0,0),(1,0,0),(0,0,0),(0,1,0),(0,0,0),(0,1,0),(0,0,0),(1,0,0),(1,0,0),(0,0,0),(1,0,0),(1,0,0),(0,0,0),(0,1,0),(0,0,0),(0,1,0),(0,0,0),(1,0,0),(1,0,0),(1,0,0),(1,0,0),(2,0,0),(2,0,1),(2,0,2),(1,0,2),(1,0,2),(1,0,2),(0,0,2),
4:(1,0,0),(1,2,2),(1,2,2),(1,2,2),(1,2,2),(1,2,2),(0,2,2),(0,2,1),(1,2,1),(1,2,1),(1,2,1),(1,2,1),(1,1,1),(1,0,1),(1,1,1),(1,2,1),(1,2,1),(1,2,1),(0,2,1),(1,2,1),(1,2,1),(1,2,1),(1,1,1),(1,0,1),(1,1,1),(1,2,1),(1,2,1),(1,2,1),(1,2,1),(1,2,1),(0,2,1),(0,2,0),(1,2,0),(1,2,0),(1,2,0),(1,2,0),(2,2,0),
5:(1,2,2),(0,1,0),(1,1,0),(1,1,0),(1,1,0),(1,1,0),(0,1,0),(1,1,0),(1,1,0),(1,1,0),(1,1,0),(1,1,0),(2,1,0),(2,0,0),(2,1,0),(1,1,0),(1,1,0),(1,1,0),(0,1,0),(1,1,0),(1,1,0),(1,1,0),(2,1,0),(2,0,0),(2,1,0),(1,1,0),(1,1,0),(1,1,0),(1,1,0),(1,1,0),(2,1,0),(2,1,1),(1,1,1),(1,1,1),(1,1,1),(0,1,1),(0,0,1),
6:(1,2,1),(0,0,0),(0,1,0),(0,1,1),(1,1,1),(1,1,1),(0,1,1),(1,1,1),(1,1,1),(1,1,1),(1,1,1),(1,1,1),(2,1,1),(2,0,1),(2,1,1),(1,1,1),(1,1,1),(1,1,1),(0,1,1),(1,1,1),(1,1,1),(1,1,1),(2,1,1),(2,0,1),(2,1,1),(1,1,1),(1,1,1),(1,1,1),(1,1,1),(1,1,1),(0,1,1),(0,1,0),(1,1,0),(1,1,0),(1,1,0),(1,1,0),(2,1,0),
7:(2,2,1),(0,0,2),(1,0,2),(1,0,2),(1,0,2),(1,0,2),(0,0,2),(0,0,1),(1,0,1),(1,0,1),(1,0,1),(0,0,1),(0,1,1),(0,0,1),(0,1,1),(0,0,1),(1,0,1),(1,0,1),(0,0,1),(1,0,1),(1,0,1),(0,0,1),(0,1,1),(0,0,1),(0,1,1),(0,0,1),(1,0,1),(1,0,1),(1,0,1),(1,0,1),(0,0,1),(1,0,1),(1,0,1),(1,0,1),(1,0,1),(0,0,1),(0,0,0),
8:(2,2,2),(1,0,0),(1,0,0),(1,0,0),(1,0,0),(1,0,0),(2,0,0),(2,0,1),(2,0,2),(1,0,2),(1,0,2),(0,0,2),(0,1,2),(0,0,2),(0,1,2),(0,0,2),(1,0,2),(1,0,2),(2,0,2),(2,1,2),(1,1,2),(1,1,2),(1,1,2),(1,1,2),(2,1,2),(2,0,2),(2,1,2),(1,1,2),(1,1,2),(1,1,2),(0,1,2),(1,1,2),(1,1,2),(1,1,2),(1,1,2),(1,1,2),(0,1,2),
