soc=2285
lb_soc=1312
makespan=19
lb_makespan=13
comp_time=11560
highLevelExpanded=80
lowLevelExpanded=20323
solution=
0:(4,5,1),(4,4,1),
1:(1,3,2),(2,3,2),(3,3,2),(3,3,1),(3,4,1),(3,5,1),(4,5,1),(4,6,1),
2:(1,2,5),(2,2,5),(3,2,5),(4,2,5),(4,2,4),(4,2,3),(4,2,2),(4,1,2),(4,0,2),
3:(4,6,2),(3,6,2),(3,6,3),(3,6,4),(3,6,5),(3,5,5),(3,4,5),(3,4,5),(3,3,5),(3,3,6),(2,3,6),(2,3,7),(1,3,7),
4:(7,2,6),(7,2,7),(7,2,8),(7,3,8),(7,4,8),
5:(7,4,5),(6,4,5),(5,4,5),(4,4,5),(3,4,5),(2,4,5),(2,3,5),(2,3,4),(2,2,4),(2,1,4),(1,1,4),
6:(1,1,5),(1,1,4),(1,1,3),(1,2,3),(1,3,3),(1,4,3),(1,5,3),(1,6,3),(1,6,2),
7:(1,5,8),(2,5,8),(3,5,8),(4,5,8),(4,4,8),(5,4,8),(5,4,7),(5,4,6),(5,4,5),(5,4,4),(5,4,3),(4,4,3),
8:(1,3,4),(2,3,4),(3,3,4),(4,3,4),(5,3,4),(6,3,4),(7,3,4),(7,3,5),(7,3,6),
9:(7,8,1),(6,8,1),(5,8,1),(4,8,1),(4,8,0),(4,7,0),(4,6,0),(4,5,0),
10:(4,5,3),(3,5,3),(2,5,3),(1,5,3),(1,4,3),(1,4,2),
11:(4,2,7),(4,2,8),(4,1,8),
12:(4,7,2),(3,7,2),(2,7,2),(1,7,2),(1,7,1),(1,6,1),(1,5,1),(1,4,1),(1,3,1),(1,2,1),
13:(4,8,6),(3,8,6),(2,8,6),(1,8,6),(1,7,6),(1,6,6),(1,5,6),(1,4,6),(1,4,7),(1,3,7),(1,3,8),(1,2,8),(0,2,8),(0,1,8),(0,0,8),(1,0,8),
14:(1,4,4),(1,5,4),
15:(1,1,0),(1,1,1),(1,1,2),(1,2,2),(1,2,3),(1,3,3),(1,4,3),(1,4,4),(0,4,4),(0,4,5),(0,5,5),(1,5,5),
16:(7,0,1),(7,0,2),(7,0,3),(7,0,4),(7,0,5),(7,0,6),(7,0,7),(7,0,8),(7,1,8),(7,2,8),(7,3,8),
17:(7,1,0),(7,1,1),(7,1,2),(6,1,2),(6,1,3),(6,1,4),(6,2,4),(6,3,4),(5,3,4),(5,3,5),(5,3,6),(5,4,6),(4,4,6),(4,5,6),
18:(1,4,5),(2,4,5),(3,4,5),(3,5,5),(4,5,5),(4,6,5),(4,7,5),(4,8,5),
19:(4,5,6),(4,5,5),(4,5,4),(4,5,3),(4,5,2),
20:(1,5,6),(2,5,6),(3,5,6),(4,5,6),(5,5,6),(6,5,6),(7,5,6),(7,5,5),(8,5,5),(8,5,4),(8,5,3),(8,5,2),(8,5,1),(8,4,1),(7,4,1),
21:(7,2,2),(7,2,3),(7,2,4),(7,2,5),(7,2,6),
22:(4,5,8),(3,5,8),(3,5,7),(2,5,7),(1,5,7),(1,5,6),(1,4,6),(1,3,6),(1,2,6),(1,1,6),(1,0,6),
23:(4,6,6),(5,6,6),(6,6,6),(7,6,6),(7,6,7),(7,6,8),(7,7,8),(7,8,8),
24:(1,3,6),(2,3,6),(3,3,6),(4,3,6),(5,3,6),(6,3,6),(6,3,7),(6,2,7),(6,1,7),(6,0,7),(7,0,7),
25:(4,2,5),(4,2,4),(4,2,3),(4,2,2),(4,3,2),(4,4,2),
26:(7,1,6),(7,2,6),(8,2,6),(8,2,5),(8,2,4),(8,2,3),(8,3,3),(8,3,2),(8,4,2),(8,5,2),(8,5,2),(7,5,2),
27:(1,7,0),(1,7,1),(0,7,1),(0,6,1),(0,5,1),(0,4,1),(0,3,1),(0,3,2),(0,3,2),(0,3,3),(0,3,4),(0,3,5),(0,3,6),(0,3,7),(0,3,8),(1,3,8),
28:(4,4,4),(3,4,4),(3,4,3),(3,4,2),(2,4,2),(2,3,2),(1,3,2),(1,2,2),
29:(7,6,7),(7,6,6),(7,6,5),(7,6,4),(7,6,3),(7,7,3),(7,8,3),
30:(7,4,3),(7,5,3),
31:(7,8,2),(6,8,2),(5,8,2),(5,8,1),(4,8,1),(3,8,1),(2,8,1),(2,8,0),(1,8,0),
32:(1,8,3),(1,8,2),(1,8,1),(1,8,2),(1,7,2),(1,7,1),(1,6,1),(1,5,1),(1,4,1),
33:(7,0,2),(7,0,3),(7,0,4),(7,0,5),(7,0,6),(7,0,7),(7,1,7),(7,2,7),
34:(7,2,3),(6,2,3),(6,3,3),(6,3,3),(6,3,4),(6,3,5),(6,3,6),(6,3,7),(6,4,7),(6,5,7),(6,6,7),(5,6,7),(5,6,7),(5,7,7),(4,7,7),
35:(1,0,1),(1,0,2),(1,0,3),(1,1,3),(1,1,3),(1,2,3),(1,3,3),(1,4,3),(1,4,3),(1,4,4),
36:(7,3,5),(7,3,4),(7,3,3),(7,2,3),
37:(1,2,1),(2,2,1),(3,2,1),(4,2,1),(5,2,1),(5,1,1),(5,1,2),(5,1,3),(5,1,4),(5,1,5),(5,1,6),(6,1,6),(7,1,6),
38:(7,0,7),(7,0,6),(7,0,5),(7,1,5),(7,1,4),(7,1,3),(7,1,2),(7,1,1),(7,1,0),(7,2,0),(7,3,0),(7,3,-1),(7,4,-1),(7,5,-1),(7,6,-1),(7,7,-1),(7,7,0),
39:(4,3,3),(3,3,3),(2,3,3),(2,3,4),(2,3,5),(2,3,6),(2,4,6),(2,4,6),(1,4,6),
40:(7,6,3),(6,6,3),(5,6,3),(4,6,3),(4,6,4),
41:(4,4,7),(5,4,7),(6,4,7),(6,3,7),(6,3,8),(6,2,8),(6,1,8),(6,0,8),(6,0,8),(7,0,8),
42:(1,4,6),(1,4,7),(1,4,8),(1,3,8),(1,2,8),(1,1,8),
43:(7,3,3),(6,3,3),(5,3,3),(4,3,3),(3,3,3),(2,3,3),(2,3,4),(2,4,4),(2,4,5),(2,4,6),(2,4,7),(2,5,7),(2,6,7),(2,7,7),(1,7,7),
44:(1,1,7),(1,1,6),(1,1,5),(1,1,4),(2,1,4),(2,2,4),(2,2,3),(2,2,2),(3,2,2),(4,2,2),(4,2,1),
45:(7,0,4),(7,0,5),(7,1,5),(7,1,6),(7,1,7),(7,2,7),(7,3,7),(7,4,7),(8,4,7),(8,5,7),(8,6,7),(8,7,7),(7,7,7),(7,8,7),
46:(7,6,0),(7,6,1),(7,5,1),
47:(4,0,2),(3,0,2),(2,0,2),(2,1,2),(2,1,3),(2,1,4),(2,1,5),(2,1,6),(2,1,7),(2,1,8),(2,2,8),(2,2,8),(1,2,8),
48:(7,2,8),(6,2,8),(5,2,8),(5,3,8),(5,3,7),(5,3,6),(5,4,6),(5,5,6),(5,6,6),(5,6,6),(4,6,6),(4,6,5),
49:(7,1,2),(6,1,2),(5,1,2),(4,1,2),(4,1,3),(4,1,4),(3,1,4),(3,1,5),(2,1,5),(2,1,6),(1,1,6),(1,2,6),
50:(7,7,8),(6,7,8),(5,7,8),(4,7,8),(4,6,8),
51:(4,1,4),(5,1,4),(6,1,4),(7,1,4),(7,1,3),(7,1,2),(7,1,1),(7,2,1),(7,3,1),
52:(7,5,7),(6,5,7),(6,5,6),(6,5,5),(6,5,4),(6,6,4),(6,7,4),(6,7,3),(5,7,3),(4,7,3),
53:(1,5,0),(2,5,0),(3,5,0),(3,6,0),(3,6,1),(3,6,2),(3,7,2),(3,7,3),(3,7,4),(3,7,5),(3,7,6),(3,8,6),(4,8,6),
54:(7,3,7),(7,3,6),(7,3,5),(7,3,4),(7,3,3),(7,3,2),(6,3,2),(5,3,2),(4,3,2),(3,3,2),(2,3,2),(2,3,1),(2,4,1),(2,5,1),(2,6,1),(2,7,1),(1,7,1),
55:(1,7,3),(2,7,3),(3,7,3),(4,7,3),(5,7,3),(6,7,3),(6,6,3),(6,5,3),(6,4,3),(6,3,3),(6,2,3),(6,1,3),(7,1,3),(7,0,3),
56:(1,0,0),(1,1,0),(1,2,0),(1,3,0),
57:(1,8,7),(2,8,7),(3,8,7),(4,8,7),(4,8,6),(4,7,6),(5,7,6),(5,7,5),(4,7,5),
58:(1,3,1),(1,3,2),(1,3,3),(1,3,4),(1,3,5),(1,3,6),(0,3,6),(0,4,6),(0,5,6),(0,5,6),(1,5,6),
59:(4,0,8),(5,0,8),(6,0,8),(6,0,7),(6,0,6),(6,0,5),(7,0,5),
60:(7,7,0),(6,7,0),(6,7,1),(6,6,1),(6,5,1),(6,4,1),(6,3,1),(6,2,1),(5,2,1),(5,2,2),(5,2,3),(5,2,4),(5,1,4),(5,0,4),(4,0,4),
61:(4,0,7),(4,1,7),(4,2,7),(5,2,7),(5,2,8),(5,3,8),(5,4,8),(5,5,8),(5,5,7),(5,6,7),(5,7,7),(4,7,7),(4,8,7),
62:(7,3,1),(7,3,0),(7,4,0),
63:(1,5,7),(2,5,7),(2,5,6),(3,5,6),(3,5,5),(3,4,5),(3,3,5),(3,3,5),(4,3,5),
64:(7,1,7),(6,1,7),(5,1,7),(5,1,6),(4,1,6),(4,1,5),(3,1,5),(2,1,5),(2,1,4),(2,1,3),(2,1,2),(2,1,1),(2,2,1),(2,3,1),(2,4,1),(2,5,1),(2,6,1),(2,6,0),(2,7,0),(1,7,0),
65:(1,2,2),(2,2,2),(3,2,2),(3,2,3),(4,2,3),(5,2,3),(6,2,3),(6,2,4),(7,2,4),(7,1,4),
66:(1,2,6),(1,3,6),(1,4,6),(1,5,6),(1,6,6),(2,6,6),(2,7,6),(3,7,6),(3,8,6),(4,8,6),(5,8,6),(6,8,6),(6,8,5),(6,8,4),(7,8,4),
67:(1,8,1),(0,8,1),(0,8,2),(0,8,3),(0,7,3),(0,6,3),(0,5,3),(0,4,3),(0,3,3),(0,2,3),(0,1,3),(0,1,3),(1,1,3),
68:(7,8,6),(6,8,6),(5,8,6),(5,8,5),(5,8,4),(5,8,3),(5,8,2),(5,8,1),(5,7,1),(4,7,1),
69:(4,0,3),(3,0,3),(3,0,4),(3,0,5),(3,0,6),(3,1,6),(3,2,6),(3,3,6),(3,4,6),(3,5,6),(2,5,6),(2,6,6),(2,7,6),(2,8,6),(1,8,6),
70:(7,8,8),(7,8,7),(7,8,6),(7,8,5),(7,8,4),(7,7,4),(7,6,4),(7,6,3),(7,6,2),(7,5,2),(6,5,2),(6,4,2),(6,3,2),(7,3,2),
71:(4,8,7),(5,8,7),(6,8,7),(6,7,7),(6,6,7),(6,6,7),(6,5,7),(6,5,6),(6,4,6),(6,4,5),(6,4,4),(6,4,4),(6,3,4),(6,2,4),(7,2,4),
72:(1,1,3),(2,1,3),(2,1,4),(2,1,5),(2,2,5),(3,2,5),(3,2,5),(4,2,5),(4,2,5),(5,2,5),(5,3,5),(6,3,5),(6,4,5),(6,5,5),(7,5,5),(7,6,5),
73:(4,1,0),(4,1,1),(4,1,2),(4,1,3),(4,1,4),(4,2,4),
74:(7,6,4),(6,6,4),(5,6,4),(4,6,4),(3,6,4),(2,6,4),(2,6,3),(2,6,2),(2,6,1),(1,6,1),
75:(4,6,8),(4,5,8),(4,4,8),(4,4,7),(4,4,6),(4,4,5),(4,4,4),(4,4,3),(4,3,3),(4,2,3),
76:(7,4,1),(7,4,2),(7,5,2),(7,6,2),(7,7,2),(7,7,2),(7,7,3),(7,7,4),
77:(7,2,1),(6,2,1),(5,2,1),(5,2,0),(4,2,0),(3,2,0),(2,2,0),(2,3,0),(2,4,0),(1,4,0),
78:(7,8,7),(6,8,7),(6,8,6),(5,8,6),(5,8,5),(4,8,5),(3,8,5),(2,8,5),(2,7,5),(2,7,4),(2,7,3),(2,7,2),(2,7,1),(2,7,0),(2,6,0),(2,5,0),(2,4,0),(2,3,0),(2,2,0),(1,2,0),
79:(4,8,1),(4,8,2),(4,8,3),(4,8,4),(4,7,4),(4,7,5),(3,7,5),(3,6,5),(3,6,5),(3,5,5),(3,4,5),(3,3,5),(3,2,5),(3,1,5),(4,1,5),
80:(7,2,5),(6,2,5),(5,2,5),(5,2,6),(5,2,7),(4,2,7),(4,2,6),(3,2,6),(2,2,6),(1,2,6),(1,2,7),
81:(1,7,1),(1,7,2),(0,7,2),(0,7,3),(0,7,4),(1,7,4),(1,6,4),
82:(7,3,0),(7,4,0),(7,5,0),(7,6,0),(7,7,0),(7,7,1),(7,7,2),(7,7,3),(8,7,3),(8,7,4),(8,7,5),(8,7,6),(8,7,7),(7,7,7),(7,7,8),
83:(7,1,4),(7,1,5),(7,2,5),(7,3,5),(7,4,5),(7,5,5),(7,6,5),(6,6,5),(7,6,5),(7,7,5),(7,7,6),
84:(7,6,6),(6,6,6),(6,6,5),(5,6,5),(4,6,5),(3,6,5),(2,6,5),(1,6,5),(1,7,5),(1,7,4),(1,8,4),
85:(7,7,5),(6,7,5),(5,7,5),(5,7,4),(5,6,4),(5,6,3),(5,6,2),(5,6,1),(5,5,1),(5,4,1),(5,3,1),(5,2,1),(5,1,1),(5,0,1),(4,0,1),
86:(1,3,8),(1,3,7),(1,3,6),(1,3,5),(1,2,5),(1,2,4),(1,1,4),(1,1,3),(1,1,2),(1,0,2),(2,0,2),(2,0,1),(2,0,0),(1,0,0),
87:(7,1,8),(7,1,7),(7,1,6),(7,2,6),(7,3,6),(7,3,5),(8,3,5),(8,3,4),(8,3,3),(7,3,3),
88:(7,0,6),(6,0,6),(5,0,6),(4,0,6),(4,0,5),(3,0,5),(2,0,5),(1,0,5),
89:(7,4,8),(7,4,7),(7,3,7),(8,3,7),(8,3,6),(8,3,5),(8,3,4),(8,3,3),(8,3,2),(8,2,2),(8,1,2),(7,1,2),
90:(4,8,0),(3,8,0),(2,8,0),(2,8,1),(2,8,2),(2,8,3),(2,8,4),(1,8,4),(1,8,5),(1,8,6),(1,7,6),
91:(1,3,5),(2,3,5),(3,3,5),(4,3,5),(4,3,6),
92:(4,1,8),(5,1,8),(6,1,8),(6,0,8),(6,0,7),(6,0,6),(6,0,5),(6,0,4),(7,0,4),
93:(7,5,1),(7,4,1),(7,3,1),(7,3,2),(7,2,2),(8,2,2),(8,2,3),(8,2,4),(8,2,5),(7,2,5),(7,1,5),
94:(7,7,6),(7,7,5),(7,7,4),(8,7,4),(8,7,3),(8,7,2),(8,7,1),(8,7,0),(8,6,0),(8,5,0),(8,4,0),(8,3,0),(8,2,0),(8,1,0),(7,1,0),
95:(4,8,2),(4,8,3),(4,8,4),(4,8,5),(4,7,5),(3,7,5),(3,7,6),(3,6,6),(4,6,6),(4,5,6),(4,4,6),(4,4,7),(4,3,7),
96:(7,5,2),(6,5,2),(5,5,2),(4,5,2),(3,5,2),(3,4,2),(3,4,2),(3,4,3),(3,4,3),(2,4,3),(1,4,3),
97:(7,3,2),(6,3,2),(5,3,2),(5,3,3),(5,4,3),(4,4,3),(3,4,3),(2,4,3),(2,4,4),(2,5,4),(2,6,4),(2,7,4),(1,7,4),
98:(7,6,8),(6,6,8),(5,6,8),(5,6,7),(5,5,7),(5,5,6),(5,5,5),(5,4,5),(5,4,4),(5,4,3),(5,3,3),(5,2,3),(5,1,3),(4,1,3),
99:(1,0,5),(1,0,4),(1,1,4),(1,2,4),(1,3,4),(1,4,4),(2,4,4),(2,5,4),(2,5,3),(1,5,3),
100:(1,3,3),(1,4,3),(1,5,3),(1,6,3),(1,7,3),(1,8,3),
101:(1,6,5),(2,6,5),(3,6,5),(4,6,5),(4,6,6),(5,6,6),(6,6,6),(6,6,7),(6,6,8),(6,5,8),(6,5,8),(7,5,8),
102:(4,3,8),(5,3,8),(6,3,8),(6,2,8),(6,2,7),(6,1,7),(6,1,7),(7,1,7),
103:(1,8,0),(1,8,1),(0,8,1),(0,8,2),(0,8,3),(0,8,4),(0,8,5),(0,8,6),(0,8,7),(0,8,8),(0,7,8),(0,6,8),(1,6,8),(1,5,8),
104:(7,7,1),(6,7,1),(5,7,1),(4,7,1),(3,7,1),(3,7,2),(3,7,3),(3,7,4),(3,7,5),(3,7,6),(2,7,6),(2,7,7),(2,7,8),(2,6,8),(1,6,8),
105:(1,2,0),(2,2,0),(3,2,0),(4,2,0),(4,2,1),(5,2,1),(6,2,1),(6,2,2),(6,2,3),(6,2,4),(6,2,5),(6,2,6),(6,2,7),(6,2,8),(6,1,8),(7,1,8),
106:(7,4,7),(7,5,7),
107:(4,3,1),(4,2,1),(4,1,1),(4,0,1),(4,0,2),(4,0,3),(4,0,4),(4,0,5),(3,0,5),(3,0,6),(3,0,7),(3,0,8),(4,0,8),
108:(1,4,8),(1,3,8),(1,3,7),(1,3,6),(1,2,6),(1,2,5),(1,1,5),(1,1,4),(1,0,4),(1,0,3),(1,0,2),
109:(4,0,4),(5,0,4),(6,0,4),(6,0,5),(6,1,5),(6,2,5),(6,3,5),(6,4,5),(6,5,5),(6,6,5),(7,6,5),(7,7,5),(7,8,5),
110:(1,0,8),(2,0,8),(3,0,8),(4,0,8),(5,0,8),(6,0,8),(6,0,7),(6,0,6),(6,0,5),(6,0,4),(6,0,3),(6,0,2),(6,0,1),(6,0,0),(7,0,0),
111:(4,6,5),(3,6,5),(3,6,4),(2,6,4),(2,6,3),(2,6,2),(2,5,2),(2,5,1),(2,4,1),(2,3,1),(1,3,1),
112:(4,1,1),(5,1,1),(6,1,1),(6,2,1),(6,2,2),(6,3,2),(6,4,2),(6,5,2),(6,6,2),(7,6,2),
113:(1,0,6),(2,0,6),(3,0,6),(3,1,6),(3,1,5),(3,1,4),(3,1,3),(3,1,2),(4,1,2),(5,1,2),(6,1,2),(6,1,1),(6,1,0),(6,2,0),(6,3,0),(6,4,0),(6,5,0),(7,5,0),
114:(1,1,2),(1,2,2),(1,3,2),(1,4,2),(1,5,2),
115:(4,6,1),(4,6,2),(4,5,2),(4,4,2),(4,4,3),(4,3,3),(4,2,3),(4,2,3),(4,1,3),(4,1,4),
116:(7,1,5),(7,1,6),(7,0,6),(7,0,6),(7,-1,6),(7,-1,6),(7,0,6),
117:(4,2,3),(3,2,3),(3,2,4),(3,2,5),(3,2,6),(3,2,7),(4,2,7),
118:(7,8,0),(6,8,0),(5,8,0),(5,7,0),(5,7,1),(5,7,2),(5,7,3),(5,7,4),(5,7,5),(5,7,6),(5,6,6),(5,5,6),(5,4,6),(5,4,6),(4,4,6),
119:(4,2,1),(5,2,1),(5,2,2),(6,2,2),(6,2,3),(6,2,4),(6,3,4),(6,3,5),(6,3,6),(6,3,7),(7,3,7),(7,4,7),
120:(1,8,2),(2,8,2),(3,8,2),(4,8,2),
121:(7,8,4),(7,8,3),(7,8,2),(7,8,1),(7,8,0),(7,7,0),(7,6,0),(7,5,0),(6,5,0),(6,4,0),(6,3,0),(7,3,0),(7,3,0),(7,2,0),
122:(4,3,7),(3,3,7),(2,3,7),(2,3,6),(2,2,6),(2,2,5),(2,2,4),(2,1,4),(2,0,4),(1,0,4),
123:(1,5,2),(2,5,2),(3,5,2),(3,5,1),(3,5,0),(3,6,0),(3,7,0),(4,7,0),(5,7,0),(6,7,0),(7,7,0),(7,8,0),
124:(1,7,2),(2,7,2),(2,7,3),(3,7,3),(4,7,3),(4,7,4),(4,8,4),
125:(1,1,4),(1,2,4),(1,3,4),(1,4,4),(1,4,5),
126:(1,8,4),(1,8,3),(1,7,3),(1,7,3),(2,7,3),(1,7,3),
127:(1,7,7),(2,7,7),(3,7,7),(4,7,7),(4,7,8),
128:(4,0,1),(4,0,2),(4,0,3),(4,0,4),(4,0,4),(4,0,5),(4,1,5),(4,1,6),
129:(7,3,8),(6,3,8),(6,3,7),(6,3,6),(6,3,5),(5,3,5),(5,3,4),(5,3,3),(5,3,2),(5,3,2),(4,3,2),
130:(1,3,0),(2,3,0),(2,4,0),(2,5,0),(2,6,0),(2,6,1),(3,6,1),(3,7,1),(3,7,2),(3,7,3),(3,7,4),(3,7,5),(3,7,6),(3,6,6),(4,6,6),
131:(4,7,0),(3,7,0),(2,7,0),(2,6,0),(2,6,1),(2,5,1),(2,4,1),(2,4,2),(2,4,3),(2,4,4),(2,4,5),(2,4,6),(2,3,6),(2,2,6),(2,1,6),(1,1,6),
132:(1,4,7),(2,4,7),(2,4,6),(2,4,5),(2,4,4),(3,4,4),(3,4,4),(4,4,4),
133:(7,0,5),(6,0,5),(5,0,5),(5,0,6),(5,0,6),(4,0,6),
134:(4,5,4),(3,5,4),(2,5,4),(2,5,5),(2,5,6),(2,5,7),(2,4,7),(2,4,7),(2,4,7),(1,4,7),
135:(1,6,6),(2,6,6),(3,6,6),(4,6,6),(5,6,6),(6,6,6),(6,6,5),(6,6,4),(7,6,4),(7,6,3),
136:(7,2,0),(6,2,0),(5,2,0),(5,3,0),(4,3,0),(3,3,0),(2,3,0),(2,3,1),(2,3,2),(2,4,2),(2,5,2),(2,6,2),(2,7,2),(2,8,2),(1,8,2),
137:(7,5,4),(7,6,4),(7,6,3),(7,7,3),(7,8,3),(7,8,2),
138:(4,5,0),(4,4,0),(4,3,0),(4,3,1),(3,3,1),(3,2,1),(3,2,2),(3,2,3),(3,2,4),(3,2,5),(3,2,6),(3,2,7),(3,2,8),(4,2,8),
139:(7,7,4),(7,7,3),(7,7,2),(7,7,1),(7,6,1),(8,6,1),(8,5,1),(8,4,1),(8,3,1),(8,2,1),(8,1,1),(8,0,1),(7,0,1),
140:(4,4,2),(3,4,2),(2,4,2),(2,4,3),(2,5,3),(2,5,4),(2,5,5),(2,5,6),(2,6,6),(2,6,7),(2,6,8),(2,7,8),(2,8,8),(1,8,8),
141:(1,2,7),(2,2,7),(3,2,7),(3,2,6),(4,2,6),(5,2,6),(6,2,6),(6,2,5),(6,3,5),(6,3,4),(6,3,3),(6,3,2),(6,3,1),(6,4,1),(6,5,1),(6,6,1),(7,6,1),
142:(4,8,5),(3,8,5),(2,8,5),(2,7,5),(2,6,5),(2,5,5),(2,4,5),(2,3,5),(2,2,5),(2,2,6),(2,2,7),(2,1,7),(1,1,7),
143:(4,4,6),(3,4,6),(3,4,6),(2,4,6),(2,4,6),(2,5,6),(2,6,6),(2,6,5),(2,6,5),(1,6,5),
144:(7,7,2),(6,7,2),(5,7,2),(4,7,2),(4,7,1),(4,8,1),
145:(1,0,2),(2,0,2),(2,0,1),(3,0,1),(4,0,1),(4,0,0),
146:(1,6,2),(1,6,1),(1,7,1),(1,8,1),
147:(4,7,3),(5,7,3),(6,7,3),(6,6,3),(6,5,3),(6,4,3),(6,3,3),(6,3,2),(6,2,2),(6,1,2),(6,0,2),(7,0,2),
148:(4,1,3),(4,2,3),(4,3,3),(4,4,3),(4,5,3),
149:(7,5,3),(6,5,3),(5,5,3),(5,5,2),(5,4,2),(5,3,2),(4,3,2),(3,3,2),(3,3,2),(2,3,2),(1,3,2),
150:(1,5,3),(2,5,3),(2,5,2),(3,5,2),(3,6,2),(4,6,2),
151:(4,7,8),(3,7,8),(2,7,8),(2,6,8),(2,5,8),(2,4,8),(2,3,8),(2,3,7),(2,3,6),(2,3,5),(2,3,4),(2,3,3),(2,3,2),(2,2,2),(2,1,2),(1,1,2),
152:(7,5,5),(6,5,5),(6,5,4),(6,6,4),(6,7,4),(5,7,4),(4,7,4),
153:(1,5,5),(2,5,5),(3,5,5),(3,5,4),(3,5,3),(3,5,2),(3,5,1),(3,5,0),(3,4,0),(3,3,0),(4,3,0),
154:(7,4,6),(7,4,5),(7,4,4),
155:(7,7,7),(6,7,7),(5,7,7),(5,7,6),(5,7,5),(5,6,5),(5,6,4),(5,6,3),(5,6,2),(5,5,2),(5,4,2),(5,3,2),(5,2,2),(4,2,2),
156:(7,5,0),(6,5,0),(5,5,0),(5,5,1),(5,5,2),(5,5,3),(5,5,4),(5,5,5),(5,5,6),(5,5,7),(5,4,7),(5,4,7),(4,4,7),
157:(7,8,5),(6,8,5),(6,7,5),(6,7,6),(6,7,7),(5,7,7),(4,7,7),(3,7,7),(2,7,7),(1,7,7),(1,7,8),
158:(7,6,5),(7,6,5),(7,6,4),(7,6,3),(7,6,2),(7,5,2),(7,4,2),
159:(4,1,5),(3,1,5),(3,1,4),(3,1,3),(3,1,3),(2,1,3),(2,1,2),(2,1,1),(2,1,0),(1,1,0),
160:(7,3,4),(7,3,3),(7,3,2),(7,2,2),(7,2,1),(7,1,1),(8,1,1),(8,1,1),(8,1,1),(7,1,1),
161:(7,1,3),(6,1,3),(5,1,3),(5,1,4),(5,2,4),(5,2,5),(5,2,6),(5,2,7),(5,2,8),(4,2,8),(4,3,8),
162:(1,1,6),(1,1,5),(1,2,5),(0,2,5),(0,2,4),(0,3,4),(0,4,4),(0,5,4),(0,6,4),(0,6,3),(1,6,3),
163:(1,8,8),(2,8,8),(3,8,8),(3,7,8),(3,7,7),(3,6,7),(3,5,7),(3,4,7),(3,3,7),(3,2,7),(3,1,7),(3,1,6),(3,1,5),(3,0,5),(4,0,5),
164:(4,5,7),(4,5,6),(4,5,5),(4,5,4),(4,4,4),(4,4,4),(4,3,4),
165:(7,5,6),(6,5,6),(5,5,6),(5,4,6),(5,4,6),(4,4,6),(3,4,6),(3,4,6),(2,4,6),(2,3,6),(1,3,6),
166:(7,4,4),(6,4,4),(5,4,4),(5,3,4),(5,3,3),(5,3,3),(5,3,2),(4,3,2),(4,2,2),(4,1,2),
167:(1,7,4),(1,7,5),(1,7,6),(1,7,7),(1,7,8),(1,6,8),(1,5,8),(1,4,8),
168:(1,6,1),(2,6,1),(3,6,1),(4,6,1),(5,6,1),(6,6,1),(7,6,1),(7,7,1),
169:(4,4,0),(5,4,0),(6,4,0),(6,4,1),(6,4,2),(6,5,2),(6,6,2),(7,6,2),(7,7,2),
170:(7,7,3),(6,7,3),(6,7,2),(5,7,2),(5,6,2),(5,6,1),(5,5,1),(5,5,1),(4,5,1),
171:(4,2,2),(4,3,2),(4,4,2),(5,4,2),(5,4,1),(5,4,0),(5,5,0),(5,6,0),(4,6,0),(4,7,0),
172:(4,3,5),(5,3,5),(6,3,5),(6,3,4),(6,4,4),(6,5,4),(6,6,4),(6,7,4),(6,6,4),(7,6,4),
173:(1,8,5),(2,8,5),(2,7,5),(3,7,5),(3,7,6),(3,7,7),(3,7,8),(3,6,8),(3,5,8),(4,5,8),(4,4,8),
174:(1,2,3),(2,2,3),(3,2,3),(3,3,3),(3,3,2),(3,3,1),(4,3,1),(5,3,1),(6,3,1),(6,3,0),(5,3,0),(6,3,0),(6,3,0),(7,3,0),
175:(7,5,8),(6,5,8),(5,5,8),(5,5,7),(5,4,7),(5,4,6),(5,4,5),(5,4,4),(5,4,3),(5,4,2),(5,4,1),(5,3,1),(4,3,1),
176:(4,3,4),(4,3,3),(4,3,2),(5,3,2),(5,3,1),(5,3,0),(5,4,0),(5,5,0),(5,6,0),(5,7,0),(5,8,0),(4,8,0),
177:(7,8,3),(6,8,3),(5,8,3),(5,7,3),(5,6,3),(4,6,3),
178:(4,4,5),(4,4,6),(4,4,7),(3,4,7),(2,4,7),(1,4,7),(1,5,7),(1,6,7),(1,7,7),(1,8,7),
179:(1,0,4),(2,0,4),(2,0,3),(2,1,3),(2,2,3),(3,2,3),(3,3,3),(3,3,3),(3,3,3),(4,3,3),
180:(1,7,6),(2,7,6),(3,7,6),(4,7,6),(5,7,6),(6,7,6),(6,7,6),(6,6,6),(6,5,6),(6,4,6),(7,4,6),
181:(1,2,4),(2,2,4),(2,2,5),(2,3,5),(3,3,5),(4,3,5),(5,3,5),(5,3,6),(5,3,7),(5,3,7),(6,3,7),(7,3,7),
182:(1,2,8),(1,2,7),(1,2,6),(1,2,5),(1,2,4),(1,3,4),
183:(1,8,6),(2,8,6),(2,7,6),(3,7,6),(4,7,6),(4,6,6),(4,5,6),(4,4,6),(5,4,6),(5,3,6),(5,2,6),(4,2,6),
184:(4,8,8),(4,8,7),(4,8,6),(3,8,6),(3,8,6),(4,8,6),(4,7,6),
185:(1,4,2),(1,5,2),(1,6,2),(0,6,2),(0,6,3),(0,6,4),(0,6,5),(0,6,6),(1,6,6),
186:(4,4,3),(5,4,3),(6,4,3),(6,4,4),(6,4,5),(7,4,5),
187:(1,3,7),(2,3,7),(2,3,6),(3,3,6),(3,4,6),(3,5,6),(3,5,5),(4,5,5),(5,5,5),(6,5,5),(7,5,5),(7,6,5),(7,7,5),
188:(1,4,3),(1,4,4),(1,4,5),(1,4,6),(1,4,7),(1,4,8),(2,4,8),(3,4,8),(3,4,8),(3,5,8),(3,5,8),(4,5,8),
189:(1,6,4),(1,6,5),(1,5,5),(1,4,5),(0,4,5),(0,3,5),(0,2,5),(0,1,5),(1,1,5),
190:(4,8,4),(5,8,4),(6,8,4),(6,7,4),(6,7,3),(6,7,2),(6,7,1),(6,6,1),(6,5,1),(6,4,1),(6,3,1),(6,2,1),(7,2,1),
191:(4,2,8),(3,2,8),(2,2,8),(1,2,8),(1,2,7),(1,2,6),(1,2,5),(1,2,4),
192:(1,1,1),(2,1,1),(3,1,1),(3,1,2),(3,0,2),(3,0,3),(3,0,4),(3,0,5),(3,0,6),(3,0,7),(4,0,7),
193:(4,1,7),(4,2,7),(4,3,7),(3,3,7),(3,3,6),(3,4,6),(3,5,6),(4,5,6),(4,5,5),
194:(4,3,2),(3,3,2),(3,4,2),(2,4,2),(1,4,2),(0,4,2),(0,5,2),(0,6,2),(0,7,2),(1,7,2),
195:(1,1,8),(2,1,8),(3,1,8),(3,1,7),(4,1,7),(5,1,7),(5,1,6),(6,1,6),(6,1,5),(6,1,4),(6,2,4),(6,3,4),(6,3,3),(6,4,3),(6,5,3),(6,6,3),(6,7,3),(7,7,3),
196:(4,2,0),(3,2,0),(3,1,0),(2,1,0),(1,1,0),(1,1,1),
197:(4,3,6),(5,3,6),(5,3,5),(5,4,5),(5,4,4),(5,4,3),(5,4,3),(6,4,3),(7,4,3),
198:(1,0,3),(2,0,3),(3,0,3),(4,0,3),(5,0,3),(6,0,3),(6,0,4),(6,1,4),(6,2,4),(6,2,5),(6,3,5),(7,3,5),
199:(7,2,7),(7,3,7),(7,3,6),(7,4,6),(6,4,6),(6,4,5),(6,4,4),(6,5,4),(5,5,4),(4,5,4),
200:(7,0,0),(6,0,0),(5,0,0),(4,0,0),(3,0,0),(2,0,0),(1,0,0),(1,0,1),
201:(1,6,3),(1,6,4),(1,6,5),(1,5,5),(0,5,5),(0,4,5),(0,3,5),(1,3,5),
202:(4,0,0),(5,0,0),(5,0,1),(5,1,1),(5,1,2),(5,1,3),(5,1,4),(5,1,5),(5,1,6),(5,1,7),(6,1,7),(6,2,7),(6,3,7),(6,4,7),(6,5,7),(6,6,7),(6,7,7),(7,7,7),
203:(4,0,6),(4,0,7),(4,1,7),(5,1,7),(5,1,7),(5,2,7),(5,3,7),(5,4,7),(4,4,7),(4,5,7),(4,6,7),
204:(4,2,6),(5,2,6),(6,2,6),(6,2,5),(7,2,5),(7,2,4),(7,2,4),(7,3,4),
205:(4,7,5),(4,7,6),(4,7,7),(4,6,7),(3,6,7),(2,6,7),(2,5,7),(2,5,7),(2,5,7),(2,5,7),(1,5,7),
206:(7,0,8),(6,0,8),(6,0,7),(6,0,6),(6,0,5),(5,0,5),(5,0,4),(5,0,3),(5,0,2),(5,0,1),(4,0,1),(4,1,1),
207:(4,7,6),(3,7,6),(3,7,5),(3,7,4),(3,7,3),(3,6,3),(3,6,2),(3,6,1),(3,6,0),(4,6,0),
208:(4,7,1),(3,7,1),(2,7,1),(2,6,1),(2,5,1),(2,4,1),(2,4,2),(2,3,2),(2,3,3),(2,2,3),(2,1,3),(2,0,3),(1,0,3),
209:(4,5,5),(3,5,5),(3,5,4),(3,5,3),(3,4,3),(2,4,3),(2,3,3),(2,2,3),(1,2,3),
210:(4,1,2),(4,1,3),(4,1,4),(4,2,4),(4,3,4),(5,3,4),(5,4,4),(5,5,4),(5,6,4),(5,7,4),(5,7,5),(5,7,6),(5,7,7),(5,7,8),(5,8,8),(4,8,8),
211:(4,7,7),(5,7,7),(5,6,7),(6,6,7),(6,5,7),(6,4,7),(6,4,6),(6,3,6),(6,2,6),(6,1,6),(6,1,5),(6,1,4),(6,1,3),(7,1,3),
212:(7,1,1),(6,1,1),(6,1,2),(5,1,2),(4,1,2),(4,1,3),(4,0,3),(3,0,3),(2,0,3),(2,0,4),(2,0,5),(2,0,6),(2,0,7),(1,0,7),
213:(4,6,4),(5,6,4),(5,5,4),(6,5,4),(7,5,4),
214:(7,0,3),(6,0,3),(5,0,3),(5,1,3),(5,2,3),(5,2,2),(5,2,1),(4,2,1),(4,2,0),
215:(1,6,7),(2,6,7),(3,6,7),(3,6,7),(3,6,6),(3,6,6),(4,6,6),(5,6,6),(6,6,6),(6,6,7),(7,6,7),
216:(4,6,7),(5,6,7),(6,6,7),(6,6,6),(6,6,6),(7,6,6),
217:(7,4,2),(7,4,3),(8,4,3),(8,4,4),(8,4,5),(8,4,6),(7,4,6),(7,5,6),
218:(7,4,0),(6,4,0),(6,4,1),(5,4,1),(5,5,1),(4,5,1),(4,6,1),(4,7,1),(3,7,1),(3,7,2),(3,7,3),(3,7,4),(2,7,4),(2,7,5),(1,7,5),
219:(7,6,2),(6,6,2),(6,6,3),(6,5,3),(6,4,3),(6,3,3),(5,3,3),(5,4,3),(4,4,3),(3,4,3),(2,4,3),(2,4,3),(2,3,3),(1,3,3),
220:(1,5,1),(1,4,1),(1,4,2),(1,4,3),(2,4,3),(2,4,4),(2,5,4),(3,5,4),(3,5,5),(3,4,5),(4,4,5),
221:(4,0,5),(3,0,5),(2,0,5),(1,0,5),(1,1,5),(2,1,5),(2,2,5),(1,2,5),
222:(1,4,1),(1,4,2),(1,4,3),(1,3,3),(2,3,3),(2,3,4),(3,3,4),(3,2,4),(3,2,5),(4,2,5),(5,2,5),(6,2,5),(6,3,5),(6,4,5),(6,5,5),(7,5,5),
223:(4,7,4),(5,7,4),(6,7,4),(6,7,5),(7,7,5),(7,6,5),(8,6,5),(8,5,5),(8,4,5),(8,3,5),(8,2,5),(7,2,5),
224:(1,5,4),(2,5,4),(2,5,5),(2,5,6),(3,5,6),(3,5,7),(3,5,8),(4,5,8),(5,5,8),(5,4,8),(6,4,8),(6,3,8),(6,2,8),(7,2,8),
225:(1,0,7),(1,0,6),(1,0,5),(1,0,4),(1,0,3),(1,1,3),(1,2,3),(1,3,3),(1,3,2),(1,3,1),(0,3,1),(0,4,1),(0,5,1),(1,5,1),
226:(1,7,8),(2,7,8),(2,7,7),(3,7,7),(4,7,7),(4,8,7),(5,8,7),(6,8,7),(6,8,6),(6,8,5),(6,8,4),(6,8,3),(6,8,2),(6,8,1),(7,8,1),
227:(7,6,1),(6,6,1),(5,6,1),(5,6,2),(4,6,2),(4,7,2),
228:(4,3,0),(3,3,0),(3,4,0),(2,4,0),(1,4,0),(1,5,0),
229:(4,2,4),(4,3,4),(4,4,4),(3,4,4),(3,5,4),(3,5,3),(2,5,3),(2,5,2),(2,6,2),(2,6,1),(2,6,0),(1,6,0),
230:(1,4,0),(2,4,0),(2,4,1),(2,3,1),(2,2,1),(2,2,1),(3,2,1),(3,2,1),(4,2,1),(5,2,1),(6,2,1),(6,2,2),(7,2,2),
231:(7,2,4),(7,2,5),(7,2,6),(7,2,7),(7,2,8),(7,3,8),(6,3,8),(6,4,8),(6,5,8),(7,5,8),(7,6,8),
232:(4,4,1),(4,3,1),(4,2,1),(4,1,1),(3,1,1),(4,1,1),(4,1,2),(4,0,2),(4,0,3),
233:(7,3,6),(6,3,6),(6,4,6),(6,5,6),(6,5,6),(6,5,7),(5,5,7),(5,6,7),(4,6,7),(3,6,7),(2,6,7),(1,6,7),
234:(1,7,5),(2,7,5),(2,7,4),(2,7,3),(2,8,3),(3,8,3),(3,8,3),(4,8,3),
235:(4,6,0),(4,6,1),(4,6,2),(3,6,2),(3,6,3),(3,6,4),(3,6,5),(3,5,5),(3,4,5),(3,3,5),(3,2,5),(4,2,5),
236:(1,6,0),(1,7,0),(1,8,0),(1,9,0),(1,9,1),(1,9,2),(1,9,3),(1,9,4),(1,9,5),(1,8,5),
237:(4,8,3),(4,8,4),(4,8,5),(4,7,5),(3,7,5),(3,7,6),(3,7,7),(3,6,7),(3,5,7),(3,4,7),(3,3,7),(3,3,7),(3,2,7),(3,1,7),(4,1,7),
238:(1,6,8),(2,6,8),(2,6,7),(2,6,6),(2,7,6),(2,8,6),(3,8,6),(4,8,6),(5,8,6),(6,8,6),(7,8,6),
239:(4,6,3),(5,6,3),(5,6,2),(6,6,2),(6,6,1),(6,6,0),(6,6,0),(7,6,0),
240:(4,5,2),(4,5,1),(4,5,0),(4,4,0),
241:(4,4,8),(4,4,7),(4,5,7),(4,5,7),(4,5,7),(4,5,7),(4,5,7),(4,5,7),(4,5,7),(3,5,7),(4,5,7),
242:(4,1,6),(4,1,5),(4,1,5),(4,1,4),(3,1,4),(3,1,3),(3,1,2),(3,1,1),(4,1,1),(4,1,0),
