soc=2293
lb_soc=1414
makespan=22
lb_makespan=14
comp_time=13873
highLevelExpanded=79
lowLevelExpanded=25897
solution=
0:(4,3,2),(5,3,2),(5,2,2),(5,2,2),(6,2,2),(6,2,1),(6,2,0),(6,1,0),(6,0,0),(7,0,0),
1:(7,3,6),(7,3,7),(7,3,7),(7,4,7),(7,4,8),(7,5,8),(7,6,8),(7,7,8),
2:(4,1,1),(3,1,1),(2,1,1),(1,1,1),(1,1,2),(1,1,3),(1,2,3),(1,3,3),(1,4,3),(1,5,3),(1,6,3),(0,6,3),(0,7,3),(0,8,3),(1,8,3),
3:(7,5,2),(6,5,2),(5,5,2),(4,5,2),(3,5,2),(3,6,2),(3,6,1),(3,7,1),(3,8,1),(2,8,1),(1,8,1),
4:(4,5,2),(5,5,2),(5,5,3),(6,5,3),(7,5,3),(7,5,4),(7,5,5),(7,4,5),
5:(4,6,5),(4,6,4),(4,6,3),(4,6,2),(4,6,1),(4,6,0),(4,5,0),
6:(7,1,3),(7,1,2),(7,1,1),(7,2,1),(7,3,1),(7,4,1),(7,5,1),(6,5,1),(5,5,1),(5,6,1),(5,7,1),(5,8,1),(4,8,1),
7:(1,7,8),(2,7,8),(3,7,8),(4,7,8),(5,7,8),(5,6,8),(5,5,8),(5,4,8),(5,3,8),(5,3,7),(5,3,6),(5,3,5),(6,3,5),(6,2,5),(6,1,5),(6,0,5),(7,0,5),
8:(4,6,4),(4,6,3),(4,5,3),(4,4,3),(3,4,3),(2,4,3),(2,3,3),(2,3,2),(2,2,2),(1,2,2),
9:(7,8,4),(7,7,4),(7,6,4),(7,5,4),(7,4,4),(7,3,4),(8,3,4),(8,3,3),(8,3,2),(8,3,1),(8,2,1),(7,2,1),
10:(4,7,2),(3,7,2),(2,7,2),(1,7,2),(1,7,3),(1,7,4),(1,7,5),(1,7,6),(1,6,6),(1,5,6),(1,5,7),(1,4,7),(1,3,7),(1,2,7),(1,1,7),
11:(7,8,7),(6,8,7),(5,8,7),(4,8,7),(4,8,6),(4,8,5),(4,8,4),(4,7,4),(4,7,3),
12:(7,6,8),(6,6,8),(5,6,8),(5,5,8),(5,5,7),(5,5,6),(5,5,5),(5,5,4),(5,4,4),(4,4,4),(4,3,4),
13:(4,4,5),(3,4,5),(2,4,5),(1,4,5),(1,4,4),(1,4,3),(1,4,2),(1,5,2),
14:(7,7,6),(6,7,6),(5,7,6),(4,7,6),(4,7,5),(4,7,4),(4,7,3),(4,7,2),(4,6,2),
15:(1,2,5),(2,2,5),(3,2,5),(4,2,5),(4,2,6),(4,2,7),(4,3,7),(4,2,7),(5,2,7),(6,2,7),(7,2,7),
16:(4,6,3),(4,5,3),(4,5,4),(4,5,5),(4,5,6),(4,4,6),(4,3,6),
17:(7,0,7),(6,0,7),(5,0,7),(5,0,6),(5,0,5),(5,0,4),(5,0,3),(4,0,3),
18:(7,3,0),(6,3,0),(5,3,0),(4,3,0),(3,3,0),(2,3,0),(1,3,0),(1,3,1),(1,4,1),(1,5,1),
19:(1,8,7),(2,8,7),(3,8,7),(3,8,6),(3,8,5),(3,8,4),(3,8,3),(3,8,2),(3,7,2),(3,7,1),(3,7,0),(3,6,0),(3,5,0),(3,4,0),(3,3,0),(3,2,0),(4,2,0),
20:(1,0,2),(2,0,2),(3,0,2),(4,0,2),(5,0,2),(6,0,2),(6,0,3),(6,0,4),(6,0,5),(6,0,6),(6,0,7),(6,1,7),(6,2,7),(6,3,7),(7,3,7),
21:(7,7,3),(7,7,2),(7,7,2),(7,8,2),
22:(1,0,0),(1,1,0),
23:(1,0,3),(2,0,3),(3,0,3),(4,0,3),(5,0,3),(6,0,3),(7,0,3),
24:(1,6,0),(1,6,1),(1,7,1),
25:(4,8,0),(4,8,1),(4,8,2),(4,7,2),(4,6,2),(4,5,2),(4,4,2),(4,3,2),(4,2,2),
26:(4,2,0),(5,2,0),(6,2,0),(7,2,0),(7,2,1),(7,3,1),(7,3,2),(7,3,3),(7,4,3),(7,5,3),
27:(7,6,5),(6,6,5),(5,6,5),(4,6,5),(4,6,4),(4,5,4),
28:(1,3,3),(1,2,3),(1,2,2),(1,1,2),(1,0,2),
29:(7,7,2),(7,6,2),(7,5,2),(7,4,2),(7,3,2),(8,3,2),(8,2,2),(8,1,2),(7,1,2),
30:(4,4,2),(4,4,3),(4,4,4),(4,4,5),(4,4,6),(4,4,7),(4,4,8),(4,5,8),(4,6,8),
31:(4,3,0),(3,3,0),(2,3,0),(2,4,0),(2,4,1),(2,4,1),(2,4,2),(2,5,2),(2,6,2),(2,6,3),(2,6,4),(2,7,4),(2,7,5),(2,7,6),(2,7,7),(2,7,8),(2,8,8),(1,8,8),
32:(4,0,6),(5,0,6),(6,0,6),(7,0,6),(7,1,6),(7,2,6),(7,2,5),(7,2,4),(7,2,3),(8,2,3),(8,2,2),(8,2,1),(8,3,1),(8,4,1),(7,4,1),
33:(4,0,0),(4,1,0),(4,2,0),(4,2,1),(4,2,2),(4,3,2),(5,3,2),(5,4,2),(6,4,2),(6,4,2),(6,4,3),(7,4,3),(7,4,4),
34:(1,6,5),(2,6,5),(2,6,4),(2,7,4),(2,7,3),(2,7,2),(2,7,1),(2,7,0),(3,7,0),(3,8,0),(4,8,0),
35:(1,5,6),(1,5,5),(1,5,4),(1,5,3),(1,5,2),(1,5,1),(1,6,1),
36:(4,6,7),(4,6,6),(4,6,5),(4,6,4),(4,6,3),(4,7,3),(4,8,3),
37:(4,6,0),(3,6,0),(3,6,1),(3,5,1),(3,4,1),(3,4,2),(3,4,3),(2,4,3),(2,4,4),(2,4,5),(2,4,6),(2,3,6),(2,2,6),(1,2,6),
38:(4,1,0),(5,1,0),(6,1,0),(7,1,0),
39:(1,4,7),(1,4,6),(1,4,5),(1,4,4),(1,4,3),(1,4,2),(0,4,2),(0,4,2),(1,4,2),
40:(1,7,2),(1,7,3),(1,6,3),(1,6,3),(1,5,3),(1,5,4),
41:(4,7,3),(5,7,3),(6,7,3),(6,6,3),(6,5,3),(6,4,3),(6,3,3),(6,2,3),(6,2,3),(7,2,3),
42:(1,0,7),(2,0,7),(3,0,7),(3,1,7),(4,1,7),(5,1,7),(6,1,7),(6,2,7),(6,3,7),(7,3,7),(7,4,7),
43:(7,6,2),(6,6,2),(5,6,2),(5,6,3),(5,6,4),(4,6,4),(3,6,4),(2,6,4),(2,7,4),(2,8,4),(2,8,5),(2,8,6),(1,8,6),
44:(1,7,1),(2,7,1),(3,7,1),(3,7,0),(3,6,0),(3,5,0),(3,4,0),(4,4,0),
45:(4,6,2),(3,6,2),(2,6,2),(2,6,3),(2,6,4),(2,6,5),(2,6,6),(2,6,7),(2,6,8),(2,5,8),(2,4,8),(2,3,8),(2,2,8),(2,1,8),(1,1,8),
46:(1,8,4),(2,8,4),(3,8,4),(3,8,5),(3,7,5),(3,7,6),(3,7,7),(3,7,8),(3,6,8),(3,5,8),(4,5,8),
47:(4,0,7),(4,0,6),(4,0,5),(4,0,4),(4,0,3),(4,1,3),(4,2,3),(4,3,3),(4,3,3),(4,3,2),
48:(4,8,3),(5,8,3),(6,8,3),(7,8,3),(7,7,3),(7,7,2),(7,6,2),(7,5,2),(7,4,2),
49:(7,0,5),(7,0,4),(7,0,3),(7,0,2),(7,0,2),(7,0,1),
50:(7,8,0),(6,8,0),(5,8,0),(4,8,0),(3,8,0),(2,8,0),(2,8,1),(2,8,2),(2,8,3),(2,7,3),(2,6,3),(1,6,3),
51:(7,4,7),(6,4,7),(5,4,7),(4,4,7),(3,4,7),(2,4,7),(1,4,7),(1,4,6),(1,4,5),(1,3,5),
52:(1,7,4),(2,7,4),(3,7,4),(4,7,4),(5,7,4),(6,7,4),(6,7,5),(6,7,6),(6,6,6),(6,5,6),(6,4,6),(6,3,6),(6,2,6),(7,2,6),
53:(7,1,7),(7,1,6),(7,1,5),(7,1,4),(7,1,3),(7,2,3),(7,3,3),(7,4,3),(7,5,3),(7,5,2),(7,5,1),
54:(4,5,6),(3,5,6),(2,5,6),(2,4,6),(2,4,5),(2,4,4),(2,4,3),(2,3,3),(2,3,3),(1,3,3),
55:(7,2,6),(7,3,6),(7,3,5),(7,4,5),(7,5,5),(7,6,5),(7,6,4),(7,7,4),
56:(7,3,4),(6,3,4),(5,3,4),(4,3,4),(4,3,5),(4,4,5),(4,5,5),(4,5,6),(4,6,6),(4,7,6),(4,8,6),
57:(4,5,4),(5,5,4),(6,5,4),(6,5,5),(6,5,6),(6,5,7),(6,5,8),(7,5,8),
58:(4,4,7),(5,4,7),(5,5,7),(6,5,7),(7,5,7),
59:(4,4,3),(5,4,3),(6,4,3),(6,3,3),(6,2,3),(6,1,3),(7,1,3),
60:(4,3,5),(5,3,5),(5,3,6),(5,3,7),(5,4,7),(5,5,7),(6,5,7),(6,6,7),(6,7,7),(6,8,7),(7,8,7),
61:(7,2,5),(6,2,5),(5,2,5),(5,2,6),(5,2,7),(5,3,7),(5,4,7),(5,5,7),(5,6,7),(5,6,7),(4,6,7),
62:(1,8,1),(2,8,1),(3,8,1),(4,8,1),(4,7,1),(4,6,1),(4,5,1),(4,5,2),
63:(1,1,1),(1,1,2),(1,1,3),(1,1,4),(1,2,4),(2,2,4),(2,2,5),(2,3,5),(3,3,5),(3,4,5),(4,4,5),(4,4,6),
64:(7,4,4),(6,4,4),(5,4,4),(5,4,5),(5,4,6),(5,4,7),(4,4,7),(4,4,8),(4,3,8),
65:(7,4,5),(6,4,5),(6,4,4),(6,4,3),(5,4,3),(5,4,3),(5,3,3),(5,3,2),(4,3,2),(3,3,2),(2,3,2),(2,3,1),(2,4,1),(1,4,1),
66:(1,0,6),(2,0,6),(2,0,5),(2,1,5),(2,1,4),(2,1,3),(2,2,3),(3,2,3),(3,3,3),(3,4,3),(3,5,3),(3,6,3),(4,6,3),
67:(1,4,2),(2,4,2),(3,4,2),(4,4,2),(5,4,2),(6,4,2),(6,4,3),(6,5,3),(6,6,3),(7,6,3),
68:(4,8,6),(4,7,6),(4,6,6),(4,6,7),(4,5,7),(4,5,8),(3,5,8),(3,4,8),(3,3,8),(3,2,8),(3,1,8),(4,1,8),(4,0,8),
69:(7,2,0),(6,2,0),(6,2,1),(5,2,1),(4,2,1),(3,2,1),(2,2,1),(2,2,2),(2,2,3),(2,2,4),(2,3,4),(2,3,5),(2,3,6),(2,3,7),(2,3,8),(2,4,8),(2,5,8),(1,5,8),
70:(4,2,3),(4,2,4),(4,2,5),(4,1,5),
71:(7,3,7),(7,2,7),(7,2,6),(7,2,5),(7,2,4),(7,1,4),
72:(1,0,1),(2,0,1),(3,0,1),(3,1,1),(3,2,1),(3,2,2),(3,2,3),(3,2,4),(3,2,5),(3,2,5),(3,3,5),(3,4,5),(3,4,6),(3,5,6),(3,6,6),(3,7,6),(4,7,6),
73:(1,5,7),(1,5,6),(1,4,6),(1,3,6),(1,3,5),(1,2,5),(1,2,4),(1,2,3),(1,1,3),(1,1,2),(1,1,1),(0,1,1),(0,1,0),(0,0,0),(1,0,0),
74:(4,6,1),(5,6,1),(6,6,1),(7,6,1),(7,6,2),(7,6,3),(7,7,3),(7,8,3),(7,8,4),(7,8,5),
75:(7,7,0),(7,7,1),(7,6,1),(7,6,2),(7,6,3),(7,6,4),(7,5,4),(7,5,5),(7,5,6),(8,5,6),(8,5,7),(8,4,7),(8,3,7),(8,2,7),(8,1,7),(7,1,7),
76:(4,0,3),(3,0,3),(3,0,4),(2,0,4),(2,0,5),(2,0,6),(2,1,6),(1,1,6),
77:(7,5,7),(6,5,7),(6,5,6),(6,4,6),(6,3,6),(5,3,6),(5,2,6),(4,2,6),
78:(1,6,8),(1,6,7),(1,6,6),(1,6,5),(1,6,4),(1,6,3),(1,5,3),(1,4,3),(0,4,3),(0,3,3),(0,2,3),(0,1,3),(1,1,3),(1,0,3),
79:(1,4,5),(2,4,5),(2,4,6),(2,4,7),(2,4,8),(3,4,8),(3,4,9),(4,4,9),(5,4,9),(6,4,9),(7,4,9),(7,4,8),
80:(4,5,8),(3,5,8),(2,5,8),(2,5,7),(2,5,6),(2,5,5),(2,5,4),(2,5,3),(2,5,2),(2,6,2),(2,6,2),(2,6,2),(1,6,2),
81:(4,2,5),(3,2,5),(3,2,6),(2,2,6),(2,3,6),(2,4,6),(2,5,6),(2,5,7),(2,5,8),(1,5,8),(1,6,8),(1,7,8),
82:(7,2,4),(6,2,4),(6,2,5),(6,1,5),(6,1,6),(6,0,6),(5,0,6),(5,0,7),(4,0,7),
83:(1,6,4),(2,6,4),(2,7,4),(2,8,4),(3,8,4),(4,8,4),(5,8,4),(6,8,4),(6,8,3),(6,8,2),(6,8,1),(7,8,1),(7,8,0),
84:(1,0,4),(2,0,4),(2,0,3),(3,0,3),(3,0,2),(4,0,2),(5,0,2),(6,0,2),(6,1,2),(6,2,2),(6,2,2),(6,2,3),(6,3,3),(6,4,3),(7,4,3),
85:(4,2,1),(4,2,2),(4,2,3),(4,2,4),(4,2,5),(4,3,5),(4,4,5),(4,5,5),(3,5,5),(3,6,5),(3,7,5),(4,7,5),
86:(4,7,5),(5,7,5),(6,7,5),(6,6,5),(6,6,4),(6,6,3),(6,6,2),(6,6,1),(6,6,0),(7,6,0),
87:(4,4,0),(5,4,0),(6,4,0),(6,3,0),(6,3,1),(6,3,2),(6,2,2),(6,1,2),(6,1,3),(6,1,4),(6,1,5),(6,1,6),(7,1,6),
88:(4,5,3),(3,5,3),(2,5,3),(2,5,4),(2,5,4),(2,6,4),(1,6,4),
89:(1,4,6),(2,4,6),(3,4,6),(4,4,6),(4,4,7),(4,4,8),(5,4,8),(5,3,8),(5,2,8),(6,2,8),(7,2,8),
90:(7,6,1),(6,6,1),(6,6,2),(5,6,2),(5,6,3),(5,6,4),(5,5,4),(5,4,4),(4,4,4),(4,3,4),(4,2,4),
91:(1,1,0),(2,1,0),(2,2,0),(2,3,0),(2,4,0),(3,4,0),(3,4,1),(4,4,1),(3,4,1),(3,5,1),(3,6,1),(4,6,1),
92:(7,5,6),(6,5,6),(5,5,6),(4,5,6),(3,5,6),(2,5,6),(1,5,6),(1,5,7),(1,4,7),(1,3,7),(1,2,7),(1,1,7),(1,0,7),
93:(1,1,4),(2,1,4),(2,1,5),(2,1,6),(3,1,6),(4,1,6),(5,1,6),(6,1,6),(6,1,7),(6,1,8),(6,2,8),(6,3,8),(6,4,8),(6,5,8),(6,6,8),(6,7,8),(6,8,8),(7,8,8),
94:(1,6,3),(1,6,4),(1,6,5),(1,7,5),(1,7,6),(1,7,7),(1,8,7),
95:(4,4,1),(4,4,2),(4,4,3),(4,3,3),(4,3,4),(4,2,4),(4,2,5),(3,2,5),(3,2,6),(3,2,7),(3,2,8),(3,1,8),(4,1,8),
96:(1,4,0),(2,4,0),(3,4,0),(4,4,0),(5,4,0),(5,4,1),(5,3,1),(5,2,1),(5,2,2),(5,2,3),(6,2,3),(6,2,4),(6,2,5),(7,2,5),
97:(4,8,7),(4,7,7),
98:(1,8,5),(1,8,4),(1,7,4),(1,7,4),(2,7,4),(2,7,4),(1,7,4),
99:(1,5,5),(2,5,5),(3,5,5),(3,6,5),(4,6,5),(5,6,5),(6,6,5),(7,6,5),
100:(1,3,1),(2,3,1),(3,3,1),(3,2,1),(3,2,2),(3,1,2),(3,1,3),(3,1,4),(3,1,4),(4,1,4),
101:(1,3,8),(1,3,7),(1,3,6),(1,3,5),(1,2,5),(1,1,5),(1,0,5),
102:(4,5,5),(3,5,5),(3,4,5),(2,4,5),(1,4,5),(1,3,5),(1,2,5),
103:(4,7,4),(3,7,4),(3,7,3),(2,7,3),(2,7,2),(2,7,1),(2,6,1),(2,5,1),(2,4,1),(2,3,1),(2,2,1),(2,1,1),(1,1,1),
104:(1,5,0),(2,5,0),(3,5,0),(4,5,0),(5,5,0),(6,5,0),(7,5,0),(7,4,0),(7,3,0),
105:(7,3,2),(6,3,2),(5,3,2),(4,3,2),(3,3,2),(2,3,2),(2,3,1),(2,2,1),(2,1,1),(1,1,1),(1,0,1),
106:(4,8,8),(5,8,8),(6,8,8),(6,8,7),(6,8,6),(6,8,5),(6,8,4),(6,8,3),(6,8,2),(6,7,2),(6,6,2),(6,5,2),(6,4,2),(6,3,2),(6,2,2),(6,1,2),(6,0,2),(7,0,2),
107:(7,0,8),(6,0,8),(5,0,8),(4,0,8),(3,0,8),(2,0,8),(2,0,7),(2,0,6),(2,0,5),(2,0,4),(2,0,3),(2,1,3),(2,1,2),(2,1,1),(2,1,0),(2,2,0),(2,3,0),(2,4,0),(2,5,0),(2,6,0),(2,7,0),(2,8,0),(1,8,0),
108:(7,7,8),(6,7,8),(5,7,8),(5,7,7),(5,7,6),(5,7,5),(5,7,4),(5,7,3),(5,7,2),(5,6,2),(5,5,2),(5,4,2),(5,3,2),(5,2,2),(5,1,2),(5,0,2),(4,0,2),
109:(1,0,5),(2,0,5),(3,0,5),(3,1,5),(3,2,5),(4,2,5),(4,3,5),(4,4,5),(4,5,5),
110:(4,8,5),(4,8,4),(4,8,3),(4,7,3),(5,7,3),(5,6,3),(5,5,3),(5,4,3),(5,3,3),(5,3,3),(4,3,3),
111:(7,3,5),(7,3,5),(7,2,5),(7,1,5),
112:(4,6,6),(4,5,6),(4,4,6),(5,4,6),(5,3,6),(5,2,6),(5,2,7),(5,1,7),(5,0,7),(6,0,7),(7,0,7),
113:(1,1,8),(1,1,7),(1,2,7),(1,3,7),(1,4,7),(1,4,6),(1,4,5),(1,4,4),(0,4,4),(0,4,3),(0,4,2),(0,4,1),(0,4,0),(0,5,0),(1,5,0),
114:(1,5,2),(2,5,2),(3,5,2),(3,5,3),(4,5,3),(5,5,3),(6,5,3),(7,5,3),(7,6,3),(7,7,3),(7,8,3),(7,8,4),
115:(1,8,0),(2,8,0),(2,7,0),(2,6,0),(2,5,0),(2,4,0),(2,3,0),(3,3,0),(4,3,0),(5,3,0),(6,3,0),(6,2,0),(7,2,0),
116:(1,5,4),(2,5,4),(3,5,4),(4,5,4),(5,5,4),(6,5,4),(6,6,4),(6,6,3),(6,7,3),(6,7,3),(7,7,3),
117:(7,1,8),(7,1,7),(7,1,6),(7,2,6),(7,2,5),(7,2,4),(7,3,4),(6,3,4),(6,3,3),(6,4,3),(6,5,3),(6,6,3),(6,6,2),(7,6,2),
118:(7,4,3),(7,4,2),(7,4,1),(7,5,1),(7,6,1),
119:(7,3,1),(6,3,1),(5,3,1),(5,4,1),(5,5,1),(5,6,1),(5,7,1),(4,7,1),
120:(7,1,5),(6,1,5),(5,1,5),(5,2,5),(5,2,5),(6,2,5),(5,2,5),(4,2,5),
121:(4,2,2),(5,2,2),(6,2,2),(6,3,2),(6,3,3),(6,3,4),(6,3,5),(6,4,5),(6,5,5),(7,5,5),
122:(1,8,3),(0,8,3),(0,7,3),(0,6,3),(0,5,3),(0,4,3),(0,3,3),(0,2,3),(1,2,3),
123:(4,5,1),(5,5,1),(5,4,1),(5,4,2),(5,3,2),(5,3,3),(5,3,4),(5,2,4),(6,2,4),(7,2,4),
124:(4,3,4),(5,3,4),(5,3,3),(5,3,2),(5,3,1),(5,3,0),(5,4,0),(6,4,0),(7,4,0),(7,5,0),
125:(7,0,1),(6,0,1),(5,0,1),(5,0,2),(5,1,2),(5,1,3),(5,1,4),(5,1,5),(5,1,6),(5,1,7),(5,2,7),(4,2,7),
126:(7,0,6),(7,0,5),(7,0,4),(7,0,3),(8,0,3),(8,0,2),(8,0,1),(8,0,0),(8,1,0),(8,2,0),(8,3,0),(8,4,0),(7,4,0),
127:(1,8,8),(2,8,8),(3,8,8),(4,8,8),(5,8,8),(6,8,8),(6,8,7),(6,8,6),(6,8,5),(6,8,4),(6,7,4),(6,6,4),(7,6,4),
128:(1,4,3),(1,4,4),(0,4,4),(0,4,5),(0,4,6),(0,4,7),(0,5,7),(0,6,7),(0,7,7),(1,7,7),
129:(1,2,2),(1,3,2),
130:(1,2,1),(2,2,1),(2,3,1),(2,3,2),(2,3,3),(2,3,4),(2,4,4),(2,5,4),(2,6,4),(3,6,4),(4,6,4),
131:(4,1,5),(4,1,6),(4,0,6),
132:(7,2,2),(7,3,2),(7,4,2),(6,4,2),(6,5,2),(5,5,2),(4,5,2),(3,5,2),(3,6,2),(3,7,2),(2,7,2),(1,7,2),
133:(4,4,4),(4,4,5),(4,5,5),(3,5,5),(2,5,5),(1,5,5),
134:(7,8,3),(7,8,4),(7,8,5),(7,8,6),
135:(4,8,2),(4,8,3),(4,7,3),(3,7,3),(3,7,4),(3,7,5),(3,6,5),(3,6,6),(3,5,6),(3,4,6),(3,3,6),(3,2,6),(3,1,6),(4,1,6),
136:(4,3,8),(3,3,8),(2,3,8),(1,3,8),(1,4,8),
137:(4,4,6),(4,4,7),(4,3,7),(4,2,7),(4,2,7),(4,1,7),
138:(1,6,6),(2,6,6),(3,6,6),(4,6,6),(5,6,6),(6,6,6),(6,5,6),(6,4,6),(6,3,6),(6,2,6),(6,1,6),(6,0,6),(7,0,6),
139:(1,1,6),(2,1,6),(3,1,6),(4,1,6),(5,1,6),(6,1,6),(6,2,6),(6,2,5),(6,3,5),(6,3,4),(6,3,3),(6,4,3),(6,5,3),(6,5,2),(7,5,2),
140:(1,3,0),(1,4,0),(1,4,1),(1,4,2),(0,4,2),(0,5,2),(0,5,3),(0,5,4),(0,6,4),(0,6,5),(0,7,5),(0,7,6),(1,7,6),
141:(1,7,5),(2,7,5),(3,7,5),(3,7,4),(3,6,4),(3,6,3),(4,6,3),(4,6,2),(5,6,2),(5,5,2),(5,4,2),(4,4,2),
142:(1,1,5),(2,1,5),(3,1,5),(3,1,4),(4,1,4),(5,1,4),(6,1,4),(6,2,4),(6,3,4),(6,3,3),(6,3,2),(6,3,1),(6,4,1),(6,5,1),(6,6,1),(6,7,1),(6,8,1),(7,8,1),
143:(7,8,5),(6,8,5),(5,8,5),(5,8,6),(5,8,7),(4,8,7),
144:(4,1,4),(3,1,4),(3,2,4),(2,2,4),(2,2,5),(2,3,5),(2,4,5),(2,5,5),(2,6,5),(2,7,5),(1,7,5),
145:(1,3,2),(1,3,1),(1,3,0),(1,2,0),
146:(7,8,1),(6,8,1),(6,7,1),(6,6,1),(6,5,1),(6,4,1),(5,4,1),(5,3,1),(5,2,1),(4,2,1),
147:(7,8,6),(7,7,6),(7,6,6),(7,5,6),(7,4,6),
148:(4,7,0),(3,7,0),(3,8,0),(2,8,0),(1,8,0),(1,8,1),(1,8,2),
149:(7,0,3),(6,0,3),(5,0,3),(5,0,4),(4,0,4),(3,0,4),(2,0,4),(2,1,4),(2,1,5),(2,2,5),(2,2,6),(2,2,7),(2,2,7),(2,2,7),(1,2,7),
150:(7,8,8),(6,8,8),(6,8,7),(5,8,7),(4,8,7),(3,8,7),(2,8,7),(2,8,6),(2,7,6),(2,6,6),(2,6,5),(2,6,4),(2,5,4),(2,4,4),(2,3,4),(2,2,4),(1,2,4),
151:(4,2,8),(3,2,8),(2,2,8),(2,2,7),(2,2,6),(2,2,5),(2,3,5),(2,4,5),(2,4,5),(1,4,5),
152:(7,7,7),(6,7,7),(6,7,8),(6,8,8),(6,8,9),(5,8,9),(4,8,9),(4,8,8),
153:(7,5,3),(6,5,3),(6,5,2),(5,5,2),(4,5,2),(3,5,2),(2,5,2),(2,6,2),(2,6,1),(2,7,1),(2,7,1),(2,7,0),(1,7,0),
154:(7,7,4),(6,7,4),(5,7,4),(5,7,3),(5,7,2),(4,7,2),(3,7,2),(2,7,2),(2,7,1),(2,7,0),(2,6,0),(2,5,0),(2,4,0),(2,3,0),(1,3,0),
155:(1,6,7),(2,6,7),(3,6,7),(3,6,6),(4,6,6),(5,6,6),(6,6,6),(6,6,5),(6,6,4),(6,6,3),(6,7,3),(6,7,2),(7,7,2),
156:(1,1,2),(1,1,3),(1,1,4),(1,1,5),(1,1,6),(1,1,7),(1,2,7),(1,3,7),(0,3,7),(0,4,7),(0,5,7),(1,5,7),
157:(1,4,8),(1,4,7),(1,5,7),(1,5,6),(1,6,6),(1,6,5),(0,6,5),(0,6,4),(0,6,3),(1,6,3),(1,7,3),
158:(7,1,1),(6,1,1),(5,1,1),(5,1,2),(5,1,3),(5,2,3),(5,2,4),(5,2,5),(5,2,6),(5,2,7),(5,2,8),(5,3,8),(5,4,8),(5,5,8),(5,6,8),(5,7,8),(4,7,8),
159:(4,3,6),(4,3,5),(4,3,4),(4,4,4),(4,4,3),
160:(1,2,3),(1,2,2),(1,2,1),
161:(4,2,6),(5,2,6),(6,2,6),(6,2,5),(6,2,4),(6,2,3),(7,2,3),(7,2,3),(7,3,3),
162:(4,6,8),(5,6,8),(5,6,7),(6,6,7),(6,6,6),(6,5,6),(6,4,6),(6,3,6),(7,3,6),
163:(7,2,1),(6,2,1),(5,2,1),(5,2,0),(4,2,0),(3,2,0),(2,2,0),(2,3,0),(1,3,0),(1,3,1),
164:(7,5,8),(6,5,8),(5,5,8),(4,5,8),(4,4,8),(4,3,8),(4,2,8),
165:(1,2,7),(2,2,7),(3,2,7),(3,2,6),(3,3,6),(3,3,5),(3,4,5),(3,5,5),(3,5,4),(3,5,3),(4,5,3),
166:(7,6,6),(6,6,6),(6,6,5),(6,6,4),(6,6,3),(6,6,2),(6,6,1),(5,6,1),(4,6,1),(4,6,0),
167:(7,6,0),(6,6,0),(5,6,0),(4,6,0),(4,5,0),(4,5,1),(3,5,1),(3,4,1),(3,4,2),(2,4,2),(2,4,3),(2,4,4),(2,4,4),(1,4,4),
168:(4,1,2),(3,1,2),(3,1,1),(2,1,1),(2,2,1),(2,3,1),(1,3,1),(1,4,1),(1,4,0),
169:(7,5,4),(6,5,4),(6,5,3),(6,5,2),(5,5,2),(5,5,1),(5,5,1),(4,5,1),
170:(4,1,7),(5,1,7),(5,1,6),(5,1,5),(5,1,4),(5,2,4),(4,2,4),(4,2,3),
171:(4,0,8),(4,1,8),(4,2,8),(4,3,8),(4,3,7),(4,3,6),(3,3,6),(3,3,5),(3,3,4),(3,4,4),(3,5,4),(3,6,4),(3,7,4),(3,8,4),(4,8,4),
172:(7,5,1),(6,5,1),(5,5,1),(4,5,1),(3,5,1),(3,5,1),(3,5,2),(3,5,3),(3,5,3),(2,5,3),(1,5,3),(1,4,3),
173:(4,3,1),(4,2,1),(4,1,1),(4,1,1),(4,0,1),
174:(4,2,7),(5,2,7),(6,2,7),(6,3,7),(6,4,7),(6,4,6),(6,4,5),(6,4,4),(6,5,4),(6,5,3),(6,5,2),(6,5,1),(6,5,0),(6,6,0),(6,7,0),(7,7,0),
175:(1,6,1),(1,6,2),(1,7,2),(1,7,3),(1,7,4),(1,7,5),(1,7,6),(1,7,7),(1,6,7),
176:(4,1,6),(4,2,6),(4,3,6),(4,3,5),(4,4,5),(4,5,5),(3,5,5),(3,5,4),(3,6,4),(3,6,3),(3,6,2),(3,7,2),(4,7,2),
177:(4,8,4),(5,8,4),(6,8,4),(6,8,5),(6,7,5),(6,6,5),(6,5,5),(6,5,6),(6,5,7),(6,4,7),(6,3,7),(6,2,7),(6,2,8),(6,1,8),(6,0,8),(7,0,8),
178:(1,2,4),(2,2,4),(2,2,5),(3,2,5),(3,2,6),(3,2,7),(3,3,7),(4,3,7),
179:(7,0,2),(7,0,3),(7,1,3),(7,2,3),(7,3,3),(7,4,3),(7,5,3),(7,5,4),(7,5,5),(7,5,6),(8,5,6),(8,6,6),(8,7,6),(7,7,6),
180:(7,3,8),(7,4,8),(7,4,7),(7,5,7),(7,6,7),(7,6,6),
181:(1,3,7),(1,3,6),(0,3,6),(0,4,6),(1,4,6),(1,5,6),(1,6,6),(1,6,5),
182:(1,5,8),(2,5,8),(2,5,7),(2,5,6),(2,4,6),(3,4,6),(4,4,6),(4,4,6),(4,4,5),(4,4,5),(4,4,4),
183:(7,0,4),(6,0,4),(5,0,4),(5,0,5),(5,1,5),(5,2,5),(5,3,5),(5,4,5),(5,4,5),(5,4,5),(5,4,5),(5,4,5),(4,4,5),
184:(1,7,6),(1,7,5),(0,7,5),(0,7,4),(0,7,3),(0,7,2),(0,7,1),(0,7,0),(1,7,0),(1,6,0),
185:(7,5,0),(6,5,0),(5,5,0),(5,5,1),(5,6,1),(5,6,2),(4,6,2),(3,6,2),(3,6,3),(4,6,3),(3,6,3),(2,6,3),(2,6,4),(2,6,5),(2,6,6),(2,6,7),(2,6,8),(1,6,8),
186:(1,3,6),(2,3,6),(3,3,6),(3,4,6),(3,4,6),(3,5,6),(4,5,6),(5,5,6),(6,5,6),(6,5,5),(6,5,4),(7,5,4),
187:(4,1,8),(3,1,8),(2,1,8),(2,1,7),(2,1,6),(2,1,5),(2,1,4),(2,2,4),(2,3,4),(2,4,4),(2,5,4),(2,5,3),(1,5,3),
188:(4,4,8),(4,5,8),(4,5,7),(5,5,7),(5,5,6),(5,5,5),(5,6,5),(5,6,4),(5,6,3),(5,7,3),(5,8,3),(6,8,3),(7,8,3),
189:(7,4,1),(7,3,1),(7,3,2),(7,2,2),
190:(4,3,3),(3,3,3),(2,3,3),(1,3,3),(1,3,4),
191:(7,8,2),(7,8,1),(7,7,1),
192:(7,6,3),(7,6,4),(7,6,5),(7,6,6),(7,7,6),(6,7,6),(5,7,6),(5,6,6),(5,6,6),(4,6,6),
193:(7,6,4),(7,5,4),(7,4,4),(7,3,4),(7,3,5),
194:(4,7,6),(5,7,6),(5,7,5),(5,6,5),(5,5,5),(5,5,4),(5,4,4),(5,3,4),(5,3,4),(5,3,4),(6,3,4),(6,3,4),(7,3,4),
195:(4,0,5),(4,0,4),(4,0,4),(3,0,4),(3,0,3),(3,0,2),(3,1,2),(3,2,2),(3,3,2),(3,4,2),(3,5,2),(3,6,2),(3,7,2),(3,8,2),(4,8,2),
196:(7,4,6),(6,4,6),(6,4,5),(6,4,4),(6,5,4),(6,6,4),(5,6,4),(5,7,4),(4,7,4),(3,7,4),(2,7,4),(2,8,4),(1,8,4),
197:(1,2,8),(1,1,8),(1,1,8),(2,1,8),(3,1,8),(4,1,8),(5,1,8),(6,1,8),(7,1,8),
198:(1,3,5),(1,2,5),(1,2,6),(1,2,7),(1,2,8),
199:(4,0,4),(4,1,4),(4,1,5),(4,0,5),
200:(7,4,0),(6,4,0),(6,5,0),(5,5,0),(5,5,-1),(4,5,-1),(3,5,-1),(2,5,-1),(2,5,0),(2,5,1),(2,5,2),(2,5,2),(2,5,3),(2,5,4),(2,5,5),(2,5,6),(1,5,6),
201:(7,1,2),(6,1,2),(5,1,2),(4,1,2),(3,1,2),(2,1,2),(1,1,2),(1,1,3),(1,1,4),
202:(1,4,4),(2,4,4),(3,4,4),(3,4,4),(4,4,4),(5,4,4),(6,4,4),(6,5,4),(7,5,4),(8,5,4),(8,5,5),(8,5,6),(7,5,6),
203:(4,3,7),(4,3,6),(4,3,5),(3,3,5),(3,3,4),(3,3,3),(3,3,2),(3,3,1),(3,2,1),(3,1,1),(4,1,1),
204:(4,1,3),(4,2,3),(4,3,3),(5,3,3),(5,3,4),(5,3,5),(5,3,6),(5,3,7),(5,4,7),(4,4,7),
205:(4,5,0),(3,5,0),(3,5,1),(2,5,1),(1,5,1),(1,6,1),(1,6,2),(1,6,3),(1,7,3),(1,8,3),(1,8,4),(1,8,5),
206:(7,2,8),(7,3,8),
207:(1,3,4),(1,3,5),(2,3,5),(2,3,6),(1,3,6),
208:(4,2,4),(3,2,4),(2,2,4),(2,2,5),(2,3,5),(2,3,6),(2,4,6),(2,5,6),(1,5,6),(0,5,6),(0,6,6),(0,6,6),(1,6,6),
209:(1,7,3),(1,6,3),(1,6,2),(2,6,2),(2,5,2),(2,4,2),(3,4,2),(4,4,2),(5,4,2),(5,3,2),(5,3,2),(6,3,2),(7,3,2),
210:(4,5,7),(4,6,7),(4,6,7),(5,6,7),(6,6,7),(7,6,7),
211:(4,7,1),(3,7,1),(3,7,2),(2,7,2),(2,6,2),(2,6,3),(2,6,4),(2,6,5),(2,6,6),(2,6,7),(2,6,8),(2,5,8),(2,4,8),(2,3,8),(1,3,8),
212:(7,3,3),(6,3,3),(6,3,4),(5,3,4),(5,3,5),(5,4,5),(5,4,6),(5,4,7),(4,4,7),(3,4,7),(2,4,7),(2,4,7),(1,4,7),
213:(1,8,2),(2,8,2),(3,8,2),(3,8,1),(3,7,1),(3,7,0),(3,6,0),(3,5,0),(3,4,0),(3,3,0),(4,3,0),
214:(1,5,3),(2,5,3),(2,5,2),(3,5,2),(3,4,2),(4,4,2),(5,4,2),(6,4,2),(6,4,1),(7,4,1),(7,3,1),
215:(4,7,7),(5,7,7),(6,7,7),(7,7,7),(7,7,7),(7,7,6),(7,7,5),
216:(1,2,6),(1,1,6),(1,0,6),
217:(1,7,7),(2,7,7),(3,7,7),(3,7,6),(4,7,6),(4,8,6),(4,8,5),
218:(7,2,7),(8,2,7),(8,3,7),(8,4,7),(8,5,7),(8,6,7),(8,7,7),(7,7,7),
219:(1,0,8),(2,0,8),(3,0,8),(3,0,7),(3,0,6),(3,0,5),(3,0,4),(3,0,3),(3,0,2),(4,0,2),(4,1,2),
220:(7,5,5),(6,5,5),(5,5,5),(5,5,5),(4,5,5),(4,6,5),
221:(7,7,5),(6,7,5),(6,7,4),(6,7,3),(6,7,2),(6,7,1),(6,7,0),(5,7,0),(4,7,0),
222:(4,0,1),(4,1,1),(4,1,0),(4,2,0),(4,3,0),(4,3,1),
223:(1,1,3),(2,1,3),(3,1,3),(3,2,3),(3,2,4),(3,2,5),(3,3,5),(4,3,5),
224:(7,7,1),(7,6,1),(7,6,2),(7,6,3),(7,6,4),(7,7,4),(6,7,4),(6,7,5),(5,7,5),(5,7,6),(5,7,7),(5,6,7),(5,5,7),(5,4,7),(5,4,8),(4,4,8),
225:(7,2,3),(6,2,3),(5,2,3),(4,2,3),(3,2,3),(3,1,3),(2,1,3),(2,1,3),(2,1,4),(2,1,4),(2,1,5),(1,1,5),
226:(1,5,1),(2,5,1),(2,5,0),(3,5,0),(3,4,0),(4,4,0),(4,3,0),(4,2,0),(4,1,0),(4,0,0),
227:(7,1,0),(6,1,0),(6,1,1),(5,1,1),(5,2,1),(5,2,2),(4,2,2),(4,2,2),(3,2,2),(2,2,2),(2,2,3),(2,3,3),(2,3,4),(2,3,5),(2,3,6),(2,4,6),(1,4,6),
228:(7,6,7),(7,6,6),(7,5,6),(7,5,5),(7,5,4),(7,4,4),(7,4,3),(7,4,2),(7,4,1),(7,3,1),(6,3,1),(6,2,1),(6,1,1),(7,1,1),
229:(1,7,0),(2,7,0),(3,7,0),(4,7,0),(4,6,0),(4,5,0),(4,4,0),(4,3,0),(4,2,0),(4,1,0),
230:(7,1,4),(6,1,4),(5,1,4),(5,1,4),(5,0,4),(4,0,4),
231:(7,1,6),(6,1,6),(6,1,7),(5,1,7),(5,0,7),(4,0,7),(3,0,7),(2,0,7),(2,1,7),(2,2,7),(2,3,7),(2,3,7),(2,3,7),(1,3,7),
232:(1,6,2),(2,6,2),(2,6,3),(2,6,4),(2,6,5),(3,6,5),(3,6,6),(4,6,6),(3,6,6),(3,5,6),(4,5,6),
233:(7,4,2),(6,4,2),(6,4,1),(6,3,1),(6,3,2),(6,2,2),(5,2,2),(5,1,2),(4,1,2),(3,1,2),(2,1,2),(1,1,2),
234:(4,8,1),(4,7,1),(4,6,1),(3,6,1),(2,6,1),(2,5,1),(2,4,1),(2,3,1),(2,2,1),(2,1,1),(2,0,1),(2,0,2),(2,0,3),(2,0,4),(1,0,4),
235:(4,0,2),(4,0,3),(4,1,3),(3,1,3),(3,1,4),(3,1,5),(3,1,6),(3,1,7),(3,2,7),(3,3,7),(3,4,7),(3,5,7),(4,5,7),
236:(4,7,8),(3,7,8),(3,6,8),(2,6,8),(2,6,7),(2,5,7),(2,4,7),(2,3,7),(2,3,6),(2,2,6),(2,1,6),(2,1,5),(2,1,4),(2,1,3),(1,1,3),
237:(7,0,0),(6,0,0),(6,0,1),(6,1,1),(6,2,1),(6,3,1),(6,4,1),(6,4,1),(5,4,1),(4,4,1),
238:(7,4,8),(6,4,8),(5,4,8),(4,4,8),(3,4,8),(3,3,8),(2,3,8),(2,2,8),(2,1,8),(1,1,8),(1,0,8),
239:(1,8,6),(2,8,6),(2,7,6),(2,6,6),(3,6,6),(3,6,6),(3,5,6),(3,4,6),(3,3,6),(3,3,5),(3,3,4),(3,3,3),(3,2,3),(3,1,3),(4,1,3),
240:(1,1,7),(2,1,7),(3,1,7),(4,1,7),(5,1,7),(6,1,7),(6,2,7),(6,2,8),(6,3,8),(6,4,8),(6,5,8),(6,6,8),(7,6,8),
241:(1,2,0),(2,2,0),(2,2,1),(2,2,2),(2,3,2),(2,3,3),(2,3,4),(3,3,4),(3,4,4),(3,5,4),(3,6,4),(3,7,4),(4,7,4),
242:(1,4,1),(2,4,1),(3,4,1),(4,4,1),(5,4,1),(5,4,2),(6,4,2),(6,3,2),(6,2,2),(6,2,3),(6,2,4),(6,1,4),(6,0,4),(7,0,4),
