soc=2365
lb_soc=1442
makespan=20
lb_makespan=14
comp_time=11843
highLevelExpanded=75
lowLevelExpanded=23418
solution=
0:(7,5,0),(6,5,0),(5,5,0),(4,5,0),(4,6,0),(4,6,1),
1:(1,0,2),(1,0,3),(1,0,4),(1,0,5),(1,0,6),(1,1,6),(1,2,6),(1,3,6),(1,4,6),(1,5,6),(0,5,6),(0,6,6),(0,7,6),(1,7,6),
2:(1,5,2),(1,5,3),(1,5,4),(1,5,5),(1,5,6),(1,5,7),(0,5,7),(1,5,7),(1,6,7),(1,7,7),(1,7,8),
3:(7,4,5),(6,4,5),(5,4,5),(5,3,5),(4,3,5),(3,3,5),(3,3,4),(3,3,3),(3,2,3),(3,1,3),(3,1,2),(2,1,2),(2,1,1),(2,0,1),(1,0,1),
4:(7,8,4),(6,8,4),(5,8,4),(4,8,4),(3,8,4),(2,8,4),(2,7,4),(2,7,5),(2,7,6),(2,7,7),(2,6,7),(2,5,7),(1,5,7),
5:(4,0,6),(4,0,5),(4,1,5),(5,1,5),(5,1,4),(5,2,4),(5,2,5),(5,2,4),(5,3,4),(5,4,4),(5,4,3),(5,5,3),(4,5,3),
6:(1,4,8),(2,4,8),(3,4,8),(4,4,8),(5,4,8),(6,4,8),(7,4,8),(7,3,8),(7,3,7),(7,2,7),(7,1,7),(7,0,7),
7:(4,8,1),(3,8,1),(2,8,1),(1,8,1),(1,8,2),(1,8,3),(1,8,4),(0,8,4),(0,8,5),(0,8,6),(1,8,6),
8:(7,5,5),(7,5,6),(7,5,7),(7,5,8),(7,6,8),(7,7,8),(7,8,8),
9:(4,2,3),(5,2,3),(5,3,3),(5,3,4),(5,3,5),(6,3,5),(7,3,5),(8,3,5),(8,4,5),(8,5,5),(8,6,5),(7,6,5),
10:(7,4,6),(6,4,6),(5,4,6),(4,4,6),(3,4,6),(2,4,6),(1,4,6),(1,5,6),(0,5,6),(0,5,5),(0,5,4),(0,5,3),(0,5,2),(0,5,1),(0,6,1),(1,6,1),
11:(7,1,7),(7,1,6),(7,1,5),(7,1,4),(7,2,4),(7,2,3),(8,2,3),(8,2,2),(8,2,1),(7,2,1),
12:(4,3,4),(3,3,4),(2,3,4),(1,3,4),(1,3,5),(1,3,6),(1,3,7),(0,3,7),(0,4,7),(0,5,7),(0,6,7),(0,7,7),(1,7,7),
13:(1,5,1),(2,5,1),(2,5,0),(2,4,0),(2,3,0),(2,2,0),(2,1,0),(3,1,0),(3,0,0),(4,0,0),
14:(1,3,4),(1,3,3),(1,3,2),(1,3,1),(1,3,0),(1,4,0),(1,5,0),
15:(4,5,5),(3,5,5),(2,5,5),(2,6,5),(1,6,5),(1,7,5),(1,8,5),
16:(4,5,8),(3,5,8),(2,5,8),(2,6,8),(1,6,8),(1,7,8),(1,8,8),
17:(1,0,7),(2,0,7),(3,0,7),(4,0,7),(4,0,6),
18:(1,0,6),(1,0,5),(1,1,5),(1,1,4),(1,1,3),(1,2,3),(1,2,2),(1,3,2),(1,4,2),(1,5,2),(1,5,3),(1,6,3),
19:(1,7,6),(2,7,6),(3,7,6),(3,7,7),(3,7,7),(3,6,7),(3,5,7),(3,4,7),(3,3,7),(3,2,7),(3,1,7),(3,1,7),(4,1,7),(5,1,7),(6,1,7),(7,1,7),
20:(4,5,2),(5,5,2),(6,5,2),(7,5,2),(7,5,1),(7,5,0),(7,6,0),(7,7,0),(7,8,0),
21:(1,8,0),(2,8,0),(3,8,0),(4,8,0),(5,8,0),(5,8,1),(5,8,2),(6,8,2),(6,8,3),(6,8,4),(6,8,5),(6,8,6),(6,8,7),(6,8,8),(6,7,8),(6,6,8),(6,5,8),(7,5,8),
22:(7,6,7),(6,6,7),(5,6,7),(4,6,7),(3,6,7),(2,6,7),(1,6,7),(1,6,7),(1,6,8),
23:(7,5,8),(7,5,7),(7,6,7),(7,6,6),(7,6,5),(7,6,4),(7,6,3),
24:(4,2,1),(3,2,1),(2,2,1),(2,3,1),(2,3,2),(2,3,3),(2,3,4),(2,4,4),(2,5,4),(2,5,5),(2,5,5),(2,6,5),(1,6,5),
25:(7,6,6),(7,6,5),(7,6,4),(7,6,3),(7,7,3),(8,7,3),(8,7,2),(8,8,2),(8,8,2),(7,8,2),
26:(7,6,1),(7,6,2),(7,6,3),(7,7,3),(7,7,4),(7,8,4),
27:(4,4,4),(3,4,4),(2,4,4),(1,4,4),(1,4,5),
28:(1,2,5),(2,2,5),(3,2,5),(4,2,5),(5,2,5),(6,2,5),(7,2,5),(7,2,4),(6,2,4),(6,2,3),(6,2,2),(6,2,1),(6,3,1),(6,4,1),(6,5,1),(6,6,1),(6,7,1),(7,7,1),
29:(4,6,2),(4,6,3),(4,6,4),(4,6,5),(4,6,6),(4,6,7),(4,6,8),
30:(1,3,8),(2,3,8),(2,3,7),(2,3,6),(2,3,5),(2,4,5),(3,4,5),(3,4,5),(3,5,5),(3,6,5),(3,6,4),(3,5,4),(3,5,3),(3,5,2),(3,5,1),(3,5,0),(4,5,0),
31:(4,8,8),(5,8,8),(5,8,7),(5,8,6),(5,8,5),(5,7,5),(6,7,5),(6,6,5),(6,5,5),(6,5,4),(6,5,3),(6,5,2),(6,4,2),(6,3,2),(6,3,1),(6,3,0),(6,2,0),(6,1,0),(6,0,0),(7,0,0),
32:(4,2,4),(3,2,4),(2,2,4),(1,2,4),
33:(4,8,6),(3,8,6),(2,8,6),(2,7,6),(2,6,6),(2,5,6),(2,4,6),(2,3,6),(2,2,6),(1,2,6),(1,1,6),
34:(7,3,1),(6,3,1),(5,3,1),(5,2,1),(6,2,1),(5,2,1),(4,2,1),(3,2,1),(3,2,2),(3,2,3),(3,2,4),(2,2,4),(2,2,5),(2,2,6),(2,2,7),(2,2,8),(1,2,8),
35:(7,2,2),(6,2,2),(6,3,2),(6,3,2),(5,3,2),(5,4,2),(5,5,2),(5,6,2),(5,6,3),(5,7,3),(5,7,4),(5,7,5),(5,8,5),(4,8,5),
36:(4,2,6),(4,2,5),(4,2,4),(4,1,4),(4,1,4),(4,1,3),(4,1,2),
37:(1,3,1),(1,3,2),(1,2,2),(1,1,2),(1,0,2),(1,0,3),(1,0,4),
38:(7,3,0),(6,3,0),(5,3,0),(4,3,0),(4,2,0),
39:(4,1,1),(5,1,1),(6,1,1),(6,1,2),(6,1,3),(6,2,3),(6,3,3),(6,4,3),(6,4,4),(6,4,5),(6,4,6),(6,5,6),(6,6,6),(6,7,6),(6,8,6),(7,8,6),
40:(1,3,6),(1,4,6),(1,5,6),(1,6,6),(1,6,6),(1,6,5),(1,6,4),
41:(4,1,5),(5,1,5),(6,1,5),(7,1,5),(7,1,4),
42:(4,8,0),(3,8,0),(3,8,1),(2,8,1),(1,8,1),(1,7,1),(1,6,1),(1,5,1),(1,4,1),(1,4,2),(1,3,2),(1,2,2),
43:(7,1,2),(7,1,3),(7,1,4),(7,0,4),
44:(7,8,2),(6,8,2),(5,8,2),(4,8,2),(3,8,2),(2,8,2),(1,8,2),(1,8,1),(1,8,0),
45:(7,4,4),(6,4,4),(5,4,4),(4,4,4),(3,4,4),(2,4,4),(2,4,5),(2,4,6),(2,5,6),(2,5,6),(1,5,6),
46:(7,4,8),(7,5,8),(7,6,8),(7,6,7),(7,7,7),(7,8,7),(6,8,7),(6,8,6),(6,8,5),(5,8,5),(5,8,4),(5,8,3),(4,8,3),
47:(4,4,3),(5,4,3),(6,4,3),(6,4,4),(6,4,5),(6,4,6),(6,4,7),(6,3,7),(6,2,7),(6,2,7),(7,2,7),
48:(1,5,0),(1,5,1),(1,5,2),(1,5,2),(2,5,2),(2,5,3),(2,5,4),(2,5,4),(2,5,5),(3,5,5),(3,5,6),(3,4,6),(4,4,6),
49:(4,4,5),(3,4,5),(2,4,5),(2,4,4),(2,3,4),(2,2,4),(2,1,4),(1,1,4),
50:(4,4,2),(3,4,2),(2,4,2),(1,4,2),(1,4,3),(1,4,4),(1,3,4),(1,3,5),(1,3,6),
51:(7,7,0),(6,7,0),(5,7,0),(4,7,0),(3,7,0),(2,7,0),(2,6,0),(2,5,0),(2,4,0),(2,3,0),(2,2,0),(2,2,1),(2,2,2),(2,2,3),(1,2,3),
52:(4,6,0),(4,6,1),(4,6,2),(4,5,2),(4,4,2),(4,3,2),(4,2,2),(4,2,3),
53:(1,7,8),(1,7,7),(1,6,7),(1,5,7),(1,4,7),(1,3,7),(1,2,7),(1,2,7),(1,2,6),(1,2,5),
54:(1,6,4),(2,6,4),(2,6,3),(2,6,2),(2,6,1),(3,6,1),(3,7,1),(4,7,1),
55:(4,2,5),(3,2,5),(3,2,4),(3,2,3),(3,3,3),(3,4,3),(2,4,3),(2,4,3),(2,4,3),(2,4,3),(1,4,3),
56:(4,0,1),(5,0,1),(6,0,1),(7,0,1),
57:(7,4,0),(6,4,0),(5,4,0),(5,3,0),(5,3,1),(5,3,2),(5,3,3),(5,2,3),(5,1,3),(4,1,3),
58:(7,4,2),(6,4,2),(5,4,2),(5,4,3),(5,4,4),(5,4,5),(5,4,6),(4,4,6),(3,4,6),(3,4,7),(3,4,8),(4,4,8),
59:(1,1,1),(1,1,2),(1,1,3),(1,2,3),(1,3,3),
60:(4,1,0),(5,1,0),(6,1,0),(7,1,0),(7,2,0),(7,3,0),(7,4,0),(7,5,0),(7,6,0),(7,7,0),
61:(1,7,7),(2,7,7),(2,6,7),(2,6,6),(2,6,5),(2,6,4),(3,6,4),(4,6,4),(5,6,4),(5,6,3),(6,6,3),(6,6,2),(6,6,1),(7,6,1),(7,5,1),
62:(7,2,0),(7,2,1),(7,3,1),(7,4,1),(7,4,2),(7,5,2),(7,6,2),(6,6,2),(6,6,3),(6,6,4),(6,6,5),(5,6,5),(5,6,6),(5,6,7),(5,6,8),(5,7,8),(4,7,8),
63:(7,6,4),(6,6,4),(5,6,4),(4,6,4),(4,6,5),(3,6,5),(2,6,5),(2,6,6),(2,6,7),(2,5,7),(2,4,7),(2,3,7),(2,2,7),(2,1,7),(1,1,7),
64:(7,0,8),(6,0,8),(5,0,8),(4,0,8),(3,0,8),(2,0,8),(2,0,7),(2,0,6),(2,0,5),(2,1,5),(2,1,4),(2,1,3),(2,1,2),(2,2,2),(2,3,2),(2,4,2),(2,5,2),(2,6,2),(2,7,2),(1,7,2),
65:(4,1,4),(4,1,3),(4,1,2),(4,1,1),
66:(1,0,1),(2,0,1),(3,0,1),(3,0,2),(3,0,3),(3,0,4),(3,1,4),(3,1,5),(3,1,6),(3,2,6),(3,3,6),(4,3,6),
67:(4,5,1),(3,5,1),(3,4,1),(2,4,1),(1,4,1),(1,3,1),(1,3,0),(1,2,0),
68:(7,5,1),(7,5,2),(7,5,3),(7,5,4),(7,5,5),(7,6,5),(7,7,5),
69:(1,5,3),(2,5,3),(3,5,3),(4,5,3),(5,5,3),(6,5,3),(6,5,2),(7,5,2),(7,4,2),(7,4,3),(7,3,3),
70:(1,6,3),(2,6,3),(3,6,3),(4,6,3),(4,6,2),(4,7,2),
71:(1,7,0),(2,7,0),(3,7,0),(3,7,1),(3,7,2),(3,6,2),(3,5,2),(3,4,2),(3,3,2),(3,2,2),(4,2,2),
72:(7,1,0),(6,1,0),(6,2,0),(5,2,0),(5,2,1),(4,2,1),(3,2,1),(2,2,1),(2,2,2),(2,2,3),(2,2,4),(2,2,5),(2,2,6),(2,3,6),(2,4,6),(1,4,6),
73:(1,0,3),(1,1,3),(1,2,3),(1,2,2),(1,2,1),(1,2,1),(1,2,1),(1,3,1),
74:(4,0,5),(4,1,5),(4,1,6),(4,1,7),(4,2,7),(4,3,7),(5,3,7),(5,4,7),(5,5,7),(4,5,7),
75:(7,2,4),(6,2,4),(5,2,4),(4,2,4),(3,2,4),(3,2,3),(2,2,3),(2,3,3),(2,3,2),(2,3,1),(2,4,1),(2,5,1),(2,6,1),(2,7,1),(2,8,1),(1,8,1),
76:(4,7,2),(4,7,1),(4,6,1),(4,5,1),
77:(4,2,0),(5,2,0),(5,2,1),(6,2,1),(7,2,1),(7,3,1),(7,4,1),
78:(4,3,7),(5,3,7),(6,3,7),(7,3,7),(7,3,6),(7,3,5),(7,3,4),(7,3,4),(7,2,4),
79:(7,1,3),(6,1,3),(5,1,3),(5,1,2),(5,1,1),(5,1,0),(4,1,0),
80:(4,3,0),(3,3,0),(3,3,1),(3,3,2),(3,2,2),(3,1,2),(3,1,3),(3,1,4),(3,1,5),(3,1,6),(2,1,6),(2,1,7),(1,1,7),(1,1,8),
81:(4,4,8),(3,4,8),(3,4,7),(2,4,7),(2,4,6),(2,3,6),(2,2,6),(2,1,6),(1,1,6),(1,0,6),(1,0,5),
82:(4,5,6),(5,5,6),(6,5,6),(7,5,6),(7,4,6),(7,3,6),(7,2,6),(7,2,5),(7,1,5),(7,0,5),
83:(7,8,1),(6,8,1),(5,8,1),(5,8,2),(5,8,3),(5,8,4),(5,8,5),(5,7,5),(5,6,5),(5,5,5),(5,4,5),(5,3,5),(5,2,5),(5,1,5),(4,1,5),
84:(1,2,0),(2,2,0),(3,2,0),(3,3,0),(3,4,0),(3,4,1),(3,5,1),(3,6,1),(3,6,2),(3,7,2),(3,8,2),(4,8,2),
85:(1,6,1),(2,6,1),(3,6,1),(4,6,1),(5,6,1),(6,6,1),(7,6,1),(7,6,2),(7,5,2),(7,4,2),(7,4,3),
86:(7,6,8),(6,6,8),(5,6,8),(5,5,8),(5,5,7),(5,5,6),(5,5,5),(5,5,4),(5,5,3),(5,4,3),(4,4,3),
87:(7,0,0),(6,0,0),(5,0,0),(4,0,0),(3,0,0),(2,0,0),(2,0,1),(2,0,2),(2,0,3),(2,1,3),(2,2,3),(2,3,3),(2,4,3),(2,5,3),(1,5,3),
88:(1,3,3),(2,3,3),(3,3,3),(4,3,3),(5,3,3),(6,3,3),(6,3,4),(6,4,4),(7,4,4),
89:(7,3,7),(7,4,7),(7,4,7),(7,5,7),(7,6,7),(7,7,7),(7,8,7),(7,8,6),(7,8,5),
90:(7,5,6),(6,5,6),(6,5,5),(5,5,5),(4,5,5),(3,5,5),(2,5,5),(2,4,5),(2,4,4),(2,3,4),(2,3,3),(2,3,2),(2,3,1),(2,3,0),(2,2,0),(2,1,0),(2,0,0),(1,0,0),
91:(7,5,3),(6,5,3),(5,5,3),(5,5,4),(5,6,4),(5,6,5),(4,6,5),(4,6,6),(4,6,7),
92:(4,0,7),(4,1,7),(4,2,7),(4,3,7),(4,4,7),
93:(7,7,2),(6,7,2),(5,7,2),(5,6,2),(5,6,3),(5,6,4),(5,6,5),(5,6,6),(5,6,7),(5,6,8),(5,5,8),(4,5,8),
94:(1,1,5),(2,1,5),(3,1,5),(4,1,5),(5,1,5),(6,1,5),(6,1,4),(6,1,3),(6,1,2),(6,1,1),(6,2,1),(6,3,1),(6,4,1),(6,5,1),(6,6,1),(7,6,1),
95:(7,1,4),(7,1,5),(7,2,5),(7,2,6),(7,2,7),(7,3,7),(7,4,7),
96:(1,1,4),(2,1,4),(3,1,4),(3,1,3),(3,1,2),(3,1,1),(3,1,0),(3,2,0),(3,3,0),(3,4,0),(3,5,0),(3,6,0),(3,7,0),(4,7,0),(4,8,0),
97:(7,4,3),(6,4,3),(6,4,2),(5,4,2),(5,4,1),(4,4,1),(4,4,0),
98:(1,8,5),(1,8,6),(1,8,7),(1,7,7),(1,6,7),(1,6,7),(1,5,7),(1,4,7),(1,3,7),
99:(4,8,3),(5,8,3),(6,8,3),(6,8,4),(6,8,5),(6,8,6),(6,7,6),(6,6,6),(6,5,6),(6,4,6),(6,3,6),(6,2,6),(6,1,6),(7,1,6),
100:(4,8,4),(5,8,4),(5,8,3),(6,8,3),(6,8,2),(6,7,2),(6,6,2),(6,5,2),(6,5,2),(6,5,2),(7,5,2),
101:(1,1,8),(1,1,7),(1,1,6),(1,1,5),(1,1,4),(1,1,3),(1,1,2),(1,2,2),(1,3,2),(2,3,2),(2,4,2),(1,4,2),(1,5,2),
102:(1,8,8),(1,8,7),(1,7,7),(1,7,6),(1,7,5),(1,7,4),(1,7,3),
103:(1,2,4),(1,2,3),(1,3,3),(1,3,2),(1,4,2),(1,5,2),(1,6,2),
104:(1,0,0),(2,0,0),(2,0,1),(2,0,2),(2,1,2),(2,2,2),(2,3,2),(3,3,2),(3,3,3),(3,3,4),(4,3,4),
105:(4,0,2),(4,1,2),(4,2,2),(4,3,2),(3,3,2),(3,4,2),(4,4,2),(4,5,2),
106:(7,0,7),(6,0,7),(5,0,7),(5,0,6),(5,0,5),(4,0,5),(3,0,5),(2,0,5),(2,1,5),(2,2,5),(2,3,5),(2,3,4),(1,3,4),
107:(1,3,7),(1,3,6),(1,3,5),(0,3,5),(0,3,4),(0,3,3),(0,3,2),(0,3,1),(0,3,0),(0,4,0),(0,5,0),(0,6,0),(0,7,0),(1,7,0),
108:(7,2,3),(6,2,3),(5,2,3),(5,2,4),(4,2,4),(3,2,4),(2,2,4),(2,1,4),(2,0,4),(2,0,5),(2,0,6),(2,0,7),(1,0,7),
109:(1,5,7),(1,4,7),(1,3,7),(1,3,6),(1,2,6),(1,2,5),(1,1,5),
110:(4,3,5),(3,3,5),(2,3,5),(2,3,4),(2,3,3),(2,4,3),(1,4,3),(1,4,2),(1,5,2),(1,5,1),(1,6,1),(1,6,0),
111:(4,7,7),(4,7,6),(4,6,6),(4,5,6),(4,4,6),(3,4,6),(4,4,6),(4,3,6),(4,2,6),
112:(4,3,8),(3,3,8),(3,3,7),(3,4,7),(3,5,7),(3,5,6),(3,5,5),(3,5,5),(3,5,4),(2,5,4),(2,5,3),(2,5,2),(2,5,1),(1,5,1),
113:(7,2,7),(7,2,6),(7,3,6),(7,3,5),(7,3,4),(7,4,4),(7,5,4),(7,6,4),(7,6,4),(7,7,4),
114:(1,6,5),(1,6,4),(1,6,3),(1,6,2),(1,6,1),(1,5,1),(1,4,1),(1,4,0),(1,3,0),(0,3,0),(0,2,0),(0,1,0),(1,1,0),
115:(7,8,7),(7,8,6),(7,8,5),(7,8,4),(7,8,3),(7,7,3),(8,7,3),(8,6,3),(8,5,3),(8,5,2),(8,4,2),(7,4,2),
116:(1,6,7),(2,6,7),(3,6,7),(3,6,6),(3,6,5),(3,6,4),(3,6,3),(3,5,3),(3,4,3),(3,3,3),(3,2,3),(3,1,3),(3,0,3),(4,0,3),
117:(7,0,5),(6,0,5),(5,0,5),(4,0,5),(4,1,5),(4,2,5),
118:(7,2,1),(6,2,1),(6,2,2),(5,2,2),(4,2,2),(3,2,2),(3,2,3),(3,2,4),(3,3,4),(3,4,4),(2,4,4),(1,4,4),
119:(4,1,8),(5,1,8),(6,1,8),(7,1,8),(7,1,7),(7,2,7),(7,2,7),(7,2,6),
120:(1,3,5),(2,3,5),(2,2,5),(2,2,4),(2,2,3),(2,2,3),(2,2,2),(3,2,2),(4,2,2),(5,2,2),(5,2,1),(5,2,0),(5,1,0),(6,1,0),(7,1,0),
121:(1,7,3),(2,7,3),(3,7,3),(4,7,3),(5,7,3),(6,7,3),(6,7,4),(6,7,5),(6,7,5),(6,6,5),(7,6,5),(7,5,5),(7,5,6),
122:(4,3,1),(4,2,1),(4,1,1),(4,1,0),(4,0,0),(4,0,1),(4,0,2),(4,0,3),(4,0,4),(4,0,5),
123:(1,5,4),(2,5,4),(3,5,4),(4,5,4),(4,4,4),(4,3,4),(4,2,4),
124:(7,8,0),(6,8,0),(5,8,0),(5,8,1),(4,8,1),(3,8,1),(2,8,1),(2,8,2),(1,8,2),
125:(1,2,6),(2,2,6),(3,2,6),(4,2,6),(5,2,6),(6,2,6),(6,3,6),(7,3,6),(7,3,6),(7,3,6),(7,3,7),
126:(7,0,2),(6,0,2),(5,0,2),(4,0,2),(3,0,2),(2,0,2),(2,1,2),(2,1,3),(2,1,4),(2,2,4),(2,3,4),(2,4,4),(2,5,4),(2,6,4),(2,7,4),(2,8,4),(1,8,4),
127:(7,2,5),(7,2,4),(7,2,3),(7,2,2),(7,3,2),(7,4,2),(7,5,2),(8,5,2),(8,6,2),(7,6,2),
128:(1,4,6),(2,4,6),(3,4,6),(3,3,6),(4,3,6),(4,2,6),(4,2,7),
129:(4,6,8),(3,6,8),(2,6,8),(2,6,7),(2,5,7),(2,4,7),(2,3,7),(2,2,7),(2,1,7),(2,1,6),(2,1,5),(2,1,4),(2,1,3),(1,1,3),(1,1,2),
130:(4,6,6),(4,5,6),(4,5,5),(4,4,5),(3,4,5),(4,4,5),
131:(7,6,3),(6,6,3),(5,6,3),(5,6,4),(4,6,4),(4,5,4),
132:(7,6,5),(6,6,5),(5,6,5),(5,6,6),(5,5,6),(4,5,6),(3,5,6),(3,4,6),(3,3,6),(2,3,6),(2,2,6),(1,2,6),
133:(1,0,4),(2,0,4),(3,0,4),(3,0,3),(3,1,3),(3,1,4),(3,2,4),(3,3,4),(3,4,4),(3,5,4),(3,5,3),(3,6,3),(3,7,3),(4,7,3),
134:(4,3,2),(4,3,1),
135:(4,1,2),(5,1,2),(6,1,2),(6,0,2),(6,0,3),(6,0,4),(6,0,5),(7,0,5),(7,0,6),
136:(1,1,6),(2,1,6),(3,1,6),(4,1,6),(5,1,6),(5,2,6),(5,3,6),(5,4,6),(5,5,6),(5,6,6),(6,6,6),(6,7,6),(7,7,6),(7,8,6),(7,8,6),(7,8,7),
137:(4,6,7),(3,6,7),(3,6,6),(3,6,5),(3,5,5),(3,4,5),(3,3,5),(2,3,5),(2,3,5),(1,3,5),
138:(4,1,3),(4,2,3),(4,3,3),(4,3,4),(5,3,4),(5,4,4),(5,5,4),(5,6,4),(5,7,4),(5,7,5),(5,7,6),(5,7,7),(5,8,7),(4,8,7),
139:(1,7,5),(2,7,5),(3,7,5),(4,7,5),(5,7,5),(6,7,5),(6,6,5),(6,5,5),(6,4,5),(6,3,5),(7,3,5),(7,3,6),
140:(1,2,1),(1,1,1),
141:(1,2,2),(2,2,2),(3,2,2),(3,2,1),(3,2,0),(3,3,0),(3,4,0),(3,5,0),(4,5,0),(5,5,0),(6,5,0),(7,5,0),(7,6,0),
142:(4,1,6),(4,2,6),(4,2,5),(4,3,5),(4,4,5),(4,5,5),
143:(7,7,1),(6,7,1),(5,7,1),(4,7,1),(3,7,1),(2,7,1),(2,7,2),(2,7,3),(2,7,4),(1,7,4),(1,7,5),
144:(7,6,2),(6,6,2),(5,6,2),(5,5,2),(5,4,2),(5,4,3),(5,4,4),(5,4,5),(5,4,6),(5,3,6),(5,2,6),(5,1,6),(4,1,6),
145:(1,4,1),(2,4,1),(2,5,1),(2,5,2),(2,5,3),(3,5,3),(3,5,4),(3,6,4),(3,6,5),(3,6,6),(3,7,6),(3,7,6),(4,7,6),
146:(7,3,6),(6,3,6),(5,3,6),(4,3,6),(4,2,6),(4,1,6),(4,1,5),(4,1,4),(3,1,4),(2,1,4),(2,1,3),(1,1,3),(1,1,2),(1,0,2),
147:(4,0,0),(5,0,0),(5,0,1),(6,0,1),(6,0,2),(6,0,3),(6,0,4),(6,0,5),(6,1,5),(6,2,5),(6,3,5),(6,4,5),(7,4,5),(7,5,5),
148:(1,8,6),(1,7,6),(1,7,5),(1,6,5),(1,5,5),
149:(7,8,5),(6,8,5),(5,8,5),(4,8,5),(3,8,5),(2,8,5),(2,8,4),(2,8,3),(1,8,3),
150:(1,4,3),(2,4,3),(3,4,3),(4,4,3),(4,3,3),
151:(4,8,5),(5,8,5),(5,8,6),(6,8,6),(7,8,6),(7,7,6),(7,6,6),(7,5,6),(7,4,6),
152:(7,3,2),(7,4,2),(7,5,2),(7,6,2),(6,6,2),(5,6,2),(4,6,2),(3,6,2),(2,6,2),(2,6,1),(2,7,1),(1,7,1),
153:(4,3,3),(5,3,3),(6,3,3),(6,4,3),(6,4,4),(6,4,5),(6,4,6),(6,4,7),(6,4,8),(7,4,8),
154:(4,5,4),(4,6,4),(4,7,4),(3,7,4),(3,7,3),(4,7,3),(4,8,3),(4,8,2),(4,8,1),
155:(4,1,7),(5,1,7),(6,1,7),(6,2,7),(6,2,6),(6,3,6),(6,3,5),(6,3,4),(6,3,3),(6,3,2),(6,3,1),(6,3,0),(7,3,0),
156:(7,7,3),(6,7,3),(5,7,3),(5,7,4),(4,7,4),(4,8,4),(4,8,5),(4,8,6),
157:(1,3,0),(2,3,0),(3,3,0),(3,4,0),(4,4,0),(5,4,0),(6,4,0),(6,4,1),(6,4,2),(6,4,3),(6,4,4),(6,3,4),(7,3,4),
158:(1,4,7),(2,4,7),(2,5,7),(3,5,7),(4,5,7),(5,5,7),(6,5,7),(7,5,7),(7,5,6),(7,5,5),(7,4,5),(7,4,5),(7,3,5),
159:(1,7,2),(1,7,1),(1,7,0),(1,6,0),(1,5,0),(1,5,-1),(1,4,-1),(1,4,-1),(1,4,0),
160:(4,2,8),(5,2,8),(6,2,8),(7,2,8),(7,3,8),(7,4,8),(7,5,8),(7,6,8),
161:(1,2,8),(2,2,8),(3,2,8),(3,3,8),(3,3,7),(3,3,7),(4,3,7),
162:(1,4,0),(2,4,0),(2,3,0),(2,2,0),(2,2,1),(3,2,1),(3,2,2),(3,2,3),(3,2,4),(3,2,5),(3,2,6),(3,2,7),(3,1,7),(4,1,7),
163:(4,7,1),(3,7,1),(2,7,1),(2,7,2),(2,7,3),(2,7,4),(2,7,5),(2,7,6),(2,7,7),(2,8,7),(2,8,7),(1,8,7),
164:(1,6,0),(2,6,0),(3,6,0),(4,6,0),(5,6,0),(6,6,0),(6,6,1),(6,5,1),(6,4,1),(6,4,2),(6,4,3),(6,4,4),(6,4,5),(6,4,6),(6,4,7),(6,4,8),(6,3,8),(6,2,8),(6,1,8),(7,1,8),
165:(4,8,2),(4,7,2),(4,7,2),(4,6,2),(4,5,2),(4,4,2),(4,3,2),(4,2,2),(5,2,2),(5,2,3),(5,2,4),(5,1,4),(4,1,4),(4,0,4),
166:(1,8,1),(2,8,1),(2,8,2),(3,8,2),(3,8,3),(3,8,4),(4,8,4),(5,8,4),(6,8,4),(6,8,5),(6,7,5),(6,7,5),(6,7,6),(7,7,6),
167:(1,8,7),(2,8,7),(3,8,7),(4,8,7),(5,8,7),(6,8,7),(6,8,8),(6,7,8),(7,7,8),
168:(1,2,7),(1,2,6),(1,2,5),(1,3,5),(0,3,5),(0,3,4),(0,4,4),(0,5,4),(0,6,4),(0,7,4),(0,7,4),(1,7,4),
169:(7,6,0),(6,6,0),(5,6,0),(5,6,1),(5,6,2),(4,6,2),(3,6,2),(2,6,2),(2,6,3),(2,6,4),(2,6,5),(2,6,6),(2,6,7),(2,6,8),(2,5,8),(2,4,8),(2,3,8),(2,2,8),(2,1,8),(2,0,8),(1,0,8),
170:(1,8,2),(1,8,3),(1,8,4),(1,8,5),(1,8,6),(1,7,6),(1,6,6),
171:(7,1,1),(7,1,2),(7,2,2),(7,3,2),(7,3,3),(7,3,4),(7,4,4),(7,5,4),(7,5,4),(7,6,4),
172:(4,4,0),(5,4,0),(5,4,1),(6,4,1),(6,4,2),(6,4,3),(6,5,3),(6,5,4),(6,5,4),(7,5,4),
173:(7,3,4),(6,3,4),(6,4,4),(6,5,4),(6,6,4),(6,7,4),(5,7,4),(4,7,4),(4,8,4),
174:(1,0,5),(2,0,5),(3,0,5),(3,0,4),(4,0,4),(5,0,4),(5,0,3),(6,0,3),(6,1,3),(6,1,2),(6,1,1),(6,1,0),(6,2,0),(6,3,0),(6,4,0),(6,4,0),(7,4,0),
175:(7,7,4),(6,7,4),(6,7,3),(6,7,2),(5,7,2),(5,7,2),(5,6,2),(4,6,2),
176:(7,2,6),(6,2,6),(5,2,6),(5,2,5),(5,2,4),(5,2,3),(5,2,2),(5,3,2),(5,4,2),(4,4,2),(3,4,2),(2,4,2),(1,4,2),
177:(1,1,0),(2,1,0),(3,1,0),(3,1,1),(3,2,1),(3,3,1),(3,4,1),(3,5,1),(3,5,2),(3,5,3),(3,6,3),(3,6,4),(3,6,5),(3,6,6),(3,6,7),(3,6,8),(3,7,8),(3,8,8),(4,8,8),
178:(4,7,4),(5,7,4),(6,7,4),(7,7,4),(7,6,4),(7,5,4),(7,5,5),(7,4,5),(7,4,5),(7,4,5),(8,4,5),(8,4,5),(8,4,5),(7,4,5),
179:(1,3,2),(1,4,2),(1,4,3),(1,5,3),(1,5,4),
180:(1,1,2),(2,1,2),(3,1,2),(4,1,2),(5,1,2),(5,1,1),(5,2,1),(4,2,1),
181:(1,6,6),(2,6,6),(2,7,6),(3,7,6),(4,7,6),(5,7,6),(5,7,6),(6,7,6),(7,7,6),(7,6,6),
182:(4,4,6),(5,4,6),(5,5,6),(6,5,6),(6,5,5),(6,5,4),(6,6,4),(6,6,3),(6,7,3),(6,7,3),(7,7,3),
183:(7,3,3),(7,2,3),(7,1,3),
184:(4,0,8),(3,0,8),(2,0,8),(2,1,8),(2,2,8),(2,3,8),(2,4,8),(2,4,7),(2,4,7),(1,4,7),
185:(4,3,6),(5,3,6),(5,3,7),(6,3,7),(6,4,7),(6,5,7),(6,6,7),(6,6,7),(6,6,7),(7,6,7),
186:(4,5,0),(4,4,0),(4,4,0),(5,4,0),(6,4,0),(6,3,0),(6,2,0),(7,2,0),
187:(7,4,1),(7,4,1),(7,4,2),(7,4,3),(7,5,3),
188:(1,7,1),(2,7,1),(2,7,2),(3,7,2),(3,6,2),(3,5,2),(3,4,2),(3,4,1),(4,4,1),(4,4,1),(4,4,2),
189:(4,7,0),(4,7,0),(4,7,1),(4,7,2),(4,7,3),(4,6,3),
190:(7,7,7),(7,7,6),(7,7,5),(7,6,5),(8,6,5),(8,6,4),(8,6,3),(8,6,2),(8,6,1),(8,5,1),(8,4,1),(8,3,1),(7,3,1),
191:(7,5,7),(6,5,7),(5,5,7),(5,5,6),(5,5,5),(5,5,4),(5,5,3),(4,5,3),(3,5,3),(3,4,3),(3,3,3),(3,2,3),(2,2,3),(1,2,3),(1,1,3),
192:(4,7,6),(4,7,5),(4,7,5),(5,7,5),(5,7,4),(5,7,3),(5,7,2),(5,7,1),(5,6,1),(5,5,1),(5,4,1),(5,3,1),(5,2,1),(5,1,1),(5,0,1),(4,0,1),
193:(7,2,8),(6,2,8),(6,2,7),(5,2,7),(5,2,7),(4,2,7),(3,2,7),(3,2,7),(2,2,7),(1,2,7),
194:(4,7,8),(5,7,8),(6,7,8),(6,7,7),(6,7,6),(6,6,6),(6,5,6),(6,4,6),(6,3,6),(6,2,6),(6,2,6),(6,2,5),(7,2,5),
195:(7,3,8),(6,3,8),(5,3,8),(5,3,7),(5,3,6),(5,3,5),(5,3,5),(5,3,5),(4,3,5),
196:(4,2,7),(4,3,7),(4,4,7),(4,5,7),(4,5,6),(4,6,6),(5,6,6),(5,7,6),(5,7,5),(6,7,5),(6,7,4),(6,7,3),(6,8,3),(7,8,3),
197:(4,0,3),(4,0,2),(3,0,2),(3,1,2),(3,1,1),(3,1,0),(3,2,0),(3,3,0),(3,4,0),(3,5,0),(4,5,0),(4,6,0),
198:(7,1,6),(6,1,6),(6,2,6),(6,3,6),(6,4,6),(5,4,6),(5,5,6),(5,5,6),(5,6,6),(4,6,6),
199:(1,4,5),(2,4,5),(2,4,6),(3,4,6),(3,3,6),(3,2,6),(4,2,6),(5,2,6),(6,2,6),(6,1,6),(7,1,6),(7,1,5),
200:(7,5,2),(6,5,2),(6,5,1),(5,5,1),(5,5,1),(5,4,1),(4,4,1),(4,4,1),(5,4,1),(5,4,1),(4,4,1),
201:(1,6,2),(2,6,2),(3,6,2),(3,6,3),(3,6,4),(4,6,4),(5,6,4),(6,6,4),(6,6,5),(6,6,6),(6,6,7),(6,7,7),(7,7,7),
202:(1,7,4),(1,7,3),(1,7,2),(1,7,1),(0,7,1),(0,6,1),(0,5,1),(0,4,1),(0,3,1),(0,2,1),(1,2,1),
203:(4,6,5),(3,6,5),(3,5,5),(3,4,5),(3,3,5),(3,3,6),(3,2,6),(3,1,6),(3,0,6),(2,0,6),(1,0,6),
204:(4,5,7),(4,5,8),(4,4,8),(4,4,9),(4,4,8),(4,3,8),(4,2,8),(4,1,8),
205:(7,8,6),(6,8,6),(6,7,6),(6,6,6),(6,5,6),(6,5,5),(6,4,5),(6,3,5),(5,3,5),(5,2,5),(5,1,5),(4,1,5),(4,1,5),(4,1,4),
206:(4,6,3),(4,7,3),(4,7,3),(4,7,4),(4,7,5),
207:(4,0,4),(4,0,3),(4,1,3),(4,2,3),(5,2,3),(5,2,2),(5,3,2),(4,3,2),
208:(4,8,7),(5,8,7),(6,8,7),(6,8,8),(6,7,8),(6,6,8),(6,5,8),(6,4,8),(7,4,8),(7,3,8),
209:(4,7,5),(4,6,5),(4,6,5),(4,6,6),(4,6,7),(4,5,7),(4,5,6),
210:(1,0,8),(2,0,8),(2,0,7),(3,0,7),(3,0,6),(3,0,5),(3,0,4),(3,0,3),(4,0,3),(4,0,2),
211:(4,4,1),(4,4,2),(4,3,2),(5,3,2),(5,2,2),(5,1,2),(5,1,3),(5,1,4),(5,1,5),(5,1,6),(5,1,7),(5,1,8),(5,0,8),(4,0,8),
212:(7,0,3),(6,0,3),(5,0,3),(5,0,3),(4,0,3),(3,0,3),(3,0,2),(3,1,2),(2,1,2),(1,1,2),(1,2,2),(0,2,2),(0,3,2),(1,3,2),
213:(7,7,6),(6,7,6),(6,7,5),(6,7,4),(6,7,3),(6,6,3),(5,6,3),(5,5,3),(5,4,3),(4,4,3),(3,4,3),(2,4,3),(2,4,2),(2,4,1),(1,4,1),
214:(7,0,1),(6,0,1),(6,0,2),(5,0,2),(5,0,3),(5,1,3),(5,1,4),(5,1,5),(5,1,6),(5,1,7),(5,2,7),(5,2,8),(4,2,8),
215:(7,1,5),(7,2,5),(7,2,4),(7,2,3),(7,2,2),
216:(1,1,7),(2,1,7),(3,1,7),(3,1,6),(4,1,6),(5,1,6),(6,1,6),(6,1,5),(6,1,4),(6,1,3),(6,1,2),(6,1,1),(6,2,1),(6,3,1),(6,4,1),(6,5,1),(6,5,0),(7,5,0),
217:(1,5,8),
218:(4,2,2),(3,2,2),(3,2,3),(3,3,3),(3,3,4),(3,4,4),(3,4,4),(3,5,4),(3,6,4),(4,6,4),
219:(1,2,3),(2,2,3),(2,2,3),(2,2,3),(3,2,3),(4,2,3),(5,2,3),(6,2,3),(7,2,3),
220:(4,7,3),(4,8,3),(4,8,3),(5,8,3),(6,8,3),(6,8,2),(6,8,1),(6,8,1),(7,8,1),
221:(1,8,4),(2,8,4),(3,8,4),(3,8,3),(4,8,3),(5,8,3),(6,8,3),(6,7,3),(6,7,2),(6,6,2),(6,5,2),(6,4,2),(6,3,2),(6,2,2),(6,1,2),(7,1,2),
222:(4,6,1),(5,6,1),(6,6,1),(6,6,2),(6,5,2),(6,4,2),(6,3,2),(7,3,2),
223:(7,7,8),(6,7,8),(6,6,8),(5,6,8),(4,6,8),(4,5,8),(4,4,8),(4,3,8),
224:(1,1,3),(2,1,3),(3,1,3),(4,1,3),(5,1,3),(5,1,4),(5,2,4),(5,3,4),(5,4,4),(5,5,4),(5,6,4),(5,7,4),(4,7,4),
225:(7,8,8),(7,7,8),(7,7,8),(6,7,8),(5,7,8),(4,7,8),(4,7,7),
226:(7,0,6),(6,0,6),(5,0,6),(5,0,5),(5,0,4),(5,0,3),(5,0,2),(5,0,1),(5,0,0),(5,1,0),(5,2,0),(5,3,0),(5,4,0),(5,5,0),(5,6,0),(5,7,0),(4,7,0),
227:(4,5,3),(4,5,4),(4,4,4),(3,4,4),(2,4,4),(2,5,4),(2,4,4),(3,4,4),(3,4,5),(2,4,5),(2,4,6),(2,4,7),(2,4,8),(1,4,8),
228:(7,7,5),(7,7,4),(7,7,3),(6,7,3),(6,7,2),(6,7,1),(5,7,1),(5,7,0),(4,7,0),(3,7,0),(2,7,0),(2,6,0),(2,5,0),(2,4,0),(2,3,0),(1,3,0),
229:(1,5,6),(1,5,5),(1,4,5),(0,4,5),(0,4,4),(0,4,3),(0,3,3),(0,2,3),(1,2,3),(1,1,3),(1,0,3),
230:(7,4,7),(7,4,6),(7,4,5),(7,4,4),(7,4,3),(7,3,3),(8,3,3),(8,2,3),(8,1,3),(8,0,3),(7,0,3),
231:(1,8,3),(2,8,3),(3,8,3),(4,8,3),(4,8,4),(4,8,5),(4,8,6),(5,8,6),(5,8,7),(5,7,7),(5,6,7),(5,5,7),(6,5,7),(7,5,7),
232:(7,3,5),(6,3,5),(6,3,4),(6,3,3),(6,3,2),(6,3,1),(5,3,1),(5,3,0),(4,3,0),
233:(7,5,4),(6,5,4),(6,6,4),(6,6,5),(5,6,5),(4,6,5),(3,6,5),(2,6,5),(2,6,6),(2,6,7),(1,6,7),
234:(7,1,8),(7,1,7),(7,1,6),(7,0,6),(7,0,5),(7,-1,5),(7,-1,4),(7,-1,3),(7,-1,2),(7,0,2),
235:(1,5,5),(2,5,5),(2,5,4),(3,5,4),(4,5,4),(4,4,4),
236:(4,4,7),(5,4,7),(6,4,7),(7,4,7),(7,3,7),(6,3,7),(6,2,7),(6,2,6),(6,2,5),(6,2,4),(6,2,3),(6,2,2),(6,1,2),(7,1,2),(7,1,1),
237:(1,4,4),(1,4,5),(1,4,6),(2,4,6),(2,3,6),(2,3,7),(3,3,7),(3,3,8),(3,2,8),(4,2,8),(5,2,8),(6,2,8),(7,2,8),
238:(1,4,2),(1,4,3),(1,4,4),(1,4,5),(1,4,6),(1,4,7),(1,4,8),(1,3,8),
239:(7,8,3),(7,8,2),(7,7,2),
240:(4,6,4),(5,6,4),(5,5,4),(5,4,4),(5,4,5),(5,5,5),(6,5,5),(6,5,6),(6,5,7),(6,5,8),(6,4,8),(6,3,8),(6,2,8),(6,1,8),(7,1,8),(7,0,8),
241:(7,0,4),(6,0,4),(6,1,4),(6,2,4),(6,3,4),(5,3,4),(5,3,4),(5,4,4),(5,5,4),(5,6,4),(5,6,5),(4,6,5),
242:(1,6,8),(1,6,7),(1,5,7),(1,4,7),(1,3,7),(1,2,7),(1,1,7),(1,0,7),(2,0,7),(3,0,7),(4,0,7),
