soc=2300
lb_soc=1390
makespan=21
lb_makespan=14
comp_time=13120
highLevelExpanded=79
lowLevelExpanded=23772
solution=
0:(7,4,1),(6,4,1),(5,4,1),(4,4,1),(3,4,1),(2,4,1),(2,5,1),(2,5,2),(2,5,3),(2,6,3),(2,6,4),(2,6,5),(2,6,6),(2,6,7),(2,6,8),(2,7,8),(2,8,8),(1,8,8),
1:(4,2,4),(4,2,3),(4,2,2),(4,2,1),(4,3,1),(4,4,1),(4,5,1),(4,6,1),(4,7,1),
2:(7,1,8),(6,1,8),(5,1,8),(4,1,8),(3,1,8),(3,1,7),(3,2,7),(3,3,7),(3,4,7),(3,5,7),(3,6,7),(3,7,7),(2,7,7),(1,7,7),
3:(1,8,4),(2,8,4),(2,7,4),(2,7,3),(2,6,3),(2,6,2),(3,6,2),(3,5,2),(3,5,1),(3,5,1),(3,4,1),(4,4,1),
4:(7,6,6),(6,6,6),(6,5,6),(6,4,6),(6,3,6),(5,3,6),(5,3,7),(5,2,7),(4,2,7),(4,2,6),
5:(4,1,1),(3,1,1),(2,1,1),(1,1,1),(1,1,2),(1,2,2),
6:(1,4,2),(2,4,2),(3,4,2),(4,4,2),(5,4,2),(5,4,3),(5,3,3),(5,3,4),(5,3,5),(5,2,5),(5,1,5),(5,1,6),(5,0,6),(6,0,6),(7,0,6),
7:(7,5,8),(6,5,8),(5,5,8),(4,5,8),(3,5,8),(2,5,8),(2,6,8),(2,6,7),(2,6,6),(2,6,5),(2,7,5),(2,7,4),(2,7,3),(2,7,2),(2,8,2),(1,8,2),
8:(1,3,0),(2,3,0),(3,3,0),(4,3,0),(5,3,0),(6,3,0),(6,3,1),(6,3,2),(6,3,3),(6,3,4),(6,3,5),(6,3,6),(7,3,6),
9:(4,3,5),(3,3,5),(2,3,5),(1,3,5),(1,3,4),(1,2,4),(1,1,4),(1,0,4),
10:(1,1,6),(1,1,5),(1,1,4),(2,1,4),(2,1,3),(3,1,3),(3,1,2),(3,2,2),(3,2,1),(3,2,0),(4,2,0),
11:(1,7,8),(1,7,7),(1,7,6),(1,7,5),(1,7,4),(1,7,3),(1,7,2),(0,7,2),(0,6,2),(0,5,2),(1,5,2),
12:(7,1,4),(6,1,4),(5,1,4),(4,1,4),(3,1,4),(2,1,4),(2,1,3),(2,1,2),(2,2,2),(2,2,2),(2,2,1),(1,2,1),
13:(7,1,7),(6,1,7),(5,1,7),(4,1,7),(3,1,7),(3,1,6),(3,1,5),(2,1,5),(2,1,4),(2,2,4),(2,3,4),(1,3,4),(1,4,4),
14:(7,5,6),(6,5,6),(5,5,6),(4,5,6),(3,5,6),(2,5,6),(2,5,7),(2,5,7),(2,5,7),(1,5,7),
15:(4,1,4),(4,1,5),(4,2,5),
16:(7,7,7),(6,7,7),(5,7,7),(4,7,7),(3,7,7),(2,7,7),(1,7,7),(1,6,7),(1,5,7),(1,5,6),(1,4,6),
17:(1,5,5),(2,5,5),(3,5,5),(4,5,5),(5,5,5),(5,4,5),(5,4,4),(5,4,3),(5,4,2),(6,4,2),(7,4,2),(7,4,1),
18:(7,2,3),(6,2,3),(5,2,3),(4,2,3),(4,2,2),(4,2,1),(4,3,1),
19:(7,1,5),(6,1,5),(5,1,5),(4,1,5),(4,1,4),(4,1,3),(4,0,3),
20:(4,7,1),(3,7,1),(2,7,1),(2,7,2),(2,7,3),(2,7,4),(2,7,5),(2,7,6),(2,7,7),(2,6,7),(2,5,7),(2,4,7),(2,4,7),(1,4,7),
21:(1,5,8),(1,5,7),(1,4,7),(1,3,7),(0,3,7),(0,2,7),(0,1,7),(0,0,7),(1,0,7),
22:(7,5,5),(7,5,6),(7,5,7),(7,4,7),(7,3,7),
23:(4,1,7),(5,1,7),(5,1,6),(6,1,6),(7,1,6),(7,1,5),(7,1,4),(7,1,3),(6,1,3),(6,2,3),(6,3,3),(7,3,3),(7,3,2),(7,4,2),
24:(7,6,7),(6,6,7),(5,6,7),(4,6,7),(3,6,7),(2,6,7),(2,6,6),(2,6,5),(2,7,5),(2,8,5),(1,8,5),
25:(1,1,2),(2,1,2),(3,1,2),(4,1,2),(4,1,1),(4,1,0),(4,0,0),
26:(1,7,5),(2,7,5),(3,7,5),(4,7,5),(5,7,5),(6,7,5),(6,7,4),(6,6,4),(6,5,4),(6,4,4),(6,3,4),(6,3,3),(7,3,3),(7,3,2),
27:(4,7,6),(4,7,7),(4,7,8),(4,6,8),(4,5,8),(4,4,8),(4,4,9),(4,3,9),(4,2,9),(4,1,9),(4,1,8),
28:(7,6,0),(6,6,0),(5,6,0),(5,6,1),(5,5,1),(5,5,2),(5,5,2),(5,5,3),(5,5,4),(4,5,4),(4,5,5),(4,4,5),
29:(4,7,8),(4,6,8),(4,6,7),(4,6,6),(3,6,6),(3,6,5),(3,6,4),(3,6,3),(3,6,2),(4,6,2),(4,6,1),
30:(1,5,3),(1,5,4),(1,5,5),(1,6,5),
31:(1,0,5),(2,0,5),(3,0,5),(4,0,5),(5,0,5),(5,0,6),(5,1,6),(5,2,6),(5,3,6),(5,4,6),(5,5,6),(6,5,6),(6,5,5),(6,6,5),(6,7,5),(6,8,5),(7,8,5),
32:(1,4,8),(2,4,8),(3,4,8),(4,4,8),(4,3,8),
33:(7,7,3),(7,7,4),(7,6,4),
34:(4,3,4),(4,3,3),(4,3,2),(4,3,1),(4,3,0),(4,2,0),(4,1,0),
35:(7,2,5),(6,2,5),(6,2,4),(6,2,3),(6,2,2),(6,2,1),(5,2,1),(4,2,1),(4,2,1),(3,2,1),(3,3,1),(2,3,1),(1,3,1),(1,3,0),
36:(4,0,8),(4,1,8),(4,2,8),(4,3,8),(3,3,8),(3,4,8),(3,5,8),(3,6,8),(4,6,8),
37:(7,8,0),(6,8,0),(5,8,0),(4,8,0),(3,8,0),(2,8,0),(2,8,1),(2,8,2),(2,8,3),(2,8,4),(2,8,5),(2,8,6),(2,8,7),(2,7,7),(2,6,7),(2,5,7),(2,4,7),(2,3,7),(1,3,7),
38:(7,2,8),(7,2,7),(7,2,6),(7,2,5),(7,2,4),(7,2,3),(7,2,2),(7,2,1),(7,1,1),(7,0,1),(7,0,0),
39:(7,6,5),(6,6,5),(5,6,5),(5,6,4),(5,6,3),(5,5,3),(4,5,3),(4,5,2),(3,5,2),(3,4,2),(2,4,2),(2,3,2),(2,3,1),(1,3,1),
40:(7,3,6),(6,3,6),(5,3,6),(5,3,5),(4,3,5),(3,3,5),(2,3,5),(2,3,4),(2,3,3),(2,4,3),(2,5,3),(2,6,3),(1,6,3),(1,7,3),
41:(1,6,7),(0,6,7),(0,6,6),(0,6,5),(0,6,4),(0,6,3),(1,6,3),(2,6,3),(3,6,3),(3,6,2),(3,5,2),(4,5,2),
42:(4,3,3),(5,3,3),(6,3,3),(7,3,3),(7,3,4),(7,3,5),(7,3,6),(7,2,6),(7,2,7),(7,2,8),
43:(7,8,5),(6,8,5),(7,8,5),(7,8,4),
44:(7,8,8),(6,8,8),(5,8,8),(4,8,8),(3,8,8),(2,8,8),(2,8,7),(2,7,7),(2,6,7),(2,6,6),(2,6,5),(2,5,5),(2,4,5),(2,4,4),(2,4,3),(2,4,2),(2,4,1),(2,3,1),(2,2,1),(2,1,1),(2,0,1),(1,0,1),
45:(1,5,4),(1,6,4),(1,7,4),(2,7,4),(3,7,4),(4,7,4),(5,7,4),(5,7,5),(5,7,6),(5,7,7),(6,7,7),(7,7,7),
46:(4,5,4),(3,5,4),(3,5,3),(2,5,3),(1,5,3),(1,6,3),(1,7,3),(1,7,3),(1,7,2),
47:(1,2,8),(2,2,8),(3,2,8),(3,3,8),(3,3,7),(3,4,7),(3,5,7),(4,5,7),(5,5,7),(5,6,7),(6,6,7),(6,6,6),(6,6,5),(6,6,4),(6,6,3),(6,6,2),(6,6,1),(6,7,1),(6,8,1),(7,8,1),
48:(4,4,0),(3,4,0),(2,4,0),(2,5,0),(2,5,1),(2,5,2),(2,5,3),(2,5,4),(2,5,5),(2,5,6),(2,6,6),(2,6,7),(2,6,8),(1,6,8),(1,7,8),
49:(4,5,0),(4,5,1),(4,5,2),(4,5,3),(5,5,3),(5,5,4),(5,5,5),(5,4,5),(5,4,6),(5,4,7),(5,5,7),(4,5,7),
50:(4,2,7),(5,2,7),(6,2,7),(7,2,7),(7,2,8),(7,3,8),
51:(4,4,8),(4,4,7),(4,4,6),(4,4,5),(4,4,4),(4,4,3),(4,4,2),(4,4,1),(5,4,1),(5,3,1),(5,2,1),(5,1,1),(5,0,1),(4,0,1),
52:(7,2,4),(6,2,4),(5,2,4),(4,2,4),(3,2,4),(2,2,4),(1,2,4),(1,2,5),(1,2,6),(1,3,6),
53:(1,4,3),(2,4,3),(3,4,3),(3,4,2),(3,3,2),(3,3,1),(3,3,0),(4,3,0),
54:(4,2,5),(4,2,4),(4,3,4),(4,4,4),(4,5,4),(4,6,4),
55:(4,8,1),(4,8,2),(4,8,3),(3,8,3),(3,7,3),(3,6,3),(3,5,3),(3,5,3),(3,4,3),(3,3,3),(4,3,3),
56:(1,0,0),(2,0,0),(3,0,0),(4,0,0),(5,0,0),(6,0,0),(6,0,1),(6,0,2),(6,0,3),(6,0,4),(6,0,5),(7,0,5),(7,0,6),(7,1,6),
57:(1,1,7),(1,1,6),(1,1,5),(1,1,4),(1,1,3),(1,2,3),(1,3,3),(0,3,3),(0,4,3),(0,5,3),(1,5,3),
58:(1,5,0),(1,5,1),(1,5,2),(1,5,3),(1,5,4),(1,5,5),(1,4,5),
59:(1,2,2),(1,3,2),(1,4,2),(1,5,2),(1,6,2),
60:(7,4,2),(6,4,2),(5,4,2),(5,4,3),(4,4,3),(3,4,3),(2,4,3),(2,4,4),(2,4,5),(2,3,5),(2,2,5),(2,2,6),(2,2,7),(2,2,8),(1,2,8),
61:(4,8,6),(4,8,5),(4,8,4),(4,7,4),(4,6,4),(5,6,4),(5,6,3),(5,6,2),(5,6,1),(5,6,0),(5,5,0),(5,4,0),(4,4,0),
62:(4,7,7),(5,7,7),(5,7,8),(6,7,8),(6,6,8),(6,5,8),(6,4,8),(6,3,8),(6,2,8),(6,1,8),(7,1,8),
63:(7,0,2),(6,0,2),(5,0,2),(4,0,2),(4,0,3),(4,0,4),(4,1,4),(4,2,4),
64:(1,6,4),(2,6,4),(3,6,4),(4,6,4),(4,6,5),
65:(4,4,3),(4,5,3),(4,6,3),
66:(4,8,8),(5,8,8),(5,8,7),(6,8,7),(6,7,7),(6,6,7),(6,5,7),(6,4,7),(6,4,7),(6,4,6),(6,4,5),(6,4,4),(7,4,4),
67:(7,3,2),(6,3,2),(5,3,2),(4,3,2),(4,4,2),(3,4,2),(2,4,2),(2,4,1),(1,4,1),(1,5,1),
68:(7,5,2),(6,5,2),(5,5,2),(4,5,2),(4,5,3),(4,5,4),(4,5,5),(4,5,6),
69:(4,5,1),(3,5,1),(3,5,2),(3,5,3),(3,5,4),(3,5,5),(3,5,6),(3,5,7),(3,5,8),(2,5,8),(1,5,8),
70:(4,0,0),(4,0,1),(4,0,2),(4,0,3),(4,0,4),(4,0,5),(4,0,6),(3,0,6),(3,0,7),(3,1,7),(3,2,7),(3,3,7),(3,4,7),(3,5,7),(3,6,7),(3,7,7),(3,8,7),(4,8,7),
71:(4,5,5),(3,5,5),(3,5,6),(2,5,6),(1,5,6),(1,6,6),
72:(4,4,6),(3,4,6),(2,4,6),(1,4,6),(1,4,5),(1,4,4),(1,3,4),(0,3,4),(0,3,3),(0,3,2),(0,3,2),(1,3,2),
73:(7,7,6),(6,7,6),(6,7,5),(6,8,5),(6,8,4),(5,8,4),(4,8,4),(4,7,4),
74:(4,5,2),(3,5,2),(2,5,2),(2,4,2),(2,4,3),(2,3,3),(2,3,4),(1,3,4),(1,3,5),(1,2,5),(1,2,6),(1,1,6),
75:(7,0,5),(6,0,5),(5,0,5),(5,0,6),(4,0,6),(3,0,6),(2,0,6),(2,1,6),(2,2,6),(2,3,6),(2,4,6),(2,5,6),(1,5,6),
76:(1,3,8),(2,3,8),(3,3,8),(3,3,7),(3,4,7),(3,5,7),(3,6,7),(3,6,6),(3,7,6),(3,8,6),(3,8,5),(3,8,4),(3,8,3),(3,8,2),(3,8,1),(3,8,0),(4,8,0),
77:(7,7,0),(7,6,0),(7,5,0),(7,4,0),(7,3,0),(7,2,0),(7,1,0),(7,1,1),(6,1,1),(6,1,2),(6,1,3),(6,1,4),(7,1,4),
78:(4,2,6),(5,2,6),(6,2,6),(7,2,6),(7,2,5),(7,2,4),(7,2,3),(7,2,2),
79:(1,1,3),(2,1,3),(3,1,3),(4,1,3),(5,1,3),(6,1,3),(6,2,3),(6,3,3),(6,4,3),(6,5,3),(6,6,3),(7,6,3),(7,7,3),(7,8,3),
80:(1,2,6),(2,2,6),(3,2,6),(4,2,6),(4,2,7),(4,1,7),(4,0,7),
81:(1,4,4),(2,4,4),(3,4,4),(3,4,3),(3,4,2),(3,4,1),(4,4,1),(5,4,1),(6,4,1),(7,4,1),(7,3,1),(7,2,1),(7,1,1),
82:(7,6,3),(7,6,2),(7,6,1),(7,5,1),(7,4,1),(7,3,1),(7,2,1),(7,2,0),(7,1,0),
83:(4,0,2),(4,0,3),(4,1,3),(5,1,3),(5,1,4),(5,1,5),(5,2,5),(5,3,5),(5,4,5),(5,5,5),(5,6,5),(5,7,5),(5,8,5),(4,8,5),
84:(4,8,0),(3,8,0),(2,8,0),(2,7,0),(2,7,1),(2,7,2),(2,7,3),(2,7,4),(2,6,4),(2,5,4),(2,4,4),(2,3,4),(2,3,4),(1,3,4),
85:(1,0,2),(1,0,3),(1,0,4),(1,-1,4),(1,-1,5),(1,-1,6),(1,0,6),
86:(1,2,1),(2,2,1),(3,2,1),(3,2,2),(3,2,3),(4,2,3),(5,2,3),(6,2,3),(7,2,3),(7,1,3),
87:(1,3,2),(2,3,2),(3,3,2),(3,3,1),(3,3,0),(3,4,0),(3,5,0),(3,6,0),(3,6,0),(3,6,0),(4,6,0),
88:(4,4,7),(4,4,6),(4,3,6),
89:(4,7,4),(4,8,4),(4,9,4),(4,9,3),(4,9,2),(4,9,1),(4,8,1),
90:(4,4,1),(5,4,1),(5,3,1),(6,3,1),(7,3,1),(7,2,1),(7,1,1),(6,1,1),(6,1,2),(6,1,3),(6,1,4),(6,1,5),(6,1,6),(6,1,7),(6,1,8),(6,0,8),(7,0,8),
91:(4,1,5),(3,1,5),(3,1,4),(3,1,3),(3,1,2),(2,1,2),(2,2,2),(2,3,2),(2,4,2),(2,5,2),(2,5,1),(2,6,1),(2,6,0),(2,7,0),(2,8,0),(1,8,0),
92:(7,5,1),(7,5,2),(7,5,3),(7,5,4),(7,5,5),(7,6,5),
93:(4,8,2),(4,7,2),
94:(4,4,5),(3,4,5),(2,4,5),(1,4,5),(1,4,4),(1,5,4),(1,5,3),(1,5,2),(1,5,1),(1,5,0),(1,6,0),(1,7,0),
95:(7,2,7),(6,2,7),(6,3,7),(5,3,7),(5,3,6),(5,4,6),(4,4,6),
96:(7,8,2),(6,8,2),(5,8,2),(5,8,3),(5,8,4),(4,8,4),(4,8,5),(4,8,6),(4,8,7),(4,8,8),(4,7,8),
97:(7,2,2),(7,2,3),(7,3,3),(7,4,3),(7,4,3),(7,5,3),
98:(1,3,1),(2,3,1),(3,3,1),(3,3,0),(3,4,0),(4,4,0),(4,5,0),
99:(7,1,0),(6,1,0),(5,1,0),(5,2,0),(5,2,1),(5,2,2),(5,3,2),(5,3,3),(5,3,4),(5,4,4),(5,5,4),(4,5,4),
100:(1,0,6),(1,0,7),(1,0,8),(1,1,8),
101:(1,7,7),(2,7,7),(2,7,6),(2,7,5),(2,7,4),(2,6,4),(2,5,4),(3,5,4),(3,4,4),(3,3,4),(3,2,4),(3,1,4),(4,1,4),
102:(4,1,6),(4,2,6),(5,2,6),(5,2,5),(5,2,4),(4,2,4),(4,3,4),
103:(1,0,4),(1,1,4),(1,1,3),(1,1,2),(1,2,2),(1,3,2),(1,4,2),
104:(1,2,0),(2,2,0),(3,2,0),(3,2,1),(3,2,2),(3,3,2),(3,4,2),(3,4,2),(4,4,2),
105:(1,6,2),(1,6,3),(1,6,4),(1,7,4),(0,7,4),(1,7,4),(1,7,5),
106:(1,3,7),(2,3,7),(3,3,7),(3,2,7),(3,2,8),(4,2,8),
107:(1,7,4),(2,7,4),(3,7,4),(3,7,5),(3,7,6),(4,7,6),
108:(7,0,6),(6,0,6),(5,0,6),(4,0,6),(3,0,6),(2,0,6),(2,1,6),(2,2,6),(2,3,6),(2,4,6),(2,5,6),(2,6,6),(2,6,7),(1,6,7),
109:(4,0,1),(3,0,1),(2,0,1),(2,1,1),(2,1,2),(2,1,3),(2,2,3),(2,2,4),(2,2,5),(2,2,6),(2,3,6),(2,4,6),(2,5,6),(2,6,6),(2,7,6),(1,7,6),
110:(1,0,3),(1,0,4),(1,0,5),
111:(1,8,6),(2,8,6),(3,8,6),(4,8,6),(5,8,6),(5,8,5),(5,8,4),(5,8,3),(5,8,2),(5,8,1),(5,7,1),(5,6,1),(5,5,1),(6,5,1),(7,5,1),
112:(4,8,3),(3,8,3),(2,8,3),(2,8,2),(2,8,1),(2,7,1),(2,7,0),(2,6,0),(2,5,0),(2,4,0),(1,4,0),
113:(1,8,7),(2,8,7),(2,8,6),(2,8,5),(3,8,5),(4,8,5),(5,8,5),(6,8,5),(6,8,4),(6,7,4),(7,7,4),
114:(7,5,3),(6,5,3),(5,5,3),(5,5,4),(5,4,4),(4,4,4),(4,4,5),(4,3,5),
115:(1,8,8),(2,8,8),(3,8,8),(3,8,7),(4,8,7),(5,8,7),(6,8,7),(6,8,6),(6,8,5),(6,8,4),(6,8,3),(6,7,3),(6,7,2),(6,7,1),(6,6,1),(6,5,1),(6,4,1),(6,3,1),(7,3,1),
116:(4,8,4),(5,8,4),(6,8,4),(6,8,3),(7,8,3),(7,8,2),(7,8,1),(7,7,1),
117:(1,2,7),(2,2,7),(3,2,7),(4,2,7),(4,3,7),(4,4,7),(4,5,7),(5,5,7),(5,6,7),(6,6,7),(6,6,6),(7,6,6),
118:(4,6,3),(4,6,4),(4,6,5),(3,6,5),(3,5,5),(3,5,6),(3,4,6),(3,3,6),(3,2,6),(3,2,6),(2,2,6),(1,2,6),
119:(1,4,1),(1,4,2),(1,4,3),(1,3,3),(1,3,3),(1,3,4),(1,3,5),(1,3,6),(1,3,7),(1,3,8),
120:(7,7,4),(7,7,5),(7,7,6),(7,6,6),(7,5,6),
121:(7,3,0),(6,3,0),(5,3,0),(5,4,0),(4,4,0),(4,5,0),(4,6,0),(4,6,-1),(3,6,-1),(2,6,-1),(1,6,-1),(1,6,0),
122:(1,4,6),(1,4,7),(1,3,7),(1,2,7),
123:(7,1,1),(6,1,1),(5,1,1),(4,1,1),(3,1,1),(2,1,1),(2,2,1),(2,2,2),(2,2,3),(2,3,3),(2,4,3),(2,5,3),(2,6,3),(1,6,3),
124:(7,3,7),(7,3,7),(7,2,7),(7,1,7),(7,0,7),(7,0,6),(7,0,6),(7,0,5),(7,0,4),
125:(7,3,8),(6,3,8),(5,3,8),(5,4,8),(5,4,7),(5,5,7),(5,5,6),(5,5,5),(4,5,5),(3,5,5),(2,5,5),(2,5,4),(2,6,4),(2,7,4),(2,8,4),(1,8,4),
126:(4,7,3),(5,7,3),(6,7,3),(6,7,4),(6,7,5),(6,7,6),(6,7,7),(6,6,7),(6,5,7),(6,5,7),(6,5,7),(7,5,7),
127:(7,6,4),(6,6,4),(5,6,4),(5,6,3),(5,6,2),(5,7,2),(5,8,2),(4,8,2),
128:(1,5,1),(2,5,1),(3,5,1),(3,5,2),(3,5,3),(3,5,4),(4,5,4),(4,4,4),
129:(4,3,2),(3,3,2),(3,2,2),(2,2,2),(2,2,1),(1,2,1),(1,2,0),(1,1,0),
130:(1,8,2),(2,8,2),(3,8,2),(4,8,2),(5,8,2),(6,8,2),(6,7,2),(6,7,3),(6,7,4),(6,7,5),(6,7,6),(6,7,7),(6,6,7),(6,5,7),(6,4,7),(6,3,7),(6,2,7),(6,1,7),(6,0,7),(7,0,7),
131:(7,7,2),
132:(4,7,2),(5,7,2),(6,7,2),(6,7,1),(6,6,1),(6,5,1),(7,5,1),(7,4,1),(7,3,1),(7,2,1),(7,1,1),(7,0,1),
133:(4,6,6),(5,6,6),(6,6,6),(6,6,5),(6,6,4),(6,5,4),(6,4,4),(6,3,4),(6,2,4),(6,1,4),(6,0,4),(6,0,3),(7,0,3),(7,0,2),
134:(4,7,0),(4,7,1),(4,6,1),(4,6,2),(4,5,2),(4,4,2),(4,3,2),(5,3,2),(5,3,3),(5,2,3),(5,2,4),(5,2,5),(5,2,6),(5,2,7),(4,2,7),
135:(4,4,2),(4,4,3),(4,4,4),(5,4,4),(6,4,4),(6,3,4),(6,3,5),(6,3,5),(6,2,5),(6,1,5),(7,1,5),
136:(1,1,5),(2,1,5),(2,1,6),(3,1,6),(3,2,6),(4,2,6),(5,2,6),(6,2,6),(7,2,6),(7,2,7),
137:(7,8,1),(6,8,1),(5,8,1),(5,8,2),(5,8,3),(5,8,3),(5,7,3),(4,7,3),
138:(7,7,1),(6,7,1),(5,7,1),(5,7,2),(5,7,3),(5,6,3),(5,5,3),(4,5,3),
139:(1,7,1),(2,7,1),(2,7,0),(3,7,0),(4,7,0),(5,7,0),(6,7,0),(7,7,0),(7,8,0),
140:(1,2,5),(1,2,4),(1,2,3),(1,2,2),(1,3,2),(1,4,2),(1,5,2),(1,5,1),(1,6,1),
141:(4,6,2),(4,6,3),(4,7,3),(4,8,3),
142:(4,6,7),(5,6,7),(5,6,8),(6,6,8),(7,6,8),(7,7,8),(7,8,8),
143:(4,3,7),(3,3,7),(3,3,6),(2,3,6),(1,3,6),(1,3,5),(1,2,5),(1,1,5),(1,1,4),(1,1,3),
144:(1,2,3),(2,2,3),(3,2,3),(3,3,3),(4,3,3),(5,3,3),(6,3,3),(6,4,3),(6,4,2),(6,5,2),(6,5,1),(6,5,0),(6,6,0),(7,6,0),(7,7,0),
145:(4,8,7),(5,8,7),(6,8,7),(6,8,8),(6,7,8),(6,7,8),(7,7,8),
146:(1,3,6),(2,3,6),(2,3,7),(2,2,7),(3,2,7),(4,2,7),(5,2,7),(6,2,7),(6,1,7),(7,1,7),
147:(4,3,0),(4,2,0),(4,1,0),(3,1,0),(2,1,0),(1,1,0),(1,1,1),
148:(4,6,5),(5,6,5),(5,5,5),(6,5,5),(6,5,4),(6,5,3),(6,5,2),(7,5,2),
149:(1,6,8),(1,6,7),(1,6,6),(1,5,6),(1,4,6),(1,3,6),(1,2,6),(1,1,6),(1,1,5),(1,1,4),(0,1,4),(0,1,3),(0,1,2),(0,0,2),(1,0,2),
150:(7,2,6),(6,2,6),(6,2,5),(6,1,5),(5,1,5),(4,1,5),
151:(1,8,5),(2,8,5),(3,8,5),(4,8,5),(5,8,5),(6,8,5),(6,8,6),(6,7,6),(6,6,6),(6,5,6),(6,4,6),(7,4,6),(7,4,7),
152:(4,1,2),(4,1,1),(4,2,1),(5,2,1),(5,3,1),(5,4,1),(5,5,1),(4,5,1),
153:(1,6,3),(2,6,3),(2,6,4),(2,6,5),(2,5,5),(2,4,5),(3,4,5),(3,3,5),(3,2,5),(3,1,5),(3,0,5),(4,0,5),
154:(7,3,3),(7,4,3),(8,4,3),(8,4,4),(8,4,5),(8,4,6),(8,4,7),(8,4,8),(8,4,8),(7,4,8),
155:(4,3,8),(5,3,8),(5,4,8),(6,4,8),(7,4,8),(7,5,8),
156:(7,0,3),(6,0,3),(6,0,4),(6,1,4),(6,2,4),(5,2,4),(4,2,4),(3,2,4),(2,2,4),(2,2,5),(1,2,5),
157:(1,0,7),(2,0,7),(3,0,7),(3,1,7),(3,1,6),(3,1,5),(3,1,4),(4,1,4),(4,1,3),(4,1,2),(4,1,1),(4,2,1),
158:(4,7,5),(3,7,5),(3,6,5),(3,6,4),(2,6,4),(2,6,3),(2,6,2),(2,6,1),(2,5,1),(2,4,1),(1,4,1),
159:(1,3,4),(2,3,4),(2,3,3),(2,3,2),(2,2,2),(3,2,2),(4,2,2),
160:(7,7,8),(7,6,8),(7,5,8),(7,4,8),(7,3,8),(6,3,8),(6,2,8),(6,1,8),(6,0,8),(6,0,7),(6,0,6),(6,0,5),(6,0,4),(6,0,3),(7,0,3),
161:(4,6,1),(5,6,1),(6,6,1),(7,6,1),
162:(7,8,6),(6,8,6),(5,8,6),(5,7,6),(5,6,6),(5,6,5),(5,6,4),(5,6,3),(5,6,2),(5,6,2),(4,6,2),
163:(1,2,4),(2,2,4),(3,2,4),(3,2,3),(4,2,3),(5,2,3),(5,2,4),(6,2,4),(7,2,4),(7,2,3),
164:(7,6,1),(7,5,1),(7,5,2),(7,5,3),(7,5,4),(7,5,5),(7,4,5),(7,4,6),(6,4,6),(6,3,6),(7,3,6),(7,2,6),
165:(1,5,2),(2,5,2),(2,5,1),(3,5,1),(4,5,1),(5,5,1),(6,5,1),(7,5,1),(7,5,0),
166:(1,8,3),(1,7,3),(1,6,3),(1,6,3),(1,6,4),(1,6,4),(1,5,4),(1,5,5),
167:(7,6,2),(6,6,2),(6,5,2),(6,4,2),(6,3,2),(6,2,2),(6,1,2),(5,1,2),(4,1,2),(3,1,2),(2,1,2),(1,1,2),
168:(4,6,0),(5,6,0),(5,6,1),(6,6,1),(6,6,2),(6,6,3),(6,6,4),(6,6,5),(6,7,5),(6,7,6),(6,8,6),(6,8,7),(7,8,7),
169:(1,7,3),(2,7,3),(3,7,3),(3,7,4),(3,7,5),(3,7,6),(3,8,6),(3,8,6),(4,8,6),
170:(7,4,8),(6,4,8),(6,5,8),(5,5,8),(5,5,8),(4,5,8),
171:(4,1,0),(5,1,0),(5,2,0),(6,2,0),(6,2,1),(6,3,1),(6,4,1),(6,4,2),(6,5,2),(6,6,2),(6,6,2),(6,6,3),(7,6,3),
172:(7,0,7),(6,0,7),(5,0,7),(5,1,7),(5,1,6),(5,2,6),(5,3,6),(5,4,6),(5,5,6),(5,5,6),(5,5,5),(4,5,5),
173:(4,8,5),(5,8,5),(6,8,5),(7,8,5),(7,8,6),
174:(7,8,7),(6,8,7),(6,8,6),(5,8,6),(5,7,6),(5,7,5),(4,7,5),(3,7,5),(3,6,5),(3,6,4),(3,5,4),(3,4,4),(2,4,4),(2,3,4),(2,2,4),(2,1,4),(1,1,4),
175:(4,0,6),(3,0,6),(2,0,6),(2,0,5),(2,0,4),(2,0,3),(2,0,2),(2,0,1),(2,1,1),(2,2,1),(2,3,1),(2,4,1),(2,5,1),(2,6,1),(2,7,1),(1,7,1),
176:(4,0,3),(5,0,3),(6,0,3),(7,0,3),(7,1,3),(7,1,3),(7,1,3),(7,2,3),(7,3,3),(7,4,3),
177:(1,3,3),(1,3,4),(1,4,4),(1,5,4),(1,5,5),(1,5,6),(0,5,6),(0,6,6),(0,7,6),(0,8,6),(1,8,6),
178:(1,8,0),(2,8,0),(2,8,1),(3,8,1),(3,8,2),(3,8,3),(3,8,4),(3,7,4),(3,6,4),(3,5,4),(3,5,5),(3,5,6),(3,4,6),(3,3,6),(3,2,6),(3,1,6),(3,0,6),(4,0,6),
179:(4,5,7),(3,5,7),(3,4,7),(3,4,6),(3,4,5),(3,4,4),(3,3,4),(3,3,3),(3,3,2),(2,3,2),(2,2,2),(2,2,1),(2,2,0),(1,2,0),
180:(4,2,0),(4,2,1),(4,3,1),(5,3,1),(5,3,2),(4,3,2),(4,3,3),(4,4,3),
181:(1,1,8),(1,2,8),(1,3,8),(1,4,8),(1,5,8),(1,6,8),(1,7,8),(1,7,7),(1,8,7),
182:(1,4,0),(1,4,1),(1,4,1),(1,4,2),(1,4,3),
183:(1,6,6),(2,6,6),(3,6,6),(3,7,6),(4,7,6),(5,7,6),(5,6,6),(5,6,5),(5,6,4),(5,6,3),(5,6,2),(6,6,2),(6,6,1),(6,6,0),(7,6,0),
184:(7,1,2),(6,1,2),(5,1,2),(5,1,1),(5,1,0),(5,2,0),(4,2,0),(3,2,0),(2,2,0),(2,3,0),(2,4,0),(2,5,0),(2,5,0),(1,5,0),
185:(7,8,3),(6,8,3),(5,8,3),(5,8,4),(4,8,4),(3,8,4),(3,7,4),(3,6,4),(3,5,4),(3,4,4),(3,4,5),(2,4,5),(2,4,6),(2,4,7),(2,4,8),(2,3,8),(2,2,8),(2,1,8),(2,0,8),(1,0,8),
186:(7,2,1),(6,2,1),(6,1,1),(6,0,1),(5,0,1),(4,0,1),(3,0,1),(3,0,0),(2,0,0),(1,0,0),
187:(4,0,7),(4,1,7),(4,2,7),(5,2,7),(6,2,7),(6,3,7),(6,4,7),(7,4,7),(7,5,7),(7,6,7),
188:(7,7,5),(6,7,5),(5,7,5),(5,7,4),(5,7,4),(5,7,3),(5,7,2),(5,7,1),(5,7,0),(4,7,0),
189:(1,4,5),(2,4,5),(2,5,5),(3,5,5),(4,5,5),(5,5,5),(5,4,5),(6,4,5),(7,4,5),
190:(7,4,4),(6,4,4),(5,4,4),(5,4,5),(5,4,6),(5,4,7),(4,4,7),(4,3,7),
191:(1,6,0),(1,5,0),(1,4,0),(1,3,0),(1,2,0),(2,2,0),(2,1,0),(2,1,1),(2,1,2),(2,1,3),(2,1,4),(1,1,4),(1,1,5),
192:(4,5,8),(4,5,8),(4,6,8),(5,6,8),(5,6,8),(6,6,8),(7,6,8),
193:(1,7,2),(2,7,2),(3,7,2),(3,6,2),(4,6,2),(5,6,2),(6,6,2),(7,6,2),
194:(1,8,1),(1,8,2),(1,8,3),(1,8,4),(2,8,4),(2,8,5),(2,8,6),(2,8,7),(3,8,7),(3,8,8),(3,7,8),(3,6,8),(3,5,8),(3,4,8),(4,4,8),
195:(7,5,7),(6,5,7),(5,5,7),(5,4,7),(5,3,7),(5,3,8),(5,2,8),(5,1,8),(5,0,8),(4,0,8),
196:(7,1,3),(6,1,3),(5,1,3),(5,2,3),(5,3,3),(5,3,4),(5,3,5),(5,3,6),(5,3,7),(5,3,8),(5,4,8),(4,4,8),(3,4,8),(2,4,8),(2,5,8),(2,6,8),(1,6,8),
197:(4,5,3),(3,5,3),(2,5,3),(2,5,2),(1,5,2),(1,5,1),(1,6,1),(1,7,1),(1,8,1),
198:(1,1,1),(2,1,1),(2,1,2),(3,1,2),(4,1,2),(5,1,2),(5,1,3),(6,1,3),(6,2,3),(6,3,3),(6,4,3),(6,5,3),(6,6,3),(6,7,3),(7,7,3),
199:(7,1,6),(7,1,5),(7,1,4),(7,1,3),(6,1,3),(6,1,2),(5,1,2),(5,1,3),(5,1,2),(5,1,2),(4,1,2),
200:(4,1,3),(4,1,2),(4,1,1),(4,1,0),(4,1,0),(5,1,0),(6,1,0),(6,2,0),(6,2,0),(7,2,0),
201:(4,2,3),(5,2,3),(5,2,2),(6,2,2),(7,2,2),(7,1,2),
202:(1,0,8),(1,1,8),(1,2,8),(1,3,8),(1,4,8),
203:(4,5,6),(4,5,5),(4,4,5),(4,3,5),(4,3,4),(4,3,3),(3,3,3),(3,3,2),(4,3,2),
204:(7,3,4),(6,3,4),(6,3,5),(6,3,6),(6,3,7),(5,3,7),(5,4,7),(5,4,7),(4,4,7),
205:(1,1,4),(2,1,4),(2,2,4),(2,2,5),(2,3,5),(2,3,5),(2,4,5),(2,5,5),(3,5,5),(3,6,5),(3,7,5),(4,7,5),
206:(4,1,8),(5,1,8),(5,2,8),(6,2,8),(6,3,8),(6,3,9),(6,3,8),(6,3,7),(6,3,6),(6,3,5),(7,3,5),
207:(7,4,3),(6,4,3),(5,4,3),(4,4,3),(3,4,3),(3,3,3),(2,3,3),(1,3,3),
208:(4,2,1),(5,2,1),(6,2,1),(7,2,1),(8,2,1),(8,2,2),(8,2,3),(8,2,4),(8,2,5),(8,3,5),(8,4,5),(8,5,5),(8,5,5),(7,5,5),
209:(7,0,0),(6,0,0),(5,0,0),(5,0,1),(4,0,1),(3,0,1),(3,1,1),(3,1,2),(3,1,3),(3,1,4),(3,1,5),(2,1,5),(2,2,5),(2,3,5),(2,3,5),(1,3,5),
210:(4,6,4),(4,7,4),(4,7,5),(4,7,6),(4,7,7),
211:(7,4,7),(7,4,6),(7,4,5),(7,4,4),(8,4,4),(8,4,3),(8,4,2),(8,4,1),(7,4,1),(7,4,0),(7,3,0),
212:(1,6,5),(1,6,6),(1,5,6),(1,5,7),(1,4,7),(1,3,7),(0,3,7),(0,2,7),(0,1,7),(1,1,7),
213:(4,3,6),(5,3,6),(5,3,5),(6,3,5),(7,3,5),(8,3,5),(8,3,4),(8,3,3),(8,3,2),(8,3,1),(8,2,1),(8,2,1),(7,2,1),
214:(7,0,4),(6,0,4),(5,0,4),(4,0,4),(3,0,4),(3,1,4),(3,2,4),(3,3,4),(2,3,4),(2,4,4),(1,4,4),(1,5,4),(2,5,4),(2,6,4),(1,6,4),
215:(7,0,1),(6,0,1),(5,0,1),(5,0,2),(5,0,3),(5,0,4),(5,0,5),(5,0,6),(5,1,6),(5,2,6),(5,3,6),(5,4,6),(5,5,6),(5,6,6),(4,6,6),
216:(7,4,5),(7,3,5),(7,2,5),(6,2,5),(6,1,5),(6,1,4),(5,1,4),(5,1,4),(4,1,4),(4,1,3),
217:(1,5,7),(1,5,6),(1,4,6),(1,3,6),(1,3,5),(1,2,5),(1,1,5),(1,1,4),(1,2,4),
218:(1,1,0),(1,1,1),(1,2,1),(1,3,1),(1,4,1),(0,4,1),(0,4,2),(0,4,3),(0,4,4),(0,5,4),(0,5,4),(0,5,4),(1,5,4),
219:(4,0,4),(3,0,4),(3,0,3),(3,0,2),(4,0,2),
220:(7,6,8),(6,6,8),(6,6,7),(5,6,7),(4,6,7),
221:(1,6,1),(2,6,1),(2,6,2),(2,6,3),(3,6,3),(3,6,4),(3,5,4),(3,5,5),(3,4,5),(4,4,5),(5,4,5),(6,4,5),(6,3,5),(6,2,5),(6,1,5),(6,0,5),(7,0,5),
222:(4,2,2),(4,3,2),(4,4,2),(5,4,2),(5,4,3),(5,4,4),(5,5,4),(5,6,4),(5,7,4),(5,7,5),(5,7,6),(5,7,7),(5,7,8),(5,8,8),(4,8,8),
223:(7,4,6),(7,4,5),(7,4,4),(7,3,4),(8,3,4),(7,3,4),(7,2,4),(7,2,4),(7,1,4),(7,2,4),
224:(1,5,6),(2,5,6),(2,6,6),(2,7,6),(2,7,5),(3,7,5),(3,8,5),(4,8,5),(4,8,4),
225:(1,3,5),(1,4,5),(0,4,5),(0,4,4),(0,5,4),(0,6,4),(1,6,4),(1,7,4),
226:(1,7,6),(2,7,6),(3,7,6),(3,8,6),(4,8,6),(5,8,6),(5,7,6),(5,6,6),(5,6,6),(6,6,6),(6,5,6),(6,4,6),(7,4,6),
227:(7,8,4),(7,8,5),(7,7,5),
228:(4,3,1),(4,4,1),(4,5,1),(4,6,1),(3,6,1),(2,6,1),(2,7,1),(2,7,2),(2,7,3),(1,7,3),(1,8,3),
229:(7,5,0),(6,5,0),(6,4,0),(6,4,1),(6,4,2),(6,3,2),(6,2,2),(5,2,2),(5,2,3),(5,2,2),(5,2,3),(4,2,3),
230:(7,3,1),(7,3,2),(7,2,2),(7,2,3),(6,2,3),(6,2,4),(6,2,5),(7,2,5),
231:(4,2,8),(4,2,7),(4,2,6),(4,1,6),
232:(1,7,0),(2,7,0),(3,7,0),(4,7,0),(5,7,0),(6,7,0),(6,7,1),(6,6,1),(6,5,1),(6,4,1),(6,4,2),(6,4,3),(6,3,3),(7,3,3),
233:(7,0,8),(6,0,8),(5,0,8),(4,0,8),(3,0,8),(2,0,8),(2,0,7),(2,0,6),(2,0,5),(2,0,4),(2,0,3),(2,1,3),(2,2,3),(1,2,3),
234:(7,4,0),(7,4,1),(7,4,2),(7,5,2),(7,5,3),(7,5,4),
235:(7,2,0),(7,2,1),(7,2,1),(7,2,2),(7,2,3),(6,2,3),(6,2,4),(6,2,5),(5,2,5),(5,1,5),(5,1,6),(5,1,7),(4,1,7),
236:(7,5,4),(6,5,4),(6,5,3),(6,5,2),(5,5,2),(5,4,2),(5,4,1),(5,3,1),(5,2,1),(5,1,1),(5,1,1),(4,1,1),
237:(4,4,4),(3,4,4),(3,3,4),(3,3,4),(3,3,3),(3,2,3),(3,1,3),(2,1,3),(1,1,3),(1,0,3),
238:(7,3,5),(7,3,4),(7,3,5),(7,4,5),(7,4,4),(7,4,4),(7,3,4),
239:(1,4,7),(2,4,7),(2,4,7),(3,4,7),(3,4,6),(3,4,5),(3,4,4),(3,4,3),(3,4,2),(3,4,1),(3,4,0),(3,4,-1),(4,4,-1),(5,4,-1),(6,4,-1),(7,4,-1),(7,4,0),
240:(1,0,1),(1,0,1),(1,1,1),(1,2,1),(1,3,1),(2,3,1),(3,3,1),(3,4,1),(4,4,1),(5,4,1),(6,4,1),(6,4,2),(6,5,2),(6,6,2),(6,7,2),(6,8,2),(7,8,2),
241:(4,6,8),(5,6,8),(6,6,8),(7,6,8),(7,6,7),(7,6,6),(7,7,6),
242:(4,0,5),(4,0,4),(4,0,4),(4,-1,4),(4,-1,4),(4,-1,4),(4,0,4),
