soc=2330
lb_soc=1394
makespan=18
lb_makespan=14
comp_time=10056
highLevelExpanded=75
lowLevelExpanded=18521
solution=
0:(1,0,5),(1,0,6),(1,0,7),(1,1,7),(1,2,7),(1,3,7),(1,4,7),(1,5,7),(2,5,7),(2,5,8),(2,6,8),(2,7,8),(1,7,8),
1:(4,8,2),(4,8,3),(4,8,4),(4,8,5),(4,8,6),(4,8,7),(4,8,8),(4,7,8),(4,6,8),(4,5,8),
2:(7,1,2),(7,1,3),(7,1,4),(7,1,5),(7,1,6),(7,1,7),(7,1,8),
3:(1,6,4),(2,6,4),(3,6,4),(4,6,4),(5,6,4),(6,6,4),(6,6,5),(6,5,5),(6,5,6),(6,5,7),(6,4,7),(6,3,7),(7,3,7),
4:(4,6,3),(5,6,3),(6,6,3),(7,6,3),(7,6,4),
5:(7,6,7),(6,6,7),(6,6,6),(6,7,6),(6,7,5),(6,7,4),(5,7,4),(5,7,3),(5,7,2),(5,6,2),(5,5,2),(4,5,2),
6:(7,7,8),(7,7,7),(7,7,6),(7,6,6),(7,5,6),(7,5,5),(7,4,5),(7,3,5),(8,3,5),(8,3,4),(8,3,3),(8,3,2),(8,3,1),(8,2,1),(8,1,1),(8,0,1),(7,0,1),
7:(7,4,6),(6,4,6),(5,4,6),(4,4,6),(3,4,6),(2,4,6),(1,4,6),(1,5,6),(1,6,6),(0,6,6),(0,6,5),(0,6,4),(0,6,3),(0,6,2),(0,6,1),(0,6,0),(1,6,0),
8:(7,2,1),(7,2,0),(7,3,0),
9:(7,3,8),(6,3,8),(5,3,8),(4,3,8),(3,3,8),(2,3,8),(2,4,8),(2,5,8),(2,6,8),(2,6,8),(1,6,8),
10:(4,6,7),(4,5,7),(4,4,7),(5,4,7),(5,3,7),(5,2,7),(5,1,7),(5,1,7),(5,1,6),(5,1,5),(5,1,4),(5,1,4),(5,1,3),(4,1,3),
11:(7,8,6),(6,8,6),(5,8,6),(4,8,6),(3,8,6),(2,8,6),(2,8,5),(2,8,4),(2,7,4),(2,7,3),(2,6,3),(2,5,3),(2,4,3),(2,3,3),(2,3,2),(2,3,1),(2,2,1),(2,1,1),(1,1,1),
12:(7,6,6),(6,6,6),(5,6,6),(4,6,6),(3,6,6),(2,6,6),(2,5,6),(2,4,6),(1,4,6),(0,4,6),(0,4,5),(0,4,4),(0,4,3),(0,4,2),(0,3,2),(0,2,2),(0,1,2),(1,1,2),
13:(7,1,7),(6,1,7),(6,1,6),(6,2,6),(6,2,6),(6,2,5),(6,2,4),(6,2,3),(6,2,2),(6,2,1),(6,2,0),(6,3,0),(6,4,0),(6,5,0),(5,5,0),(5,6,0),(4,6,0),
14:(7,0,6),(7,1,6),(7,2,6),(7,3,6),(7,4,6),
15:(1,2,7),(1,2,6),(1,2,5),(1,2,4),(1,3,4),
16:(4,0,6),(5,0,6),(6,0,6),(6,0,5),(6,1,5),(7,1,5),(7,2,5),
17:(4,2,1),(4,2,2),(4,2,3),(4,2,4),(4,2,5),(4,2,6),(4,3,6),(4,4,6),
18:(1,3,8),(2,3,8),(3,3,8),(3,3,7),(3,4,7),(3,5,7),(3,6,7),(3,6,6),(3,7,6),(3,8,6),(3,8,5),(4,8,5),
19:(4,4,4),(4,5,4),(5,5,4),(5,6,4),(5,7,4),(5,8,4),(5,8,3),(5,8,2),(4,8,2),
20:(4,7,2),(5,7,2),(6,7,2),(7,7,2),(7,7,1),(7,7,0),(7,8,0),
21:(1,4,6),(1,4,7),(1,5,7),(1,6,7),(1,7,7),(1,8,7),
22:(1,5,5),(1,4,5),(1,3,5),(1,2,5),(1,1,5),(1,1,6),(1,0,6),(1,0,7),(1,0,8),
23:(1,8,0),(2,8,0),(3,8,0),(3,7,0),(3,6,0),(3,5,0),(3,4,0),(3,3,0),(3,2,0),(3,1,0),(3,0,0),(4,0,0),
24:(4,0,3),(5,0,3),(6,0,3),(7,0,3),(7,0,2),(7,0,1),(7,0,0),(7,1,0),(7,2,0),
25:(1,0,4),(1,0,5),(1,0,6),(1,1,6),(1,2,6),(1,3,6),(1,3,6),(1,4,6),(1,5,6),
26:(1,8,7),(2,8,7),(3,8,7),(4,8,7),(4,7,7),(4,7,6),(4,7,5),(4,6,5),
27:(4,4,6),(5,4,6),(5,4,5),(6,4,5),(7,4,5),(7,4,4),(8,4,4),(8,4,3),(8,4,2),(8,4,1),(8,4,0),(8,5,0),(8,6,0),(8,7,0),(7,7,0),
28:(4,5,4),(4,5,3),(4,4,3),(4,3,3),(4,3,2),(4,2,2),(3,2,2),(3,1,2),(3,0,2),(4,0,2),
29:(7,5,0),(7,5,1),(7,5,2),(7,5,3),(8,5,3),(8,4,3),(8,3,3),(8,2,3),(8,1,3),(7,1,3),
30:(7,5,3),(7,5,4),(7,5,5),(7,5,6),(7,5,7),(7,5,8),(7,4,8),(7,3,8),
31:(1,3,2),(2,3,2),(3,3,2),(4,3,2),(5,3,2),(6,3,2),(6,3,3),(6,3,3),(6,3,4),(6,3,4),(6,2,4),(6,2,5),(6,2,6),(6,2,7),(7,2,7),
32:(7,4,0),(6,4,0),(5,4,0),(4,4,0),(3,4,0),(2,4,0),(2,5,0),(2,5,1),(2,5,2),(2,5,3),(2,5,4),(2,5,5),(2,6,5),(2,7,5),(2,7,6),(2,8,6),(1,8,6),
33:(4,4,7),(5,4,7),(6,4,7),(7,4,7),(7,3,7),(7,3,6),(7,3,5),(7,3,4),(7,2,4),(7,2,3),
34:(4,6,5),(4,6,4),(4,5,4),(4,4,4),(4,3,4),(4,2,4),(4,2,4),(4,1,4),
35:(7,7,1),(7,7,2),(7,7,3),(8,7,3),(8,7,4),(8,7,5),(7,7,5),(7,7,6),(7,7,7),
36:(4,6,8),(5,6,8),(6,6,8),(6,5,8),(6,5,7),(6,4,7),(6,3,7),(6,2,7),(6,1,7),(6,1,6),(6,1,5),(6,1,4),(6,1,3),(6,0,3),(7,0,3),
37:(4,1,8),(3,1,8),(2,1,8),(2,2,8),(2,2,7),(2,3,7),(2,4,7),(2,5,7),(2,5,6),(2,6,6),(2,7,6),(2,7,5),(2,7,4),(2,7,3),(2,7,2),(2,7,1),(2,8,1),(1,8,1),
38:(1,7,0),(1,6,0),(1,6,1),(1,6,2),(1,5,2),(1,4,2),(1,3,2),(1,3,3),(1,2,3),(1,2,4),(1,1,4),
39:(7,3,3),(7,3,2),(7,4,2),(6,4,2),(5,4,2),(5,4,1),(5,5,1),(5,6,1),(5,6,1),(4,6,1),(3,6,1),(2,6,1),(2,7,1),(2,8,1),(1,8,1),(1,8,2),
40:(4,5,1),(4,5,2),(4,4,2),
41:(4,3,1),(3,3,1),(2,3,1),(1,3,1),(1,3,2),(1,3,3),(1,2,3),(1,2,4),(1,1,4),(0,1,4),(0,1,5),(0,1,6),(0,1,7),(0,1,8),(1,1,8),
42:(1,0,2),(1,0,3),(1,1,3),(1,2,3),(1,3,3),(1,4,3),
43:(7,6,4),(7,7,4),(7,8,4),(7,8,3),(7,8,2),(7,8,1),
44:(4,7,3),(3,7,3),(2,7,3),(1,7,3),(1,7,4),(1,7,5),(1,7,6),(1,7,7),(1,6,7),(1,5,7),(0,5,7),(0,4,7),(0,3,7),(1,3,7),(1,2,7),
45:(4,7,8),(4,7,7),(4,6,7),
46:(1,3,5),(1,3,4),(1,4,4),(1,5,4),(1,6,4),(1,7,4),(1,8,4),
47:(1,4,0),(2,4,0),(3,4,0),(3,4,1),(3,4,2),(3,4,3),(3,4,4),(3,4,5),(3,4,5),(3,4,5),(3,3,5),(4,3,5),
48:(4,8,0),(5,8,0),(6,8,0),(7,8,0),(7,8,1),(7,7,1),
49:(4,6,4),(4,6,3),(4,5,3),
50:(4,7,5),(3,7,5),(2,7,5),(2,6,5),(2,6,6),(2,5,6),(2,4,6),(2,3,6),(2,2,6),(2,2,6),(1,2,6),
51:(7,8,5),(6,8,5),(5,8,5),(5,8,4),(5,8,3),(5,7,3),(5,6,3),(5,5,3),(5,4,3),(5,4,3),(5,3,3),(4,3,3),
52:(4,8,1),(4,8,2),(4,8,3),(4,8,4),(4,8,5),(4,8,6),
53:(1,1,0),(2,1,0),(3,1,0),(4,1,0),(5,1,0),(6,1,0),(6,1,1),(6,2,1),(6,3,1),(6,4,1),(6,5,1),(6,6,1),(7,6,1),
54:(4,3,6),(4,3,7),(4,3,7),(4,4,7),(4,4,8),
55:(1,7,4),(2,7,4),(3,7,4),(3,7,5),(3,7,6),(3,7,7),(4,7,7),
56:(1,1,4),(2,1,4),(3,1,4),(4,1,4),(5,1,4),(6,1,4),(6,1,5),(6,2,5),(6,3,5),(6,3,5),(7,3,5),
57:(1,4,3),(2,4,3),(3,4,3),(3,5,3),(3,6,3),(4,6,3),(4,7,3),(4,8,3),
58:(4,5,2),(5,5,2),(6,5,2),(6,5,3),(6,5,4),(6,5,5),(6,5,6),(6,4,6),(6,4,6),(6,4,7),(6,4,8),(6,3,8),(6,2,8),(7,2,8),
59:(4,7,6),(3,7,6),(2,7,6),(2,7,5),(2,6,5),(2,5,5),(2,4,5),(2,3,5),(1,3,5),
60:(7,8,7),(6,8,7),(6,7,7),(6,6,7),(6,6,6),(6,5,6),(6,4,6),(6,4,5),(5,4,5),(5,4,4),(5,4,3),(5,4,2),(5,4,1),(5,4,0),(5,3,0),(5,2,0),(5,1,0),(4,1,0),
61:(7,7,2),(6,7,2),(6,7,3),(5,7,3),(4,7,3),(3,7,3),(2,7,3),(2,6,3),(2,6,4),(2,6,5),(2,5,5),(2,5,6),(2,4,6),(2,4,7),(2,3,7),(1,3,7),
62:(7,3,2),(6,3,2),(5,3,2),(5,2,2),(4,2,2),(3,2,2),(2,2,2),(2,1,2),(2,0,2),(2,0,3),(2,0,4),(1,0,4),
63:(7,2,3),(6,2,3),(5,2,3),(4,2,3),(4,2,4),(4,2,5),(4,2,6),(4,2,7),(4,2,8),(4,1,8),
64:(7,3,7),(6,3,7),(5,3,7),(4,3,7),(4,3,6),(3,3,6),(3,3,5),(3,3,4),(2,3,4),(2,3,3),(2,3,2),(1,3,2),(1,3,1),
65:(1,3,7),(2,3,7),(3,3,7),(3,2,7),(4,2,7),(4,1,7),(4,0,7),
66:(1,3,4),(2,3,4),(3,3,4),(4,3,4),(5,3,4),(5,3,3),(5,4,3),(6,4,3),(6,5,3),(6,5,2),(6,6,2),(6,7,2),(6,8,2),(7,8,2),
67:(1,8,4),(2,8,4),(3,8,4),(3,8,5),(3,7,5),(4,7,5),(5,7,5),(6,7,5),(6,7,6),(6,7,7),(6,6,7),(7,6,7),
68:(4,5,7),(5,5,7),(6,5,7),(7,5,7),(7,4,7),
69:(1,2,8),(1,2,7),(1,2,6),(1,3,6),(1,4,6),(1,5,6),(1,5,6),(1,6,6),(1,7,6),
70:(4,0,0),(5,0,0),(6,0,0),(6,0,1),(6,1,1),(6,2,1),(6,3,1),(6,4,1),(6,5,1),(6,5,1),(6,5,2),(6,5,3),(6,5,4),(6,5,5),(7,5,5),
71:(1,2,4),(1,1,4),(1,1,4),(1,1,5),(1,1,6),(1,1,7),
72:(1,2,0),(2,2,0),(2,2,1),(2,2,2),(2,2,3),(2,2,4),(2,2,5),(3,2,5),(3,3,5),(3,3,5),(3,3,6),(4,3,6),
73:(4,1,1),(5,1,1),(6,1,1),(7,1,1),(7,1,2),(7,1,3),(6,1,3),(6,1,4),(6,1,5),(7,1,5),
74:(4,1,0),(3,1,0),(3,1,1),(2,1,1),(1,1,1),(1,1,2),(1,1,3),(1,0,3),
75:(7,7,5),(6,7,5),(5,7,5),(5,6,5),(5,5,5),(5,4,5),(5,3,5),(5,2,5),(5,2,5),(4,2,5),
76:(1,7,8),(2,7,8),(2,7,7),(2,7,6),(2,7,5),(3,7,5),(3,7,4),(3,7,4),(4,7,4),
77:(1,6,7),(2,6,7),(3,6,7),(3,7,7),(3,7,7),(4,7,7),(4,7,6),
78:(1,2,2),(2,2,2),(3,2,2),(3,1,2),(3,1,3),(3,1,4),(3,0,4),(4,0,4),(4,0,5),(5,0,5),(6,0,5),(6,0,6),(7,0,6),
79:(4,0,2),(4,0,3),(4,0,4),(4,0,5),(4,0,6),(4,0,7),(3,0,7),(3,1,7),(3,2,7),(3,3,7),(3,4,7),(3,5,7),(3,6,7),(3,7,7),(3,8,7),(4,8,7),
80:(1,3,3),(2,3,3),(3,3,3),(3,3,4),(3,3,5),(3,2,5),(3,2,6),(3,2,7),(4,2,7),(4,2,8),
81:(1,3,6),(2,3,6),(3,3,6),(4,3,6),(4,4,6),(4,4,7),(4,5,7),
82:(4,2,0),(3,2,0),(3,2,1),(2,2,1),(2,2,2),(2,2,3),(2,2,4),(2,2,5),(2,3,5),(2,3,6),(2,3,7),(2,4,7),(2,5,7),(2,5,7),(1,5,7),
83:(4,7,0),(4,6,0),(4,5,0),(4,5,0),(4,4,0),(4,3,0),
84:(1,1,1),(1,1,2),(1,1,2),(1,1,3),(1,1,4),(1,1,5),
85:(7,0,7),(6,0,7),(5,0,7),(4,0,7),(3,0,7),(2,0,7),(2,0,8),(2,1,8),(2,2,8),(1,2,8),(1,3,8),(1,4,8),
86:(1,2,3),(1,2,2),(1,2,1),(1,2,0),
87:(7,0,8),(7,0,7),(7,0,6),(7,0,5),
88:(4,6,6),(5,6,6),(5,6,5),(6,6,5),(7,6,5),(7,7,5),(7,8,5),
89:(7,2,4),(7,2,3),(7,2,2),(7,3,2),(7,4,2),(7,5,2),(7,6,2),
90:(1,0,6),(2,0,6),(3,0,6),(4,0,6),(5,0,6),(6,0,6),(6,0,5),(6,0,4),(7,0,4),(7,0,3),(7,0,2),(7,0,1),(7,1,1),
91:(7,7,0),(6,7,0),(5,7,0),(4,7,0),(3,7,0),(2,7,0),(1,7,0),(1,6,0),(1,5,0),(1,5,1),
92:(7,3,4),(7,3,5),(7,3,6),(7,3,7),(7,2,7),(7,2,7),(7,1,7),
93:(1,6,5),(1,5,5),(1,4,5),
94:(7,4,8),(7,4,7),(7,3,7),(7,2,7),(7,1,7),(7,0,7),(7,0,6),(6,0,6),(6,0,5),(6,0,4),(7,0,4),(7,0,3),(7,0,2),(7,0,1),(7,0,0),
95:(1,8,2),(1,8,3),(1,7,3),(1,6,3),(1,5,3),
96:(1,2,5),(1,2,4),(1,3,4),(1,4,4),(1,5,4),(1,6,4),(1,6,3),(1,6,3),(1,7,3),
97:(4,4,1),(3,4,1),(2,4,1),(1,4,1),(1,4,2),(1,3,2),(1,2,2),(1,1,2),(1,0,2),
98:(1,7,6),(2,7,6),(2,8,6),(3,8,6),(3,8,7),(3,8,7),(4,8,7),(5,8,7),(6,8,7),(7,8,7),
99:(7,5,1),(6,5,1),(5,5,1),(4,5,1),(3,5,1),(2,5,1),(2,5,2),(2,5,3),(2,5,4),(2,4,4),(2,3,4),(2,2,4),(1,2,4),
100:(1,4,1),(2,4,1),(2,4,2),(3,4,2),(3,3,2),(4,3,2),(5,3,2),(6,3,2),(7,3,2),
101:(1,8,6),(1,8,5),(1,8,4),(1,8,3),(1,8,2),(1,8,1),(1,8,0),(1,7,0),(1,6,0),(1,5,0),(1,4,0),
102:(1,1,5),(2,1,5),(3,1,5),(4,1,5),(5,1,5),(6,1,5),(6,2,5),(6,2,6),(6,3,6),(6,4,6),(6,5,6),(7,5,6),
103:(4,1,2),(4,0,2),(4,0,3),(4,0,4),(4,0,5),(4,0,6),(4,1,6),(4,2,6),
104:(1,6,6),(2,6,6),(3,6,6),(3,6,5),(4,6,5),(4,6,4),(4,6,3),(4,6,2),(4,7,2),
105:(7,1,8),(6,1,8),(5,1,8),(4,1,8),(3,1,8),(2,1,8),(2,1,7),(2,2,7),(2,3,7),(2,4,7),(2,5,7),(2,6,7),(2,7,7),(2,7,6),(2,8,6),(1,8,6),(1,8,5),
106:(7,6,5),(7,6,4),(7,7,4),(7,8,4),
107:(7,6,2),(6,6,2),(5,6,2),(4,6,2),(3,6,2),(2,6,2),(1,6,2),
108:(7,2,0),(6,2,0),(5,2,0),(5,3,0),(5,4,0),(5,5,0),(4,5,0),(4,5,1),(4,6,1),(4,7,1),
109:(1,8,1),(2,8,1),(2,8,2),(2,8,3),(2,7,3),(2,6,3),(2,5,3),(2,4,3),(3,4,3),(3,4,4),(3,3,4),(3,2,4),(3,1,4),(3,0,4),(4,0,4),
110:(4,4,3),(5,4,3),(6,4,3),(6,4,4),(6,4,5),(6,4,6),(6,4,7),(6,4,8),(7,4,8),
111:(1,7,1),(2,7,1),(3,7,1),(4,7,1),(5,7,1),(6,7,1),(6,6,1),(7,6,1),(7,5,1),
112:(7,0,5),(6,0,5),(5,0,5),(5,0,6),(5,0,7),(5,-1,7),(4,-1,7),(3,-1,7),(2,-1,7),(1,-1,7),(1,0,7),
113:(1,1,6),(2,1,6),(3,1,6),(3,0,6),(3,0,6),(3,0,6),(4,0,6),
114:(4,6,1),(4,5,1),(4,4,1),(4,3,1),
115:(7,5,2),(6,5,2),(6,5,3),(5,5,3),(5,5,4),(4,5,4),(3,5,4),(2,5,4),(2,5,5),(2,5,6),(2,4,6),(1,4,6),
116:(7,3,0),(7,3,1),(7,3,2),(7,4,2),(7,5,2),(7,5,3),(7,6,3),(7,7,3),(7,8,3),(6,8,3),(6,8,4),(6,8,5),(6,8,6),(6,8,7),(6,8,8),(7,8,8),
117:(1,0,3),(2,0,3),(3,0,3),(3,0,2),(3,0,1),(3,1,1),(3,2,1),(3,3,1),(3,4,1),(3,4,0),(3,5,0),(3,6,0),(4,6,0),(4,7,0),
118:(7,4,2),(6,4,2),(5,4,2),(5,4,3),(5,4,4),(5,5,4),(5,5,5),(5,5,6),(5,5,7),(5,5,8),(5,6,8),(4,6,8),(4,7,8),
119:(1,6,3),(2,6,3),(3,6,3),(4,6,3),(5,6,3),(6,6,3),(6,6,2),(6,5,2),(7,5,2),
120:(1,7,5),(1,7,6),(1,7,7),(1,7,8),(1,8,8),
121:(7,0,1),(7,1,1),(7,2,1),(7,3,1),
122:(4,8,6),(3,8,6),(3,8,5),(2,8,5),(2,8,4),(2,7,4),(2,6,4),(1,6,4),(1,6,3),
123:(4,0,7),(5,0,7),(5,0,6),(6,0,6),(7,0,6),(7,1,6),(7,2,6),(7,3,6),(7,3,5),(7,4,5),(8,4,5),(8,4,4),(8,4,3),(8,5,3),(7,5,3),
124:(1,0,8),(2,0,8),(3,0,8),(4,0,8),(5,0,8),(6,0,8),(6,0,7),(6,1,7),(6,1,6),(6,1,5),(6,1,4),(6,1,3),(6,2,3),(6,3,3),(6,4,3),(6,5,3),(6,6,3),(6,7,3),(7,7,3),
125:(7,2,2),(6,2,2),(5,2,2),(4,2,2),(3,2,2),(2,2,2),(2,2,3),(1,2,3),(1,2,4),(1,1,4),(1,0,4),(1,0,5),
126:(7,7,7),(7,7,6),(7,7,5),(7,6,5),(7,5,5),(7,4,5),(8,4,5),(8,4,4),(8,4,3),(8,4,2),(8,4,1),(8,4,0),(7,4,0),
127:(4,5,6),(3,5,6),(2,5,6),(1,5,6),(1,5,7),(1,5,8),
128:(1,1,3),(2,1,3),(3,1,3),(4,1,3),(5,1,3),(6,1,3),(6,1,2),(6,1,1),(6,1,0),(6,2,0),(6,3,0),(6,4,0),(6,5,0),(7,5,0),
129:(1,5,2),(1,4,2),(1,3,2),(1,2,2),(1,2,1),
130:(7,3,5),(6,3,5),(5,3,5),(5,3,4),(5,3,3),(4,3,3),(3,3,3),(2,3,3),(1,3,3),
131:(1,5,3),(1,4,3),(1,3,3),(1,3,4),(0,3,4),(0,3,5),(1,3,5),(1,2,5),
132:(7,0,3),(7,0,4),(7,0,4),(7,1,4),(7,2,4),(7,3,4),(7,4,4),
133:(4,6,2),(5,6,2),(5,6,3),(6,6,3),(6,6,4),(6,6,5),(6,6,6),(7,6,6),(7,6,7),(7,6,8),(7,5,8),
134:(7,7,6),(6,7,6),(5,7,6),(5,6,6),(5,6,5),(5,6,4),(5,5,4),(5,4,4),(5,3,4),(5,3,3),(5,2,3),(5,1,3),(5,0,3),(4,0,3),
135:(4,3,7),(3,3,7),(3,4,7),(2,4,7),(2,5,7),(2,6,7),(2,6,6),(2,6,5),(1,6,5),(1,6,5),(1,7,5),
136:(1,5,7),(2,5,7),(3,5,7),(4,5,7),(4,5,6),(4,5,5),(4,5,4),(3,5,4),(3,5,3),(3,5,2),(4,5,2),(4,6,2),
137:(1,4,8),(0,4,8),(0,4,7),(0,4,6),(0,4,5),(0,4,4),(1,4,4),
138:(7,6,1),(6,6,1),(6,6,2),(6,5,2),(6,5,3),(6,5,4),(6,5,5),(5,5,5),(5,5,5),(4,5,5),
139:(4,7,7),(4,7,6),(4,7,5),(4,7,4),(3,7,4),(3,7,4),(2,7,4),(2,7,3),(2,7,2),(2,7,1),(2,7,0),(1,7,0),
140:(4,3,5),(5,3,5),(5,3,4),(6,3,4),(6,3,3),(6,2,3),(6,2,2),(6,1,2),(7,1,2),(7,1,1),(7,1,0),
141:(1,1,8),(2,1,8),(2,1,7),(2,1,6),(2,1,5),(3,1,5),(3,1,4),(3,2,4),(3,2,4),(3,3,4),(3,3,3),(3,3,2),(4,3,2),
142:(7,0,0),(7,0,1),(7,0,2),(7,1,2),(7,1,3),(7,2,3),(8,2,3),(8,2,4),(8,2,5),(8,2,6),(8,2,7),(8,2,8),(8,3,8),(8,4,8),(8,5,8),(8,6,8),(7,6,8),
143:(1,5,4),(2,5,4),(3,5,4),(3,4,4),(3,4,4),(3,3,4),(3,2,4),(4,2,4),(5,2,4),(5,1,4),(5,0,4),(6,0,4),(7,0,4),
144:(7,5,8),(7,4,8),(7,3,8),(7,2,8),(7,1,8),(6,1,8),(6,1,7),(6,1,6),(7,1,6),
145:(7,1,5),(6,1,5),(6,1,4),(6,1,3),(6,0,3),(5,0,3),(4,0,3),(3,0,3),(2,0,3),(2,1,3),(1,1,3),
146:(4,2,7),(4,2,6),(4,2,5),(4,3,5),(4,3,5),(4,3,4),(4,4,4),(4,4,3),
147:(4,8,4),(4,8,5),(4,8,6),(4,7,6),(4,7,6),(4,6,6),(4,5,6),
148:(7,2,5),(6,2,5),(5,2,5),(4,2,5),(3,2,5),(2,2,5),(2,1,5),(2,1,4),(2,1,3),(2,1,2),(1,1,2),(1,1,1),(1,1,0),
149:(4,2,8),(3,2,8),(2,2,8),(2,3,8),(2,3,7),(2,3,6),(2,3,5),(2,3,4),(2,3,3),(2,3,2),(2,4,2),(2,5,2),(2,6,2),(2,7,2),(1,7,2),
150:(1,5,8),(2,5,8),(3,5,8),(4,5,8),(5,5,8),(6,5,8),(6,4,8),(6,3,8),(6,2,8),(6,1,8),(6,0,8),(7,0,8),
151:(4,2,5),(4,2,4),(3,2,4),(3,2,3),(4,2,3),
152:(4,8,5),(3,8,5),(2,8,5),(1,8,5),(1,8,6),(1,7,6),(1,7,7),(1,6,7),(1,5,7),(1,4,7),
153:(4,2,2),(5,2,2),(5,2,1),(6,2,1),(6,3,1),(6,4,1),(6,5,1),(6,6,1),(6,6,2),(6,7,2),(7,7,2),
154:(7,4,1),(6,4,1),(5,4,1),(4,4,1),(4,4,1),(4,4,0),
155:(1,3,1),(2,3,1),(2,3,0),(2,4,0),(2,5,0),(2,5,0),(3,5,0),(4,5,0),
156:(7,2,8),(6,2,8),(5,2,8),(5,1,8),(5,1,7),(5,1,6),(5,0,6),(5,0,5),(5,0,4),(5,0,3),(5,0,2),(5,0,1),(4,0,1),
157:(4,6,0),(3,6,0),(2,6,0),(1,6,0),(1,6,1),
158:(7,1,6),(6,1,6),(5,1,6),(5,1,5),(5,2,5),(5,3,5),(5,3,4),(5,3,3),(5,3,2),(5,3,1),(5,3,0),(5,4,0),(5,5,0),(5,6,0),(5,7,0),(5,8,0),(4,8,0),
159:(4,4,0),(3,4,0),(3,4,1),(2,4,1),(2,4,2),(2,4,3),(2,3,3),(2,2,3),(2,2,3),(2,2,3),(1,2,3),
160:(7,2,6),(7,2,5),(7,2,4),(7,3,4),(7,4,4),(7,4,3),(7,5,3),(7,6,3),(6,6,3),(5,6,3),(5,7,3),(5,6,3),(5,7,3),(4,7,3),
161:(7,6,3),(7,5,3),(7,4,3),(6,4,3),(5,4,3),(4,4,3),(4,3,3),(4,3,4),(4,4,4),
162:(4,1,5),(5,1,5),(6,1,5),(6,1,4),(7,1,4),
163:(1,4,2),(2,4,2),(3,4,2),(3,5,2),(4,5,2),(4,6,2),(5,6,2),(5,6,3),(5,6,3),(4,6,3),
164:(1,8,5),(2,8,5),(2,8,4),(3,8,4),(3,8,3),(3,8,2),(3,8,1),(3,7,1),(3,6,1),(3,5,1),(4,5,1),
165:(7,4,3),(6,4,3),(6,4,2),(5,4,2),(5,4,1),(4,4,1),
166:(1,7,7),(2,7,7),(3,7,7),(4,7,7),(5,7,7),(6,7,7),(6,6,7),(6,5,7),(6,4,7),(6,3,7),(6,3,6),(7,3,6),
167:(7,6,0),(6,6,0),(5,6,0),(4,6,0),(4,6,1),(3,6,1),(2,6,1),(2,6,2),(2,6,3),(2,6,4),(2,6,5),(2,6,6),(2,5,6),(2,4,6),(2,3,6),(1,3,6),
168:(1,6,1),(2,6,1),(2,6,2),(2,6,3),(2,6,4),(3,6,4),(4,6,4),
169:(7,2,7),(6,2,7),(5,2,7),(4,2,7),(4,2,6),(3,2,6),(3,3,6),(3,3,5),(3,3,4),(2,3,4),(2,3,3),(2,3,2),(2,4,2),(2,4,2),(1,4,2),
170:(7,3,1),(6,3,1),(6,3,2),(6,3,3),(6,4,3),(5,4,3),(5,4,4),(5,4,5),(5,4,6),(5,4,7),(4,4,7),
171:(4,8,3),(5,8,3),(6,8,3),(6,8,4),(6,8,5),(6,8,6),(6,7,6),(6,6,6),(6,6,6),(7,6,6),
172:(7,1,1),(6,1,1),(6,1,2),(5,1,2),(5,1,2),(5,1,3),(5,1,4),(5,1,5),(5,1,5),(5,2,5),(5,2,6),(5,2,7),(4,2,7),
173:(4,0,4),(4,1,4),(4,2,4),(3,2,4),(3,3,4),(3,3,5),(3,4,5),(3,4,6),(3,5,6),(3,6,6),(2,6,6),(1,6,6),(1,6,6),(1,6,6),(1,6,7),
174:(7,5,7),(6,5,7),(6,5,6),(5,5,6),(5,4,6),(5,3,6),(5,2,6),(5,3,6),(4,3,6),(3,3,6),(2,3,6),(2,2,6),(2,1,6),(1,1,6),
175:(1,0,1),(2,0,1),(3,0,1),(4,0,1),(5,0,1),(6,0,1),(7,0,1),(7,1,1),(7,2,1),(7,2,2),
176:(4,0,8),(4,0,7),(4,0,6),(4,1,6),(4,1,5),(4,1,4),(4,1,3),(4,1,2),(3,1,2),(3,2,2),(2,2,2),(1,2,2),(1,3,2),
177:(4,2,6),(3,2,6),(2,2,6),(2,3,6),(2,4,6),(2,4,7),(2,5,7),(2,6,7),(2,7,7),(1,7,7),
178:(4,4,5),(4,5,5),(4,6,5),(4,7,5),(4,7,4),(4,8,4),
179:(7,3,6),(7,4,6),(7,4,5),(7,4,4),(7,4,3),(7,4,2),
180:(4,0,5),(4,0,4),(4,1,4),(5,1,4),(5,2,4),(5,3,4),(4,3,4),(5,3,4),(4,3,4),
181:(4,0,1),(3,0,1),(3,0,2),(2,0,2),(2,0,3),(2,0,4),(2,0,5),(2,0,6),(2,0,7),(2,0,8),(2,1,8),(2,2,8),(2,2,8),(1,2,8),
182:(7,7,3),(6,7,3),(6,7,4),(7,7,4),
183:(7,0,2),(7,0,3),(7,1,3),(7,2,3),(8,2,3),(8,2,4),(8,2,5),(8,2,6),(8,3,6),(8,4,6),(8,5,6),(8,6,6),(8,7,6),(8,8,6),(7,8,6),
184:(7,8,3),(7,7,3),(7,6,3),(7,6,4),(7,5,4),
185:(1,4,7),(2,4,7),(2,5,7),(3,5,7),(4,5,7),(5,5,7),(6,5,7),(6,4,7),(6,3,7),(6,3,6),(6,3,5),(6,3,4),(7,3,4),
186:(1,0,7),(1,1,7),(1,1,6),(1,2,6),(1,2,5),(1,2,4),(0,2,4),(0,2,3),(0,2,2),(0,3,2),(0,3,1),(0,3,0),(0,4,0),(0,5,0),(0,6,0),(0,7,0),(0,8,0),(1,8,0),
187:(4,1,6),(5,1,6),(5,1,5),(6,1,5),(6,2,5),(6,3,5),(6,4,5),(7,4,5),(7,5,5),(7,6,5),(7,7,5),
188:(1,8,8),(2,8,8),(3,8,8),(3,7,8),(3,6,8),(3,6,7),(3,6,6),(3,6,5),(3,6,4),(3,6,3),(3,6,2),(3,6,1),(3,5,1),(3,4,1),(3,3,1),(3,2,1),(4,2,1),
189:(7,5,5),(6,5,5),(5,5,5),(5,4,5),(5,3,5),(4,3,5),(4,2,5),(4,2,5),(3,2,5),(3,1,5),(3,0,5),(4,0,5),
190:(1,7,3),(2,7,3),(2,7,4),(3,7,4),(3,6,4),(3,6,5),(4,6,5),(5,6,5),(6,6,5),(6,5,5),(7,5,5),(7,4,5),
191:(4,7,1),(5,7,1),(6,7,1),(6,6,1),(6,6,2),(6,5,2),(6,5,3),(6,5,4),(6,5,5),(7,5,5),(7,5,6),(7,5,7),
192:(7,1,4),(6,1,4),(6,2,4),(6,2,4),(6,3,4),(6,4,4),(6,5,4),(5,5,4),(4,5,4),(3,5,4),(3,6,4),(2,6,4),(2,6,4),(2,6,5),(2,6,5),(1,6,5),
193:(1,3,0),(2,3,0),(3,3,0),(3,4,0),(3,4,1),(3,4,2),(3,5,2),(4,5,2),(5,5,2),(5,5,3),(5,5,4),(4,5,4),
194:(1,5,0),(2,5,0),(3,5,0),(3,5,1),(3,5,2),(4,5,2),(5,5,2),(5,4,2),(6,4,2),(6,4,3),(6,4,4),(6,4,5),(6,4,6),(6,4,7),(6,3,7),(6,2,7),(6,1,7),(6,0,7),(7,0,7),
195:(7,4,5),(6,4,5),(6,5,5),(5,5,5),(4,5,5),(3,5,5),(2,5,5),(1,5,5),(1,5,4),(1,6,4),
196:(7,5,6),(6,5,6),(5,5,6),(4,5,6),(3,5,6),(3,6,6),(3,6,5),(3,7,5),(2,7,5),(2,7,4),(2,7,3),(2,8,3),(1,8,3),
197:(4,8,7),(3,8,7),(3,8,6),(3,7,6),(2,7,6),(2,7,5),(2,6,5),(2,5,5),(2,4,5),(2,4,5),(2,4,4),(2,4,3),(2,3,3),(2,3,2),(2,3,1),(2,3,0),(1,3,0),
198:(1,0,0),(2,0,0),(3,0,0),(3,0,1),(3,1,1),(3,2,1),(3,3,1),(3,4,1),(3,5,1),(4,5,1),(4,6,1),
199:(1,6,8),(2,6,8),(3,6,8),(3,5,8),(3,4,8),(3,3,8),(4,3,8),
200:(7,8,1),(6,8,1),(5,8,1),(4,8,1),(3,8,1),(2,8,1),(2,8,2),(2,8,3),(2,8,4),(2,8,5),(2,8,6),(2,7,6),(2,6,6),(2,6,6),(2,6,6),(1,6,6),
201:(1,6,0),(2,6,0),(2,6,1),(3,6,1),(3,7,1),(4,7,1),(5,7,1),(6,7,1),(6,7,2),(6,7,3),(6,7,4),(6,7,5),(6,7,6),(6,7,7),(6,7,8),(7,7,8),
202:(1,5,1),(2,5,1),(2,5,2),(2,5,3),(3,5,3),(3,5,4),(3,5,5),(3,5,5),(3,6,5),(3,7,5),(3,7,5),(4,7,5),
203:(1,1,7),(2,1,7),(2,2,7),(2,3,7),(3,3,7),(3,4,7),(3,4,6),(3,5,6),(3,6,6),(4,6,6),
204:(4,3,3),(4,3,4),(4,3,5),(4,4,5),
205:(4,5,0),(5,5,0),(6,5,0),(6,5,1),(6,5,2),(6,5,3),(6,6,3),(6,6,4),(6,6,4),(6,6,5),(7,6,5),
206:(1,2,6),(1,3,6),(1,3,6),(1,4,6),(1,5,6),(1,5,5),(1,6,5),(1,7,5),(0,7,5),(0,7,4),(1,7,4),
207:(1,8,3),(1,8,4),(1,7,4),(1,7,5),(1,7,6),(2,7,6),(3,7,6),(3,7,7),(3,7,8),(3,6,8),(3,5,8),(3,4,8),(3,3,8),(3,2,8),(3,1,8),(3,0,8),(4,0,8),
208:(4,5,5),(4,5,6),(4,6,6),(4,6,5),(4,7,5),(5,7,5),(6,7,5),(7,7,5),(7,7,6),
209:(4,3,0),(3,3,0),(3,3,1),(2,3,1),(2,3,2),(2,3,3),(1,3,3),(0,3,3),(0,3,4),(0,3,5),(0,3,6),(1,3,6),(1,3,7),(1,3,8),
210:(4,4,8),(5,4,8),(5,4,7),(5,3,7),(5,2,7),(5,2,6),(5,2,5),(5,2,4),(5,2,3),(6,2,3),(6,2,2),(6,1,2),(7,1,2),(7,0,2),
211:(4,3,4),(5,3,4),(5,2,4),(5,2,5),(5,2,6),(6,2,6),(6,2,6),(7,2,6),
212:(1,6,2),(2,6,2),(3,6,2),(3,6,3),(4,6,3),(5,6,3),(5,5,3),(6,5,3),(7,5,3),(7,6,3),
213:(7,8,0),(6,8,0),(6,7,0),(5,7,0),(4,7,0),(3,7,0),(2,7,0),(2,6,0),(2,5,0),(2,4,0),(2,3,0),(2,2,0),(2,1,0),(2,0,0),(1,0,0),
214:(1,2,1),(2,2,1),(2,2,2),(3,2,2),(3,2,3),(3,3,3),(3,4,3),(3,5,3),(3,6,3),(3,7,3),(4,7,3),(5,7,3),(6,7,3),(7,7,3),(7,8,3),
215:(7,5,4),(7,4,4),(7,3,4),(7,3,3),
216:(7,8,4),(7,8,3),(7,8,2),(7,8,1),(8,8,1),(8,7,1),(8,6,1),(8,5,1),(8,4,1),(8,3,1),(8,2,1),(7,2,1),
217:(7,7,4),(6,7,4),(6,6,4),(6,5,4),(6,5,5),(5,5,5),(4,5,5),(4,5,4),(3,5,4),(2,5,4),(1,5,4),
218:(4,5,8),(4,4,8),(4,3,8),(4,2,8),(4,1,8),(3,1,8),(3,1,7),(3,1,6),(4,1,6),
219:(7,8,8),(6,8,8),(5,8,8),(5,8,7),(5,8,6),(5,8,5),(5,8,4),(5,8,3),(5,8,2),(5,8,1),(4,8,1),
220:(4,5,3),(5,5,3),(5,5,2),(5,5,1),(6,5,1),(7,5,1),(7,5,0),(7,6,0),
221:(4,7,4),(3,7,4),(3,7,3),(2,7,3),(2,6,3),(2,5,3),(2,4,3),(3,4,3),(3,4,2),(3,3,2),(3,2,2),(2,2,2),(1,2,2),
222:(1,7,2),(1,7,1),
223:(7,4,7),(7,3,7),(7,2,7),(7,2,6),(7,2,5),(7,2,4),(7,2,4),(7,2,3),(6,2,3),(6,2,2),(5,2,2),(4,2,2),(4,2,1),(4,2,0),
224:(7,1,3),(6,1,3),(6,2,3),(6,2,2),(5,2,2),(5,2,1),(4,2,1),(3,2,1),(2,2,1),(2,3,1),(2,4,1),(2,4,0),(2,5,0),(2,5,0),(1,5,0),
225:(1,4,5),(2,4,5),(2,4,4),(2,3,4),(2,2,4),(3,2,4),(3,2,3),(3,2,2),(4,2,2),(5,2,2),(5,1,2),(5,1,2),(6,1,2),(7,1,2),
226:(1,1,2),(2,1,2),(3,1,2),(3,1,3),(4,1,3),(4,1,3),(5,1,3),(6,1,3),(6,1,4),(6,2,4),(7,2,4),
227:(4,3,8),(3,3,8),(3,4,8),(2,4,8),(1,4,8),(1,4,7),(1,5,7),(0,5,7),(0,5,6),(0,5,5),(0,5,4),(0,5,3),(0,5,2),(0,5,2),(1,5,2),
228:(4,1,3),(4,1,2),(4,1,2),(4,1,2),(4,1,2),(4,1,2),(4,1,2),(4,0,2),(4,0,2),(4,1,2),
229:(4,8,8),(4,8,7),(4,7,7),(5,7,7),(5,7,6),(5,6,6),(5,5,6),(5,4,6),(5,3,6),(5,3,5),(5,3,4),(5,3,3),(5,3,2),(5,3,1),(5,2,1),(4,2,1),(4,1,1),
230:(4,1,7),(3,1,7),(3,2,7),(3,2,6),(3,3,6),(3,4,6),(3,5,6),(2,5,6),(2,6,6),(1,6,6),(1,6,5),(1,5,5),
231:(4,2,4),(3,2,4),(3,2,5),(3,1,5),(3,1,6),(3,1,7),(4,1,7),
232:(7,8,2),(6,8,2),(5,8,2),(5,7,2),(5,6,2),(5,5,2),(5,4,2),(5,4,3),(5,4,4),(5,3,4),(5,2,4),(4,2,4),
233:(7,0,4),(6,0,4),(5,0,4),(5,0,5),(5,0,5),(4,0,5),(4,1,5),
234:(7,1,0),(6,1,0),(5,1,0),(5,1,1),(4,1,1),(4,0,1),(3,0,1),(2,0,1),(1,0,1),
235:(1,5,6),(2,5,6),(2,5,5),(3,5,5),(3,5,4),(3,4,4),(3,3,4),(3,3,3),(3,2,3),(3,2,3),(3,2,3),(3,2,2),(4,2,2),
236:(7,4,4),(6,4,4),(6,4,5),(6,3,5),(6,3,5),(6,3,6),(5,3,6),(4,3,6),(3,3,6),(3,2,6),(2,2,6),(2,1,6),(2,0,6),(1,0,6),
237:(4,3,2),(4,3,1),(4,3,1),(3,3,1),(2,3,1),(1,3,1),(1,4,1),
238:(4,1,4),(4,1,5),(4,1,6),(4,2,6),(3,2,6),(3,2,7),(3,3,7),(3,4,7),(3,5,7),(3,6,7),(3,7,7),(3,7,8),(3,8,8),(4,8,8),
239:(4,2,3),(4,3,3),(4,3,2),(5,3,2),(6,3,2),(6,4,2),(6,4,1),(7,4,1),
240:(1,4,4),(2,4,4),(3,4,4),(3,4,5),(3,5,5),(3,5,6),(3,5,7),(3,5,8),(4,5,8),(4,5,9),(4,6,9),(4,6,9),(4,6,8),
241:(7,6,8),(6,6,8),(6,6,7),(5,6,7),(5,5,7),(5,4,7),(5,3,7),(4,3,7),
242:(4,4,2),(5,4,2),(5,4,3),(5,4,4),(6,4,4),(6,4,3),(7,4,3),
