soc=2378
lb_soc=1420
makespan=21
lb_makespan=14
comp_time=13067
highLevelExpanded=76
lowLevelExpanded=30987
solution=
0:(4,3,0),(3,3,0),(2,3,0),(1,3,0),(1,3,1),(1,3,2),(1,3,3),(1,3,4),(1,3,5),(1,2,5),(0,2,5),(0,2,6),(0,2,7),(0,2,8),(1,2,8),
1:(7,6,2),(6,6,2),(5,6,2),(4,6,2),(4,5,2),
2:(4,8,8),(3,8,8),(2,8,8),(2,8,7),(2,8,6),(2,8,5),(2,7,5),(2,7,4),(2,7,3),(1,7,3),(1,7,2),(1,7,1),
3:(1,2,8),(2,2,8),(3,2,8),(4,2,8),(5,2,8),(6,2,8),(6,3,8),(6,3,7),(6,3,6),(6,3,5),(6,4,5),(6,5,5),(6,5,4),(6,5,3),(6,5,2),(6,5,1),(6,6,1),(6,7,1),(7,7,1),
4:(4,8,0),(3,8,0),(2,8,0),(2,8,1),(2,8,2),(2,7,2),(2,7,3),(2,6,3),(2,6,4),(2,5,4),(2,4,4),(2,3,4),(2,2,4),(1,2,4),
5:(7,8,6),(6,8,6),(5,8,6),(4,8,6),(4,7,6),(4,6,6),(4,5,6),(4,4,6),
6:(4,0,8),(3,0,8),(2,0,8),(1,0,8),(1,0,7),(1,0,6),(1,0,5),(1,0,4),(1,0,3),(1,0,2),(1,0,1),(1,1,1),(1,2,1),(1,2,0),
7:(7,7,6),(6,7,6),(5,7,6),(4,7,6),(3,7,6),(2,7,6),(1,7,6),(1,7,5),(1,7,5),(1,7,4),
8:(7,5,8),(6,5,8),(5,5,8),(5,4,8),(5,4,7),(5,4,6),(5,3,6),(4,3,6),(4,3,5),
9:(4,3,4),(5,3,4),(6,3,4),(7,3,4),(7,3,3),(7,4,3),(7,5,3),(7,6,3),(8,6,3),(8,7,3),(8,8,3),(7,8,3),
10:(4,1,4),(4,1,5),(4,1,6),(4,1,7),(5,1,7),(5,2,7),(5,3,7),(5,4,7),(5,5,7),(5,6,7),(5,7,7),(5,8,7),(4,8,7),
11:(4,6,4),(3,6,4),(2,6,4),(1,6,4),(1,6,5),(1,6,6),(1,5,6),
12:(4,6,0),(5,6,0),(6,6,0),(6,6,1),(6,5,1),(6,4,1),(6,3,1),(6,2,1),(6,2,2),(6,1,2),(6,1,3),(6,1,4),(6,1,5),(6,1,6),(7,1,6),(7,1,7),
13:(1,4,6),(1,4,5),(1,4,4),(1,4,3),(1,4,2),(1,4,1),(1,4,0),(1,5,0),(0,5,0),(0,6,0),(0,7,0),(1,7,0),(1,8,0),
14:(7,2,1),(7,2,2),(8,2,2),(8,2,3),(8,2,4),(8,2,5),(7,2,5),(6,2,5),(6,2,6),(6,2,7),(5,2,7),(5,2,8),(5,3,8),(5,4,8),(4,4,8),
15:(7,2,5),(6,2,5),(5,2,5),(5,2,4),(5,2,3),(5,2,2),(5,2,1),(5,2,0),(4,2,0),
16:(4,1,0),(4,1,1),(4,1,2),(4,1,3),(4,1,4),(4,2,4),(4,3,4),(4,4,4),(4,5,4),(4,5,5),(4,6,5),
17:(4,0,7),(4,1,7),(4,2,7),(3,2,7),(3,3,7),(3,3,7),(2,3,7),(2,4,7),(2,4,6),(2,5,6),(2,6,6),(2,7,6),(2,7,5),(1,7,5),
18:(4,7,4),(4,7,3),(4,6,3),(4,5,3),(4,4,3),(4,3,3),
19:(1,6,7),(2,6,7),(3,6,7),(4,6,7),(4,6,7),(4,5,7),
20:(1,6,5),(2,6,5),(3,6,5),(4,6,5),(4,6,6),(4,6,7),(4,7,7),
21:(4,6,2),(4,6,1),(4,5,1),(4,4,1),(4,3,1),(4,2,1),
22:(4,0,1),(3,0,1),(2,0,1),(2,1,1),(2,2,1),(2,3,1),(2,4,1),(2,5,1),(2,6,1),(2,7,1),(2,8,1),(2,8,1),(1,8,1),
23:(1,8,0),(2,8,0),(2,8,1),(3,8,1),(3,8,2),(3,8,3),(3,7,3),(3,6,3),(3,6,4),(2,6,4),(3,6,4),(4,6,4),
24:(7,1,8),(6,1,8),(5,1,8),(5,1,7),(5,1,6),(5,1,5),(5,2,5),(5,3,5),(5,4,5),(5,5,5),(4,5,5),
25:(7,1,0),(7,2,0),(7,3,0),(7,4,0),(7,5,0),(7,6,0),(7,7,0),(7,7,1),(7,7,2),
26:(7,8,7),(7,8,6),(7,8,5),(7,8,4),(7,7,4),(7,6,4),(7,5,4),(7,5,3),(7,4,3),(7,3,3),
27:(7,5,1),(6,5,1),(6,4,1),(6,3,1),(6,3,2),(6,2,2),(6,2,3),(6,1,3),(6,1,4),(5,1,4),(5,1,5),(5,1,6),(5,2,6),(4,2,6),
28:(7,2,8),(6,2,8),(5,2,8),(5,3,8),(5,4,8),(5,4,7),(5,5,7),(5,6,7),(5,6,6),(5,6,5),(5,6,4),(5,6,3),(5,6,2),(5,6,1),(5,6,0),(4,6,0),
29:(4,2,5),(4,2,4),(4,3,4),(4,4,4),(4,5,4),(4,6,4),(4,7,4),
30:(4,2,2),(3,2,2),(2,2,2),(1,2,2),(1,2,1),(1,2,0),(1,3,0),(1,4,0),
31:(4,2,6),(5,2,6),(6,2,6),(7,2,6),(7,2,5),(7,1,5),
32:(4,4,1),(4,3,1),(4,3,2),(4,3,3),(4,2,3),(5,2,3),(5,1,3),(5,1,4),(4,1,4),(4,0,4),
33:(1,6,6),(2,6,6),(3,6,6),(4,6,6),(5,6,6),(6,6,6),(6,6,5),(6,6,4),(6,6,3),(6,6,2),(6,6,1),(7,6,1),
34:(1,8,2),(2,8,2),(3,8,2),(3,7,2),(3,7,3),(3,7,4),(3,6,4),(3,5,4),(3,5,4),(4,5,4),
35:(1,0,5),(2,0,5),(3,0,5),(4,0,5),(5,0,5),(6,0,5),(6,1,5),(6,1,6),(6,1,7),(6,1,8),(6,2,8),(6,3,8),(6,4,8),(6,5,8),(6,6,8),(6,7,8),(7,7,8),
36:(1,1,6),(2,1,6),(3,1,6),(3,2,6),(3,2,5),(3,2,4),(3,2,3),(3,2,2),(3,3,2),(4,3,2),
37:(1,5,7),(2,5,7),(3,5,7),(4,5,7),(5,5,7),(6,5,7),(6,5,6),(6,5,5),(6,5,4),(6,4,4),(6,3,4),(6,3,4),(6,2,4),(6,1,4),(6,1,3),(6,1,2),(6,1,1),(7,1,1),
38:(1,2,3),(2,2,3),(3,2,3),(4,2,3),(4,2,4),(5,2,4),(6,2,4),(7,2,4),(7,1,4),
39:(7,0,6),(6,0,6),(5,0,6),(4,0,6),(4,0,7),(4,0,8),(4,1,8),
40:(7,0,4),(6,0,4),(5,0,4),(5,1,4),(5,2,4),(5,3,4),(5,4,4),(5,4,4),(4,4,4),
41:(4,1,6),(5,1,6),(6,1,6),(7,1,6),(7,1,7),(7,2,7),(7,3,7),
42:(4,0,3),(4,0,2),(4,0,2),(4,1,2),
43:(4,5,1),(5,5,1),(6,5,1),(7,5,1),
44:(1,7,4),(2,7,4),(3,7,4),(4,7,4),(5,7,4),(6,7,4),(6,7,5),(6,6,5),(6,5,5),(7,5,5),
45:(1,3,1),(2,3,1),(3,3,1),(4,3,1),(5,3,1),(6,3,1),(7,3,1),(7,4,1),
46:(7,7,8),(6,7,8),(5,7,8),(4,7,8),(4,7,7),(4,7,6),(4,7,5),(4,6,5),(4,6,4),(4,6,3),
47:(1,8,8),(1,8,7),(1,8,6),(1,8,5),(1,8,4),(1,8,3),(1,7,3),(1,7,2),(1,7,1),(1,6,1),(0,6,1),(0,5,1),(0,4,1),(0,3,1),(0,2,1),(0,1,1),(1,1,1),
48:(7,5,4),(6,5,4),(5,5,4),(4,5,4),(4,5,3),(4,4,3),(4,4,2),(4,4,1),(4,3,1),
49:(4,7,7),(4,7,6),(4,7,5),(4,7,5),(4,7,4),(4,7,3),(4,7,2),(4,7,1),(4,6,1),
50:(4,8,6),(4,8,5),(4,8,4),(3,8,4),(3,7,4),(3,6,4),(3,5,4),(3,4,4),(3,3,4),(4,3,4),(4,2,4),
51:(1,5,5),(1,5,4),(1,6,4),(1,7,4),(1,7,4),(1,8,4),
52:(4,1,8),(3,1,8),(2,1,8),(2,1,7),(2,1,6),(2,1,5),(1,1,5),(1,1,4),(1,2,4),(1,3,4),
53:(7,4,2),(6,4,2),(6,4,3),(6,4,4),(6,4,4),(6,3,4),(6,3,5),(6,3,6),(5,3,6),(5,2,6),(5,1,6),(5,1,7),(5,0,7),(4,0,7),
54:(1,5,6),(1,4,6),(1,3,6),(1,2,6),(1,2,7),(1,1,7),
55:(7,6,8),(6,6,8),(5,6,8),(5,7,8),(5,7,7),(5,7,6),(5,7,5),(5,7,4),(5,7,3),(4,7,3),(4,7,2),
56:(7,4,6),(6,4,6),(5,4,6),(4,4,6),(3,4,6),(2,4,6),(2,4,5),(2,4,4),(2,4,3),(2,4,2),(2,4,1),(2,4,1),(1,4,1),
57:(4,5,4),(3,5,4),(2,5,4),(2,5,3),(2,4,3),(2,3,3),(2,3,2),(1,3,2),(1,2,2),(1,1,2),(1,0,2),
58:(1,1,5),(2,1,5),(3,1,5),(4,1,5),(5,1,5),(6,1,5),(6,1,4),(6,2,4),(6,2,3),(6,2,2),(6,3,2),(6,4,2),(6,5,2),(6,6,2),(6,7,2),(6,8,2),(7,8,2),
59:(7,7,2),(6,7,2),(6,8,2),(6,8,3),(6,8,4),(6,8,5),(6,8,6),(5,8,6),(5,8,7),(4,8,7),(3,8,7),(2,8,7),(2,8,8),(2,7,8),(2,6,8),(1,6,8),
60:(4,6,5),(3,6,5),(3,6,4),(2,6,4),(2,5,4),(2,4,4),(2,3,4),(2,2,4),(2,1,4),(1,1,4),(1,0,4),
61:(4,8,1),(5,8,1),(6,8,1),(6,8,1),(6,8,2),(6,8,3),(6,8,4),(6,8,5),(6,7,5),(6,6,5),(6,6,6),(6,5,6),(7,5,6),
62:(7,1,4),(6,1,4),(5,1,4),(4,1,4),(3,1,4),(2,1,4),(2,2,4),(2,2,3),(2,2,2),(2,2,2),(2,3,2),(2,4,2),(2,5,2),(2,6,2),(2,7,2),(1,7,2),
63:(4,1,2),(5,1,2),(6,1,2),(6,2,2),(6,2,3),(6,2,4),(6,2,5),(6,2,6),(6,2,7),(6,3,7),(6,4,7),(6,5,7),(6,5,7),(7,5,7),
64:(7,5,6),(7,5,5),(7,6,5),(7,7,5),
65:(7,1,3),(7,2,3),(7,3,3),(7,4,3),(7,5,3),(7,6,3),(7,7,3),
66:(4,0,4),(3,0,4),(2,0,4),(1,0,4),(1,0,3),(1,1,3),(1,2,3),(1,3,3),
67:(4,7,3),(5,7,3),(6,7,3),(6,7,4),(6,7,5),(6,6,5),(7,6,5),(7,6,6),(7,6,7),(7,5,7),(7,5,8),(7,4,8),
68:(7,8,8),(6,8,8),(6,7,8),(6,7,7),(6,6,7),(5,6,7),(5,6,6),(5,6,5),(5,6,4),(5,5,4),(5,4,4),(5,3,4),(4,3,4),
69:(4,0,2),(4,0,1),(4,0,0),(4,1,0),
70:(1,4,0),(2,4,0),(3,4,0),(3,4,1),(3,4,2),(3,3,2),(3,3,3),(3,3,4),(3,2,4),(3,2,5),(3,2,6),(3,1,6),(3,0,6),(4,0,6),
71:(4,0,5),(3,0,5),(3,0,6),(3,1,6),(3,2,6),(2,2,6),(2,3,6),(2,4,6),(2,5,6),(2,6,6),(2,7,6),(1,7,6),
72:(7,4,3),(7,4,2),(7,5,2),(7,6,2),
73:(4,3,3),(4,3,4),(4,3,5),(4,4,5),(4,5,5),(4,6,5),(4,6,6),(4,6,7),
74:(4,3,5),(5,3,5),(6,3,5),(6,3,6),(6,3,7),(6,3,8),(6,4,8),(6,5,8),(6,6,8),(6,7,8),(7,7,8),(7,8,8),
75:(7,6,6),(7,5,6),(7,4,6),(7,4,5),
76:(1,0,7),(2,0,7),(2,0,6),(3,0,6),(3,1,6),(3,2,6),(3,3,6),(3,4,6),(3,5,6),(3,6,6),(3,7,6),(3,8,6),(4,8,6),(5,8,6),(6,8,6),(6,8,5),(6,8,4),(6,8,3),(6,8,2),(6,8,1),(6,8,0),(7,8,0),
77:(4,5,0),(3,5,0),(2,5,0),(2,5,1),(2,5,2),(2,5,3),(2,5,4),(2,5,5),(2,4,5),(2,3,5),(1,3,5),
78:(7,0,1),(6,0,1),(5,0,1),(5,1,1),(5,2,1),(5,3,1),(5,3,2),(5,4,2),(5,5,2),(5,6,2),(5,7,2),(5,8,2),(4,8,2),
79:(1,3,6),(1,2,6),(1,2,5),(1,2,4),(1,2,3),(1,2,2),(1,2,1),(1,2,0),(1,1,0),
80:(4,8,7),(4,7,7),(4,6,7),(4,6,8),(4,5,8),(4,4,8),(4,3,8),(4,2,8),(4,2,7),(4,1,7),
81:(1,4,8),(1,4,7),(1,4,6),(1,3,6),
82:(1,7,2),(2,7,2),(2,6,2),(2,5,2),(2,5,3),(2,4,3),(2,3,3),(3,3,3),(3,2,3),(3,2,4),(3,2,5),(3,2,6),(3,2,7),(3,2,8),(3,2,9),(4,2,9),(5,2,9),(6,2,9),(7,2,9),(7,2,8),
83:(1,1,3),(2,1,3),(3,1,3),(3,1,4),(3,1,5),(4,1,5),(5,1,5),(6,1,5),(6,1,6),(7,1,6),(7,2,6),(7,3,6),
84:(1,2,6),(2,2,6),(3,2,6),(4,2,6),(4,1,6),(4,0,6),(4,0,5),
85:(7,1,6),(7,1,5),(7,2,5),(7,3,5),
86:(1,1,8),(2,1,8),(2,1,7),(3,1,7),(4,1,7),(5,1,7),(6,1,7),(7,1,7),(7,1,6),(7,2,6),(7,2,5),(7,2,4),(7,2,3),(7,2,2),(8,2,2),(8,2,1),(8,3,1),(7,3,1),
87:(7,6,4),(6,6,4),(5,6,4),(4,6,4),(3,6,4),(2,6,4),(2,6,3),(2,6,2),(2,5,2),(2,5,1),(2,5,0),(2,4,0),(2,3,0),(1,3,0),
88:(7,6,0),(6,6,0),(6,6,1),(5,6,1),(5,6,2),(5,6,3),(5,6,4),(5,5,4),(5,5,5),(5,5,6),(4,5,6),
89:(7,7,4),(6,7,4),(5,7,4),(5,7,3),(5,6,3),(5,5,3),(5,4,3),(5,3,3),(5,2,3),(4,2,3),
90:(7,7,7),(6,7,7),(5,7,7),(4,7,7),(3,7,7),(3,7,6),(3,7,5),(3,7,4),(3,7,3),(2,7,3),(2,7,2),(2,7,1),(2,7,0),(1,7,0),
91:(7,3,2),(6,3,2),(5,3,2),(4,3,2),(3,3,2),(2,3,2),(2,4,2),(2,5,2),(1,5,2),(1,6,2),
92:(4,2,0),(5,2,0),(6,2,0),(7,2,0),(7,2,1),(7,2,2),(7,2,3),(7,1,3),
93:(4,7,8),(4,6,8),(4,5,8),(4,4,8),(4,3,8),(4,2,8),(5,2,8),(5,1,8),(5,0,8),(4,0,8),
94:(7,8,3),(6,8,3),(5,8,3),(4,8,3),(3,8,3),(2,8,3),(2,8,4),(2,8,5),(1,8,5),
95:(4,4,6),(4,3,6),(4,2,6),(4,2,5),
96:(1,0,4),(1,0,5),(1,0,6),(1,1,6),(1,1,7),(1,1,8),(1,0,8),
97:(1,2,7),(2,2,7),(3,2,7),(3,3,7),(3,3,6),(3,3,5),(3,4,5),(3,5,5),(3,6,5),(3,6,4),(3,7,4),(3,7,3),(3,7,2),(3,7,1),(3,8,1),(4,8,1),
98:(7,3,7),(7,4,7),(7,5,7),(7,5,6),(7,5,5),(7,5,4),(8,5,4),(8,6,4),(8,7,4),(8,7,4),(7,7,4),
99:(1,3,3),(2,3,3),(3,3,3),(3,3,4),(4,3,4),(4,3,5),(5,3,5),(6,3,5),(6,2,5),(6,2,5),(6,2,5),(7,2,5),
100:(7,0,3),(7,1,3),(7,2,3),(7,3,3),(7,4,3),(7,5,3),(6,5,3),(6,6,3),(7,6,3),
101:(4,7,1),(3,7,1),(2,7,1),(2,7,2),(2,7,3),(2,6,3),(2,5,3),(2,5,4),(2,5,5),(2,5,5),(2,5,6),(2,5,7),(2,5,8),(1,5,8),
102:(1,6,1),(2,6,1),(3,6,1),(4,6,1),(5,6,1),(5,6,0),(5,5,0),(5,4,0),(5,3,0),(5,3,0),(6,3,0),(7,3,0),
103:(1,2,5),(1,2,5),(1,3,5),(1,4,5),(1,5,5),(1,6,5),(1,7,5),(1,8,5),(1,8,6),
104:(7,5,5),(6,5,5),(5,5,5),(5,5,4),(5,5,3),(5,4,3),(5,3,3),(5,2,3),(5,1,3),(5,0,3),(5,-1,3),(4,-1,3),(4,0,3),
105:(4,2,3),(4,2,2),
106:(7,4,4),(7,4,3),(7,4,2),(7,4,1),(7,4,0),
107:(1,7,8),(1,7,7),(1,7,6),(1,6,6),(1,5,6),(1,5,5),(1,4,5),(1,3,5),(1,2,5),(0,2,5),(0,2,4),(0,2,3),(0,2,2),(0,1,2),(1,1,2),
108:(7,1,7),(6,1,7),(6,2,7),(6,2,6),(6,2,5),(5,2,5),(5,2,4),(5,3,4),(5,3,3),(5,3,2),(5,3,1),(5,3,0),(5,4,0),(5,5,0),(5,5,0),(4,5,0),
109:(7,4,8),(6,4,8),(6,3,8),(6,2,8),(6,1,8),(5,1,8),(5,1,7),(4,1,7),(3,1,7),(2,1,7),(2,1,6),(2,1,5),(2,0,5),(2,0,4),(2,0,3),(1,0,3),
110:(1,2,4),(2,2,4),(3,2,4),(3,2,5),(3,3,5),(3,4,5),(3,5,5),(3,6,5),(4,6,5),(4,7,5),(4,8,5),
111:(1,7,1),(2,7,1),(2,7,2),(2,6,2),(3,6,2),(4,6,2),(5,6,2),(6,6,2),(6,5,2),(5,5,2),(5,4,2),(5,3,2),(6,3,2),(6,3,2),(7,3,2),
112:(4,4,7),(3,4,7),(2,4,7),(1,4,7),(1,4,6),(1,4,5),(1,4,4),(1,5,4),
113:(1,5,8),(1,5,7),(1,5,6),(1,4,6),(1,4,5),(1,4,4),(1,3,4),(1,2,4),(1,2,3),(1,2,2),
114:(1,1,0),(2,1,0),(2,1,1),(2,1,2),(2,1,3),(3,1,3),(3,1,4),(4,1,4),(4,1,5),(5,1,5),(6,1,5),(6,1,6),(6,1,7),(6,2,7),(6,2,7),(6,2,7),(6,2,7),(7,2,7),
115:(7,0,0),(6,0,0),(5,0,0),(5,1,0),(5,1,1),(5,2,1),(5,3,1),(5,4,1),(5,5,1),(5,6,1),(5,7,1),(4,7,1),
116:(7,2,2),(7,3,2),(6,3,2),(6,3,3),(6,4,3),(6,5,3),(6,6,3),(6,7,3),(6,7,4),(6,7,5),(6,8,5),(7,8,5),
117:(4,7,5),(4,7,4),(4,7,3),(4,7,3),(4,7,2),(4,7,1),(4,7,0),(4,8,0),
118:(4,2,1),(5,2,1),(5,2,0),(6,2,0),(7,2,0),(7,1,0),(7,0,0),
119:(1,4,2),(2,4,2),(3,4,2),(3,4,2),(4,4,2),(5,4,2),(6,4,2),(6,3,2),(6,3,3),(6,3,4),(7,3,4),(7,3,4),(7,2,4),
120:(7,6,3),(6,6,3),(5,6,3),(5,6,4),(5,6,5),(5,6,5),(4,6,5),(4,6,6),
121:(4,8,2),(4,8,3),(4,8,3),(4,8,4),(4,8,5),(4,8,6),(4,8,7),(4,8,8),(4,8,9),(4,7,9),(4,6,9),(4,6,8),
122:(4,1,1),(4,1,2),(4,1,3),(3,1,3),(4,1,3),
123:(4,3,7),(5,3,7),(6,3,7),(7,3,7),(7,3,8),(7,2,8),(7,1,8),(7,0,8),
124:(7,3,8),(6,3,8),(5,3,8),(4,3,8),(3,3,8),(2,3,8),(2,2,8),(2,2,7),(2,2,6),(2,2,5),(1,2,5),
125:(7,4,7),(7,4,6),(7,4,5),(7,4,4),(7,3,4),(7,3,3),(7,3,2),(7,3,1),(7,2,1),
126:(1,2,1),(2,2,1),(3,2,1),(3,2,2),(3,2,3),(3,3,3),(3,3,4),(4,3,4),(5,3,4),(5,3,5),(6,3,5),(6,3,6),(6,3,7),(6,3,8),(7,3,8),
127:(1,1,4),(2,1,4),(3,1,4),(3,1,5),(4,1,5),(4,0,5),(5,0,5),(5,0,5),(6,0,5),(6,0,5),(7,0,5),
128:(1,1,2),(2,1,2),(2,1,3),(2,1,4),(2,1,5),(3,1,5),(3,1,6),(3,1,7),(3,2,7),(3,3,7),(3,4,7),(4,4,7),
129:(4,8,5),(3,8,5),(2,8,5),(2,8,4),(2,8,3),(2,8,2),(2,8,1),(2,8,0),(2,7,0),(2,6,0),(2,6,0),(2,5,0),(1,5,0),
130:(4,6,7),(4,5,7),(4,4,7),(3,4,7),(2,4,7),(2,3,7),(2,2,7),(2,2,6),(1,2,6),
131:(4,7,6),(3,7,6),(3,7,5),(3,6,5),(3,5,5),(3,5,4),(3,5,3),(3,5,2),(3,5,1),(3,4,1),(3,3,1),(2,3,1),(2,2,1),(2,2,1),(1,2,1),
132:(7,7,1),(7,7,2),(7,7,3),(7,7,4),(7,6,4),(6,6,4),(6,5,4),(6,4,4),(6,3,4),(6,2,4),(6,1,4),(6,0,4),(7,0,4),
133:(7,4,0),(6,4,0),(5,4,0),(4,4,0),(3,4,0),(2,4,0),(2,3,0),(1,3,0),(1,3,1),(1,3,2),
134:(7,0,7),(7,0,6),(7,0,5),(7,0,4),(7,1,4),(7,2,4),(7,3,4),(7,4,4),(7,4,4),(7,4,4),(7,4,3),
135:(1,0,1),(2,0,1),(2,0,2),(3,0,2),(3,1,2),(3,2,2),(3,3,2),(4,3,2),(4,4,2),(4,4,3),
136:(7,5,0),(7,5,1),(7,6,1),(8,6,1),(8,6,2),(8,6,3),(8,6,4),(8,6,5),(8,6,5),(7,6,5),
137:(7,8,0),(6,8,0),(5,8,0),(4,8,0),(3,8,0),(2,8,0),(2,7,0),(2,7,1),(2,7,2),(2,6,2),(2,6,3),(2,6,4),(2,6,5),(2,6,6),(2,5,6),(2,4,6),(2,3,6),(2,2,6),(2,1,6),(2,0,6),(1,0,6),
138:(4,4,0),(3,4,0),(3,4,1),(2,4,1),(1,4,1),(0,4,1),(0,4,2),(0,4,3),(0,4,4),(0,4,5),(0,4,5),(1,4,5),
139:(1,4,5),(1,4,4),(1,4,3),(0,4,3),(0,3,3),(0,2,3),(0,1,3),(1,1,3),
140:(4,7,0),(4,7,1),(4,7,2),(4,8,2),(4,8,3),(4,8,4),(4,8,5),(4,8,6),(4,7,6),
141:(4,5,7),(3,5,7),(3,5,8),(2,5,8),(1,5,8),(1,6,8),(1,7,8),(1,8,8),
142:(1,3,0),(2,3,0),(2,3,1),(3,3,1),(3,4,1),(4,4,1),(5,4,1),(6,4,1),(6,4,2),(6,4,3),(6,4,4),(6,5,4),(7,5,4),
143:(7,3,6),(7,3,5),(7,3,4),(8,3,4),(8,3,3),(8,4,3),(8,5,3),(8,5,3),(7,5,3),
144:(4,5,3),(4,6,3),(4,6,2),(4,7,2),(4,8,2),(4,8,3),
145:(1,7,7),(1,6,7),(1,6,8),(1,5,8),(1,4,8),
146:(7,7,3),(6,7,3),(6,6,3),(5,6,3),(4,6,3),(4,5,3),(4,4,3),(3,4,3),(3,4,4),(2,4,4),(2,3,4),(2,2,4),(2,1,4),(1,1,4),
147:(4,4,8),(3,4,8),(2,4,8),(1,4,8),(1,3,8),(1,2,8),(1,1,8),
148:(7,2,6),(6,2,6),(6,2,5),(6,2,4),(6,3,4),(6,3,3),(6,3,2),(5,3,2),(5,3,1),(5,4,1),(5,4,0),(5,5,0),(4,5,0),(4,6,0),(4,7,0),
149:(1,7,0),(2,7,0),(3,7,0),(3,6,0),(3,6,1),(3,6,2),(3,5,2),(3,4,2),(3,4,2),(3,4,2),(4,4,2),
150:(1,2,0),(2,2,0),(2,2,1),(2,2,2),(2,2,3),(2,2,4),(2,2,5),(3,2,5),(3,2,6),(3,2,6),(4,2,6),(5,2,6),(6,2,6),(7,2,6),
151:(7,2,0),(6,2,0),(6,2,1),(5,2,1),(5,2,2),(5,1,2),(5,0,2),(5,0,3),(5,0,4),(5,0,5),(5,0,6),(4,0,6),(4,0,7),(3,0,7),(2,0,7),(1,0,7),
152:(7,1,2),(6,1,2),(6,2,2),(5,2,2),(5,3,2),(4,3,2),(4,3,1),(3,3,1),(2,3,1),(1,3,1),
153:(4,0,6),(5,0,6),(5,0,7),(6,0,7),(6,1,7),(6,2,7),(6,3,7),(6,4,7),(6,5,7),(6,6,7),(6,6,7),(7,6,7),
154:(4,8,4),(5,8,4),(6,8,4),(6,8,5),(6,8,6),(6,7,6),(6,6,6),(6,5,6),(7,5,6),(7,4,6),
155:(1,6,4),(2,6,4),(2,6,3),(3,6,3),(3,5,3),(3,5,2),(3,5,1),(3,4,1),(4,4,1),
156:(4,5,5),(4,5,6),(4,4,6),(4,3,6),(4,3,7),
157:(7,2,7),(6,2,7),(5,2,7),(4,2,7),(4,2,7),(4,2,7),(4,2,7),(4,2,7),(5,2,7),(4,2,7),
158:(4,6,3),(5,6,3),(5,7,3),(6,7,3),(6,7,4),(6,7,5),(6,7,6),(6,7,7),(6,8,7),(7,8,7),
159:(7,6,1),(7,6,2),(7,6,3),(7,6,4),(7,6,5),(7,6,6),(7,6,7),(7,7,7),
160:(7,3,0),(6,3,0),(5,3,0),(4,3,0),(4,4,0),(4,5,0),(4,5,1),
161:(7,0,8),(7,0,7),(7,0,6),(7,0,5),(7,0,4),(7,1,4),(7,2,4),(7,3,4),(8,3,4),(8,4,4),(8,5,4),(8,6,4),(7,6,4),
162:(1,6,3),(2,6,3),(3,6,3),(4,6,3),(4,6,2),(5,6,2),(6,6,2),(6,5,2),(7,5,2),
163:(4,1,5),(4,1,6),(4,1,7),(4,1,8),(4,2,8),(3,2,8),(3,3,8),(3,4,8),(3,5,8),(3,6,8),(3,7,8),(3,8,8),(4,8,8),
164:(4,2,7),(4,2,6),(4,2,5),(4,2,4),(3,2,4),(3,2,3),(3,2,2),(3,1,2),(3,0,2),(4,0,2),
165:(1,8,7),(2,8,7),(3,8,7),(3,8,6),(3,8,5),(3,8,4),(3,8,3),(3,8,2),(3,8,1),(3,7,1),(3,6,1),(3,5,1),(3,4,1),(3,3,1),(3,2,1),(3,1,1),(3,0,1),(4,0,1),
166:(4,3,8),(3,3,8),(2,3,8),(1,3,8),(1,3,7),(1,2,7),
167:(4,3,1),(4,2,1),(4,1,1),
168:(1,5,3),
169:(1,6,0),(2,6,0),(3,6,0),(4,6,0),(5,6,0),(6,6,0),(6,6,1),(6,5,1),(6,4,1),(6,4,2),(6,4,3),(6,4,4),(6,4,5),(6,4,6),(6,3,6),(6,2,6),(6,1,6),(7,1,6),
170:(1,3,5),(1,3,6),(1,3,7),(1,3,7),(1,4,7),
171:(1,5,1),(1,5,0),(1,6,0),
172:(1,0,2),(2,0,2),(3,0,2),(3,0,3),(3,0,4),(3,0,5),(3,0,6),(4,0,6),(5,0,6),(6,0,6),(7,0,6),(7,0,7),
173:(1,6,2),(2,6,2),(3,6,2),(3,6,1),(4,6,1),(5,6,1),(5,7,1),(6,7,1),(7,7,1),(7,8,1),
174:(1,7,6),(2,7,6),(3,7,6),(3,7,5),(4,7,5),(5,7,5),(5,7,4),(5,6,4),(6,6,4),(6,5,4),(6,5,4),(7,5,4),(7,4,4),
175:(7,4,5),(6,4,5),(5,4,5),(5,4,4),(4,4,4),(3,4,4),(2,4,4),(2,4,3),(2,4,2),(2,5,2),(1,5,2),
176:(7,4,1),(6,4,1),(5,4,1),(5,4,2),(5,4,3),(5,4,4),(4,4,4),(4,5,4),(4,5,5),(3,5,5),(2,5,5),(2,5,6),(2,5,7),(1,5,7),
177:(1,3,7),(2,3,7),(3,3,7),(4,3,7),(5,3,7),(5,3,6),(5,2,6),(5,2,5),(5,2,4),(5,2,3),(6,2,3),(6,2,2),(6,1,2),(6,0,2),(7,0,2),
178:(7,3,3),(6,3,3),(5,3,3),(5,3,4),(5,4,4),(4,4,4),(3,4,4),(3,4,5),(3,4,6),(2,4,6),(1,4,6),
179:(1,0,0),(2,0,0),(3,0,0),(4,0,0),(5,0,0),(6,0,0),(6,0,1),(6,0,2),(6,0,3),(6,0,4),(6,0,5),(6,0,6),(7,0,6),
180:(4,2,4),(3,2,4),(4,2,4),(4,3,4),(4,3,5),(4,3,6),(4,4,6),(4,4,7),(4,4,8),(4,5,8),
181:(1,1,7),(2,1,7),(2,1,6),(2,1,5),(2,2,5),(3,2,5),(3,2,4),(3,2,4),(4,2,4),(5,2,4),(6,2,4),(6,2,3),(6,2,2),(6,2,1),(6,2,0),(6,2,0),(7,2,0),
182:(1,8,6),(1,7,6),(1,6,6),(1,5,6),(0,5,6),(0,4,6),(0,3,6),(0,2,6),(0,1,6),(1,1,6),
183:(1,4,4),(2,4,4),(2,4,5),(2,4,6),(2,3,6),(3,3,6),(3,3,7),(3,3,8),(4,3,8),
184:(7,7,0),(6,7,0),(6,7,1),(6,7,2),(6,7,3),(6,7,3),(6,7,4),(6,7,5),(5,7,5),(5,7,5),(4,7,5),
185:(4,5,8),(4,4,8),(4,4,8),(4,4,7),(4,4,6),(4,4,5),
186:(7,5,2),(6,5,2),(6,4,2),(6,3,2),(6,2,2),(6,2,3),(5,2,3),(5,1,3),(5,1,4),(4,1,4),
187:(4,6,1),(3,6,1),(3,7,1),(2,7,1),(1,7,1),(1,7,2),(1,8,2),
188:(4,0,0),(5,0,0),(5,1,0),(6,1,0),(7,1,0),(7,1,1),(7,1,2),(7,2,2),(7,3,2),(7,4,2),
189:(4,1,7),(3,1,7),(3,0,7),(2,0,7),(2,0,6),(2,0,5),(2,0,4),(2,0,3),(2,0,2),(2,0,1),(2,0,1),(1,0,1),
190:(1,0,8),(1,0,7),(1,1,7),(1,2,7),(0,2,7),(0,3,7),(0,4,7),(0,5,7),(0,6,7),(0,7,7),(0,8,7),(1,8,7),
191:(7,7,5),(6,7,5),(5,7,5),(5,7,4),(5,6,4),(5,5,4),(4,5,4),(4,5,3),(3,5,3),(2,5,3),(2,5,2),(2,5,1),(2,5,0),(2,4,0),(2,3,0),(2,2,0),(2,1,0),(2,0,0),(1,0,0),
192:(4,5,2),(3,5,2),(2,5,2),(1,5,2),(1,6,2),(1,6,3),(1,6,4),(1,6,5),
193:(1,6,8),(2,6,8),(3,6,8),(3,6,8),(4,6,8),(5,6,8),(6,6,8),(7,6,8),
194:(7,3,1),(7,2,1),(7,2,2),(7,2,3),(7,2,4),(7,2,5),(7,2,6),(7,1,6),(8,1,6),(8,1,7),(7,1,7),(7,1,8),
195:(7,2,3),(6,2,3),(6,3,3),(6,4,3),(6,5,3),(6,5,4),(5,5,4),(5,5,3),(4,5,3),
196:(4,7,2),(5,7,2),(5,8,2),(6,8,2),(6,8,3),(6,8,4),(6,8,5),(6,8,6),(6,7,6),(6,7,6),(7,7,6),
197:(7,3,4),(6,3,4),(6,4,4),(6,5,4),(5,5,4),(4,5,4),(4,5,3),(3,5,3),(2,5,3),(2,6,3),(1,6,3),
198:(1,3,2),(1,4,2),(1,5,2),(1,6,2),(1,6,3),(1,6,4),(1,6,5),(1,6,6),
199:(1,3,4),(2,3,4),(3,3,4),(3,3,5),(3,4,5),(3,4,6),(3,5,6),(4,5,6),(5,5,6),(6,5,6),(6,5,7),(6,5,8),(7,5,8),
200:(7,8,1),(7,8,2),(7,8,3),(7,7,3),(7,7,3),(7,7,4),(7,6,4),(7,6,5),(7,6,6),(7,6,7),(7,5,7),(7,4,7),
201:(1,5,2),(2,5,2),(2,4,2),(2,3,2),(2,2,2),(2,1,2),(3,1,2),(3,0,2),(4,0,2),(5,0,2),(6,0,2),(6,1,2),(7,1,2),
202:(4,4,3),(3,4,3),(2,4,3),(2,4,4),(1,4,4),(1,3,4),(1,3,5),(1,2,5),(1,1,5),
203:(4,1,3),(5,1,3),(6,1,3),(6,2,3),(6,3,3),(6,4,3),(6,4,3),(6,5,3),(6,5,3),(6,6,3),(6,6,4),(6,7,4),(6,8,4),(7,8,4),
204:(7,8,2),(6,8,2),(6,8,3),(5,8,3),(5,8,4),(5,8,5),(5,8,5),(4,8,5),(3,8,5),(2,8,5),(2,7,5),(2,6,5),(2,5,5),(1,5,5),
205:(1,2,2),(2,2,2),(2,2,3),(3,2,3),(3,3,3),(3,4,3),(3,4,2),(4,4,2),(5,4,2),(5,4,3),(5,3,3),(6,3,3),(6,3,4),(7,3,4),
206:(7,8,5),(7,8,4),(7,7,4),(8,7,4),(8,7,3),(8,7,2),(8,7,1),(8,6,1),(8,5,1),(8,4,1),(8,3,1),(8,2,1),(8,1,1),(7,1,1),(7,0,1),
207:(7,0,5),(7,0,4),(7,0,3),(7,0,2),(7,0,1),(7,0,0),(6,0,0),(6,1,0),(6,2,0),(6,3,0),(6,4,0),(6,5,0),(6,6,0),(6,7,0),(7,7,0),
208:(1,3,8),(2,3,8),(2,3,7),(2,2,7),(3,2,7),(3,2,7),(3,2,6),(4,2,6),(5,2,6),(5,2,5),(5,2,4),(6,2,4),(6,2,3),(6,2,2),(6,2,2),(7,2,2),
209:(4,3,2),(4,4,2),(4,5,2),(4,5,2),(4,5,1),(4,6,1),(4,6,2),
210:(7,1,5),(6,1,5),(5,1,5),(5,2,5),(5,3,5),(5,4,5),(5,4,5),(5,5,5),(5,6,5),(4,6,5),(3,6,5),(3,6,4),(2,6,4),(2,6,3),(2,7,3),(2,8,3),(1,8,3),
211:(1,4,7),(2,4,7),(2,5,7),(3,5,7),(3,5,8),(4,5,8),(4,6,8),(4,7,8),
212:(1,0,6),(1,1,6),(1,1,5),(1,2,5),(1,3,5),(0,3,5),(0,3,4),(0,4,4),(1,4,4),
213:(1,8,3),(2,8,3),(2,7,3),(2,6,3),(3,6,3),(4,6,3),(5,6,3),(5,6,3),(5,5,3),(6,5,3),(6,5,3),(6,4,3),(6,3,3),(6,2,3),(7,2,3),
214:(7,0,2),(6,0,2),(5,0,2),(4,0,2),(4,0,1),(4,0,0),
215:(4,2,8),(3,2,8),(3,3,8),(2,3,8),(2,3,7),(2,3,6),(2,3,5),(2,3,4),(2,3,3),(2,3,2),(2,4,2),(2,5,2),(2,5,1),(2,6,1),(1,6,1),
216:(7,8,4),(6,8,4),(6,8,5),(6,7,5),(6,6,5),(6,5,5),(5,5,5),(5,5,6),(5,4,6),(5,3,6),(4,3,6),
217:(1,5,4),(2,5,4),(2,5,3),(2,4,3),(2,3,3),(2,2,3),(2,1,3),(3,1,3),(3,0,3),(4,0,3),(5,0,3),(6,0,3),(7,0,3),
218:(7,3,5),(6,3,5),(6,3,6),(6,3,7),(6,3,8),(5,3,8),(5,3,9),(4,3,9),(3,3,9),(2,3,9),(2,3,8),(2,3,8),(1,3,8),
219:(7,5,3),(6,5,3),(6,5,2),(6,6,2),(6,7,2),(5,7,2),(5,7,3),(5,8,3),(5,8,4),(4,8,4),
220:(7,1,1),(7,1,2),(7,1,3),(7,1,4),(7,1,5),(7,1,6),(6,1,6),(5,1,6),(5,1,7),(5,1,8),(5,2,8),(4,2,8),
221:(1,7,3),(2,7,3),(3,7,3),(3,7,4),(3,7,5),(3,8,5),(3,8,6),(3,8,6),(4,8,6),(5,8,6),(6,8,6),(7,8,6),
222:(1,8,1),(1,7,1),(1,6,1),(1,5,1),(1,5,2),(1,4,2),(1,3,2),(1,2,2),(1,1,2),(0,1,2),(0,1,3),(0,1,4),(0,1,5),(0,0,5),(1,0,5),
223:(4,6,8),(5,6,8),(5,6,7),(6,6,7),(7,6,7),(8,6,7),(8,6,6),(8,6,6),(8,6,6),(7,6,6),
224:(4,6,6),(5,6,6),(5,5,6),(5,4,6),(5,3,6),(5,2,6),(4,2,6),(4,1,6),
225:(1,7,5),(2,7,5),(2,6,5),(2,5,5),(2,4,5),(2,3,5),(3,3,5),(3,3,5),(3,2,5),(3,1,5),(4,1,5),
226:(4,3,6),(5,3,6),(5,3,5),(5,4,5),(6,4,5),(6,4,4),(7,4,4),(7,4,3),(7,4,2),(8,4,2),(8,4,1),(8,4,0),(8,5,0),(7,5,0),
227:(1,8,5),(1,7,5),(1,6,5),(1,5,5),(1,5,4),(0,5,4),(0,5,3),(0,5,2),(0,5,1),(1,5,1),
228:(7,2,4),(6,2,4),(5,2,4),(5,2,3),(5,3,3),(5,3,2),(5,4,2),(5,4,3),(4,4,3),(3,4,3),(2,4,3),(2,5,3),(2,6,3),(2,7,3),(1,7,3),
229:(7,6,7),(6,6,7),(6,6,6),(5,6,6),(5,7,6),(5,6,6),(5,6,5),(5,7,5),(5,7,4),(5,7,3),(4,7,3),
230:(1,4,1),(1,3,1),(1,3,2),(1,3,3),(1,3,4),(1,3,5),(0,3,5),(0,3,6),(0,3,7),(1,3,7),
231:(4,4,5),(3,4,5),(3,4,4),(3,5,4),(3,5,4),(2,5,4),(2,6,4),(2,6,4),(1,6,4),
232:(1,8,4),(1,8,3),(1,7,3),(1,6,3),(0,6,3),(0,5,3),(0,4,3),(0,3,3),(0,2,3),(1,2,3),
233:(1,0,3),(1,0,4),(1,0,5),(1,0,6),(1,1,6),(2,1,6),(2,2,6),(2,3,6),(3,3,6),(3,4,6),(3,5,6),(3,6,6),(3,7,6),(3,8,6),(4,8,6),
234:(4,5,6),(3,5,6),(2,5,6),(2,5,7),(1,5,7),(1,5,8),(1,6,8),(1,7,8),
235:(4,4,2),(4,4,1),(4,4,0),(4,4,-1),(4,4,-1),(4,4,-1),(4,4,0),
236:(7,6,5),(7,6,4),(7,5,4),(7,5,4),(7,4,4),(7,3,4),(7,3,3),(7,3,2),(7,3,1),(7,3,0),(7,2,0),(7,1,0),
237:(4,4,4),(3,4,4),(2,4,4),(1,4,4),(1,4,3),
238:(7,5,7),(8,5,7),(8,5,6),(8,5,5),(8,5,4),(8,5,3),(8,5,2),(8,5,1),(8,5,0),(7,5,0),(7,6,0),
239:(1,5,0),(2,5,0),(2,4,0),(3,4,0),(3,3,0),(4,3,0),
240:(4,8,3),(3,8,3),(2,8,3),(2,8,2),(2,7,2),(2,6,2),(1,6,2),(1,5,2),(1,4,2),
241:(1,1,1),(1,1,2),(1,1,3),(1,1,4),(1,1,5),(1,2,5),(0,2,5),(0,3,5),(0,3,6),(0,3,7),(0,4,7),(0,5,7),(1,5,7),(1,6,7),
242:(1,4,3),(0,4,3),(0,4,4),(0,4,5),(0,4,6),(0,4,7),(0,5,7),(1,5,7),(1,6,7),(1,7,7),
