soc=2258
lb_soc=1372
makespan=20
lb_makespan=14
comp_time=14158
highLevelExpanded=93
lowLevelExpanded=21542
solution=
0:(4,7,1),(4,7,2),(4,7,3),(4,7,4),(4,7,5),(4,7,6),(4,7,7),(4,6,7),(4,5,7),(4,4,7),
1:(4,0,5),(4,0,4),(4,0,4),(3,0,4),(2,0,4),(2,0,3),(2,1,3),(2,1,3),(2,2,3),(2,3,3),(2,4,3),(2,5,3),(2,6,3),(2,6,2),(2,6,1),(2,7,1),(1,7,1),
2:(1,4,3),(2,4,3),(3,4,3),(4,4,3),(5,4,3),(6,4,3),(7,4,3),(7,4,4),(7,4,5),(7,4,6),
3:(7,0,2),(6,0,2),(5,0,2),(4,0,2),(3,0,2),(2,0,2),(2,1,2),(1,1,2),(1,2,2),(1,3,2),(1,3,2),(1,3,1),
4:(1,5,1),(1,5,2),(1,5,3),(1,5,4),(1,5,5),(1,4,5),(0,4,5),(0,4,6),(0,4,7),(0,4,8),(1,4,8),(1,3,8),
5:(1,0,6),(1,0,5),(1,0,4),(1,0,3),(1,1,3),(1,2,3),(1,3,3),(1,4,3),
6:(4,3,1),(4,3,2),(4,3,3),(4,3,4),(4,3,5),(4,4,5),(5,4,5),(5,4,6),(5,5,6),(5,5,6),(5,6,6),(4,6,6),
7:(4,6,1),(3,6,1),(2,6,1),(1,6,1),(1,6,2),(1,7,2),
8:(7,1,7),(6,1,7),(5,1,7),(4,1,7),(4,1,8),(4,2,8),(4,3,8),(4,4,8),(4,5,8),(4,6,8),
9:(1,2,3),(2,2,3),(3,2,3),(4,2,3),(5,2,3),(6,2,3),(6,3,3),(6,3,3),(6,3,4),(6,4,4),(6,5,4),(6,6,4),(6,7,4),(6,8,4),(7,8,4),
10:(1,8,5),(1,7,5),(1,6,5),(1,5,5),(1,4,5),(1,3,5),(1,2,5),(0,2,5),(0,1,5),(0,0,5),(1,0,5),
11:(4,8,3),(5,8,3),(6,8,3),(7,8,3),(7,8,4),(7,8,5),
12:(1,7,0),(1,7,1),(1,6,1),(1,5,1),
13:(4,1,3),(5,1,3),(6,1,3),(6,1,4),(6,2,4),(6,3,4),(6,4,4),(6,5,4),(7,5,4),(7,6,4),
14:(7,8,2),(7,8,3),(7,7,3),(7,6,3),(7,5,3),(7,4,3),(7,4,4),(8,4,4),(8,4,5),(8,4,6),(8,4,7),(8,4,8),(8,3,8),(7,3,8),
15:(1,2,7),(2,2,7),(3,2,7),(4,2,7),(4,2,8),(4,3,8),(4,4,8),(4,5,8),(4,6,8),(4,7,8),
16:(1,1,2),(2,1,2),(3,1,2),(4,1,2),(4,1,1),(4,1,0),
17:(1,6,3),(2,6,3),(3,6,3),(4,6,3),(5,6,3),(6,6,3),(6,6,2),(7,6,2),(7,5,2),(7,4,2),
18:(7,6,1),(6,6,1),(5,6,1),(5,5,1),(5,5,2),(5,5,3),(5,5,4),(5,4,4),(5,3,4),(5,2,4),(5,1,4),(4,1,4),
19:(7,6,5),(6,6,5),(5,6,5),(4,6,5),(3,6,5),(2,6,5),(1,6,5),
20:(1,7,7),(2,7,7),(2,7,6),(3,7,6),(4,7,6),(5,7,6),(6,7,6),(6,7,5),(6,7,4),(6,7,3),(6,6,3),(6,5,3),(7,5,3),(7,4,3),
21:(1,6,2),(2,6,2),(3,6,2),(4,6,2),(4,7,2),(4,8,2),
22:(4,3,7),(3,3,7),(2,3,7),(2,3,6),(2,3,5),(2,4,5),(2,5,5),(2,6,5),(2,6,5),(2,6,4),(2,7,4),(2,8,4),(1,8,4),
23:(7,3,3),(6,3,3),(5,3,3),(4,3,3),(3,3,3),(2,3,3),(2,3,4),(2,2,4),(2,1,4),(2,1,5),(2,1,6),(1,1,6),
24:(7,3,6),(7,3,5),(7,2,5),(7,1,5),
25:(7,6,0),(6,6,0),(5,6,0),(5,6,1),(5,5,1),(5,4,1),(5,3,1),(5,2,1),(5,2,2),(5,2,3),(5,2,4),(5,2,5),(5,1,5),(5,0,5),(4,0,5),
26:(1,4,7),(1,4,6),(1,5,6),(1,6,6),(1,6,5),(1,7,5),(2,7,5),(2,7,4),(2,7,3),(3,7,3),(3,7,2),(3,7,1),(3,7,0),(4,7,0),
27:(4,8,5),(3,8,5),(3,8,4),(3,8,3),(3,8,3),(3,8,2),(3,7,2),(3,6,2),(3,6,2),(2,6,2),(1,6,2),(1,5,2),
28:(4,7,5),(3,7,5),(2,7,5),(1,7,5),(1,7,4),(2,7,4),(2,7,3),(2,6,3),(2,5,3),(2,5,2),(2,5,1),(2,4,1),(2,3,1),(2,3,0),(1,3,0),
29:(7,5,6),(6,5,6),(6,5,5),(6,5,4),(6,6,4),(6,7,4),(6,8,4),(5,8,4),(5,8,4),(5,8,3),(4,8,3),
30:(7,1,0),(6,1,0),(5,1,0),(5,1,1),(5,1,2),(5,1,3),(5,1,4),(5,1,5),(5,1,6),(5,1,7),(5,2,7),(4,2,7),(4,3,7),
31:(4,3,6),(3,3,6),(2,3,6),(2,4,6),(2,5,6),(2,5,5),(2,5,4),(2,6,4),(2,6,4),(2,7,4),(2,7,3),(2,8,3),(1,8,3),
32:(7,5,8),(6,5,8),(5,5,8),(4,5,8),(4,6,8),(4,7,8),(4,8,8),(4,8,7),
33:(1,7,2),(2,7,2),(2,7,3),(2,7,4),(2,7,5),(3,7,5),(3,7,6),(3,7,7),(3,6,7),(3,6,8),(3,5,8),(3,4,8),(3,3,8),(4,3,8),
34:(4,6,2),(4,6,3),(4,6,4),(4,5,4),(4,4,4),
35:(1,7,6),(2,7,6),(3,7,6),(4,7,6),(5,7,6),(6,7,6),(6,7,5),(6,7,4),(6,7,3),(6,7,2),(7,7,2),(7,7,1),(7,6,1),
36:(4,4,7),(4,4,6),(4,4,5),(4,4,5),(3,4,5),(3,4,5),(4,4,5),
37:(4,0,2),(3,0,2),(2,0,2),(1,0,2),(1,1,2),(1,2,2),(1,3,2),(1,4,2),(1,5,2),(1,5,3),
38:(1,7,4),(2,7,4),(3,7,4),(3,7,3),(3,6,3),(4,6,3),
39:(7,8,6),(6,8,6),(6,8,5),(5,8,5),(4,8,5),(3,8,5),(3,8,4),(3,8,3),(3,8,2),(2,8,2),(2,8,1),(1,8,1),(1,8,0),
40:(1,0,2),(2,0,2),(2,0,3),(3,0,3),(3,1,3),(3,2,3),(3,3,3),(3,4,3),(3,5,3),(3,6,3),(3,7,3),(4,7,3),
41:(1,4,2),(1,4,1),(1,3,1),(1,2,1),(1,1,1),(1,0,1),
42:(4,0,4),(3,0,4),(2,0,4),(2,0,5),(2,0,6),(2,0,7),(2,1,7),(2,2,7),(2,3,7),(2,4,7),(2,4,8),(1,4,8),
43:(4,6,7),(5,6,7),(6,6,7),(7,6,7),(7,6,6),(7,6,5),(7,5,5),(7,4,5),(7,3,5),
44:(4,7,2),(5,7,2),(6,7,2),(6,6,2),(6,6,3),(6,6,4),(6,6,5),(6,6,6),(6,5,6),(6,4,6),(6,3,6),(7,3,6),
45:(1,2,0),(1,1,0),
46:(4,5,4),(4,5,4),(4,5,4),(4,5,3),(4,5,4),
47:(7,1,4),(6,1,4),(5,1,4),(4,1,4),(3,1,4),(2,1,4),(1,1,4),(1,2,4),(1,3,4),
48:(7,8,4),(6,8,4),(5,8,4),(4,8,4),(3,8,4),(2,8,4),(2,8,5),(2,8,6),(2,7,6),(2,7,7),(2,6,7),(2,5,7),(2,4,7),(2,3,7),(2,2,7),(2,1,7),(2,0,7),(1,0,7),
49:(4,7,7),(3,7,7),(2,7,7),(1,7,7),
50:(4,2,7),(3,2,7),(3,2,6),(2,2,6),(2,2,5),(2,2,4),(2,2,3),(2,2,2),(2,2,1),(2,2,0),(2,3,0),(2,4,0),(2,5,0),(1,5,0),
51:(4,7,8),(5,7,8),(6,7,8),(6,6,8),(7,6,8),(7,5,8),(7,4,8),
52:(7,2,6),(6,2,6),(5,2,6),(5,3,6),(5,3,7),(4,3,7),(3,3,7),(2,3,7),(1,3,7),
53:(7,5,0),(6,5,0),(6,5,1),(6,5,2),(6,5,3),(6,5,3),(5,5,3),(5,5,4),(5,5,5),(4,5,5),(3,5,5),(2,5,5),(2,5,6),(2,4,6),(1,4,6),
54:(1,2,6),(2,2,6),(2,2,5),(2,2,4),(2,2,3),(2,2,2),(2,2,2),(3,2,2),(3,2,1),(3,2,0),(4,2,0),
55:(1,3,7),(1,3,8),(1,2,8),
56:(4,7,6),(5,7,6),(6,7,6),(6,7,5),(6,7,4),(6,7,3),(6,7,2),(6,6,2),(6,6,1),(6,5,1),(6,4,1),(6,3,1),(7,3,1),(7,2,1),
57:(1,5,6),(2,5,6),(3,5,6),(4,5,6),(5,5,6),(5,6,6),(6,6,6),(6,7,6),(6,7,5),(6,7,4),(6,7,3),(6,7,2),(7,7,2),(7,8,2),
58:(7,7,7),(6,7,7),(5,7,7),(5,7,6),(5,7,5),(4,7,5),(3,7,5),(2,7,5),(2,7,4),(2,7,3),(2,7,2),(2,7,1),(2,7,0),(2,6,0),(2,5,0),(2,4,0),(2,3,0),(2,2,0),(2,1,0),(2,0,0),(1,0,0),
59:(1,6,0),(2,6,0),(3,6,0),(4,6,0),(5,6,0),(6,6,0),(6,5,0),(6,4,0),(6,4,1),(6,3,1),(6,3,2),(6,2,2),(6,1,2),(6,1,3),(6,0,3),(7,0,3),
60:(7,8,5),(6,8,5),(5,8,5),(5,8,4),(4,8,4),(4,8,3),(4,7,3),(4,7,2),(4,7,1),(4,6,1),(4,5,1),(4,4,1),
61:(7,1,3),(6,1,3),(6,1,4),(5,1,4),(4,1,4),(3,1,4),(2,1,4),(2,1,5),(2,1,6),(1,1,6),(1,1,7),
62:(4,1,7),(4,0,7),(4,0,6),
63:(7,0,3),(6,0,3),(5,0,3),(5,0,4),(5,0,5),(5,1,5),(5,1,6),(5,2,6),(5,3,6),(5,4,6),(5,5,6),(5,6,6),(5,7,6),(5,8,6),(4,8,6),
64:(7,2,7),(6,2,7),(5,2,7),(5,2,6),(5,2,5),(4,2,5),(3,2,5),(2,2,5),(1,2,5),(1,2,4),(1,2,3),(0,2,3),(0,2,2),(0,2,1),(0,2,0),(1,2,0),
65:(4,0,7),(4,0,6),(4,0,5),(4,0,4),(4,0,3),(4,0,2),(4,0,1),(4,1,1),(3,1,1),(3,1,0),(3,2,0),(3,3,0),(3,4,0),(3,5,0),(3,6,0),(3,7,0),(3,8,0),(4,8,0),
66:(4,3,8),(3,3,8),(2,3,8),(2,2,8),(2,2,7),(2,2,6),(2,1,6),(2,0,6),(2,0,6),(2,0,5),(2,0,4),(2,0,3),(1,0,3),
67:(1,0,7),(2,0,7),(3,0,7),(4,0,7),(5,0,7),(6,0,7),(6,1,7),(6,1,6),(6,1,5),(6,2,5),(6,3,5),(6,3,4),(6,3,3),(6,4,3),(6,5,3),(7,5,3),
68:(7,6,8),(7,6,7),(7,6,6),(7,6,5),(7,6,4),(7,6,3),
69:(7,1,6),(7,1,5),(7,1,4),(7,1,3),(7,1,2),(7,1,1),
70:(4,6,4),(5,6,4),(6,6,4),(6,6,5),(6,6,6),(6,5,6),(6,4,6),(6,4,6),(6,4,6),(6,3,6),(7,3,6),(7,3,7),
71:(1,5,7),(1,6,7),(1,7,7),(1,8,7),
72:(1,3,8),(2,3,8),(2,4,8),(3,4,8),(4,4,8),(5,4,8),(6,4,8),(6,4,7),(6,4,7),(7,4,7),
73:(4,7,0),(4,6,0),(4,6,-1),(4,5,-1),(4,5,0),(4,4,0),
74:(1,2,2),(1,2,3),(1,2,4),(1,2,5),(1,2,5),(2,2,5),(2,2,6),(3,2,6),(3,2,7),(4,2,7),(4,2,8),
75:(1,4,8),(1,4,7),(1,4,6),(1,4,5),(1,3,5),(1,3,4),(1,2,4),(1,2,3),(0,2,3),(0,2,2),(0,1,2),(0,0,2),(1,0,2),
76:(1,0,0),(1,0,1),(1,0,2),(1,1,2),(1,2,2),(1,3,2),(1,4,2),(1,5,2),(1,5,3),(0,5,3),(0,5,4),(0,5,5),(1,5,5),
77:(4,0,3),(3,0,3),(3,0,4),(2,0,4),(2,0,5),(1,0,5),(1,1,5),
78:(1,6,8),(2,6,8),(3,6,8),(4,6,8),(5,6,8),(6,6,8),(6,6,7),(6,7,7),(6,7,6),(6,7,5),(6,7,4),(6,7,3),(6,7,2),(6,7,1),(6,7,0),(7,7,0),
79:(1,4,4),(2,4,4),(3,4,4),(3,5,4),(3,6,4),(2,6,4),(2,7,4),(2,8,4),(3,8,4),(4,8,4),
80:(1,1,8),(2,1,8),(3,1,8),(4,1,8),(5,1,8),(6,1,8),(6,2,8),(6,2,7),(6,3,7),(6,4,7),(6,5,7),(6,6,7),(7,6,7),
81:(1,3,3),(2,3,3),(3,3,3),(3,4,3),(4,4,3),(4,5,3),
82:(1,1,5),(2,1,5),(3,1,5),(4,1,5),(5,1,5),(6,1,5),(6,1,4),(6,1,3),(6,1,2),(6,1,1),(6,1,0),(6,2,0),(7,2,0),
83:(4,5,0),(5,5,0),(5,4,0),(6,4,0),(6,3,0),(7,3,0),
84:(4,7,3),(5,7,3),(6,7,3),(7,7,3),(7,7,2),(7,7,1),(7,6,1),(7,5,1),
85:(7,3,2),(6,3,2),(5,3,2),(4,3,2),(4,2,2),(4,1,2),
86:(7,3,8),(6,3,8),(5,3,8),(5,2,8),(5,2,7),(5,2,6),(5,2,5),(5,2,4),(5,2,3),(5,1,3),(5,1,2),(5,1,1),(4,1,1),
87:(1,2,5),(2,2,5),(3,2,5),(3,2,6),(3,2,7),(4,2,7),(4,2,8),(4,3,8),(4,4,8),
88:(4,0,8),(5,0,8),(6,0,8),(6,0,7),(6,0,6),(6,0,5),(6,1,5),(6,2,5),(6,3,5),(6,4,5),(7,4,5),(7,5,5),
89:(4,6,6),(3,6,6),(2,6,6),(2,6,5),(2,6,4),(2,5,4),(2,4,4),(2,3,4),(2,2,4),(2,1,4),(2,1,4),(2,0,4),(1,0,4),
90:(4,8,8),(4,8,7),(4,7,7),(4,6,7),(4,6,6),(4,6,5),(5,6,5),(5,6,4),(5,6,4),(4,6,4),
91:(4,6,5),(4,7,5),(4,7,5),(4,7,5),(4,6,5),(5,6,5),(5,7,5),(4,7,5),
92:(1,4,5),(2,4,5),(3,4,5),(3,4,6),(4,4,6),(5,4,6),(5,4,7),(5,4,8),(6,4,8),(6,3,8),(6,2,8),(6,1,8),(6,0,8),(7,0,8),
93:(4,4,6),(3,4,6),(3,3,6),(3,3,7),(3,3,8),(3,2,8),(3,1,8),(4,1,8),(4,0,8),
94:(4,0,0),(5,0,0),(6,0,0),(7,0,0),(7,0,1),(7,0,2),(7,0,3),(7,0,4),(7,1,4),(7,2,4),(7,3,4),(7,4,4),
95:(7,3,0),(6,3,0),(7,3,0),(7,2,0),(7,1,0),
96:(7,7,6),(6,7,6),(6,7,5),(5,7,5),(5,7,4),(5,7,3),(5,7,2),(5,7,1),(5,6,1),(5,5,1),(5,5,1),(4,5,1),
97:(4,8,4),(3,8,4),(2,8,4),(2,8,5),(2,8,6),(2,8,7),(2,8,8),(1,8,8),(1,7,8),(1,6,8),
98:(1,0,5),(2,0,5),(2,0,6),(3,0,6),(3,1,6),(4,1,6),
99:(7,1,1),(7,1,2),(7,1,3),(7,2,3),(7,2,4),(7,2,5),(7,2,6),(7,3,6),(7,4,6),(7,5,6),(7,6,6),(7,7,6),
100:(7,7,5),(6,7,5),(6,6,5),(6,5,5),(6,5,5),(5,5,5),(4,5,5),(3,5,5),(2,5,5),(2,5,4),(2,5,3),(2,5,2),(2,4,2),(1,4,2),
101:(1,8,6),(1,8,5),(1,8,4),(1,8,3),(1,7,3),
102:(1,0,4),(2,0,4),(2,1,4),(3,1,4),(3,2,4),(3,3,4),(4,3,4),(4,3,3),
103:(4,1,1),(4,1,0),(4,0,0),
104:(7,8,1),(6,8,1),(5,8,1),(5,7,1),(5,7,2),(5,6,2),(5,6,3),(5,5,3),(5,5,4),(5,5,5),(4,5,5),
105:(7,8,8),(7,7,8),(7,6,8),(7,5,8),(6,5,8),(6,4,8),(6,3,8),(6,2,8),(6,1,8),(6,1,7),(6,0,7),(5,0,7),(4,0,7),
106:(1,4,1),(2,4,1),(3,4,1),(3,3,1),(3,2,1),(3,2,1),(4,2,1),
107:(1,6,7),(2,6,7),(3,6,7),(3,6,6),(3,5,6),(4,5,6),(5,5,6),(5,5,5),(5,4,5),(5,4,5),(6,4,5),(6,4,5),(7,4,5),
108:(1,1,6),(1,2,6),(1,3,6),(1,4,6),(1,5,6),
109:(7,6,3),(6,6,3),(5,6,3),(5,6,2),(5,6,1),(4,6,1),(4,6,0),
110:(1,6,1),(2,6,1),(2,5,1),(3,5,1),(4,5,1),(5,5,1),(5,5,2),(6,5,2),(6,5,3),(6,4,3),(6,3,3),(6,2,3),(6,2,4),(6,2,5),(6,2,6),(6,1,6),(7,1,6),
111:(4,2,0),(5,2,0),(6,2,0),(6,2,1),(6,3,1),(6,4,1),(6,5,1),(6,6,1),(7,6,1),(7,6,2),
112:(7,8,3),(7,7,3),(7,6,3),(7,5,3),(7,5,4),(7,5,5),(7,4,5),(7,3,5),(8,3,5),(8,3,6),(8,3,7),(8,3,8),(7,3,8),(7,2,8),
113:(4,3,3),(4,4,3),(4,5,3),(3,5,3),(2,5,3),(1,5,3),(1,5,3),(1,5,3),(1,6,3),
114:(7,4,5),(6,4,5),(5,4,5),(5,3,5),(5,3,5),(4,3,5),
115:(1,8,3),(1,7,3),(1,6,3),(1,5,3),(1,4,3),(2,4,3),(2,3,3),(2,2,3),(3,2,3),(3,2,3),(4,2,3),(5,2,3),(6,2,3),(6,2,3),(7,2,3),
116:(1,4,6),(2,4,6),(3,4,6),(4,4,6),(5,4,6),(6,4,6),(7,4,6),(7,5,6),(7,5,5),(7,5,4),
117:(4,5,8),(3,5,8),(2,5,8),(2,4,8),(2,3,8),(2,2,8),(2,1,8),(1,1,8),(1,0,8),
118:(1,1,1),(1,1,2),(1,2,2),(1,3,2),(1,4,2),(1,5,2),(1,6,2),(0,6,2),(0,6,3),(0,6,4),(1,6,4),
119:(1,5,5),(1,5,6),(1,5,7),(1,4,7),(1,4,7),(1,3,7),(1,2,7),
120:(7,2,0),(7,3,0),(7,4,0),
121:(4,4,8),(5,4,8),(5,4,7),(5,4,6),(5,4,5),(5,4,4),(5,4,3),(6,4,3),(6,4,2),(6,4,1),(7,4,1),
122:(4,7,4),(3,7,4),(3,7,5),(2,7,5),(1,7,5),(1,8,5),
123:(7,7,3),(7,7,2),(7,6,2),(7,5,2),(7,4,2),(7,3,2),(7,2,2),
124:(4,1,0),(4,2,0),(4,3,0),(4,3,1),(4,4,1),(4,5,1),(4,5,0),
125:(7,2,2),(6,2,2),(6,2,2),(6,3,2),(6,4,2),(5,4,2),(5,4,2),(5,5,2),(5,6,2),(5,7,2),(4,7,2),
126:(1,7,3),(2,7,3),(3,7,3),(3,6,3),(3,5,3),(3,5,2),(3,5,1),(3,4,1),(3,3,1),(3,2,1),(3,1,1),(4,1,1),(4,0,1),
127:(7,1,5),(6,1,5),(5,1,5),(5,2,5),(5,2,4),(5,2,3),(5,2,2),(5,3,2),(5,4,2),(5,5,2),(5,6,2),(5,6,1),(5,6,1),(4,6,1),
128:(4,1,6),(5,1,6),(6,1,6),(6,1,5),(6,1,4),(6,2,4),(6,2,3),(6,2,2),(6,2,1),(6,2,0),(6,3,0),(6,4,0),(6,5,0),(6,6,0),(7,6,0),
129:(1,6,5),(2,6,5),(3,6,5),(3,7,5),(3,7,6),(3,7,6),(4,7,6),
130:(4,2,5),(4,3,5),(3,3,5),(3,4,5),(3,5,5),(3,6,5),(3,6,5),(3,7,5),(3,8,5),(4,8,5),
131:(4,8,0),(3,8,0),(2,8,0),(1,8,0),(1,7,0),
132:(1,7,8),(1,6,8),(1,5,8),(1,4,8),(1,3,8),(1,3,8),(1,3,7),(1,3,6),
133:(4,4,1),(3,4,1),(3,4,2),(2,4,2),(2,4,3),(2,4,4),(2,4,5),(1,4,5),(1,4,5),(1,3,5),
134:(7,8,0),(7,8,1),(7,8,2),(7,7,2),(7,6,2),(7,5,2),(7,5,3),(7,5,4),(8,5,4),(8,5,5),(8,5,6),(8,4,6),(8,3,6),(8,2,6),(8,1,6),(7,1,6),(7,0,6),
135:(7,3,4),(6,3,4),(5,3,4),(5,3,3),(4,3,3),(3,3,3),(3,3,2),(2,3,2),(2,2,2),(2,2,2),(1,2,2),
136:(1,2,4),(2,2,4),(3,2,4),(4,2,4),(4,2,3),(4,3,3),(4,4,3),(4,4,2),(4,5,2),
137:(1,1,0),(1,1,1),(1,1,2),(1,1,3),(1,1,4),(1,1,4),(1,0,4),(1,0,4),(1,1,4),
138:(1,2,8),(1,2,7),(1,2,6),(1,1,6),(1,0,6),
139:(1,3,5),(1,2,5),(1,1,5),(2,1,5),(3,1,5),(3,1,6),(3,1,7),(3,1,7),(3,1,8),(4,1,8),
140:(4,3,0),(4,4,0),(4,5,0),(4,5,1),(4,5,2),(4,6,2),
141:(4,2,3),(5,2,3),(6,2,3),(6,2,4),(6,3,4),(6,3,5),(6,4,5),(6,5,5),(6,6,5),(6,6,6),(6,6,7),(6,7,7),(6,8,7),(7,8,7),
142:(7,2,8),(6,2,8),(5,2,8),(4,2,8),(3,2,8),(3,2,7),(2,2,7),(2,2,6),(2,2,5),(2,2,4),(2,2,3),(2,2,2),(2,3,2),(2,4,2),(2,5,2),(2,6,2),(1,6,2),
143:(1,3,1),(2,3,1),(2,3,2),(2,3,3),(2,3,4),(2,3,5),(3,3,5),(3,3,4),(4,3,4),(5,3,4),(5,3,5),(6,3,5),(6,3,6),(6,4,6),(6,5,6),(7,5,6),
144:(1,5,0),(1,5,1),(1,5,2),(1,6,2),(1,6,3),(1,6,4),(1,7,4),(1,7,5),(1,7,6),(1,8,6),
145:(4,5,7),(4,5,6),(4,4,6),(4,3,6),(3,3,6),(3,3,5),(3,3,4),(3,3,3),(3,3,2),(3,3,1),(4,3,1),(4,3,0),
146:(7,0,1),(7,0,2),(7,0,3),(7,0,4),(7,1,4),(7,2,4),(7,2,5),(7,2,6),(7,2,7),(7,2,8),(7,2,9),(7,3,9),(7,4,9),(7,5,9),(7,6,9),(7,6,8),
147:(7,4,1),(6,4,1),(5,4,1),(4,4,1),(3,4,1),(2,4,1),(2,5,1),(2,5,0),(2,6,0),(2,6,0),(2,6,0),(1,6,0),
148:(1,3,0),(1,3,1),(1,3,2),(1,4,2),(1,5,2),(1,6,2),(1,6,3),(1,6,4),(1,7,4),
149:(1,8,1),(1,8,2),(1,8,3),(1,7,3),(0,7,3),(0,7,4),(0,7,5),(0,7,6),(0,6,6),(1,6,6),
150:(7,5,5),(6,5,5),(5,5,5),(5,5,6),(5,5,7),(4,5,7),(3,5,7),(2,5,7),(1,5,7),(1,4,7),
151:(7,1,2),(7,2,2),(7,2,1),(7,3,1),(7,4,1),(7,5,1),(8,5,1),(8,6,1),(8,7,1),(7,7,1),(7,8,1),
152:(4,0,6),(4,1,6),(4,2,6),
153:(7,0,7),(7,1,7),(7,2,7),(7,3,7),(7,3,6),(7,3,5),(8,3,5),(8,3,4),(8,3,3),(8,3,2),(8,4,2),(8,5,2),(8,6,2),(8,7,2),(7,7,2),
154:(7,5,1),(6,5,1),(5,5,1),(5,5,2),(5,5,3),(5,5,4),(5,5,5),(5,4,5),(5,4,6),(5,4,7),(5,4,8),(5,5,8),(4,5,8),
155:(7,4,4),(7,5,4),(7,6,4),(7,7,4),(7,7,3),
156:(1,6,6),(1,6,6),(1,6,7),
157:(7,1,8),(6,1,8),(6,1,7),(6,1,6),(6,1,5),(6,1,4),(6,1,3),(6,2,3),(6,2,3),(6,2,3),(5,2,3),(5,2,4),(5,2,3),(4,2,3),
158:(7,7,4),(6,7,4),(6,7,4),(6,7,3),(6,7,2),(6,6,2),(6,5,2),(6,4,2),(6,3,2),(5,3,2),(5,2,2),(5,1,2),(5,0,2),(4,0,2),
159:(4,8,7),(5,8,7),(6,8,7),(6,7,7),(6,6,7),(6,5,7),(6,5,8),(6,4,8),(6,3,8),(7,3,8),(7,2,8),(7,1,8),
160:(4,3,4),(3,3,4),(2,3,4),(2,4,4),(2,4,5),(2,4,6),(2,5,6),(2,5,6),(2,5,7),(2,5,7),(1,5,7),
161:(7,3,1),(6,3,1),(6,3,2),(6,3,3),(5,3,3),(5,3,3),(4,3,3),(5,3,3),(5,4,3),(4,4,3),
162:(4,4,2),(3,4,2),(2,4,2),(2,5,2),(2,6,2),(2,7,2),(2,8,2),(1,8,2),
163:(7,6,7),(6,6,7),(6,6,8),(5,6,8),(5,5,8),(4,5,8),(3,5,8),(2,5,8),(2,4,8),(2,3,8),(2,2,8),(2,1,8),(1,1,8),
164:(7,0,5),(6,0,5),(6,1,5),(6,2,5),(6,3,5),(6,4,5),(6,5,5),(6,6,5),(5,6,5),(4,6,5),
165:(7,3,5),(7,2,5),(7,1,5),(7,0,5),
166:(4,1,2),(5,1,2),(6,1,2),(6,2,2),(6,2,3),(6,3,3),(6,3,4),(6,3,5),(6,3,6),(6,3,7),(6,3,8),(6,4,8),(6,5,8),(6,5,8),(7,5,8),
167:(1,7,1),(2,7,1),(2,7,2),(2,7,3),(2,7,4),(2,7,5),(2,7,6),(3,7,6),(3,7,7),(3,6,7),(3,5,7),(3,4,7),(3,3,7),(3,2,7),(4,2,7),
168:(7,4,2),(6,4,2),(5,4,2),(5,4,3),(5,4,4),(5,3,4),(5,3,5),(5,2,5),(4,2,5),(3,2,5),(2,2,5),(1,2,5),
169:(4,5,6),(3,5,6),(3,5,5),(2,5,5),(2,5,4),(2,5,3),(2,4,3),(2,3,3),(2,3,2),(2,3,2),(2,3,2),(1,3,2),
170:(4,4,5),(4,4,4),(4,4,4),(3,4,4),(2,4,4),(2,3,4),(1,3,4),(1,3,3),(1,3,2),(1,3,1),(1,4,1),
171:(1,5,4),(1,4,4),(1,3,4),(1,2,4),(2,2,4),(3,2,4),(3,2,4),(4,2,4),(5,2,4),(6,2,4),(6,2,4),(6,2,4),(7,2,4),
172:(4,2,8),(4,2,7),(4,2,7),(5,2,7),(6,2,7),(6,2,6),(6,2,5),(7,2,5),
173:(1,1,4),(2,1,4),(3,1,4),(3,1,5),(3,2,5),(3,2,6),(3,2,7),(4,2,7),(5,2,7),(6,2,7),(6,2,7),(5,2,7),(6,2,7),(7,2,7),
174:(7,5,2),(6,5,2),(5,5,2),(5,4,2),(5,3,2),(5,2,2),(5,1,2),(5,1,3),(5,0,3),(4,0,3),
175:(7,4,0),(6,4,0),(6,3,0),(6,2,0),(6,1,0),(6,0,0),(7,0,0),
176:(1,5,8),(2,5,8),(2,5,7),(3,5,7),(3,5,7),(3,5,6),(4,5,6),
177:(1,0,3),(1,0,4),(1,1,4),(0,1,4),(0,2,4),(0,3,4),(0,4,4),(0,5,4),(0,5,4),(1,5,4),
178:(7,0,4),(7,1,4),(7,2,4),(7,3,4),(7,4,4),(7,5,4),(7,6,4),(8,6,4),(8,6,3),(8,6,2),(8,6,1),(7,6,1),(7,6,0),(7,7,0),(7,8,0),
179:(1,8,2),(1,7,2),(1,7,1),(1,7,1),(1,6,1),
180:(1,0,1),(2,0,1),(3,0,1),(4,0,1),(5,0,1),(6,0,1),(7,0,1),(7,0,2),(7,1,2),
181:(1,4,0),(2,4,0),(3,4,0),(3,4,1),(3,5,1),(3,6,1),(4,6,1),(4,7,1),(4,8,1),
182:(7,7,2),(7,8,2),(7,8,3),(7,8,4),(7,8,5),(6,8,5),(6,8,6),(6,8,7),(7,8,7),(7,8,8),
183:(4,5,1),(4,4,1),(4,3,1),(4,2,1),(4,2,1),(4,2,2),(4,2,3),(4,1,3),
184:(7,4,6),(6,4,6),(5,4,6),(5,4,5),(5,5,5),(4,5,5),(3,5,5),(2,5,5),(2,5,4),(2,5,3),(2,6,3),(2,6,2),(2,6,1),(2,7,1),(2,8,1),(1,8,1),
185:(7,2,4),(7,2,3),(7,3,3),
186:(7,4,3),(7,4,4),(7,5,4),(7,5,5),(7,6,5),(7,6,4),(7,7,4),
187:(7,0,0),(6,0,0),(6,1,0),(5,1,0),(4,1,0),(3,1,0),(2,1,0),(2,2,0),(1,2,0),(1,2,0),(1,2,1),
188:(7,3,7),(7,3,6),(7,3,5),(7,4,5),(7,5,5),(6,5,5),(6,5,4),(6,5,3),(6,6,3),(6,6,2),(6,6,1),(6,7,1),(6,7,1),(7,7,1),
189:(4,8,1),(5,8,1),(5,8,2),(5,8,3),(5,8,4),(5,8,5),(5,8,6),(5,7,6),(5,6,6),(5,6,6),(6,6,6),(6,6,6),(7,6,6),
190:(7,8,7),(7,8,8),(7,7,8),
191:(7,2,3),(6,2,3),(6,2,4),(5,2,4),(4,2,4),(4,2,4),(4,2,5),(3,2,5),(3,2,4),(4,2,4),
192:(4,6,8),(5,6,8),(5,6,7),(6,6,7),(7,6,7),(7,6,6),(7,6,5),(7,7,5),
193:(7,4,8),(7,3,8),(7,2,8),(7,1,8),(7,1,7),
194:(4,2,2),(4,2,3),(4,1,3),(3,1,3),(2,1,3),(1,1,3),
195:(4,8,2),(4,8,3),(4,8,4),(4,8,5),(4,8,6),(4,8,7),(4,8,7),(4,7,7),(4,6,7),
196:(4,1,8),(5,1,8),(6,1,8),(6,1,7),(6,1,6),(7,1,6),(8,1,6),(8,1,5),(8,1,4),(7,1,4),
197:(1,2,1),(2,2,1),(3,2,1),(3,2,2),(3,1,2),(3,1,2),(3,1,3),(3,1,4),(4,1,4),(4,1,5),
198:(4,5,3),(3,5,3),(2,5,3),(2,4,3),(2,3,3),(2,3,2),(2,3,1),(2,2,1),(2,1,1),(2,1,1),(1,1,1),
199:(7,0,6),(6,0,6),(5,0,6),(5,0,7),(5,0,8),(4,0,8),(3,0,8),(3,1,8),(3,2,8),(3,3,8),(3,4,8),(2,4,8),(2,5,8),(1,5,8),
200:(7,4,7),(7,4,6),(7,3,6),(7,2,6),(7,1,6),(7,0,6),(6,0,6),(6,0,5),(6,0,4),(6,0,3),(7,0,3),(7,0,2),
201:(7,0,8),(6,0,8),(6,0,7),(6,0,6),(5,0,6),(5,0,5),(4,0,5),(3,0,5),(2,0,5),(2,0,4),(2,0,3),(2,1,3),(2,2,3),(1,2,3),
202:(1,8,8),(2,8,8),(3,8,8),(4,8,8),(5,8,8),(6,8,8),(6,7,8),(6,6,8),(6,6,7),(6,5,7),(6,5,6),(6,5,5),(6,5,4),(6,4,4),(6,3,4),(7,3,4),
203:(7,6,2),(7,6,3),(7,5,3),(7,4,3),(8,4,3),(8,3,3),(8,2,3),(7,2,3),(7,2,3),(7,1,3),
204:(4,4,4),(5,4,4),(5,4,4),(4,4,4),(4,4,5),(4,4,6),
205:(4,4,0),(3,4,0),(3,3,0),(2,3,0),(1,3,0),(1,3,1),(0,3,1),(0,3,2),(0,3,3),(1,3,3),
206:(1,8,7),(2,8,7),(3,8,7),(3,7,7),(3,6,7),(3,5,7),(3,4,7),(4,4,7),(5,4,7),(5,3,7),(6,3,7),(6,2,7),(6,1,7),(6,0,7),(7,0,7),
207:(4,1,4),(5,1,4),(5,1,3),(6,1,3),(6,1,2),(6,1,1),(6,1,0),(6,2,0),(6,3,0),(6,4,0),(6,5,0),(7,5,0),
208:(7,5,4),(7,5,3),(7,5,2),(7,4,2),(7,3,2),(7,3,1),(7,2,1),(6,2,1),(6,1,1),(6,0,1),(7,0,1),
209:(7,7,8),(6,7,8),(6,7,7),(6,7,6),(6,7,5),(5,7,5),(5,7,4),(5,7,3),(5,7,2),(5,7,1),(5,6,1),(5,5,1),(5,4,1),(5,3,1),(4,3,1),
210:(4,2,4),(3,2,4),(3,3,4),(3,3,3),(3,3,2),(3,3,1),(3,3,0),(2,3,0),(1,3,0),(1,4,0),
211:(4,6,0),(3,6,0),(3,6,1),(3,7,1),(3,7,2),(3,7,3),(3,7,4),(3,7,4),(3,7,5),(2,7,5),(2,7,6),(2,7,7),(2,7,8),(1,7,8),
212:(4,1,5),(4,1,4),(4,1,4),(4,1,3),(5,1,3),(6,1,3),(6,1,2),(6,1,2),(6,2,2),(6,3,2),(6,4,2),(6,5,2),(7,5,2),
213:(4,4,3),(4,4,2),(4,3,2),(4,4,2),(4,3,2),
214:(1,5,3),(1,5,4),(1,4,4),
215:(7,5,3),(7,4,3),(7,4,3),(6,4,3),(6,3,3),(6,3,2),(6,3,2),(7,3,2),
216:(1,1,7),(2,1,7),(3,1,7),(3,1,6),(4,1,6),(5,1,6),(6,1,6),(6,2,6),(6,2,5),(6,3,5),(6,3,4),(6,3,3),(6,3,2),(6,3,1),(7,3,1),
217:(4,5,5),(4,4,5),(4,3,5),(4,3,5),(4,3,6),
218:(1,7,5),(2,7,5),(2,7,4),(3,7,4),(3,7,4),(3,6,4),(3,5,4),(3,4,4),(3,3,4),(3,3,4),(4,3,4),
219:(4,8,6),(5,8,6),(6,8,6),(7,8,6),
220:(7,2,1),(6,2,1),(5,2,1),(5,3,1),(4,3,1),(4,4,1),(3,4,1),(3,4,2),(3,4,3),(3,4,4),(3,4,5),(2,4,5),(2,4,5),(1,4,5),
221:(4,3,5),(4,3,6),(4,3,7),(4,3,7),(4,2,7),(4,1,7),
222:(4,5,2),(3,5,2),(2,5,2),(2,5,1),(2,4,1),(2,3,1),(2,2,1),(2,1,1),(2,1,2),(2,1,2),(1,1,2),
223:(1,6,4),(2,6,4),(3,6,4),(4,6,4),(4,7,4),
224:(4,2,6),(5,2,6),(5,3,6),(5,3,7),(5,4,7),(5,5,7),(5,6,7),(5,7,7),(5,7,7),(4,7,7),
225:(4,0,1),(4,0,2),(4,0,3),(5,0,3),(5,0,4),(5,1,4),(5,1,5),(5,1,6),(5,1,7),(5,1,8),(5,2,8),(5,3,8),(5,4,8),(5,5,8),(5,6,8),(5,7,8),(5,8,8),(4,8,8),
226:(1,0,8),(1,0,7),(1,1,7),(1,1,7),(1,1,6),(1,2,6),
227:(1,8,0),(2,8,0),(2,8,1),(3,8,1),(3,8,2),(3,7,2),(3,6,2),(3,5,2),(3,4,2),(3,4,3),(3,3,3),(3,2,3),(3,2,4),(3,2,5),(4,2,5),
228:(1,5,2),(1,6,2),(1,7,2),(2,7,2),(2,7,3),(2,8,3),(3,8,3),(4,8,3),(5,8,3),(6,8,3),(7,8,3),
229:(1,3,4),(1,3,5),(1,4,5),(0,4,5),(0,4,6),(0,5,6),(0,6,6),(1,6,6),(1,6,6),(1,7,6),
230:(1,1,3),(2,1,3),(2,1,2),(2,2,2),(2,3,2),(2,4,2),(2,4,2),(2,5,2),(3,5,2),(3,4,2),(4,4,2),
231:(7,6,6),(6,6,6),(5,6,6),(5,6,7),(5,6,7),(4,6,7),(4,5,7),(3,5,7),(3,5,7),(3,5,7),(4,5,7),
232:(1,3,6),(2,3,6),(2,4,6),(2,5,6),(2,6,6),(3,6,6),(4,6,6),(5,6,6),(6,6,6),(7,6,6),(7,6,7),(7,7,7),
233:(7,7,0),(6,7,0),(5,7,0),(4,7,0),(3,7,0),(2,7,0),(2,7,1),(2,7,2),(2,6,2),(2,6,3),(2,6,4),(2,5,4),(2,4,4),(2,3,4),(2,2,4),(1,2,4),
234:(7,2,5),(6,2,5),(5,2,5),(4,2,5),(4,1,5),(4,1,4),(4,0,4),
235:(7,5,7),
236:(1,8,4),(2,8,4),(2,8,3),(2,8,2),(2,8,1),(3,8,1),(3,7,1),(3,7,1),(3,7,1),(4,7,1),
237:(7,6,4),(6,6,4),(6,6,3),(5,6,3),(5,7,3),(4,7,3),(3,7,3),(3,7,3),(3,7,4),(3,7,5),(2,7,5),(1,7,5),
238:(7,7,1),(6,7,1),(5,7,1),(4,7,1),(3,7,1),(2,7,1),(2,7,2),(2,8,2),(2,8,3),(2,8,4),(2,8,5),(2,8,6),(2,8,7),(2,8,8),(1,8,8),
239:(4,3,2),(4,3,3),(4,3,4),(5,3,4),(5,3,4),(5,3,5),(6,3,5),(6,3,6),(7,3,6),(7,3,6),(7,2,6),
240:(1,3,2),(2,3,2),(2,3,3),(2,3,4),(3,3,4),(4,3,4),(5,3,4),(6,3,4),(6,2,4),(6,1,4),(6,0,4),(7,0,4),
241:(4,6,3),(4,5,3),(4,5,2),(3,5,2),(3,4,2),(3,3,2),(3,2,2),(4,2,2),
242:(4,2,1),(5,2,1),(5,3,1),(6,3,1),(6,3,2),(6,4,2),(6,4,3),(6,4,4),(6,4,5),(6,5,5),(6,6,5),(7,6,5),
