soc=2306
lb_soc=1352
makespan=20
lb_makespan=14
comp_time=11586
highLevelExpanded=76
lowLevelExpanded=21681
solution=
0:(4,1,4),(4,1,3),(4,1,2),(4,1,1),(4,1,0),(4,2,0),(4,3,0),
1:(1,4,5),(1,4,4),(1,4,3),(1,4,2),(1,3,2),(1,2,2),
2:(1,6,2),(1,6,3),(0,6,3),(0,6,4),(0,6,4),(0,6,5),(0,6,6),(1,6,6),
3:(1,1,0),(2,1,0),(3,1,0),(3,2,0),(3,2,1),(3,3,1),(3,3,2),(3,3,3),(3,3,4),(3,3,5),(3,4,5),(4,4,5),
4:(7,5,6),(6,5,6),(5,5,6),(5,4,6),(5,4,5),(5,3,5),(5,3,5),(5,2,5),(4,2,5),
5:(7,4,3),(6,4,3),(5,4,3),(4,4,3),(3,4,3),(2,4,3),(2,4,2),(2,3,2),(2,3,1),(2,3,0),(2,2,0),(2,1,0),(1,1,0),
6:(1,7,1),(1,6,1),(1,5,1),(1,4,1),(1,3,1),(1,2,1),(1,1,1),(1,0,1),
7:(4,4,3),(5,4,3),(5,4,2),(6,4,2),(7,4,2),(7,4,1),(7,3,1),(7,2,1),(7,1,1),
8:(1,8,1),(1,7,1),(1,6,1),(1,5,1),(1,4,1),
9:(4,5,5),(4,5,6),(4,5,7),(4,5,8),(4,4,8),(4,3,8),(4,2,8),(3,2,8),(3,1,8),(3,0,8),(4,0,8),
10:(4,2,6),(5,2,6),(6,2,6),(6,2,5),(6,3,5),(6,3,4),(6,3,3),(6,3,2),(6,3,1),(6,3,0),(7,3,0),
11:(7,5,5),(6,5,5),(6,5,4),(6,5,3),(5,5,3),(4,5,3),(4,5,2),(4,6,2),(4,7,2),
12:(4,8,7),(4,8,6),(4,8,5),(4,8,4),(4,8,3),(4,8,2),(4,8,1),(4,8,0),(4,7,0),(4,6,0),
13:(4,4,5),(4,4,4),(4,4,3),(4,5,3),(4,6,3),(4,7,3),(4,8,3),
14:(7,6,1),(7,6,2),(7,6,3),(7,6,4),(7,6,5),(7,6,6),(7,6,7),
15:(1,6,8),(2,6,8),(2,6,7),(2,6,6),(2,6,5),(2,6,4),(2,7,4),(2,7,3),(2,7,2),(3,7,2),(3,7,1),(3,7,0),(3,7,-1),(4,7,-1),(5,7,-1),(6,7,-1),(7,7,-1),(7,7,0),
16:(4,6,8),(4,6,7),(4,6,6),(4,6,5),(4,6,4),(4,6,3),(4,6,2),(4,6,1),
17:(4,8,0),(4,8,1),(4,8,2),(4,8,3),(4,7,3),(4,7,4),(4,7,5),(3,7,5),(3,7,6),(3,7,7),(4,7,7),
18:(4,4,6),(3,4,6),(3,4,5),(3,4,4),(3,5,4),(3,6,4),(2,6,4),(2,7,4),(2,8,4),(2,8,3),(2,8,2),(2,8,1),(1,8,1),
19:(1,5,4),(1,5,5),(1,5,6),(1,5,7),
20:(1,2,2),(1,2,3),(1,3,3),
21:(1,5,8),(2,5,8),(3,5,8),(3,5,7),(4,5,7),(5,5,7),(5,5,6),(5,4,6),(5,4,5),(6,4,5),(6,3,5),(6,2,5),(7,2,5),
22:(1,2,4),(1,1,4),
23:(4,6,0),(5,6,0),(6,6,0),(7,6,0),(7,5,0),(7,4,0),(7,3,0),(7,2,0),(7,1,0),
24:(4,3,2),(4,3,1),(4,3,0),(4,4,0),
25:(7,0,5),(6,0,5),(5,0,5),(4,0,5),(3,0,5),(3,0,6),(3,1,6),(3,2,6),(2,2,6),(2,3,6),(2,4,6),(2,5,6),(2,6,6),(2,6,7),(2,6,8),(2,7,8),(1,7,8),
26:(1,7,2),(2,7,2),(3,7,2),(4,7,2),(5,7,2),(6,7,2),(6,7,3),(6,7,4),(6,7,5),(6,6,5),(6,5,5),(6,4,5),(6,3,5),(6,2,5),(6,1,5),(7,1,5),
27:(4,1,3),(3,1,3),(2,1,3),(1,1,3),
28:(1,5,7),(1,5,6),(1,6,6),(1,6,5),
29:(7,0,1),(6,0,1),(5,0,1),(4,0,1),(3,0,1),(2,0,1),(2,1,1),(2,1,2),(2,2,2),(2,3,2),(2,4,2),(1,4,2),
30:(7,6,0),(6,6,0),(6,6,1),(5,6,1),(5,6,2),(5,6,3),(5,6,4),(5,6,5),(5,5,5),(4,5,5),(4,5,4),
31:(4,8,8),(4,8,7),(4,8,6),(4,8,5),(4,8,4),(4,8,4),(4,7,4),(4,7,3),(4,6,3),(5,6,3),(5,5,3),(5,4,3),(6,4,3),(6,3,3),(6,2,3),(6,1,3),(6,0,3),(7,0,3),
32:(7,6,5),(6,6,5),(5,6,5),(5,6,6),(4,6,6),(3,6,6),(2,6,6),(2,6,7),(1,6,7),
33:(7,0,8),(7,0,7),(7,0,6),(7,1,6),(7,2,6),(7,3,6),(7,4,6),(6,4,6),(6,4,5),(6,4,4),(6,4,3),(6,5,3),(6,6,3),(6,7,3),(6,8,3),(7,8,3),
34:(7,1,6),(6,1,6),(5,1,6),(4,1,6),(3,1,6),(2,1,6),(2,2,6),(2,2,5),(2,2,4),(2,3,4),(2,4,4),(2,5,4),(2,5,3),(1,5,3),(1,6,3),
35:(7,8,6),(7,8,5),(7,8,4),(7,8,3),(6,8,3),(6,8,2),(6,8,1),(6,8,0),(6,7,0),(6,6,0),(6,5,0),(6,4,0),(6,3,0),(6,2,0),(5,2,0),(4,2,0),
36:(4,1,5),(4,2,5),(5,2,5),(5,2,6),(4,2,6),(4,3,6),(4,3,7),(4,4,7),(4,5,7),
37:(1,2,7),(2,2,7),(3,2,7),(3,2,6),(3,2,5),(3,2,4),(3,2,3),(3,2,2),(3,2,1),(3,2,0),(3,3,0),(3,4,0),(3,5,0),(4,5,0),
38:(7,4,2),(6,4,2),(6,4,3),(5,4,3),(4,4,3),
39:(4,8,3),(5,8,3),(6,8,3),(6,8,4),(6,8,5),(6,8,6),(6,7,6),(6,6,6),(6,5,6),(5,5,6),(6,5,6),(6,4,6),(6,3,6),(6,2,6),(6,1,6),(6,0,6),(7,0,6),
40:(1,1,8),(2,1,8),(3,1,8),(4,1,8),
41:(4,5,2),(5,5,2),(6,5,2),(7,5,2),(7,5,3),(7,5,4),
42:(4,1,8),(3,1,8),(3,2,8),(2,2,8),(1,2,8),(1,3,8),(1,4,8),(1,5,8),
43:(1,8,5),(1,7,5),(1,6,5),(1,5,5),(1,5,4),(0,5,4),(0,4,4),(0,3,4),(0,2,4),(0,2,4),(1,2,4),
44:(1,3,2),(2,3,2),(3,3,2),(4,3,2),(5,3,2),(6,3,2),(6,4,2),(7,4,2),(7,5,2),(7,5,3),
45:(7,8,2),(6,8,2),(5,8,2),(5,8,3),(5,8,4),(5,8,5),(5,8,6),(5,8,7),(4,8,7),
46:(1,6,7),(2,6,7),(3,6,7),(4,6,7),(5,6,7),(6,6,7),(6,6,6),(7,6,6),(7,6,5),(7,7,5),
47:(1,1,6),(0,1,6),(0,1,5),(0,1,4),(0,1,3),(0,2,3),(1,2,3),
48:(1,0,5),(2,0,5),(3,0,5),(3,0,4),(4,0,4),(4,0,3),(4,0,2),(4,0,1),
49:(7,5,3),(6,5,3),(5,5,3),(5,5,2),(4,5,2),(3,5,2),(2,5,2),(1,5,2),(1,6,2),(1,7,2),
50:(1,0,0),(2,0,0),(3,0,0),(4,0,0),(5,0,0),(6,0,0),(6,1,0),(6,2,0),(6,3,0),(7,3,0),(7,4,0),
51:(7,0,4),(7,0,3),(7,1,3),(7,2,3),
52:(1,3,6),(1,3,5),(1,3,4),(1,4,4),(1,4,3),(1,5,3),(1,6,3),(1,7,3),(2,7,3),(2,7,2),(2,7,1),(2,7,1),(1,7,1),
53:(4,7,0),(3,7,0),(2,7,0),(1,7,0),(1,7,1),(1,7,2),(1,7,3),(1,8,3),
54:(1,6,4),(2,6,4),(3,6,4),(4,6,4),(5,6,4),(6,6,4),(7,6,4),(7,6,3),(7,6,2),(7,7,2),
55:(1,3,3),(2,3,3),(3,3,3),(4,3,3),(5,3,3),(6,3,3),(6,3,2),(6,3,1),(6,2,1),(6,2,0),(6,1,0),(6,0,0),(7,0,0),
56:(7,8,4),(7,7,4),(7,6,4),(7,5,4),(7,4,4),(7,3,4),
57:(7,1,0),(6,1,0),(5,1,0),(4,1,0),(3,1,0),(3,1,1),(3,1,2),(3,1,3),(2,1,3),(2,1,4),(2,1,5),(2,1,6),(2,1,7),(2,2,7),(2,3,7),(2,4,7),(2,5,7),(2,6,7),(2,7,7),(2,8,7),(1,8,7),
58:(4,4,4),(4,5,4),(4,5,5),(4,4,5),(4,4,6),(4,5,6),(4,6,6),(4,6,7),(4,6,8),
59:(4,2,4),(3,2,4),(2,2,4),(2,2,5),(2,3,5),(2,3,6),(1,3,6),(1,3,7),(1,4,7),
60:(4,7,4),(5,7,4),(6,7,4),(7,7,4),(7,7,5),(7,7,6),(7,6,6),(7,5,6),
61:(7,8,0),(6,8,0),(5,8,0),(5,8,1),(5,8,2),(5,8,3),(5,7,3),(5,7,3),(5,6,3),(5,6,4),(5,6,5),(5,5,5),(4,5,5),
62:(7,2,2),(6,2,2),(5,2,2),(4,2,2),(3,2,2),(2,2,2),(2,2,3),(2,2,4),(2,3,4),(1,3,4),
63:(1,4,1),(1,4,2),(1,3,2),(0,3,2),(0,3,3),(0,3,4),(0,3,5),(0,3,6),(1,3,6),(1,3,7),
64:(1,2,3),(1,2,4),(1,2,5),(1,2,6),(2,2,6),(3,2,6),(3,2,7),(3,2,7),(3,2,8),(4,2,8),
65:(7,6,8),(8,6,8),(8,6,7),(8,6,6),(8,6,5),(8,6,4),(8,6,3),(8,6,2),(8,6,1),(8,6,0),(8,5,0),(7,5,0),
66:(4,7,1),(4,7,2),(4,7,3),(4,7,4),(4,7,5),(4,7,6),(4,8,6),
67:(7,6,4),(7,5,4),(7,4,4),(8,4,4),(8,3,4),(8,2,4),(7,2,4),(7,1,4),(7,1,3),
68:(4,0,6),(3,0,6),(2,0,6),(1,0,6),(1,0,7),(1,1,7),(1,2,7),(1,2,8),(1,3,8),(1,4,8),
69:(4,2,2),(5,2,2),(5,2,3),(6,2,3),(6,2,4),(6,2,5),(7,2,5),(7,2,6),(7,3,6),
70:(4,7,3),(4,7,4),(4,6,4),(4,5,4),(4,4,4),(4,3,4),(4,2,4),
71:(1,7,6),(2,7,6),(3,7,6),(4,7,6),(5,7,6),(6,7,6),(6,7,7),(6,7,8),(6,6,8),(6,5,8),(6,4,8),(6,3,8),(7,3,8),(7,2,8),
72:(4,5,0),(5,5,0),(6,5,0),(7,5,0),(7,5,1),(7,5,2),(7,6,2),(7,7,2),(7,7,3),(7,7,4),(7,8,4),(7,8,5),(7,8,6),(7,8,7),
73:(7,3,8),(7,3,7),(7,2,7),(7,1,7),(7,1,6),
74:(4,2,5),(4,2,4),(4,2,4),(5,2,4),(5,3,4),(5,4,4),(4,4,4),
75:(1,2,6),(2,2,6),(3,2,6),(4,2,6),(4,1,6),(4,1,7),
76:(4,8,2),(5,8,2),(5,8,1),(6,8,1),(6,8,0),(6,7,0),(6,6,0),(6,6,0),(6,5,0),(6,4,0),(6,3,0),(6,2,0),(7,2,0),
77:(7,3,1),(7,4,1),(7,5,1),(7,6,1),(7,6,0),(7,7,0),(7,8,0),
78:(4,6,6),(3,6,6),(2,6,6),(1,6,6),(1,7,6),(1,8,6),(1,8,5),(1,8,4),
79:(7,5,2),(6,5,2),(6,6,2),(5,6,2),(4,6,2),(3,6,2),(2,6,2),(1,6,2),(1,7,2),(1,8,2),
80:(7,6,2),(6,6,2),(5,6,2),(4,6,2),(3,6,2),(2,6,2),(2,6,3),(2,6,3),(2,6,4),(2,6,5),(2,5,5),(2,4,5),(2,3,5),(2,3,6),(2,2,6),(2,2,7),(2,1,7),(1,1,7),
81:(1,4,0),(2,4,0),(3,4,0),(3,4,1),(4,4,1),(5,4,1),(6,4,1),(6,5,1),(6,6,1),(7,6,1),(7,7,1),
82:(7,4,5),(6,4,5),(5,4,5),(5,4,4),(5,4,3),(5,4,2),(4,4,2),(3,4,2),(2,4,2),(2,4,1),(2,5,1),(2,6,1),(2,6,0),(1,6,0),
83:(1,6,6),(2,6,6),(2,6,5),(3,6,5),(4,6,5),(5,6,5),(6,6,5),(7,6,5),(7,6,4),(7,6,3),(8,6,3),(8,6,2),(8,6,1),(7,6,1),
84:(4,5,1),(4,5,2),(4,4,2),(4,4,2),(4,3,2),(4,3,3),(4,3,4),(4,3,5),(4,3,6),(4,3,7),(4,3,8),
85:(1,1,3),(2,1,3),(2,1,4),(3,1,4),(3,1,5),(3,1,6),(3,2,6),(3,3,6),(3,4,6),(4,4,6),(4,5,6),
86:(4,5,7),(3,5,7),(2,5,7),(2,5,6),(2,5,5),(2,5,4),(2,5,3),(2,5,2),(2,5,1),(2,5,1),(1,5,1),
87:(1,3,0),(1,3,1),(1,2,1),(1,2,2),(1,1,2),(0,1,2),(0,1,3),(0,1,4),(0,1,5),(1,1,5),
88:(4,5,3),(4,5,3),(4,5,2),(4,5,1),(4,5,1),(4,4,1),(4,3,1),(4,2,1),
89:(1,4,8),(1,4,7),(1,4,6),(1,4,5),(1,4,4),(1,3,4),(1,2,4),(0,2,4),(0,2,3),(0,2,2),(0,1,2),(0,0,2),(1,0,2),
90:(1,8,2),(2,8,2),(3,8,2),(4,8,2),(4,7,2),(5,7,2),(6,7,2),(6,7,3),(6,7,4),(6,7,5),(6,7,6),(6,6,6),(6,5,6),(6,4,6),(7,4,6),
91:(4,1,2),(4,2,2),(4,2,3),(4,2,4),(4,2,5),(4,2,6),(5,2,6),(5,2,7),(5,3,7),(5,3,7),(4,3,7),
92:(1,7,7),(1,7,6),(1,7,5),(2,7,5),(2,7,4),(2,7,3),(2,7,2),(2,7,1),(2,7,0),(2,6,0),(2,5,0),(2,5,0),(2,5,0),(1,5,0),
93:(7,4,1),(7,4,2),(7,3,2),(7,2,2),(7,1,2),
94:(4,1,1),(4,2,1),(4,3,1),(4,4,1),(4,4,2),(4,5,2),(3,5,2),(3,5,3),(3,5,4),(3,5,5),(3,5,6),(3,5,7),(3,5,8),(4,5,8),
95:(1,0,8),(2,0,8),(2,1,8),(2,1,7),(2,1,6),(2,2,6),(2,2,5),(3,2,5),(3,2,4),(3,2,3),(3,2,2),(3,3,2),(4,3,2),
96:(4,6,1),(3,6,1),(2,6,1),(1,6,1),(1,6,0),(1,7,0),(1,8,0),
97:(7,2,3),(7,2,4),(7,3,4),(7,3,4),(6,3,4),(6,4,4),(7,4,4),
98:(7,1,8),(6,1,8),(5,1,8),(5,1,7),(5,1,6),(5,2,6),(5,2,5),(5,2,4),(5,2,3),(5,2,2),(5,2,1),(5,2,0),(5,3,0),(5,4,0),(5,5,0),(5,6,0),(5,7,0),(5,8,0),(4,8,0),
99:(7,2,4),(6,2,4),(5,2,4),(5,3,4),(5,4,4),(5,5,4),(5,5,4),(5,6,4),(5,7,4),(4,7,4),(4,8,4),
100:(4,8,4),(5,8,4),(6,8,4),(6,7,4),(6,6,4),(6,5,4),(6,4,4),(6,3,4),(6,2,4),(6,1,4),(6,0,4),(7,0,4),
101:(1,5,5),(1,6,5),(1,6,4),
102:(1,6,3),(1,6,4),(1,7,4),(1,7,5),
103:(4,6,4),(4,6,5),(3,6,5),(3,6,6),(3,6,7),(4,6,7),(4,6,8),(4,5,8),(4,4,8),
104:(7,7,0),(6,7,0),(5,7,0),(4,7,0),(3,7,0),(2,7,0),(2,6,0),(2,6,1),(2,6,2),(2,6,3),(2,6,4),(2,6,5),(2,5,5),(2,4,5),(2,4,6),(2,3,6),(2,3,7),(2,2,7),(2,1,7),(2,0,7),(1,0,7),
105:(7,5,7),(6,5,7),(5,5,7),(5,5,6),(5,6,6),(5,7,6),(5,7,5),(5,7,4),(5,7,3),(5,7,2),(5,7,1),(5,7,0),(4,7,0),
106:(7,5,1),(7,5,2),(7,6,2),(6,6,2),(6,7,2),(6,7,3),(6,7,4),(6,7,5),(5,7,5),(5,7,5),(4,7,5),
107:(4,4,7),(5,4,7),(6,4,7),(6,3,7),(6,3,6),(6,3,5),(6,3,4),(6,2,4),(7,2,4),(7,1,4),
108:(7,5,8),(7,5,7),(7,5,6),(7,5,5),(7,5,4),(7,4,4),(8,4,4),(8,4,3),(8,4,2),(7,4,2),
109:(1,8,8),(2,8,8),(3,8,8),(4,8,8),(5,8,8),(6,8,8),(6,8,7),(6,8,6),(6,8,5),(6,8,4),(6,8,3),(7,8,3),(7,8,2),
110:(1,1,5),(1,2,5),(1,2,6),(1,3,6),(1,4,6),(1,5,6),(2,5,6),(2,6,6),(2,7,6),(1,7,6),
111:(1,4,7),(1,4,6),(1,4,5),(1,3,5),
112:(1,4,2),(1,5,2),(1,6,2),(1,6,2),(1,6,1),
113:(4,7,6),(4,6,6),(4,5,6),(4,4,6),(4,3,6),(3,3,6),(3,3,5),(3,3,4),(4,3,4),(4,3,3),
114:(7,7,8),(6,7,8),(6,7,7),(6,7,6),(6,7,5),(5,7,5),(5,7,4),(4,7,4),(4,7,3),(4,6,3),
115:(1,2,1),(2,2,1),(2,1,1),(2,0,1),(2,0,2),(2,0,3),(2,0,4),(2,0,5),(2,0,6),(3,0,6),(4,0,6),
116:(1,8,7),(2,8,7),(3,8,7),(4,8,7),(5,8,7),(5,8,8),(5,7,8),(5,6,8),(5,5,8),(5,4,8),(5,3,8),(5,3,8),(6,3,8),(7,3,8),
117:(4,7,8),(5,7,8),(6,7,8),(7,7,8),(7,7,7),(7,6,7),(7,5,7),
118:(4,4,0),(4,3,0),(4,2,0),(4,2,1),(4,2,2),(4,2,3),(4,1,3),(4,0,3),(3,0,3),(3,0,4),(3,0,5),(4,0,5),
119:(1,5,3),(2,5,3),(3,5,3),(3,5,4),(3,6,4),(3,7,4),(3,8,4),(3,8,4),(4,8,4),(5,8,4),(6,8,4),(7,8,4),(7,8,5),
120:(7,7,6),(6,7,6),(5,7,6),(5,7,5),(5,7,4),(5,7,3),(5,7,2),(5,6,2),(5,6,2),(5,6,2),(4,6,2),
121:(1,6,5),(2,6,5),(2,7,5),(3,7,5),(3,7,6),(3,7,7),(4,7,7),(4,7,8),
122:(1,5,0),(2,5,0),(3,5,0),(4,5,0),(5,5,0),(6,5,0),(6,5,1),(6,5,2),(6,5,3),(6,6,3),(6,7,3),(7,7,3),
123:(4,3,1),(3,3,1),(2,3,1),(2,3,2),(2,3,3),(2,3,4),(2,4,4),(2,4,5),(2,4,6),(2,4,7),(2,4,8),(2,5,8),(2,6,8),(1,6,8),
124:(4,4,1),(5,4,1),(6,4,1),(7,4,1),(7,3,1),(7,3,2),
125:(1,1,2),(2,1,2),(3,1,2),(3,2,2),(3,2,3),(3,3,3),(3,4,3),(3,4,4),(3,4,5),(3,4,6),(3,4,6),(3,5,6),(3,6,6),(4,6,6),
126:(7,1,4),(6,1,4),(5,1,4),(4,1,4),(4,1,3),(4,1,2),(4,1,1),(4,1,0),
127:(7,1,3),(7,1,2),(7,1,1),(7,0,1),
128:(4,2,7),(5,2,7),(5,3,7),(5,3,8),(5,4,8),(5,5,8),(5,6,8),(6,6,8),(7,6,8),
129:(1,7,3),(2,7,3),(3,7,3),(4,7,3),(4,7,4),(4,7,5),(4,7,6),
130:(4,6,7),(4,5,7),(4,4,7),(4,5,7),(4,5,6),(4,5,5),(4,5,4),(4,5,3),(4,5,2),(4,4,2),
131:(7,3,5),(6,3,5),(5,3,5),(4,3,5),(3,3,5),(2,3,5),(2,3,4),(2,3,3),(2,3,2),(1,3,2),
132:(1,6,1),(2,6,1),(2,6,2),(3,6,2),(3,6,3),(3,6,3),(4,6,3),(5,6,3),(5,6,4),(5,6,5),(5,5,5),(6,5,5),(7,5,5),
133:(4,8,5),(4,7,5),(4,7,6),(4,7,7),(4,7,6),(4,6,6),(4,6,5),
134:(1,0,3),(1,0,4),(1,0,5),(1,1,5),(1,1,6),(1,1,6),(1,2,6),(1,3,6),(1,4,6),
135:(7,8,1),(6,8,1),(6,8,2),(5,8,2),(4,8,2),(3,8,2),(3,7,2),(3,6,2),(3,6,2),(2,6,2),(1,6,2),
136:(7,4,8),(6,4,8),(5,4,8),(5,5,8),(5,5,7),(5,5,6),(5,6,6),(5,7,6),(5,8,6),(5,8,5),(4,8,5),
137:(1,2,5),(2,2,5),(3,2,5),(3,3,5),(3,3,4),(3,4,4),(3,5,4),(4,5,4),(4,5,3),(4,5,2),
138:(7,4,0),(7,5,0),(7,6,0),(7,7,0),(7,7,1),(7,7,2),(7,7,3),(7,7,4),(7,7,5),(7,8,5),(7,8,6),(7,8,7),(7,7,7),
139:(7,8,8),(6,8,8),(6,8,7),(5,8,7),(5,8,6),(4,8,6),(3,8,6),(2,8,6),(2,8,5),(2,8,4),(2,7,4),(2,6,4),(2,5,4),(1,5,4),(1,4,4),
140:(7,7,7),(7,7,7),(7,6,7),(7,5,7),(7,4,7),(7,3,7),
141:(1,5,2),(2,5,2),(3,5,2),(3,5,1),(3,5,0),(4,5,0),(5,5,0),(6,5,0),(7,5,0),(7,6,0),
142:(4,3,5),(3,3,5),(3,3,4),(3,3,3),(3,3,2),(2,3,2),(2,3,1),(2,3,0),(2,4,0),(2,5,0),(1,5,0),(1,6,0),(1,7,0),
143:(1,1,1),(2,1,1),(3,1,1),(3,1,2),(3,1,2),(3,2,2),(3,2,2),(4,2,2),
144:(4,4,2),(5,4,2),(6,4,2),(6,4,3),(6,4,4),(6,4,5),(6,4,6),(6,4,7),(6,3,7),(6,2,7),(7,2,7),
145:(7,2,0),(7,2,1),(7,3,1),(8,3,1),(8,3,2),(8,3,3),(8,3,4),(8,3,5),(8,3,6),(8,3,7),(8,4,7),(7,4,7),
146:(4,8,1),(5,8,1),(6,8,1),(7,8,1),(7,8,2),(7,8,3),(7,8,4),(8,8,4),(8,7,4),(8,7,4),(7,7,4),
147:(4,0,8),(3,0,8),(3,0,7),(2,0,7),(2,1,7),(2,2,7),(2,3,7),(2,4,7),(2,5,7),(2,5,6),(2,6,6),(2,7,6),(2,8,6),(1,8,6),
148:(7,1,1),(7,0,1),(7,0,2),(7,0,3),(7,0,4),(7,0,5),(7,1,5),(7,2,5),(7,3,5),
149:(1,3,7),(2,3,7),(3,3,7),(4,3,7),(5,3,7),(6,3,7),(6,3,6),(6,3,5),(6,3,4),(6,3,3),(6,2,3),(6,2,2),(6,1,2),(6,0,2),(7,0,2),
150:(7,3,0),(6,3,0),(5,3,0),(4,3,0),(4,3,1),(4,3,2),(4,3,3),(4,3,4),(4,3,5),(4,3,6),(4,4,6),
151:(7,3,2),(7,3,1),(7,4,1),(7,5,1),(7,6,1),(6,6,1),(6,7,1),(7,7,1),(7,8,1),
152:(7,7,3),(7,6,3),(7,5,3),(7,4,3),
153:(4,1,0),(3,1,0),(3,2,0),(2,2,0),(2,2,1),(2,3,1),(2,4,1),(2,4,2),(1,4,2),(1,5,2),
154:(4,3,6),(4,3,5),(4,4,5),(3,4,5),(3,4,4),(3,4,3),(3,5,3),(3,6,3),(3,7,3),(4,7,3),
155:(7,0,7),(6,0,7),(5,0,7),(4,0,7),(4,0,6),(4,1,6),(4,1,6),(4,2,6),
156:(7,7,1),(6,7,1),(5,7,1),(4,7,1),(3,7,1),(2,7,1),(2,6,1),(2,6,2),(2,6,3),(2,6,4),(2,6,5),(2,5,5),(2,4,5),(2,3,5),(2,2,5),(2,1,5),(2,0,5),(1,0,5),
157:(7,4,4),(6,4,4),(5,4,4),(5,5,4),(4,5,4),(4,6,4),
158:(1,8,4),(2,8,4),(3,8,4),(3,8,3),(3,8,2),(3,8,1),(3,7,1),(4,7,1),(5,7,1),(6,7,1),(6,6,1),(6,5,1),(6,4,1),(7,4,1),
159:(1,7,4),(1,7,3),(1,6,3),(1,5,3),(1,5,2),(0,5,2),(0,4,2),(0,3,2),(0,2,2),(0,1,2),(1,1,2),
160:(7,1,2),(6,1,2),(5,1,2),(5,1,3),(5,1,4),(4,1,4),(3,1,4),(2,1,4),(2,1,5),(2,1,6),(2,2,6),(2,3,6),(2,4,6),(2,5,6),(2,5,6),(1,5,6),
161:(4,6,3),(4,6,4),(5,6,4),(5,6,5),(5,5,5),(5,4,5),(5,4,6),(5,3,6),(5,2,6),(5,1,6),(4,1,6),
162:(7,3,3),(6,3,3),(6,3,4),(6,3,5),(5,3,5),(5,3,6),(4,3,6),(4,4,6),(4,5,6),(4,6,6),(4,6,7),
163:(4,1,6),(4,2,6),(4,2,5),(3,2,5),(3,2,4),(3,2,3),(3,3,3),(4,3,3),(4,3,2),(4,3,1),
164:(1,7,8),(2,7,8),(3,7,8),(4,7,8),(5,7,8),(6,7,8),(7,7,8),(7,8,8),
165:(1,0,2),(1,1,2),(1,2,2),(1,3,2),(0,3,2),(1,3,2),(1,4,2),(1,4,3),
166:(1,5,1),(2,5,1),(2,5,2),(2,5,3),(3,5,3),(3,5,4),(3,5,5),(3,5,6),(3,5,7),(3,5,8),(3,6,8),(3,7,8),(3,8,8),(4,8,8),
167:(7,3,4),(7,3,5),(7,4,5),
168:(7,6,7),(7,6,8),(7,5,8),
169:(4,2,3),(4,3,3),(4,3,4),(4,3,4),(4,3,5),(4,3,5),(4,3,5),(3,3,5),(3,3,5),(4,3,5),
170:(1,2,0),
171:(7,0,6),(6,0,6),(5,0,6),(4,0,6),(3,0,6),(2,0,6),(1,0,6),(1,0,7),(1,0,8),(1,1,8),(1,2,8),(1,3,8),
172:(1,1,4),(1,1,5),(1,1,5),(1,2,5),
173:(7,6,6),(6,6,6),(5,6,6),(4,6,6),(3,6,6),(2,6,6),(2,6,5),(2,6,4),(2,5,4),(2,5,3),(2,5,2),(2,5,1),(2,4,1),(2,3,1),(2,2,1),(2,1,1),(1,1,1),
174:(4,0,7),(4,1,7),(4,1,7),(4,2,7),(4,3,7),(4,4,7),(4,4,6),(4,5,6),(5,5,6),(5,6,6),(5,7,6),(5,8,6),(6,8,6),(7,8,6),
175:(1,7,5),(2,7,5),(3,7,5),(3,7,4),(3,7,3),(3,7,2),(4,7,2),(4,7,2),(4,7,1),
176:(4,7,2),(5,7,2),(6,7,2),(6,7,3),(6,6,3),(6,5,3),(6,4,3),(6,3,3),(6,2,3),(6,2,4),(7,2,4),
177:(4,3,4),(3,3,4),(2,3,4),(2,2,4),(2,2,3),(2,3,3),(2,3,2),(2,3,1),(2,2,1),(1,2,1),
178:(4,1,7),(4,1,6),(4,1,5),(4,1,5),(4,1,4),(4,1,3),(4,1,2),(4,1,1),
179:(1,4,4),(1,3,4),(1,2,4),(1,2,4),(2,2,4),(2,2,5),(3,2,5),(3,1,5),(3,0,5),(4,0,5),(5,0,5),(5,0,6),(6,0,6),(7,0,6),(7,0,7),
180:(1,3,4),(2,3,4),(2,3,3),(2,2,3),(2,2,2),(2,1,2),(2,0,2),(3,0,2),(4,0,2),
181:(7,3,7),(7,3,6),(7,3,5),(7,3,5),(7,3,4),(7,3,3),
182:(4,2,1),(3,2,1),(3,3,1),(2,3,1),(2,3,1),(1,3,1),
183:(7,6,3),(7,5,3),(7,4,3),(7,3,3),(6,3,3),(6,2,3),(5,2,3),(5,2,3),(4,2,3),
184:(7,1,7),(6,1,7),(6,1,6),(5,1,6),(5,1,5),(5,1,4),(5,1,3),(5,1,2),(5,2,2),(5,3,2),(5,4,2),(5,5,2),(5,6,2),(5,7,2),(5,8,2),(4,8,2),
185:(4,0,4),(5,0,4),(6,0,4),(6,1,4),(6,1,3),(6,1,2),(6,2,2),(6,2,2),(7,2,2),(7,2,1),
186:(4,3,8),(4,3,7),(4,2,7),(3,2,7),(3,2,6),(3,2,5),(3,2,4),(3,1,4),(3,1,4),(4,1,4),
187:(7,1,5),(6,1,5),(5,1,5),(5,1,4),(5,2,4),(5,2,3),(5,2,2),(5,2,1),(5,3,1),(5,4,1),(5,5,1),(5,6,1),(5,7,1),(5,8,1),(4,8,1),
188:(7,2,6),(7,2,5),(7,2,4),(8,2,4),(8,2,3),(8,2,2),(8,3,2),(8,4,2),(8,5,2),(7,5,2),(7,5,2),(7,5,1),
189:(1,3,8),(1,2,8),(1,1,8),(1,1,8),(1,1,8),(1,1,8),(1,1,8),(1,1,8),(1,1,8),(0,1,8),(0,1,8),(1,1,8),
190:(7,0,3),(7,1,3),(7,1,4),(7,2,4),(7,2,5),(7,3,5),(6,3,5),(6,4,5),(6,4,4),(5,4,4),(5,5,4),(5,6,4),(5,7,4),(4,7,4),
191:(1,5,6),(2,5,6),(3,5,6),(4,5,6),(5,5,6),(5,4,6),(5,4,7),(5,4,8),(6,4,8),(6,3,8),(6,2,8),(6,1,8),(6,0,8),(7,0,8),
192:(4,5,6),(5,5,6),(5,4,6),(6,4,6),(6,4,7),(6,5,7),(6,6,7),(6,7,7),(6,7,7),(7,7,7),(7,7,8),
193:(4,3,3),(3,3,3),(3,4,3),(2,4,3),(2,4,4),(2,4,5),(2,5,5),(1,5,5),
194:(4,6,2),(4,6,1),(4,6,0),(4,6,-1),(4,5,-1),(4,4,-1),(4,3,-1),(4,2,-1),(4,1,-1),(4,0,-1),(4,0,0),
195:(1,3,5),(2,3,5),(2,4,5),(2,4,4),(2,5,4),(2,5,3),(2,4,3),(3,4,3),(3,5,3),(4,5,3),
196:(1,8,0),(2,8,0),(3,8,0),(4,8,0),(4,8,1),(4,7,1),(4,6,1),(4,5,1),
197:(4,5,8),(3,5,8),(3,5,7),(2,5,7),(2,5,6),(2,5,5),(2,5,4),(2,5,3),(2,5,2),(2,4,2),(2,4,1),(2,4,0),(2,3,0),(2,2,0),(2,1,0),(2,0,0),(1,0,0),
198:(1,7,0),(2,7,0),(2,7,1),(3,7,1),(3,6,1),(3,5,1),(3,4,1),(3,3,1),(3,3,2),(3,3,3),(3,3,4),(4,3,4),
199:(7,7,5),(6,7,5),(5,7,5),(4,7,5),(3,7,5),(3,6,5),(3,6,4),(3,5,4),(3,4,4),(2,4,4),(2,4,3),(2,3,3),(2,2,3),(2,1,3),(2,0,3),(1,0,3),
200:(4,3,7),(4,3,6),(4,3,5),(4,2,5),(4,1,5),(5,1,5),(5,1,4),(5,1,3),(4,1,3),
201:(1,0,7),(2,0,7),(2,1,7),(3,1,7),(4,1,7),(4,2,7),
202:(4,0,1),(3,0,1),(2,0,1),(2,0,2),(2,0,3),(2,0,4),(2,0,5),(2,0,6),(1,0,6),(1,1,6),(1,2,6),
203:(4,4,8),(5,4,8),(5,4,7),(6,4,7),(6,5,7),(6,5,6),(6,5,5),(6,5,4),(6,6,4),(6,7,4),(6,7,4),(6,8,4),(7,8,4),
204:(1,6,0),(2,6,0),(3,6,0),(4,6,0),(5,6,0),(6,6,0),(6,6,1),(6,6,2),(6,6,3),(6,6,4),(6,6,5),(6,6,5),(6,6,6),(7,6,6),
205:(7,5,0),(6,5,0),(6,5,1),(5,5,1),(5,4,1),(5,3,1),(5,2,1),(5,1,1),(5,0,1),(5,0,2),(5,0,3),(4,0,3),(3,0,3),(2,0,3),(1,0,3),(1,0,4),
206:(1,0,4),(1,0,5),(1,0,6),(1,0,7),(1,1,7),(1,2,7),(1,3,7),(1,4,7),(0,4,7),(0,5,7),(0,6,7),(0,7,7),(1,7,7),
207:(4,0,2),(3,0,2),(2,0,2),(2,1,2),(2,1,3),(2,1,4),(2,1,5),(2,1,6),(1,1,6),(1,2,6),(1,3,6),
208:(7,2,1),(6,2,1),(5,2,1),(5,2,2),(5,1,2),(5,1,2),(5,1,2),(4,1,2),
209:(1,0,1),(1,0,0),(1,1,0),(1,1,-1),(1,2,-1),(1,3,-1),(1,3,0),
210:(7,8,7),(6,8,7),(5,8,7),(5,7,7),(5,7,7),(5,6,7),(5,5,7),(5,4,7),(4,4,7),
211:(7,4,7),(6,4,7),(6,4,6),(6,4,5),(6,5,5),(6,6,5),(6,7,5),(5,7,5),(4,7,5),(3,7,5),(2,7,5),(2,7,4),(1,7,4),
212:(7,0,0),(6,0,0),(5,0,0),(5,0,1),(4,0,1),(3,0,1),(2,0,1),(2,0,2),(2,1,2),(2,2,2),(2,3,2),(2,4,2),(2,4,3),(2,5,3),(1,5,3),
213:(4,0,0),(4,0,1),(4,0,2),(5,0,2),(6,0,2),(7,0,2),(7,0,3),(7,0,4),(7,0,5),(7,0,6),(7,0,7),(7,1,7),
214:(7,2,5),(8,2,5),(8,2,6),(8,3,6),(8,4,6),(8,5,6),(8,6,6),(8,7,6),(7,7,6),
215:(7,5,4),(7,4,4),(8,4,4),(8,4,3),(8,3,3),(8,2,3),(8,1,3),(7,1,3),(6,1,3),(6,0,3),(6,0,3),(5,0,3),(4,0,3),
216:(7,8,3),(6,8,3),(6,7,3),(5,7,3),(5,6,3),(5,6,4),(5,6,5),(5,6,6),(4,6,6),(3,6,6),(3,6,7),(2,6,7),(2,5,7),(2,5,8),(2,4,8),(2,3,8),(2,2,8),(2,1,8),(2,0,8),(1,0,8),
217:(7,3,6),(7,4,6),(7,4,6),(7,5,6),(7,5,6),(7,5,5),(7,6,5),(7,6,4),(7,6,3),(7,6,2),
218:(1,0,6),(2,0,6),(2,0,7),(2,0,8),(3,0,8),(4,0,8),(4,0,7),
219:(4,0,5),(5,0,5),(5,0,4),(6,0,4),(6,0,4),(6,1,4),(6,2,4),(7,2,4),(8,2,4),(8,3,4),(8,4,4),(8,5,4),(8,6,4),(7,6,4),
220:(4,8,6),(4,8,5),(4,8,4),(3,8,4),(3,8,3),(3,7,3),(3,7,3),(3,7,2),(3,7,1),(3,6,1),(3,5,1),(3,4,1),(3,4,1),(4,4,1),
221:(1,1,7),(2,1,7),(3,1,7),(4,1,7),(5,1,7),(6,1,7),(7,1,7),(7,1,8),
222:(4,2,0),(4,2,0),(4,2,1),(4,3,1),(5,3,1),(5,3,2),(5,3,3),(5,3,4),(5,3,5),(5,3,6),(4,3,6),
223:(7,7,4),(7,6,4),(7,5,4),(8,5,4),(8,4,4),(8,3,4),(8,3,5),(8,3,6),(8,2,6),(7,2,6),
224:(7,7,2),(6,7,2),(6,7,1),(5,7,1),(4,7,1),(3,7,1),(3,6,1),(3,6,0),(3,5,0),(3,4,0),(2,4,0),(1,4,0),
225:(7,2,7),(7,2,6),(7,3,6),(7,4,6),(7,4,6),(7,5,6),(7,5,5),(6,5,5),(6,5,4),(6,5,3),(6,6,3),(7,6,3),
226:(1,2,8),(2,2,8),(2,2,7),(2,2,6),(2,2,5),(2,1,5),(3,1,5),(3,0,5),(4,0,5),(5,0,5),(6,0,5),(7,0,5),
227:(7,0,2),(6,0,2),(5,0,2),(5,0,3),(4,0,3),(3,0,3),(2,0,3),(2,0,4),(2,0,5),(2,0,6),(2,0,7),(2,1,7),(2,2,7),(2,3,7),(2,4,7),(2,5,7),(2,5,8),(2,6,8),(2,7,8),(2,8,8),(1,8,8),
228:(4,2,8),(3,2,8),(2,2,8),(1,2,8),(1,3,8),(1,4,8),(1,5,8),(1,6,8),(1,7,8),(1,7,7),(1,8,7),(1,8,6),(1,8,5),
229:(1,8,3),(2,8,3),(2,7,3),(2,6,3),(2,5,3),(3,5,3),(4,5,3),(5,5,3),(5,5,2),(6,5,2),(6,4,2),(6,3,2),(6,2,2),(7,2,2),
230:(4,3,0),(3,3,0),(2,3,0),(2,3,0),(2,2,0),(2,1,0),(2,0,0),(2,0,1),(2,0,2),(2,0,3),(2,0,4),(1,0,4),(1,0,5),(1,0,6),
231:(7,4,6),(6,4,6),(6,4,5),(5,4,5),(4,4,5),(3,4,5),(2,4,5),(2,5,5),(2,5,5),(2,5,4),(2,5,3),(2,6,3),(1,6,3),(1,7,3),
232:(4,5,4),(3,5,4),(4,5,4),(4,4,4),(4,3,4),(4,2,4),(4,1,4),(4,0,4),
233:(4,0,3),(4,0,4),(4,0,5),(4,0,4),(4,0,5),(4,1,5),
234:(4,6,5),(3,6,5),(3,6,6),(3,5,6),(3,4,6),(2,4,6),(2,3,6),(2,2,6),(2,1,6),(3,1,6),(2,1,6),(1,1,6),
235:(1,4,3),(1,3,3),(0,3,3),(0,3,4),(0,2,4),(0,2,5),(0,2,6),(1,2,6),(1,2,7),
236:(4,7,7),(5,7,7),(5,7,8),(6,7,8),(6,6,8),(6,5,8),(6,4,8),(7,4,8),
237:(1,3,1),(2,3,1),(2,4,1),(2,5,1),(3,5,1),(4,5,1),(5,5,1),(5,5,2),(6,5,2),(6,5,1),(6,5,2),(7,5,2),
238:(4,7,5),(4,7,6),(4,7,7),(3,7,7),(2,7,7),(2,6,7),(2,6,8),(2,5,8),(2,4,8),(2,3,8),(2,2,8),(2,2,8),(1,2,8),
239:(1,8,6),(1,8,5),(0,8,5),(0,7,5),(0,6,5),(0,5,5),(1,5,5),(1,4,5),
240:(7,8,5),(7,8,4),(7,8,3),(7,7,3),(7,6,3),(7,5,3),(6,5,3),(6,4,3),(6,4,2),(6,4,1),(6,3,1),(7,3,1),
241:(7,2,8),(6,2,8),(5,2,8),(4,2,8),(3,2,8),(2,2,8),(2,3,8),(2,3,7),(2,3,6),(2,3,5),(2,3,4),(2,4,4),(2,4,4),(2,5,4),(2,5,4),(1,5,4),
242:(1,4,6),(2,4,6),(2,5,6),(2,5,5),(3,5,5),(3,5,5),(4,5,5),(5,5,5),(6,5,5),(6,5,5),(7,5,5),(7,6,5),
