soc=2199
lb_soc=1336
makespan=18
lb_makespan=13
comp_time=11056
highLevelExpanded=79
lowLevelExpanded=22164
solution=
0:(1,1,1),(1,2,1),(1,3,1),(2,3,1),(2,4,1),(3,4,1),(3,5,1),(3,6,1),(4,6,1),
1:(1,8,3),(2,8,3),(2,8,2),(2,8,1),(2,7,1),(2,6,1),(2,5,1),(3,5,1),(3,4,1),(3,3,1),(3,2,1),(3,1,1),(4,1,1),
2:(7,5,7),(6,5,7),(5,5,7),(4,5,7),(3,5,7),(3,4,7),(3,3,7),(3,2,7),(2,2,7),(2,2,6),(2,2,5),(1,2,5),
3:(1,0,1),(2,0,1),(3,0,1),(3,0,2),(3,0,3),(3,0,4),(3,1,4),(3,2,4),(3,2,5),(3,3,5),(3,4,5),(3,5,5),(3,5,6),(3,6,6),(4,6,6),
4:(4,4,1),(5,4,1),(6,4,1),(7,4,1),(7,4,2),(7,4,3),(7,5,3),
5:(4,7,0),(4,6,0),(4,5,0),(4,4,0),
6:(1,6,4),(1,6,5),(1,6,6),(1,6,7),(1,7,7),
7:(4,3,0),(3,3,0),(2,3,0),(1,3,0),(1,3,1),(1,3,2),(1,3,3),(1,3,4),(1,3,5),
8:(7,2,5),(7,2,4),(8,2,4),(8,3,4),(7,3,4),
9:(7,3,0),(6,3,0),(6,3,1),(6,4,1),(6,4,2),(6,4,3),(5,4,3),(5,5,3),(5,6,3),(5,6,4),(4,6,4),
10:(1,2,4),(2,2,4),(3,2,4),(4,2,4),(4,3,4),
11:(4,6,2),(5,6,2),(6,6,2),(7,6,2),(7,6,3),(7,6,4),(7,6,5),(7,5,5),(8,5,5),(8,4,5),(8,3,5),(8,2,5),(8,1,5),(8,0,5),(7,0,5),
12:(1,5,2),(2,5,2),(2,5,3),(2,5,4),(2,5,5),(2,5,6),(2,4,6),(2,3,6),(3,3,6),(3,2,6),(4,2,6),(5,2,6),(6,2,6),(6,2,7),(6,2,8),(6,1,8),(6,0,8),(7,0,8),
13:(1,6,7),(1,6,6),(1,5,6),
14:(4,5,1),(4,5,2),(4,5,3),
15:(4,2,2),(4,2,3),(4,2,4),(4,2,5),(4,2,6),(4,1,6),(4,0,6),
16:(4,8,2),(4,8,3),(4,8,4),(4,8,5),(4,8,6),
17:(4,1,5),(3,1,5),(2,1,5),(2,2,5),(2,3,5),(2,3,5),(2,4,5),(2,5,5),(2,5,5),(2,6,5),(1,6,5),(1,6,4),
18:(1,0,3),(2,0,3),(3,0,3),(3,0,4),(3,0,5),(3,0,6),(3,0,7),(3,0,8),(3,1,8),(3,2,8),(3,3,8),(3,4,8),(3,5,8),(4,5,8),
19:(1,6,0),(2,6,0),(3,6,0),(4,6,0),(4,6,1),(4,6,2),(4,6,3),(4,6,4),(4,6,5),(4,5,5),(4,4,5),(4,3,5),(4,2,5),
20:(7,1,5),(7,1,4),(7,1,3),(7,1,2),(7,1,1),(7,1,0),(8,1,0),(8,2,0),(8,3,0),(7,3,0),
21:(4,8,0),(5,8,0),(6,8,0),(7,8,0),(7,7,0),(7,6,0),(7,5,0),(7,4,0),
22:(4,5,8),(5,5,8),(6,5,8),(7,5,8),(7,5,7),(7,5,6),(7,5,5),(7,5,4),(7,6,4),(7,6,3),(7,6,2),(7,7,2),
23:(1,2,2),(1,2,3),(1,2,4),(1,2,5),(1,3,5),(1,4,5),
24:(1,8,8),(1,8,7),(1,8,6),(1,8,5),(1,8,4),(1,8,3),(1,8,2),(1,8,1),(1,7,1),
25:(7,7,7),(7,6,7),(7,5,7),(7,4,7),(7,4,6),(7,3,6),(8,3,6),(8,3,5),(8,3,4),(8,3,3),(8,3,2),(7,3,2),
26:(4,2,0),(3,2,0),(2,2,0),(1,2,0),(1,2,1),(1,1,1),
27:(1,6,6),(2,6,6),(3,6,6),(4,6,6),(5,6,6),(5,6,5),(5,7,5),(5,7,4),(6,7,4),(7,7,4),(7,7,3),
28:(7,1,3),(6,1,3),(6,1,4),(6,1,5),(6,1,5),(6,1,6),(6,1,7),(5,1,7),(5,1,8),(5,1,8),(4,1,8),
29:(7,6,3),(7,6,4),(7,6,5),(7,6,6),(7,6,7),(7,6,8),(7,5,8),(7,4,8),(8,4,8),(8,3,8),(8,2,8),(8,1,8),(7,1,8),
30:(4,5,3),(5,5,3),(6,5,3),(7,5,3),(7,5,2),(7,5,1),(7,6,1),(7,7,1),(7,8,1),
31:(4,6,0),(5,6,0),(6,6,0),(6,6,1),(6,5,1),(6,4,1),(6,4,2),(6,4,2),(6,4,2),(7,4,2),
32:(7,3,7),(7,3,6),(7,3,5),(7,3,4),(7,4,4),(7,5,4),(7,6,4),(7,6,3),(7,6,2),(7,6,1),
33:(7,8,5),(6,8,5),(5,8,5),(5,8,5),(4,8,5),
34:(4,1,3),(4,1,4),(4,1,5),(4,1,6),(4,1,7),(4,2,7),(4,3,7),(4,4,7),
35:(1,4,0),(1,4,1),(1,4,2),(1,4,3),(1,4,4),(0,4,4),(0,4,5),(0,4,6),(1,4,6),(1,4,7),
36:(7,3,1),(6,3,1),(5,3,1),(4,3,1),(4,4,1),(4,5,1),(4,5,0),(3,5,0),(3,6,0),(3,6,0),(2,6,0),(1,6,0),
37:(1,3,5),(1,2,5),(1,1,5),(1,1,4),(1,0,4),
38:(7,4,5),
39:(1,2,3),(1,3,3),(1,3,2),(1,3,1),(0,3,1),(1,3,1),(1,3,0),
40:(7,6,4),(6,6,4),(5,6,4),(5,5,4),(5,4,4),(5,3,4),(5,2,4),(5,1,4),(4,1,4),(4,0,4),
41:(7,1,0),(6,1,0),(5,1,0),(4,1,0),(3,1,0),(2,1,0),(1,1,0),(1,0,0),
42:(7,1,2),(6,1,2),(5,1,2),(4,1,2),(3,1,2),(3,2,2),(3,3,2),(2,3,2),(2,4,2),(2,5,2),(1,5,2),(1,6,2),
43:(1,6,8),(2,6,8),(3,6,8),(4,6,8),(5,6,8),(6,6,8),(6,7,8),(6,7,7),(6,7,6),(6,7,5),(6,7,4),(6,7,3),(6,7,2),(6,8,2),(7,8,2),
44:(1,3,3),(2,3,3),(3,3,3),(4,3,3),(5,3,3),(6,3,3),(7,3,3),
45:(1,5,1),(1,5,0),
46:(4,5,4),(4,5,5),(4,5,6),(4,4,6),(4,3,6),(4,2,6),(4,2,6),(4,2,6),(4,1,6),
47:(1,2,7),(2,2,7),(3,2,7),(4,2,7),(4,2,8),(4,3,8),(4,4,8),(4,5,8),(4,6,8),(5,6,8),(6,6,8),(7,6,8),
48:(4,7,5),(4,7,6),(4,6,6),(4,5,6),(4,4,6),(4,3,6),
49:(7,3,4),(6,3,4),(5,3,4),(5,3,5),(5,4,5),(5,5,5),(5,5,5),(5,5,6),(5,5,7),(5,6,7),(5,7,7),(4,7,7),
50:(7,8,1),(7,7,1),(7,6,1),(7,5,1),(7,4,1),(7,4,2),(7,4,3),(8,4,3),(8,4,4),(8,3,4),(8,2,4),(8,1,4),(7,1,4),
51:(7,8,2),(6,8,2),(5,8,2),(4,8,2),(3,8,2),(2,8,2),(2,8,3),(2,8,4),(2,7,4),(2,7,5),(2,7,6),(2,7,7),(2,7,8),(2,6,8),(2,5,8),(2,4,8),(2,3,8),(1,3,8),
52:(1,8,2),(1,8,3),(1,7,3),(1,6,3),(1,5,3),(1,4,3),
53:(1,0,7),(1,1,7),(1,2,7),(1,3,7),(1,4,7),(1,5,7),(1,6,7),
54:(4,7,1),(5,7,1),(6,7,1),(6,7,2),(6,7,3),(6,6,3),(6,5,3),(6,4,3),(6,3,3),(6,2,3),(7,2,3),
55:(1,1,3),(1,1,2),(1,2,2),(1,3,2),(1,4,2),
56:(1,3,4),(2,3,4),(3,3,4),(3,3,3),(3,4,3),(3,4,2),(3,4,1),(3,4,0),(3,5,0),(4,5,0),(4,6,0),(5,6,0),(6,6,0),(7,6,0),(7,7,0),
57:(1,0,2),(2,0,2),(3,0,2),(3,1,2),(3,2,2),(3,3,2),(3,4,2),(4,4,2),
58:(4,0,4),(5,0,4),(5,0,5),(5,0,6),(5,0,7),(5,1,7),(5,2,7),(6,2,7),(7,2,7),
59:(1,8,5),(2,8,5),(3,8,5),(3,8,4),(4,8,4),(5,8,4),(6,8,4),(7,8,4),(7,8,3),(7,7,3),(7,6,3),(7,6,3),(7,6,2),
60:(7,0,5),(7,0,6),(7,1,6),(7,1,7),(7,2,7),(7,3,7),(7,4,7),(7,5,7),(7,5,8),(7,6,8),(7,7,8),(7,8,8),
61:(1,6,3),(2,6,3),(2,6,4),(2,6,5),(3,6,5),(3,6,6),(3,7,6),(4,7,6),(5,7,6),(6,7,6),(7,7,6),
62:(4,4,6),(5,4,6),(5,4,5),(6,4,5),(6,5,5),(7,5,5),(7,5,4),(8,5,4),(8,5,3),(8,5,2),(8,5,1),(8,5,0),(8,5,0),(7,5,0),
63:(7,3,8),(6,3,8),(5,3,8),(5,3,7),(5,3,6),(5,3,5),(5,3,4),(5,4,4),(5,4,4),(4,4,4),
64:(1,4,5),(1,3,5),(1,2,5),(1,2,6),(1,2,7),(1,1,7),
65:(4,2,6),(5,2,6),(6,2,6),(6,2,5),(6,2,4),(6,2,3),(7,2,3),(7,1,3),
66:(4,4,3),(5,4,3),(6,4,3),(7,4,3),(7,5,3),(7,6,3),(7,7,3),(7,7,4),(7,8,4),(7,8,5),(7,8,6),
67:(7,0,0),(6,0,0),(5,0,0),(4,0,0),(4,0,1),(4,0,2),(4,0,3),(4,0,4),(3,0,4),(2,0,4),(2,0,5),(2,1,5),(2,1,5),(1,1,5),
68:(4,6,1),(3,6,1),(2,6,1),(2,6,2),(2,6,3),(2,6,4),(2,6,5),(2,6,6),(2,5,6),(2,4,6),(1,4,6),
69:(1,1,0),(1,1,1),(1,1,2),(1,2,2),(1,3,2),(0,3,2),(0,4,2),(0,4,3),(0,4,4),(0,4,5),(0,4,6),(0,5,6),(0,6,6),(0,7,6),(1,7,6),
70:(7,4,7),(7,4,6),(7,5,6),(7,5,6),(7,6,6),
71:(7,5,4),(7,5,3),(7,4,3),(7,3,3),(7,2,3),(7,2,3),(7,1,3),(7,1,2),(7,0,2),(7,0,1),(7,0,0),
72:(1,5,7),(1,5,6),(1,4,6),(1,3,6),(1,2,6),(1,2,5),(1,2,4),(1,2,3),(1,2,2),(1,1,2),
73:(7,4,0),(7,4,1),(7,3,1),(7,2,1),(7,2,1),(7,1,1),
74:(4,2,1),(4,3,1),(4,4,1),(4,5,1),(4,5,1),(4,6,1),(4,7,1),(4,7,2),(4,7,3),
75:(4,2,7),(5,2,7),(6,2,7),(6,2,6),(6,2,5),(6,2,4),(6,2,3),(6,2,2),(6,3,2),(6,4,2),(6,5,2),(7,5,2),
76:(1,8,7),(2,8,7),(3,8,7),(4,8,7),(4,7,7),(4,7,6),(4,6,6),(4,6,5),(4,5,5),(4,4,5),(4,3,5),(4,2,5),(4,1,5),
77:(1,3,1),(2,3,1),(3,3,1),(3,3,2),(3,3,3),(3,4,3),(3,5,3),(3,6,3),(4,6,3),
78:(4,5,2),(5,5,2),(6,5,2),(7,5,2),(7,5,1),(7,4,1),(7,3,1),
79:(7,5,0),(6,5,0),(5,5,0),(4,5,0),(3,5,0),(3,5,1),(3,5,2),(3,6,2),(3,6,3),(3,6,4),(3,7,4),(2,7,4),(2,7,5),(2,7,6),(2,7,7),(2,7,8),(2,8,8),(1,8,8),
80:(4,8,5),(3,8,5),(3,8,4),(2,8,4),(2,8,3),(2,7,3),(1,7,3),(1,7,2),(1,6,2),(0,6,2),(0,6,1),(0,5,1),(0,4,1),(0,3,1),(0,2,1),(1,2,1),
81:(1,1,7),(1,2,7),(1,3,7),(1,4,7),(1,5,7),(0,5,7),(0,5,6),(0,5,5),(0,5,4),(1,5,4),(1,5,3),
82:(7,1,8),(6,1,8),(5,1,8),(4,1,8),(3,1,8),(2,1,8),(2,1,7),(2,1,6),(2,1,5),(2,2,5),(2,3,5),(2,4,5),(2,5,5),(2,6,5),(2,7,5),(2,8,5),(1,8,5),
83:(7,6,6),(7,6,5),(7,5,5),(7,5,4),(6,5,4),(6,4,4),(7,4,4),
84:(4,6,7),(3,6,7),(2,6,7),(2,6,8),(1,6,8),(1,5,8),
85:(4,8,4),(4,8,5),(4,8,6),(4,7,6),(4,6,6),(4,6,7),
86:(4,7,7),(4,6,7),(4,5,7),(4,4,7),(4,3,7),(3,3,7),(3,3,8),(3,2,8),(2,2,8),(2,1,8),(1,1,8),
87:(4,1,4),(4,1,5),(4,1,6),(4,1,7),(4,1,8),(4,2,8),(4,3,8),(4,4,8),(4,5,8),(4,6,8),(3,6,8),(3,7,8),(3,8,8),(4,8,8),
88:(4,1,8),(5,1,8),(5,2,8),(6,2,8),(6,3,8),(6,4,8),(6,5,8),(6,5,8),(6,5,8),(7,5,8),
89:(4,3,5),(3,3,5),(2,3,5),(1,3,5),(1,3,6),(1,4,6),(1,4,7),(1,5,7),
90:(7,8,8),(6,8,8),(5,8,8),(4,8,8),(3,8,8),(2,8,8),(2,8,7),(2,8,6),(2,8,5),(2,8,4),(2,8,3),(2,8,2),(2,8,1),(2,8,0),(1,8,0),
91:(1,8,1),(1,7,1),(1,6,1),
92:(4,1,0),(3,1,0),(2,1,0),(2,1,1),(2,1,2),(2,1,3),(2,1,4),(2,1,5),(2,2,5),(2,3,5),(2,4,5),(2,5,5),(2,6,5),(1,6,5),
93:(4,5,5),(4,6,5),(4,7,5),
94:(7,4,3),(7,3,3),(7,2,3),(7,1,3),(6,1,3),(7,1,3),(7,1,4),(7,1,5),
95:(7,5,6),(6,5,6),(5,5,6),(5,5,7),(5,5,8),(5,4,8),(5,3,8),(5,2,8),(4,2,8),
96:(1,1,5),(2,1,5),(2,1,4),(3,1,4),(3,2,4),(3,3,4),(3,4,4),(4,4,4),(4,5,4),(5,5,4),(6,5,4),(7,5,4),(7,6,4),
97:(4,0,6),(3,0,6),(2,0,6),(1,0,6),
98:(4,6,5),(5,6,5),(6,6,5),(7,6,5),(7,7,5),
99:(1,2,1),(1,2,2),(1,2,3),(1,2,4),(1,2,5),(1,1,5),(1,1,6),(0,1,6),(0,1,7),(0,1,8),(0,0,8),(1,0,8),
100:(1,1,4),(1,2,4),(1,3,4),(1,4,4),(1,5,4),(1,6,4),(1,7,4),(1,7,3),(1,8,3),(1,8,2),
101:(1,2,6),(2,2,6),(3,2,6),(4,2,6),(5,2,6),(6,2,6),(7,2,6),(7,2,7),(7,3,7),(7,4,7),(7,5,7),
102:(1,3,6),(2,3,6),(3,3,6),(3,3,7),(3,2,7),(3,1,7),(4,1,7),(4,0,7),
103:(7,2,2),(6,2,2),(5,2,2),(4,2,2),(4,1,2),(3,1,2),(2,1,2),(2,0,2),(2,0,3),(2,0,3),(1,0,3),
104:(7,1,6),(7,1,5),(7,2,5),(7,3,5),
105:(7,2,1),(6,2,1),(5,2,1),(4,2,1),(4,2,2),
106:(7,0,4),(6,0,4),(6,0,5),(5,0,5),(5,1,5),(5,2,5),(5,3,5),(5,4,5),(5,5,5),(5,5,5),(4,5,5),
107:(1,8,4),(1,7,4),(1,6,4),(1,5,4),(0,5,4),(1,5,4),(1,4,4),
108:(1,3,2),(2,3,2),(2,3,3),(2,3,4),(3,3,4),(3,3,5),(3,3,6),(3,3,7),(4,3,7),(4,3,8),
109:(7,0,6),(7,1,6),(7,1,5),(7,1,4),(7,1,3),(7,1,2),(7,2,2),
110:(7,5,8),(7,5,7),(7,4,7),(7,4,6),(7,3,6),(7,2,6),(7,1,6),(8,1,6),(8,1,5),(8,1,4),(8,1,3),(8,1,2),(8,1,1),(8,0,1),(7,0,1),
111:(7,3,5),(7,3,4),(7,3,3),(6,3,3),(6,2,3),(6,2,2),(6,2,1),(6,1,1),(5,1,1),(4,1,1),(4,0,1),
112:(7,7,2),(6,7,2),(5,7,2),(4,7,2),(3,7,2),(2,7,2),(2,7,1),(2,7,0),(2,6,0),(2,5,0),(2,4,0),(2,3,0),(2,2,0),(1,2,0),
113:(4,4,7),(4,4,6),(4,4,5),(4,4,4),(4,4,3),(4,3,3),(4,2,3),(5,2,3),(5,1,3),(5,0,3),(4,0,3),
114:(7,2,6),(6,2,6),(6,2,5),(5,2,5),(5,2,4),(5,2,3),(5,2,2),(5,3,2),(5,4,2),(5,5,2),(4,5,2),
115:(7,0,1),(7,0,0),(7,1,0),(7,2,0),
116:(1,7,5),(2,7,5),(3,7,5),(3,7,4),(3,7,3),(3,7,2),(3,7,1),(3,7,1),(3,6,1),(3,5,1),(3,4,1),(4,4,1),
117:(1,2,5),(2,2,5),(3,2,5),(3,3,5),(3,4,5),(3,4,4),(4,4,4),(4,5,4),(4,6,4),(4,7,4),
118:(7,2,3),(6,2,3),(5,2,3),(5,2,4),(5,1,4),(5,1,5),(5,0,5),(5,0,5),(4,0,5),
119:(4,0,8),(3,0,8),(3,1,8),(3,2,8),(3,3,8),(3,4,8),(3,5,8),(2,5,8),(2,6,8),(1,6,8),
120:(1,0,5),(2,0,5),(3,0,5),(4,0,5),(5,0,5),(6,0,5),(6,0,6),(6,0,7),(6,0,8),(6,1,8),(6,2,8),(7,2,8),
121:(1,4,4),(2,4,4),(3,4,4),(3,4,5),(4,4,5),(5,4,5),(6,4,5),(6,4,6),(6,4,7),(6,5,7),(6,6,7),(6,7,7),(6,8,7),(7,8,7),
122:(7,6,0),(6,6,0),(6,6,1),(5,6,1),(5,6,2),(5,6,3),(5,6,4),(5,6,5),(5,6,5),(4,6,5),
123:(1,1,6),(1,1,5),(1,1,4),(1,1,3),(1,1,2),(1,2,2),(1,3,2),
124:(1,7,2),(2,7,2),(3,7,2),(3,7,3),(4,7,3),(5,7,3),(6,7,3),(7,7,3),(7,7,4),(7,6,4),(7,5,4),(7,5,5),(7,5,6),(7,4,6),
125:(1,3,0),(1,3,1),(1,4,1),(1,4,2),(1,5,2),(1,6,2),(1,7,2),(2,7,2),(2,7,3),(2,7,4),(2,7,5),(2,7,6),(2,7,7),(2,7,8),(1,7,8),
126:(4,5,0),(5,5,0),(5,5,1),(6,5,1),(6,5,2),(6,6,2),(6,7,2),(6,7,3),(6,8,3),(6,8,3),(7,8,3),
127:(4,3,8),(4,3,7),(4,4,7),(3,4,7),(3,4,6),(3,4,5),(3,4,5),(3,4,4),(3,4,3),(4,4,3),
128:(4,4,8),(3,4,8),(2,4,8),(1,4,8),(1,3,8),(1,2,8),(1,2,7),
129:(7,7,0),(6,7,0),(5,7,0),(4,7,0),(3,7,0),(2,7,0),(2,6,0),(2,6,1),(2,6,2),(2,6,3),(2,6,4),(2,6,5),(2,6,6),(2,5,6),(2,4,6),(2,3,6),(2,2,6),(2,1,6),(1,1,6),
130:(1,4,7),(1,3,7),(0,3,7),(0,3,6),(0,3,5),(1,3,5),(1,2,5),(1,2,4),(1,2,3),
131:(7,7,4),(6,7,4),(5,7,4),(5,7,5),(5,7,6),(5,7,7),(4,7,7),(4,8,7),
132:(4,6,6),(3,6,6),(3,6,5),(3,6,4),(3,6,3),(3,6,2),(3,6,1),(3,6,0),(3,7,0),(2,7,0),(1,7,0),
133:(7,6,2),(6,6,2),(6,6,3),(5,6,3),(5,6,4),(4,6,4),(3,6,4),(3,7,4),(3,7,5),(3,8,5),(2,8,5),(2,8,6),(2,8,7),(1,8,7),
134:(4,6,3),(3,6,3),(3,6,4),(2,6,4),(2,6,5),(2,6,6),(2,6,6),(1,6,6),
135:(7,2,8),(7,2,7),(7,2,6),(7,2,5),
136:(4,0,0),(3,0,0),(2,0,0),(2,1,0),(2,1,1),(2,1,2),(2,1,3),(2,2,3),(2,3,3),(2,4,3),(2,5,3),(2,6,3),(2,7,3),(2,8,3),(1,8,3),
137:(4,8,6),(5,8,6),(6,8,6),(6,7,6),(6,6,6),(6,5,6),(6,4,6),(5,4,6),(5,3,6),(5,2,6),(5,1,6),(6,1,6),(7,1,6),
138:(1,5,4),(2,5,4),(2,5,5),(2,5,6),(2,5,7),(2,4,7),(2,3,7),(2,3,7),(3,3,7),(4,3,7),
139:(7,2,7),(6,2,7),(6,3,7),(6,3,6),(6,4,6),(5,4,6),(5,5,6),(5,6,6),(4,6,6),(3,6,6),(3,6,5),(3,6,4),(2,6,4),(2,7,4),(1,7,4),
140:(7,6,1),(7,6,2),(7,6,3),(7,6,4),(7,6,5),(6,6,5),(6,6,6),(6,6,7),(7,6,7),
141:(7,7,8),(7,6,8),(7,5,8),(7,4,8),(7,3,8),
142:(4,1,6),(4,1,7),(4,1,8),(4,2,8),(4,3,8),(4,4,8),(4,5,8),(4,6,8),(4,7,8),
143:(1,4,8),(1,3,8),(1,2,8),(1,2,7),(1,1,7),(1,0,7),
144:(4,7,3),(4,7,4),(4,6,4),(4,6,5),(4,5,5),(3,5,5),(3,5,6),(3,5,7),(3,5,7),(4,5,7),
145:(1,0,8),(2,0,8),(3,0,8),(3,0,7),(3,0,6),(3,1,6),(3,1,5),(3,1,4),(3,1,3),(3,1,2),(3,1,1),(3,1,0),(3,2,0),(3,3,0),(3,4,0),(3,5,0),(3,6,0),(4,6,0),
146:(4,2,8),(3,2,8),(2,2,8),(2,1,8),(2,1,7),(2,1,6),(2,1,5),(1,1,5),(1,1,4),(1,1,3),
147:(1,5,6),(2,5,6),(3,5,6),(3,5,7),(3,4,7),(4,4,7),(5,4,7),(6,4,7),(6,3,7),(7,3,7),
148:(7,5,5),(6,5,5),(5,5,5),(5,6,5),(5,7,5),(5,7,4),(5,7,3),(5,7,2),(5,7,1),(5,7,0),(4,7,0),
149:(4,8,1),(3,8,1),(3,8,2),(3,8,3),(3,8,4),(2,8,4),(1,8,4),(1,8,5),(1,8,6),
150:(4,4,0),(4,4,1),(4,4,2),(4,4,3),(4,3,3),(4,2,3),(5,2,3),(5,2,4),(5,1,4),(4,1,4),
151:(1,2,0),(2,2,0),(2,2,1),(3,2,1),(4,2,1),(5,2,1),(5,3,1),(5,4,1),(5,4,1),(6,4,1),(6,4,2),(6,4,3),(6,4,4),(6,5,4),(7,5,4),
152:(7,7,6),(6,7,6),(6,7,5),(6,7,4),(5,7,4),(4,7,4),(4,8,4),
153:(1,3,7),(2,3,7),(2,3,6),(2,3,5),(2,4,5),(2,5,5),(2,5,4),(2,5,3),(3,5,3),(3,5,2),(3,6,2),(3,7,2),(3,8,2),(4,8,2),
154:(4,7,2),(3,7,2),(3,7,3),(2,7,3),(1,7,3),(1,6,3),(1,6,3),(0,6,3),(1,6,3),
155:(4,5,6),(5,5,6),(5,6,6),(6,6,6),(6,6,5),(6,6,4),(6,6,3),(6,6,2),(6,6,1),(6,6,0),(7,6,0),(7,7,0),(7,8,0),
156:(7,6,7),(6,6,7),(5,6,7),(5,6,6),(5,6,5),(5,6,4),(5,7,4),(5,7,3),(5,7,2),(5,7,1),(5,7,0),(5,8,0),(4,8,0),
157:(1,5,8),(1,4,8),(1,3,8),(1,3,8),(1,3,7),
158:(7,5,3),(6,5,3),(6,5,4),(6,5,4),(5,5,4),(4,5,4),(3,5,4),(2,5,4),(2,4,4),(2,3,4),(1,3,4),
159:(1,6,2),(2,6,2),(3,6,2),(3,7,2),(3,7,1),(4,7,1),(4,8,1),
160:(7,3,6),(7,3,5),(7,3,4),(7,2,4),
161:(1,5,5),(2,5,5),(2,4,5),(2,4,4),(2,4,3),(2,4,2),(2,3,2),(2,2,2),(2,1,2),(2,0,2),(3,0,2),(4,0,2),
162:(1,4,2),(2,4,2),(3,4,2),(4,4,2),(5,4,2),(6,4,2),(6,4,3),(6,4,4),(6,4,5),(6,4,6),(6,4,7),(6,4,8),(6,5,8),(6,6,8),(6,7,8),(7,7,8),
163:(4,2,4),(4,3,4),(4,4,4),(3,4,4),(2,4,4),(2,4,5),(2,5,5),(2,6,5),(1,6,5),(1,7,5),
164:(4,8,7),(5,8,7),(6,8,7),(6,7,7),(6,7,6),(6,7,5),(6,7,4),(6,6,4),(6,6,3),(6,6,2),(6,6,1),(6,5,1),(6,4,1),(6,3,1),(6,2,1),(7,2,1),
165:(7,8,6),(7,8,5),(7,8,4),(7,8,3),(8,8,3),(8,7,3),(8,6,3),(8,5,3),(8,4,3),(7,4,3),
166:(1,4,6),(1,3,6),(1,3,6),(2,3,6),(2,3,6),(1,3,6),
167:(4,4,4),(4,4,3),(4,3,3),(4,2,3),(5,2,3),(5,1,3),(5,1,2),(4,1,2),
168:(1,7,1),(2,7,1),(3,7,1),(3,6,1),(3,6,0),(3,5,0),(3,4,0),(3,3,0),(4,3,0),(4,2,0),
169:(7,2,0),(6,2,0),(5,2,0),(4,2,0),(3,2,0),(3,2,1),(3,2,2),(3,2,3),(2,2,3),(2,2,4),(1,2,4),(1,2,4),(1,1,4),
170:(4,1,1),(4,2,1),(4,3,1),(4,4,1),(5,4,1),(5,5,1),(6,5,1),(7,5,1),
171:(7,7,5),(7,7,6),(7,7,7),
172:(4,1,7),(3,1,7),(2,1,7),(2,2,7),(2,2,8),(2,2,8),(1,2,8),
173:(4,0,5),(4,0,6),(4,0,7),(4,0,8),(4,0,8),(4,1,8),(4,2,8),(4,3,8),(4,4,8),(4,5,8),(4,6,8),
174:(7,4,1),(6,4,1),(6,5,1),(6,5,2),(6,6,2),(5,6,2),(5,6,1),(4,6,1),(4,7,1),
175:(7,5,2),(6,5,2),(6,4,2),(5,4,2),(5,3,2),(5,3,1),(4,3,1),(3,3,1),(2,3,1),(2,2,1),(2,1,1),(2,0,1),(1,0,1),
176:(4,3,1),(5,3,1),(5,3,2),(6,3,2),(6,3,3),(6,3,4),(6,4,4),(6,5,4),(6,6,4),(6,7,4),(7,7,4),
177:(1,6,5),(1,5,5),(1,5,4),(1,5,3),(1,4,3),(1,3,3),(0,3,3),(0,3,2),(0,3,1),(1,3,1),
178:(7,4,8),(6,4,8),(5,4,8),(4,4,8),(3,4,8),(2,4,8),(2,4,7),(2,4,6),(2,4,5),(2,4,4),(2,3,4),(2,2,4),(1,2,4),
179:(7,8,0),(6,8,0),(6,8,1),(5,8,1),(5,8,2),(5,8,3),(5,8,4),(5,8,5),(5,7,5),(5,6,5),(5,5,5),(5,4,5),(5,3,5),(4,3,5),
180:(7,4,6),(6,4,6),(5,4,6),(5,4,5),(5,5,5),(5,5,4),(5,5,3),(5,5,2),(5,5,1),(5,5,0),(4,5,0),
181:(7,0,2),(6,0,2),(5,0,2),(5,0,3),(4,0,3),(4,0,4),(4,1,4),(4,1,4),(3,1,4),(3,2,4),(3,3,4),(3,4,4),(2,4,4),(2,5,4),(1,5,4),
182:(1,7,8),(1,7,7),(1,7,6),(1,6,6),(0,6,6),(0,5,6),(0,4,6),(0,3,6),(0,2,6),(1,2,6),
183:(1,7,6),(2,7,6),(3,7,6),(3,7,7),(3,7,8),(4,7,8),(5,7,8),(6,7,8),(6,6,8),(6,5,8),(6,4,8),(7,4,8),
184:(4,3,6),(5,3,6),(6,3,6),(6,3,5),(6,4,5),(6,5,5),(6,6,5),(6,7,5),(6,8,5),(6,8,5),(7,8,5),
185:(1,3,8),(2,3,8),(3,3,8),(4,3,8),(5,3,8),(6,3,8),(6,3,7),(6,3,6),(6,3,5),(6,3,4),(6,3,3),(6,3,2),(6,3,1),(6,3,0),(6,4,0),(6,5,0),(6,6,0),(7,6,0),
186:(1,0,4),(2,0,4),(3,0,4),(4,0,4),(5,0,4),(6,0,4),(7,0,4),
187:(1,5,0),(1,4,0),(0,4,0),(0,4,1),(0,4,2),(0,4,3),(0,4,4),(0,4,5),(0,3,5),(0,2,5),(1,2,5),(1,1,5),(1,0,5),
188:(7,8,7),(7,7,7),(7,6,7),(7,5,7),(7,4,7),(8,4,7),(8,3,7),(8,2,7),(8,1,7),(7,1,7),
189:(4,7,8),(3,7,8),(2,7,8),(2,7,7),(2,7,6),(2,7,5),(2,7,4),(2,7,3),(2,6,3),(2,5,3),(2,5,2),(2,5,1),(2,4,1),(1,4,1),
190:(4,8,8),(5,8,8),(5,8,7),(6,8,7),(6,7,7),(6,6,7),(7,6,7),(8,6,7),(8,5,7),(8,4,7),(8,4,7),(7,4,7),
191:(7,0,7),(6,0,7),(5,0,7),(4,0,7),(3,0,7),(2,0,7),(2,0,6),(2,0,5),(2,0,4),(2,1,4),(2,1,3),(2,2,3),(2,3,3),(1,3,3),
192:(7,0,3),(7,0,4),(7,0,5),(7,0,6),(7,1,6),(8,1,6),(8,2,6),(8,3,6),(8,3,6),(7,3,6),
193:(4,0,3),(4,1,3),(4,2,3),(3,2,3),(3,2,3),(3,3,3),(3,4,3),(3,5,3),(3,5,4),(4,5,4),
194:(7,1,1),(6,1,1),(5,1,1),(5,2,1),(5,3,1),(5,4,1),(5,5,1),(5,6,1),(5,6,2),(4,6,2),(4,7,2),
195:(1,8,0),(2,8,0),(3,8,0),(4,8,0),(5,8,0),(6,8,0),(6,7,0),(6,6,0),(6,5,0),(6,5,1),(6,4,1),(6,4,2),(6,3,2),(6,2,2),(6,1,2),(7,1,2),
196:(4,3,7),(4,3,6),(4,3,5),(4,4,5),(4,4,4),(4,4,3),(4,4,2),(4,4,1),(4,3,1),
197:(1,4,1),(2,4,1),(3,4,1),(3,3,1),(3,2,1),(4,2,1),(5,2,1),(6,2,1),(6,2,2),(6,1,2),(6,1,3),(6,0,3),(7,0,3),
198:(7,1,4),(6,1,4),(5,1,4),(5,1,3),(5,1,2),(5,2,2),(5,3,2),(5,4,2),(5,5,2),(4,5,2),(4,6,2),
199:(7,1,7),(8,1,7),(8,1,6),(8,1,5),(8,2,5),(8,3,5),(8,4,5),(8,5,5),(8,6,5),(8,6,5),(7,6,5),
200:(4,2,3),(4,2,4),(4,3,4),(3,3,4),(3,4,4),(3,5,4),(3,5,5),(3,5,6),(3,6,6),(3,7,6),(4,7,6),
201:(4,0,2),(5,0,2),(5,0,3),(6,0,3),(6,0,4),(6,1,4),(6,2,4),(6,3,4),(6,4,4),(6,4,5),(6,5,5),(6,5,5),(7,5,5),
202:(4,6,4),(4,5,4),(5,5,4),(5,4,4),(5,3,4),(5,2,4),(4,2,4),
203:(7,3,2),(6,3,2),(6,3,3),(6,3,4),(6,4,4),(5,4,4),(5,5,4),(5,6,4),(5,6,4),(4,6,4),(3,6,4),(2,6,4),(2,7,4),(1,7,4),(1,8,4),
204:(4,4,2),(5,4,2),(5,4,1),(5,5,1),(5,6,1),(6,6,1),(6,7,1),(6,7,1),(7,7,1),
205:(1,7,0),(2,7,0),(2,7,1),(2,7,2),(2,7,3),(3,7,3),(3,7,4),(3,7,5),(3,6,5),(3,5,5),(3,5,6),(3,4,6),(3,3,6),(3,2,6),(4,2,6),
206:(7,6,5),(7,5,5),(7,5,4),(7,4,4),(7,4,3),(7,3,3),(8,3,3),(8,3,2),(8,2,2),(8,1,2),(8,0,2),(8,0,2),(7,0,2),
207:(7,8,3),(6,8,3),(6,7,3),(6,6,3),(6,6,4),(6,5,4),(6,5,5),(5,5,5),(5,5,4),(5,4,4),(5,4,5),(4,4,5),
208:(1,0,6),(2,0,6),(2,1,6),(3,1,6),(4,1,6),(5,1,6),(6,1,6),(7,1,6),(7,2,6),
209:(1,4,3),(1,4,4),(1,4,5),(1,4,6),(2,4,6),(3,4,6),(3,4,6),(3,4,6),(4,4,6),
210:(1,7,7),(1,7,6),(1,7,5),(1,6,5),(1,5,5),
211:(1,0,0),(1,0,1),(1,0,2),
212:(4,1,2),(4,1,1),(4,1,1),(5,1,1),(6,1,1),(6,2,1),(6,3,1),(6,3,1),(6,4,1),(7,4,1),
213:(7,2,4),(6,2,4),(5,2,4),(5,1,4),(5,1,3),(5,1,2),(5,1,1),(4,1,1),(4,1,0),
214:(7,0,8),(7,0,7),
215:(4,6,8),(5,6,8),(6,6,8),(6,6,7),(5,6,7),(5,6,6),(5,6,5),(6,6,5),(6,6,5),(6,6,4),(6,6,3),(6,6,3),(7,6,3),
216:(4,3,4),(4,4,4),(4,5,4),(3,5,4),(2,5,4),(2,5,3),(2,5,2),(2,5,1),(2,6,1),(2,7,1),(2,8,1),(1,8,1),
217:(4,8,3),(4,7,3),(4,7,2),(4,6,2),(4,5,2),(4,5,2),(4,5,1),
218:(1,5,3),(2,5,3),(2,5,4),(2,5,5),(3,5,5),(3,5,6),(3,5,7),(3,5,8),(3,4,8),(4,4,8),
219:(4,2,5),(5,2,5),(5,2,6),(5,1,6),(6,1,6),(7,1,6),(7,0,6),
220:(7,4,2),(7,3,2),(7,2,2),(6,2,2),(6,2,1),(6,2,0),(6,1,0),(7,1,0),
221:(7,4,4),(6,4,4),(5,4,4),(5,4,3),(5,5,3),(5,5,2),(4,5,2),(3,5,2),(2,5,2),(1,5,2),(1,6,2),(1,7,2),
222:(1,1,2),(2,1,2),(3,1,2),(3,1,3),(3,1,4),(4,1,4),(5,1,4),(6,1,4),(6,1,5),(6,1,6),(6,2,6),(6,3,6),(6,4,6),(6,5,6),(7,5,6),
223:(1,6,1),(2,6,1),(2,5,1),(3,5,1),(3,4,1),(3,3,1),(3,2,1),(4,2,1),
224:(7,3,3),(6,3,3),(6,3,4),(6,2,4),(6,1,4),(5,1,4),(5,1,5),(5,1,6),(5,1,7),(4,1,7),
225:(1,7,3),(1,7,2),(1,6,2),(1,5,2),(1,5,1),
226:(7,5,1),(7,5,2),(7,6,2),(7,6,3),(7,6,4),(7,7,4),(7,8,4),(8,8,4),(8,8,4),(7,8,4),
227:(7,8,4),(6,8,4),(6,8,3),(6,7,3),(6,6,3),(6,5,3),(6,5,4),(5,5,4),(5,5,3),(5,4,3),(5,3,3),(5,2,3),(4,2,3),
228:(1,2,8),(2,2,8),(2,2,7),(2,2,6),(2,2,5),(2,2,4),(2,3,4),(2,3,3),(3,3,3),(4,3,3),
229:(7,6,8),(6,6,8),(6,6,7),(5,6,7),(4,6,7),(3,6,7),(3,6,6),(3,6,5),(3,6,4),(2,6,4),(2,5,4),(2,5,3),(2,5,2),(2,5,1),(2,5,0),(2,4,0),(1,4,0),
230:(4,4,5),(4,3,5),(4,2,5),(4,1,5),(4,0,5),(3,0,5),(3,0,4),(3,0,3),(3,0,2),(3,0,1),(3,0,0),(4,0,0),
231:(4,7,6),(4,6,6),(4,6,5),(4,5,5),(4,5,6),
232:(4,5,7),(3,5,7),(2,5,7),(2,4,7),(2,3,7),(2,3,6),(2,3,5),(2,3,4),(2,3,4),(2,3,3),(2,3,2),(2,2,2),(1,2,2),
233:(4,7,4),(4,7,5),(4,7,6),(4,7,7),(4,7,8),(4,6,8),(5,6,8),(5,5,8),(5,4,8),(5,3,8),(5,2,8),(5,1,8),(5,0,8),(4,0,8),
234:(1,8,6),(1,8,5),(1,8,4),(1,8,3),(1,8,2),(1,8,1),(1,8,0),(1,7,0),(1,6,0),(1,6,-1),(1,5,-1),(1,4,-1),(1,3,-1),(1,2,-1),(1,1,-1),(1,1,0),
235:(4,0,7),(3,0,7),(2,0,7),(2,1,7),(2,2,7),(2,3,7),(2,3,8),(2,4,8),(2,4,8),(1,4,8),
236:(4,3,2),
237:(1,7,4),(2,7,4),(2,7,3),(2,8,3),(3,8,3),(4,8,3),
238:(7,7,1),(6,7,1),(6,7,0),(5,7,0),(5,6,0),(5,5,0),(5,4,0),(5,3,0),(5,3,0),(4,3,0),
239:(4,0,1),(4,0,2),(4,0,3),(4,1,3),
240:(4,3,3),(3,3,3),(3,2,3),(3,2,4),(3,2,5),(3,2,6),(3,2,7),(4,2,7),
241:(7,7,3),(6,7,3),(5,7,3),(4,7,3),(4,6,3),(3,6,3),(2,6,3),(1,6,3),(1,7,3),
242:(1,1,8),(1,2,8),(0,2,8),(0,2,7),(0,2,6),(0,2,5),(0,2,4),(0,2,3),(0,2,2),(0,3,2),(0,4,2),(0,5,2),(1,5,2),
