soc=2104
lb_soc=1206
makespan=18
lb_makespan=14
comp_time=11010
highLevelExpanded=78
lowLevelExpanded=23366
solution=
0:(7,1,7),(6,1,7),(5,1,7),(4,1,7),(3,1,7),(2,1,7),(2,1,6),(2,1,5),(2,1,5),(2,1,4),(2,1,3),(2,1,2),(2,1,1),(2,1,0),(1,1,0),
1:(7,8,1),(7,8,2),(7,8,3),(7,8,4),(7,8,5),(7,8,6),(7,8,7),
2:(1,0,2),(1,0,3),(1,0,4),(1,0,5),(1,0,6),(1,1,6),(1,2,6),(1,2,7),(1,3,7),
3:(1,1,2),(1,1,3),(1,2,3),(1,3,3),(1,4,3),(1,5,3),(1,6,3),(1,7,3),
4:(7,8,3),(6,8,3),(5,8,3),(4,8,3),(4,8,2),(4,8,1),
5:(7,1,4),(7,1,5),(7,1,6),(7,2,6),(7,3,6),(7,4,6),(7,5,6),(7,6,6),
6:(1,6,5),(1,5,5),(1,4,5),(1,3,5),(1,2,5),(1,1,5),(1,0,5),
7:(4,7,0),(4,6,0),(5,6,0),(5,5,0),(5,5,1),(5,5,2),(5,5,3),(5,4,3),(5,4,4),(4,4,4),(4,3,4),
8:(7,8,2),(6,8,2),(5,8,2),(5,8,3),(5,8,4),(4,8,4),(4,8,5),(4,7,5),(4,7,6),(4,7,7),
9:(1,1,8),(2,1,8),(3,1,8),(4,1,8),(5,1,8),(6,1,8),(6,2,8),(6,3,8),(7,3,8),(7,4,8),
10:(4,1,5),(3,1,5),(2,1,5),(1,1,5),(1,1,6),(1,1,7),(1,0,7),
11:(7,3,4),(7,3,3),(8,3,3),(8,3,2),(8,3,1),(7,3,1),(7,3,0),
12:(4,2,4),(5,2,4),(6,2,4),(7,2,4),(7,2,3),(7,1,3),(7,0,3),
13:(1,0,0),(2,0,0),(3,0,0),(4,0,0),(5,0,0),(6,0,0),(6,0,1),(6,0,2),(6,0,3),(6,0,4),(6,0,5),(6,0,6),(6,0,7),(6,0,8),(6,1,8),(6,2,8),(6,3,8),(7,3,8),
14:(4,7,5),(3,7,5),(2,7,5),(1,7,5),(1,7,4),(1,7,3),(1,7,2),(1,6,2),(1,5,2),(1,4,2),
15:(1,1,5),(1,1,6),(1,2,6),(1,3,6),(1,4,6),(1,5,6),
16:(7,6,5),(6,6,5),(5,6,5),(4,6,5),(3,6,5),(2,6,5),(1,6,5),(0,6,5),(0,5,5),(0,4,5),(0,3,5),(1,3,5),
17:(4,4,4),(4,4,3),(4,3,3),(4,2,3),(4,1,3),(4,1,2),(4,0,2),
18:(4,2,8),(3,2,8),(3,2,7),(3,2,6),(3,3,6),(3,4,6),(3,4,5),(3,4,4),(3,4,3),(3,5,3),(3,5,2),(3,5,1),(3,6,1),(2,6,1),(2,7,1),(1,7,1),
19:(7,5,2),(6,5,2),(5,5,2),(5,5,1),(4,5,1),
20:(7,7,3),(7,7,2),(7,8,2),
21:(7,5,4),(6,5,4),(6,5,3),(6,6,3),(6,7,3),(6,7,2),(5,7,2),(5,8,2),(4,8,2),
22:(4,3,4),(4,3,5),(4,3,6),(4,3,7),(4,3,8),
23:(1,6,8),(1,5,8),(1,4,8),(1,3,8),(1,3,7),(1,2,7),(1,1,7),(1,1,6),(1,1,5),(0,1,5),(0,1,4),(0,1,3),(0,1,2),(0,1,1),(0,0,1),(1,0,1),
24:(1,4,5),(1,4,6),(1,4,7),(1,4,8),(1,3,8),
25:(4,4,1),(5,4,1),(6,4,1),(7,4,1),(7,4,2),(7,4,3),(7,4,4),(7,4,5),(7,3,5),(7,3,6),
26:(4,6,3),(3,6,3),(2,6,3),(1,6,3),(1,5,3),(1,5,4),(1,5,5),(1,4,5),(1,4,6),
27:(7,5,6),(7,5,5),(7,5,4),(7,5,3),(7,5,2),(7,4,2),(7,3,2),
28:(1,8,1),(1,7,1),(1,6,1),(1,6,2),(1,5,2),(1,4,2),(1,3,2),(2,3,2),(2,2,2),(2,1,2),(1,1,2),
29:(7,0,8),(6,0,8),(5,0,8),(5,1,8),(5,2,8),(5,3,8),(5,4,8),(5,4,8),(5,5,8),(5,5,7),(5,5,6),(5,6,6),(5,7,6),(4,7,6),
30:(1,6,0),(1,6,1),(1,6,2),(1,5,2),(1,4,2),(1,4,3),(1,3,3),
31:(7,3,1),(7,3,2),(7,3,3),(7,3,4),
32:(1,8,0),(1,7,0),(1,6,0),(1,5,0),(1,4,0),(1,3,0),(1,2,0),(1,2,1),(0,2,1),(0,2,2),(0,2,3),(0,2,4),(0,2,5),(0,2,6),(0,2,7),(0,2,8),(1,2,8),
33:(1,4,0),(2,4,0),(3,4,0),(4,4,0),(5,4,0),(6,4,0),(6,3,0),(6,2,0),(7,2,0),
34:(1,7,2),(1,7,3),(1,7,4),(1,6,4),(1,5,4),(1,5,5),(1,4,5),(1,4,6),(0,4,6),(0,3,6),(0,2,6),(0,1,6),(1,1,6),
35:(1,8,3),(1,8,3),(1,8,2),(1,8,1),
36:(1,6,3),(2,6,3),(2,6,2),(3,6,2),(3,5,2),(3,5,1),(3,4,1),(3,3,1),(3,3,0),(4,3,0),(5,3,0),(6,3,0),(6,2,0),(6,2,0),(6,2,1),(7,2,1),
37:(4,0,7),(3,0,7),(2,0,7),(2,1,7),(2,1,6),(2,1,5),(1,1,5),(1,1,4),(1,1,3),
38:(7,0,4),(6,0,4),(5,0,4),(4,0,4),(3,0,4),(2,0,4),(2,0,3),(2,1,3),(2,2,3),(2,3,3),(2,4,3),(1,4,3),
39:(7,7,2),(7,6,2),(7,6,3),(7,6,4),(7,6,5),(7,6,6),(7,6,7),(7,5,7),
40:(7,2,8),(6,2,8),(6,2,7),(6,3,7),(6,4,7),(6,5,7),(6,6,7),(5,6,7),(4,6,7),
41:(4,6,1),(3,6,1),(2,6,1),(1,6,1),(1,6,2),(1,5,2),(1,4,2),(1,3,2),
42:(7,2,7),(6,2,7),(6,3,7),(6,3,6),(6,4,6),(6,4,5),(6,4,4),(5,4,4),(5,5,4),(5,6,4),(5,6,3),(5,6,3),(5,6,2),(5,6,1),(4,6,1),
43:(4,6,7),(5,6,7),(6,6,7),(6,6,6),(6,6,5),(6,6,4),(6,6,3),(7,6,3),
44:(1,2,4),(1,2,3),(1,2,2),
45:(1,3,8),(2,3,8),(3,3,8),(3,3,7),(3,2,7),(4,2,7),(4,1,7),(4,0,7),
46:(7,1,1),(7,2,1),(7,3,1),(6,3,1),(6,4,1),(6,4,2),(5,4,2),(5,4,2),(5,4,1),(4,4,1),
47:(4,7,2),
48:(1,5,2),(2,5,2),(2,4,2),(2,3,2),(2,3,2),(2,2,2),(2,1,2),(3,1,2),(3,1,3),(3,0,3),(4,0,3),(5,0,3),(6,0,3),(6,1,3),(7,1,3),
49:(7,5,1),(6,5,1),(5,5,1),(4,5,1),(3,5,1),(2,5,1),(2,4,1),(2,4,2),(2,3,2),(2,2,2),(2,2,3),(1,2,3),
50:(1,1,6),(1,2,6),(1,2,5),(1,2,4),(1,2,3),(1,3,3),(2,3,3),(2,4,3),(2,4,2),(2,5,2),(1,5,2),(1,5,1),(1,5,0),
51:(1,4,1),(2,4,1),(3,4,1),(4,4,1),(5,4,1),(6,4,1),(7,4,1),(7,4,2),(7,4,2),(7,4,3),
52:(1,3,4),(2,3,4),(3,3,4),(3,3,5),(3,2,5),(3,2,5),(4,2,5),
53:(4,8,8),(5,8,8),(6,8,8),(6,8,7),(6,7,7),(6,7,6),(6,7,5),(6,7,4),(6,7,3),(7,7,3),(7,7,2),
54:(1,5,3),(1,5,4),(1,5,5),(1,4,5),(1,3,5),(1,3,6),
55:(7,4,2),(7,4,3),(7,4,4),(7,4,5),(7,5,5),(7,6,5),(7,7,5),
56:(1,2,1),(1,2,2),(0,2,2),(0,2,3),(0,2,4),(0,2,5),(0,2,6),(0,2,7),(0,2,8),(0,3,8),(0,4,8),(1,4,8),(1,5,8),(1,6,8),
57:(7,6,7),(6,6,7),(6,5,7),(5,5,7),(5,4,7),(5,3,7),(5,3,7),(4,3,7),
58:(4,3,1),(4,4,1),(4,5,1),(4,5,2),
59:(4,2,2),(4,2,1),(4,1,1),(4,0,1),
60:(4,0,3),(3,0,3),(2,0,3),(2,0,4),(2,0,5),(2,0,6),(2,0,7),(2,1,7),(1,1,7),
61:(1,3,2),(2,3,2),(3,3,2),(3,3,3),(3,3,4),(3,3,5),(3,3,6),(3,2,6),(3,2,6),(4,2,6),
62:(4,3,5),(3,3,5),(2,3,5),(2,3,4),(2,3,3),(2,3,2),(2,3,1),(2,3,0),(1,3,0),(1,4,0),
63:(1,1,0),(2,1,0),(2,1,1),(2,1,1),(2,1,2),(2,1,3),(2,1,4),(3,1,4),(3,1,5),(3,1,6),(3,1,7),(3,1,8),(4,1,8),
64:(1,5,4),(2,5,4),(3,5,4),(4,5,4),(4,5,5),(5,5,5),(5,5,6),(5,5,7),(5,5,7),(5,4,7),(5,3,7),(5,2,7),(5,1,7),(6,1,7),(7,1,7),
65:(7,8,6),(6,8,6),(5,8,6),(4,8,6),(4,8,5),(4,7,5),(4,6,5),(4,5,5),
66:(4,0,1),(5,0,1),(6,0,1),(7,0,1),(7,1,1),(7,2,1),(7,3,1),(7,4,1),(7,5,1),(7,5,2),(7,5,3),
67:(4,6,6),(4,6,5),(4,6,4),(4,6,3),(5,6,3),(5,6,2),(5,5,2),(5,5,1),(5,5,0),(4,5,0),
68:(1,5,7),(2,5,7),(3,5,7),(4,5,7),(4,4,7),
69:(7,6,2),(6,6,2),(5,6,2),(5,6,3),(5,6,4),(5,7,4),(4,7,4),(3,7,4),(3,7,5),(3,7,6),(2,7,6),(2,7,7),(2,7,7),(2,7,8),(1,7,8),
70:(7,6,3),(7,5,3),(7,4,3),(7,3,3),(7,3,3),(7,2,3),(7,2,4),(7,1,4),(7,0,4),
71:(4,0,2),(4,0,1),(4,0,2),(4,1,2),(4,1,1),
72:(4,4,3),(5,4,3),(6,4,3),(7,4,3),(7,5,3),(7,5,2),(7,5,1),(7,6,1),
73:(7,1,6),(6,1,6),(5,1,6),(5,2,6),(5,2,5),(5,2,4),(5,2,3),(5,2,2),(5,2,1),(4,2,1),(4,2,0),
74:(7,3,5),(6,3,5),(5,3,5),(4,3,5),(3,3,5),(2,3,5),(2,3,4),(2,2,4),(2,1,4),(2,1,3),(2,1,2),(2,0,2),(1,0,2),
75:(4,1,3),(5,1,3),(5,1,4),(5,1,5),(5,1,6),(5,1,7),(5,1,7),(4,1,7),
76:(4,7,6),(5,7,6),(6,7,6),(6,7,5),(6,7,4),(6,7,3),(6,7,2),(6,7,1),(6,6,1),(6,5,1),(7,5,1),
77:(4,5,1),(4,5,0),(4,6,0),
78:(4,8,5),(4,8,4),(4,8,3),(4,8,2),(3,8,2),(3,7,2),(3,6,2),(3,5,2),(3,5,2),(3,4,2),(3,3,2),(4,3,2),
79:(4,3,0),(5,3,0),(6,3,0),(6,2,0),(6,2,1),(6,2,2),(7,2,2),
80:(1,2,5),(2,2,5),(3,2,5),(4,2,5),(4,2,4),(4,2,3),(3,2,3),(3,2,2),(3,2,1),(3,2,1),(4,2,1),
81:(4,5,0),(4,4,0),(4,4,1),(4,4,2),(4,4,3),
82:(1,2,0),(2,2,0),(3,2,0),(3,3,0),(3,3,1),(3,3,2),(3,3,3),(3,3,4),(3,3,5),(3,3,6),(3,4,6),(3,5,6),(3,6,6),(3,7,6),(3,8,6),(4,8,6),
83:(7,4,3),(6,4,3),(6,4,4),(5,4,4),(4,4,4),(3,4,4),(2,4,4),(2,5,4),(2,6,4),(2,6,4),(1,6,4),
84:(7,0,1),(7,1,1),(7,2,1),(7,2,2),(7,3,2),(7,3,3),(7,4,3),(7,4,4),(8,4,4),(8,5,4),(8,6,4),(8,7,4),(8,8,4),(7,8,4),
85:(1,1,1),(1,2,1),(1,3,1),(1,4,1),(1,5,1),(1,6,1),(1,7,1),(1,7,2),(0,7,2),(0,7,3),(0,7,4),(1,7,4),(1,7,5),
86:(7,3,3),(6,3,3),(5,3,3),(5,4,3),(5,4,2),(5,4,1),(5,4,0),(4,4,0),
87:(1,7,6),(1,7,7),(1,6,7),(1,5,7),(1,4,7),
88:(7,7,6),(6,7,6),(6,7,7),(5,7,7),(4,7,7),(4,7,8),
89:(1,8,8),(2,8,8),(3,8,8),(4,8,8),(5,8,8),(6,8,8),(6,8,7),(6,7,7),(6,6,7),(6,5,7),(6,4,7),(6,3,7),(7,3,7),
90:(4,0,4),(4,1,4),(4,2,4),(4,3,4),(4,3,3),
91:(4,8,7),(3,8,7),(2,8,7),(2,8,6),(2,8,5),(2,8,4),(2,8,3),(2,8,2),(2,7,2),(1,7,2),
92:(1,7,0),(2,7,0),(3,7,0),(3,7,1),(3,7,2),(3,6,2),(3,6,3),(3,6,4),(3,6,5),(4,6,5),
93:(7,2,1),(7,2,2),(7,1,2),
94:(4,7,7),(3,7,7),(3,7,6),(3,7,5),(3,7,4),(3,7,3),(2,7,3),(2,6,3),(2,5,3),(1,5,3),
95:(7,4,6),(6,4,6),(5,4,6),(4,4,6),(3,4,6),(2,4,6),(2,4,5),(2,4,4),(2,4,3),(2,5,3),(2,6,3),(1,6,3),
96:(1,0,7),(2,0,7),(2,1,7),(2,2,7),(2,3,7),(3,3,7),(3,4,7),(3,4,6),(3,5,6),(3,6,6),(3,7,6),(3,8,6),(3,8,5),(3,8,4),(4,8,4),
97:(7,7,7),(6,7,7),(5,7,7),(4,7,7),(3,7,7),(2,7,7),(1,7,7),(1,6,7),(1,6,6),
98:(4,0,6),(3,0,6),(3,0,5),(2,0,5),(2,1,5),(2,2,5),(2,2,5),(1,2,5),(1,2,4),
99:(1,8,4),(2,8,4),(3,8,4),(4,8,4),(4,7,4),(4,6,4),(4,5,4),
100:(7,6,1),(6,6,1),(5,6,1),(4,6,1),(4,7,1),(3,7,1),(2,7,1),(2,7,2),(2,7,3),(2,8,3),(1,8,3),
101:(7,7,5),(6,7,5),(5,7,5),(5,6,5),(5,5,5),(5,5,6),(5,5,7),(5,5,8),(4,5,8),
102:(7,5,7),(6,5,7),(5,5,7),(5,5,6),(4,5,6),(3,5,6),(2,5,6),(2,5,5),(2,6,5),(2,7,5),(2,7,4),(2,7,4),(1,7,4),
103:(4,5,2),(4,5,1),(4,5,0),(4,5,-1),(4,4,-1),(4,3,-1),(4,2,-1),(4,1,-1),(4,0,-1),(4,0,0),
104:(7,6,6),(7,6,5),(7,6,4),(7,5,4),(7,5,4),(7,5,3),(7,5,2),(7,5,2),(7,5,2),(7,4,2),
105:(1,6,6),(2,6,6),(3,6,6),(4,6,6),(5,6,6),(6,6,6),(6,5,6),(6,5,5),(6,5,4),(6,5,3),(6,5,2),(6,5,1),(6,5,0),(7,5,0),
106:(7,0,6),(7,0,7),(7,1,7),(7,2,7),
107:(7,3,8),(7,3,7),(7,3,6),(7,3,5),(7,4,5),(7,4,4),(7,5,4),(7,5,3),(6,5,3),(6,6,3),(6,7,3),(7,7,3),
108:(7,1,3),(7,1,2),(7,1,1),(7,1,0),(7,2,0),(7,3,0),(7,4,0),(7,5,0),(6,5,0),(6,6,0),(6,7,0),(6,8,0),(7,8,0),
109:(7,3,2),(6,3,2),(5,3,2),(5,3,3),(5,3,4),(4,3,4),(3,3,4),(2,3,4),(2,3,5),(2,3,6),(2,3,7),(2,2,7),(1,2,7),
110:(4,2,5),(4,1,5),(4,2,5),(4,1,5),(4,1,4),(4,1,3),(4,1,2),
111:(4,1,6),(3,1,6),(3,1,5),(3,1,4),(3,1,3),(3,2,3),(3,2,2),(3,3,2),(3,4,2),(2,4,2),(2,5,2),(1,5,2),(1,6,2),
112:(1,6,4),(1,6,5),(0,6,5),(0,6,6),(0,5,6),(0,4,6),(0,3,6),(0,2,6),(1,2,6),(1,1,6),(1,0,6),
113:(1,5,6),(2,5,6),(3,5,6),(4,5,6),(4,4,6),(5,4,6),(6,4,6),(6,4,5),(6,4,4),(6,4,3),(6,4,2),(6,4,1),(6,3,1),(6,2,1),(6,1,1),(6,0,1),(7,0,1),
114:(4,6,0),(4,6,1),(4,6,2),
115:(4,3,8),(5,3,8),(6,3,8),(7,3,8),(7,3,7),(7,3,6),(7,2,6),
116:(7,5,5),(6,5,5),(6,4,5),(6,3,5),(5,3,5),(4,3,5),(3,3,5),(2,3,5),(1,3,5),(1,3,4),
117:(7,1,0),(6,1,0),(5,1,0),(4,1,0),(3,1,0),(2,1,0),(1,1,0),(1,1,1),
118:(7,4,1),(6,4,1),(6,4,2),(6,4,3),(6,4,4),(5,4,4),(5,4,5),(5,4,6),(5,4,7),(5,4,8),(4,4,8),
119:(4,4,5),(4,4,4),(4,4,3),(4,5,3),
120:(7,2,2),(6,2,2),(5,2,2),(5,2,3),(5,2,4),(5,1,4),(5,1,5),(5,1,6),(5,1,7),(5,1,8),(4,1,8),(4,0,8),
121:(1,3,1),(2,3,1),(3,3,1),(3,2,1),(3,2,1),(4,2,1),(5,2,1),(6,2,1),(7,2,1),(7,1,1),
122:(4,4,6),(4,3,6),(4,2,6),(4,2,6),(4,2,5),(4,1,5),
123:(1,0,4),(2,0,4),(2,1,4),(2,2,4),(3,2,4),(4,2,4),(5,2,4),(6,2,4),(7,2,4),
124:(7,8,8),(6,8,8),(6,8,7),(5,8,7),(5,8,6),(5,8,5),(5,8,4),(5,8,3),(5,8,2),(5,8,1),(5,8,0),(4,8,0),
125:(7,1,2),(6,1,2),(5,1,2),(5,1,3),(5,2,3),(5,2,3),(4,2,3),
126:(4,7,8),(4,6,8),(4,5,8),(4,4,8),(5,4,8),(5,4,7),(5,4,6),(5,3,6),(5,3,5),(5,3,4),(5,2,4),(4,2,4),
127:(4,2,7),(4,3,7),(4,4,7),(4,4,7),(4,4,8),(4,5,8),(4,6,8),
128:(7,2,5),(7,2,4),(7,2,3),(7,2,3),(7,2,2),(7,2,2),(7,2,1),(7,3,1),(7,4,1),
129:(7,2,4),(6,2,4),(6,2,5),(6,2,6),(6,2,7),(5,2,7),(4,2,7),
130:(4,2,1),(4,1,1),(4,1,2),(4,1,3),(4,0,3),(4,0,4),(4,0,5),
131:(4,6,2),(3,6,2),(3,6,2),(3,7,2),(2,7,2),(2,7,3),(2,7,4),(2,7,5),(2,7,6),(2,7,6),(2,7,7),(2,6,7),(2,5,7),(2,5,8),(1,5,8),
132:(7,6,8),(6,6,8),(5,6,8),(4,6,8),(4,7,8),(4,8,8),(4,8,7),(4,8,6),(4,8,5),
133:(4,8,3),(4,7,3),(4,7,3),(4,7,4),(4,7,5),(4,6,5),(4,5,5),(4,5,6),
134:(4,4,7),(4,4,6),(4,4,5),(4,4,4),(4,5,4),(3,5,4),(3,5,3),(3,6,3),(3,7,3),(4,7,3),
135:(7,8,5),(6,8,5),(5,8,5),(5,8,4),(5,7,4),(5,7,3),(5,6,3),(5,5,3),(5,4,3),(5,3,3),(5,2,3),(5,1,3),(5,0,3),(4,0,3),
136:(1,3,5),(2,3,5),(2,3,6),(3,3,6),(4,3,6),(5,3,6),(6,3,6),(6,3,7),(6,2,7),(6,1,7),(7,1,7),(7,0,7),
137:(7,4,8),(6,4,8),(5,4,8),(5,5,8),(5,6,8),(5,7,8),(5,8,8),(4,8,8),
138:(1,8,5),(2,8,5),(3,8,5),(4,8,5),(5,8,5),(6,8,5),(6,8,4),(6,8,3),(6,8,2),(6,7,2),(6,6,2),(6,5,2),(6,4,2),(6,3,2),(6,2,2),(6,1,2),(6,0,2),(7,0,2),
139:(7,0,3),(6,0,3),(5,0,3),(4,0,3),(4,0,4),(4,0,5),(4,0,6),
140:(1,7,5),(1,7,6),(1,7,7),(1,7,8),(1,6,8),(1,5,8),(1,4,8),(1,4,9),(1,3,9),(1,2,9),(1,1,9),(1,0,9),(1,0,8),
141:(1,4,7),(2,4,7),(3,4,7),(3,5,7),(4,5,7),(5,5,7),(6,5,7),(6,5,6),(6,5,5),(7,5,5),
142:(7,3,6),(7,4,6),(7,5,6),(7,6,6),(7,7,6),(7,7,5),(7,8,5),(7,8,4),(7,8,3),(6,8,3),(6,8,2),(6,8,1),(7,8,1),
143:(1,5,1),(2,5,1),(2,5,2),(2,5,3),(2,5,4),(2,5,5),(3,5,5),(3,4,5),(3,4,5),(3,3,5),(4,3,5),
144:(1,7,4),(1,6,4),(1,6,3),(1,5,3),(0,5,3),(0,5,2),(0,5,1),(0,5,0),(0,4,0),(0,3,0),(1,3,0),(1,2,0),(1,1,0),(1,0,0),
145:(1,7,7),(2,7,7),(2,7,6),(3,7,6),(3,7,5),(3,7,4),(3,6,4),(3,5,4),(3,4,4),(3,3,4),(3,2,4),(3,1,4),(4,1,4),
146:(7,0,5),(6,0,5),(5,0,5),(4,0,5),(3,0,5),(2,0,5),(2,0,6),(2,1,6),(2,1,7),(2,1,8),(2,2,8),(2,3,8),(2,4,8),(1,4,8),
147:(4,6,4),(4,5,4),(4,5,5),(4,4,5),
148:(1,3,3),(2,3,3),(3,3,3),(4,3,3),(5,3,3),(6,3,3),(6,3,4),(6,3,5),(6,3,6),(6,4,6),(6,5,6),(6,6,6),(6,7,6),(7,7,6),
149:(1,6,2),(1,7,2),(1,7,2),(1,8,2),
150:(1,7,3),(2,7,3),(3,7,3),(3,6,3),(3,6,3),(4,6,3),
151:(1,2,2),(1,3,2),(1,3,3),(1,3,4),(1,4,4),(1,4,5),(1,4,6),(2,4,6),(2,4,7),(2,4,8),(2,5,8),(2,6,8),(2,7,8),(2,8,8),(1,8,8),
152:(4,8,4),(4,7,4),(5,7,4),(5,6,4),(4,6,4),(4,5,4),(4,4,4),(4,3,4),(4,2,4),(4,1,4),(4,0,4),
153:(1,5,0),(1,5,1),(1,5,2),(2,5,2),(2,5,3),(2,5,4),(2,5,5),(1,5,5),
154:(7,4,0),(6,4,0),(5,4,0),(5,3,0),(4,3,0),(3,3,0),(3,3,1),(3,2,1),(3,1,1),(3,1,2),(3,1,3),(2,1,3),(2,1,4),(2,0,4),(1,0,4),
155:(1,4,6),(1,5,6),(1,6,6),(1,6,5),(1,6,4),(1,6,3),(1,7,3),(1,8,3),(2,8,3),(2,8,2),(2,8,1),(2,8,0),(1,8,0),
156:(4,1,2),(4,1,3),(4,1,4),(4,2,4),(4,3,4),(4,4,4),(5,4,4),(5,5,4),(5,6,4),(5,7,4),(4,7,4),
157:(4,7,4),(5,7,4),(6,7,4),(6,6,4),(6,6,3),(6,6,2),(6,5,2),(6,5,2),(6,5,2),(6,5,2),(7,5,2),
158:(4,2,3),(5,2,3),(6,2,3),(6,2,4),(7,2,4),(7,2,5),(7,1,5),(7,1,6),(7,1,7),(7,1,8),(7,0,8),
159:(4,1,4),(4,2,4),(4,2,3),(4,2,2),
160:(4,2,6),(4,2,7),(4,2,8),
161:(7,3,7),(7,4,7),(7,5,7),(7,6,7),(7,7,7),
162:(7,6,4),(7,6,3),(7,5,3),(8,5,3),(8,4,3),(8,3,3),(7,3,3),(7,2,3),
163:(1,7,1),(2,7,1),(3,7,1),(4,7,1),(5,7,1),(6,7,1),(7,7,1),
164:(1,0,1),(2,0,1),(3,0,1),(3,0,2),(4,0,2),(4,0,3),(4,0,3),(4,1,3),
165:(4,7,1),(3,7,1),(3,7,2),(2,7,2),(2,7,3),(2,7,4),(2,7,5),(2,7,6),(2,8,6),(1,8,6),
166:(4,7,3),(5,7,3),(6,7,3),(6,7,4),(6,6,4),(6,5,4),(6,5,4),(7,5,4),
167:(1,3,0),(2,3,0),(3,3,0),(4,3,0),(4,4,0),(4,4,1),(4,4,2),
168:(7,1,5),(6,1,5),(6,1,4),(5,1,4),(5,1,3),(5,1,2),(5,1,1),(5,1,0),(4,1,0),(4,2,0),(4,3,0),
169:(7,5,8),(6,5,8),(5,5,8),(4,5,8),(3,5,8),(2,5,8),(2,5,7),(2,5,6),(2,5,5),(2,5,4),(2,5,3),(2,5,2),(2,5,1),(2,5,0),(2,4,0),(2,3,0),(1,3,0),
170:(1,8,2),(0,8,2),(0,8,3),(0,8,4),(0,8,5),(0,8,6),(1,8,6),(1,8,7),(1,7,7),(1,6,7),
171:(4,8,1),(5,8,1),(6,8,1),(6,7,1),(6,6,1),(6,5,1),(6,4,1),(6,4,2),(6,4,3),(6,3,3),(6,3,4),(6,3,5),(7,3,5),
172:(4,0,8),(5,0,8),(5,1,8),(5,2,8),(5,3,8),(5,4,8),(6,4,8),(7,4,8),(7,5,8),
173:(7,8,7),(7,8,6),(7,8,5),(7,7,5),(7,7,4),
174:(1,3,7),(1,3,6),(1,4,6),(1,5,6),(1,5,5),(1,6,5),(0,6,5),(0,6,4),(0,6,3),(0,6,2),(1,6,2),(1,6,1),
175:(4,5,6),(3,5,6),(3,5,5),(3,4,5),(2,4,5),(2,4,4),(1,4,4),
176:(7,5,0),(7,6,0),(7,7,0),
177:(1,2,6),(2,2,6),(2,2,5),(2,3,5),(2,3,4),(2,3,3),(2,3,2),(2,3,1),(3,3,1),(3,3,0),(3,4,0),(3,5,0),(3,6,0),(3,7,0),(4,7,0),
178:(7,3,0),(6,3,0),(6,3,1),(5,3,1),(5,3,2),(5,3,3),(5,3,4),(5,3,5),(5,4,5),(5,4,6),(4,4,6),
179:(4,3,7),(3,3,7),(2,3,7),(1,3,7),(1,3,6),(1,4,6),(0,4,6),(0,4,5),(1,4,5),
180:(4,0,0),(5,0,0),(6,0,0),(6,0,1),(6,0,2),(6,0,3),(6,0,4),(6,0,5),(6,0,6),(6,0,7),(6,1,7),(6,2,7),(6,3,7),(6,4,7),(6,5,7),(6,6,7),(7,6,7),
181:(4,5,7),(3,5,7),(3,6,7),(3,6,6),(3,7,6),(3,7,5),(3,7,4),(3,7,3),(3,7,2),(2,7,2),(2,7,1),(1,7,1),(1,7,0),
182:(1,8,6),(2,8,6),(3,8,6),(3,8,5),(3,8,5),(4,8,5),(5,8,5),(6,8,5),(6,7,5),(6,6,5),(7,6,5),
183:(1,8,7),(1,8,6),(1,7,6),
184:(7,7,8),(7,8,8),
185:(1,1,4),(2,1,4),(3,1,4),(4,1,4),(5,1,4),(6,1,4),(6,1,5),(6,1,6),(6,2,6),(6,3,6),(6,4,6),(6,5,6),(7,5,6),
186:(1,6,1),(1,6,2),(0,6,2),(0,6,3),(0,6,4),(0,5,4),(1,5,4),
187:(4,6,8),(3,6,8),(2,6,8),(1,6,8),(1,6,7),(1,5,7),
188:(7,0,2),(7,0,3),(7,0,4),(7,0,5),(7,1,5),(6,1,5),(6,2,5),(7,2,5),
189:(7,7,1),(7,6,1),(7,6,1),(7,6,0),
190:(7,5,3),(7,5,4),(6,5,4),(6,4,4),(6,3,4),(6,2,4),(6,1,4),(6,1,5),(7,1,5),(7,0,5),
191:(1,2,3),(2,2,3),(3,2,3),(3,2,4),(3,1,4),(4,1,4),(5,1,4),(6,1,4),(6,2,4),(6,3,4),(6,4,4),(7,4,4),
192:(4,8,2),(5,8,2),(5,7,2),(6,7,2),(6,6,2),(6,5,2),(6,4,2),(6,3,2),(6,3,3),(6,3,2),(6,3,3),(7,3,3),
193:(4,5,8),(4,4,8),(4,3,8),(5,3,8),(6,3,8),(6,2,8),(6,2,7),(6,2,6),(6,2,5),(6,1,5),(7,1,5),
194:(1,3,6),(1,3,5),(0,3,5),(0,4,5),(0,5,5),(0,6,5),(0,7,5),(0,8,5),(1,8,5),
195:(1,5,5),(2,5,5),(2,6,5),(3,6,5),(3,6,6),(3,6,7),(3,7,7),(4,7,7),(4,8,7),
196:(4,2,0),(5,2,0),(6,2,0),(6,2,1),(6,2,2),(6,2,3),(6,2,4),(6,2,5),(6,3,5),(6,4,5),(6,4,5),(7,4,5),
197:(4,1,7),(4,1,6),(4,1,6),(5,1,6),(6,1,6),(7,1,6),(8,1,6),(8,1,5),(8,1,4),(7,1,4),
198:(1,0,8),(1,0,7),(1,0,6),(1,1,6),(1,2,6),(1,2,5),(1,2,4),(1,3,4),(0,3,4),(0,4,4),(0,5,4),(0,6,4),(0,7,4),(0,8,4),(1,8,4),
199:(7,2,0),(6,2,0),(6,2,1),(6,2,2),(6,2,3),(6,1,3),(5,1,3),(5,1,4),(4,1,4),(3,1,4),(2,1,4),(2,1,5),(1,1,5),
200:(4,5,3),(5,5,3),(5,5,4),(5,5,5),(5,5,6),(4,5,6),(4,5,7),
201:(4,6,5),(3,6,5),(3,6,4),(2,6,4),(2,6,3),(2,6,2),(2,6,1),(1,6,1),(1,6,0),
202:(7,4,7),(7,5,7),(7,6,7),(6,6,7),(5,6,7),(4,6,7),(3,6,7),(2,6,7),(2,7,7),(2,7,7),(1,7,7),
203:(4,5,4),(5,5,4),(5,4,4),(5,4,5),(6,4,5),(7,4,5),(7,4,6),(7,4,7),
204:(7,4,5),(8,4,5),(8,4,4),(8,4,3),(8,4,2),(8,4,1),(8,4,0),(7,4,0),
205:(1,1,3),(1,1,4),(1,1,5),(1,2,5),(0,2,5),(0,2,6),(0,2,7),(0,3,7),(0,4,7),(0,5,7),(0,6,7),(0,7,7),(0,8,7),(1,8,7),
206:(7,2,6),(7,2,7),(7,3,7),(7,4,7),(7,4,8),(7,5,8),(7,6,8),(7,7,8),
207:(1,0,5),(1,0,4),(1,1,4),(1,1,3),(1,1,2),(1,1,1),(1,2,1),(2,2,1),(2,3,1),(2,4,1),(1,4,1),
208:(4,3,2),(4,3,1),
209:(7,6,0),(6,6,0),(6,5,0),(6,4,0),(6,3,0),(5,3,0),(5,2,0),(5,2,0),(5,1,0),(5,1,0),(4,1,0),
210:(7,2,3),(6,2,3),(6,3,3),(6,3,4),(6,3,5),(5,3,5),(4,3,5),(3,3,5),(3,2,5),(2,2,5),(2,2,6),(1,2,6),
211:(4,5,5),(4,5,6),(4,4,6),(4,3,6),(5,3,6),(5,2,6),(5,1,6),(4,1,6),
212:(7,1,8),(7,2,8),(7,3,8),(7,4,8),(7,5,8),(7,6,8),(7,7,8),(6,7,8),(6,7,7),(6,7,6),(6,7,5),(6,8,5),(7,8,5),
213:(7,4,4),(7,4,5),(7,4,6),(7,4,6),(7,4,6),(8,4,6),(8,4,6),(7,4,6),
214:(1,7,8),(2,7,8),(3,7,8),(4,7,8),(5,7,8),(6,7,8),(6,7,7),(6,7,6),(6,8,6),(6,8,5),(6,8,4),(6,8,3),(7,8,3),
215:(4,1,1),(4,1,2),(4,2,2),(3,2,2),(3,2,3),(3,3,3),(3,4,3),(3,5,3),(3,5,4),(3,5,5),(3,6,5),(3,7,5),(4,7,5),
216:(1,1,7),(1,2,7),(1,3,7),(1,4,7),(0,4,7),(0,5,7),(0,5,6),(0,5,5),(0,5,4),(0,5,3),(0,5,2),(0,5,2),(1,5,2),
217:(1,2,7),(1,2,8),(1,1,8),
218:(1,4,8),(1,4,7),(1,5,7),(0,5,7),(0,6,7),(0,6,6),(1,6,6),(1,6,5),
219:(1,0,6),(2,0,6),(3,0,6),(3,0,5),(3,1,5),(3,1,4),(3,1,3),(3,2,3),(3,3,3),(3,4,3),(3,5,3),(3,6,3),(3,7,3),(3,8,3),(4,8,3),
220:(7,7,0),(6,7,0),(5,7,0),(4,7,0),(3,7,0),(2,7,0),(2,6,0),(2,5,0),(2,4,0),(2,3,0),(2,2,0),(2,2,0),(1,2,0),
221:(4,3,6),(5,3,6),(6,3,6),(7,3,6),(7,3,5),(8,3,5),(8,3,4),(8,3,3),(8,3,2),(8,3,1),(8,3,0),(8,2,0),(8,1,0),(7,1,0),
222:(4,8,0),(5,8,0),(6,8,0),(6,7,0),(6,7,1),(6,6,1),(6,6,2),(6,6,3),(6,6,4),(6,5,4),(6,5,5),(6,4,5),(6,4,6),(6,3,6),(6,3,7),(6,2,7),(6,1,7),(6,1,8),(7,1,8),
223:(7,0,0),(6,0,0),(6,1,0),(5,1,0),(4,1,0),(3,1,0),(2,1,0),(2,1,1),(2,2,1),(2,3,1),(2,4,1),(2,5,1),(1,5,1),
224:(1,5,8),(1,5,7),(1,5,6),(1,5,5),(1,4,5),(1,3,5),(1,3,4),(0,3,4),(0,3,3),(0,3,2),(0,3,1),(0,2,1),(0,2,1),(1,2,1),
225:(4,4,8),(4,4,7),(4,5,7),(4,6,7),(4,6,6),
226:(1,0,3),(2,0,3),(2,0,2),(2,1,2),(2,2,2),(3,2,2),(3,3,2),(4,3,2),(5,3,2),(5,4,2),(5,5,2),(5,6,2),(6,6,2),(7,6,2),
227:(1,6,7),(1,6,6),(2,6,6),(2,5,6),(2,4,6),(2,4,5),(2,3,5),(1,3,5),(1,2,5),
228:(1,4,4),(2,4,4),(2,4,5),(2,4,6),(2,3,6),(3,3,6),(4,3,6),(4,4,6),(5,4,6),(5,3,6),(6,3,6),(6,2,6),(6,1,6),(6,1,6),(7,1,6),
229:(4,0,5),(5,0,5),(5,0,6),(6,0,6),(7,0,6),
230:(4,4,2),(5,4,2),(5,4,3),(5,5,3),(5,5,4),(5,6,4),(5,6,5),(5,6,6),(6,6,6),(6,6,7),(7,6,7),(7,6,8),
231:(4,1,8),(3,1,8),(3,1,7),(3,1,6),(3,1,6),(2,1,6),(1,1,6),(1,1,5),(1,1,4),
232:(1,4,2),(1,4,2),(1,3,2),(1,3,1),
233:(4,3,3),(4,3,4),(4,4,4),(3,4,4),(3,5,4),(3,6,4),(4,6,4),
234:(4,1,0),(5,1,0),(5,0,0),(6,0,0),(7,0,0),
235:(7,0,7),(7,0,8),(7,1,8),(7,2,8),
236:(4,4,0),(4,3,0),(4,2,0),(3,2,0),(2,2,0),(2,2,1),(2,2,2),(2,1,2),(2,0,2),(1,0,2),(1,0,3),
237:(7,8,4),(6,8,4),(5,8,4),(5,7,4),(5,7,3),(5,7,2),(5,7,1),(4,7,1),
238:(7,7,4),(7,6,4),(8,6,4),(8,6,4),(7,6,4),
239:(7,8,0),(6,8,0),(6,7,0),(5,7,0),(5,6,0),(5,6,1),(5,6,2),(5,6,3),(5,5,3),(5,5,4),(5,5,5),(5,5,6),(5,4,6),(5,3,6),(4,3,6),
240:(1,2,8),(2,2,8),(2,2,7),(2,3,7),(2,4,7),(2,4,7),(2,4,6),(2,4,5),(2,4,5),(3,4,5),(3,4,4),(4,4,4),
241:(1,4,3),(2,4,3),(3,4,3),(4,4,3),(5,4,3),(5,4,2),(5,4,1),(5,3,1),(5,3,1),(6,3,1),(7,3,1),
242:(4,8,6),(5,8,6),(5,7,6),(6,7,6),(6,8,6),(6,8,6),(7,8,6),
