soc=2232
lb_soc=1354
makespan=19
lb_makespan=14
comp_time=9787
highLevelExpanded=67
lowLevelExpanded=15838
solution=
0:(1,6,1),(1,6,2),(1,6,3),(1,6,4),(1,6,5),(1,6,6),(1,6,7),(0,6,7),(0,6,8),(0,5,8),(0,4,8),(0,3,8),(1,3,8),
1:(4,7,0),(5,7,0),(6,7,0),(7,7,0),
2:(7,3,0),(7,3,1),(7,3,2),(7,3,3),(7,3,4),(7,3,5),(7,3,6),(7,3,7),(7,3,8),(7,2,8),(7,1,8),(7,0,8),
3:(7,4,2),(6,4,2),(5,4,2),(4,4,2),(4,4,3),(4,3,3),(4,2,3),(4,1,3),
4:(1,4,3),(2,4,3),(3,4,3),(4,4,3),(4,5,3),(4,5,2),(4,6,2),
5:(7,5,1),(6,5,1),(5,5,1),(5,4,1),(5,3,1),(5,2,1),(5,1,1),(5,0,1),(5,0,2),(5,0,3),(5,0,4),(4,0,4),(4,0,5),
6:(7,7,3),(6,7,3),(5,7,3),(4,7,3),(4,8,3),
7:(4,5,3),(3,5,3),(2,5,3),(1,5,3),(1,6,3),(1,7,3),(1,8,3),
8:(4,6,7),(4,6,6),(4,6,5),(4,6,4),(3,6,4),(3,5,4),(3,4,4),(3,4,3),(3,3,3),(3,2,3),(3,2,4),(3,1,4),(3,0,4),(4,0,4),
9:(7,2,2),(6,2,2),(5,2,2),(4,2,2),(3,2,2),(2,2,2),(2,3,2),(2,3,1),(2,3,0),(2,4,0),(2,5,0),(2,6,0),(2,7,0),(2,8,0),(1,8,0),
10:(1,8,7),(2,8,7),(3,8,7),(4,8,7),(5,8,7),(5,8,6),(5,8,5),(5,8,4),(5,8,3),(6,8,3),(6,7,3),(6,7,2),(6,7,1),(6,7,0),(6,6,0),(6,5,0),(6,4,0),(6,3,0),(6,2,0),(7,2,0),
11:(1,8,3),(1,8,4),(1,8,5),(1,8,6),(1,8,7),(1,7,7),(1,7,8),(1,7,9),(1,6,9),(1,5,9),(1,5,8),(1,4,8),
12:(7,1,5),(6,1,5),(6,1,4),(6,1,3),(6,1,2),(6,1,1),(6,2,1),(5,2,1),(5,3,1),(4,3,1),(3,3,1),(2,3,1),(1,3,1),(1,4,1),
13:(1,4,4),(2,4,4),(3,4,4),(4,4,4),(5,4,4),(6,4,4),(6,4,5),(6,3,5),(6,2,5),(6,2,6),(6,2,7),(6,1,7),(6,0,7),(7,0,7),
14:(7,6,4),(7,6,5),(7,5,5),(8,5,5),(8,4,5),(8,3,5),(8,2,5),(8,1,5),(7,1,5),
15:(4,1,4),(4,1,3),(4,2,3),(4,3,3),(4,3,2),
16:(4,7,4),(5,7,4),(6,7,4),(6,6,4),(6,6,5),(6,6,6),(6,5,6),(6,4,6),(6,3,6),(7,3,6),(7,2,6),
17:(7,6,0),(6,6,0),(5,6,0),(5,5,0),(5,4,0),(5,3,0),(5,2,0),(5,1,0),(5,0,0),(5,0,1),(5,0,2),(4,0,2),
18:(7,5,4),(6,5,4),(5,5,4),(4,5,4),(4,5,5),(4,5,6),(4,4,6),
19:(7,0,3),(6,0,3),(5,0,3),(5,0,4),(5,1,4),(5,2,4),(5,3,4),(5,4,4),(5,5,4),(4,5,4),(4,6,4),
20:(7,7,0),(6,7,0),(6,7,1),(5,7,1),(4,7,1),(3,7,1),(2,7,1),(1,7,1),(0,7,1),(0,7,2),(0,7,3),(0,7,4),(0,7,5),(0,7,6),(0,7,7),(1,7,7),(1,7,8),
21:(4,8,3),(3,8,3),(2,8,3),(1,8,3),(1,8,2),(1,8,1),(1,7,1),(1,6,1),(1,5,1),(1,4,1),(1,4,1),(1,4,0),
22:(1,6,6),(2,6,6),(3,6,6),(4,6,6),(5,6,6),(5,5,6),(5,4,6),(5,3,6),(5,3,6),(6,3,6),(7,3,6),
23:(1,2,4),(1,2,5),(1,2,6),(1,3,6),
24:(1,3,4),(2,3,4),(3,3,4),(4,3,4),(4,3,5),(5,3,5),(5,3,6),(5,3,7),(5,3,8),(6,3,8),(7,3,8),(7,2,8),
25:(7,7,8),(6,7,8),(5,7,8),(5,6,8),(4,6,8),(4,5,8),(4,4,8),
26:(4,5,5),(5,5,5),(6,5,5),(7,5,5),(7,5,4),(7,5,3),(7,5,3),(7,4,3),(7,4,2),(7,4,1),
27:(1,7,3),(2,7,3),(3,7,3),(3,7,2),(4,7,2),(5,7,2),(6,7,2),(7,7,2),
28:(1,1,3),(2,1,3),(3,1,3),(4,1,3),(5,1,3),(6,1,3),(6,1,4),(6,2,4),(6,3,4),(6,4,4),(6,5,4),(6,6,4),(6,6,5),(6,6,6),(6,6,7),(6,6,8),(7,6,8),
29:(1,5,7),(2,5,7),(3,5,7),(4,5,7),(5,5,7),(6,5,7),(7,5,7),(7,5,6),(6,5,6),(6,5,5),(6,4,5),(6,4,4),(6,3,4),(6,2,4),(7,2,4),
30:(4,2,1),(4,2,2),(4,1,2),(4,0,2),(4,0,3),
31:(1,8,4),(2,8,4),(3,8,4),(3,8,5),(3,8,6),(3,8,7),(3,8,8),(3,7,8),(3,6,8),(2,6,8),(3,6,8),(4,6,8),
32:(4,7,7),(3,7,7),(3,7,7),(3,7,6),(3,7,5),(3,7,4),(2,7,4),(2,7,3),(1,7,3),
33:(1,1,8),(1,1,7),(1,2,7),(1,3,7),(1,4,7),(1,4,6),(1,5,6),(1,6,6),(1,7,6),
34:(4,4,3),(4,4,4),(4,4,5),(4,3,5),(4,2,5),(4,1,5),
35:(4,4,7),(4,4,6),(4,5,6),(4,5,5),(4,6,5),(4,6,4),(4,6,3),(5,6,3),(5,7,3),(5,7,2),(5,7,1),(5,7,0),(4,7,0),
36:(1,0,0),(2,0,0),(2,0,1),(2,1,1),(2,2,1),(2,3,1),(2,4,1),(2,5,1),(3,5,1),(3,6,1),(3,7,1),(3,7,2),(3,8,2),(4,8,2),
37:(4,8,2),(5,8,2),(6,8,2),(7,8,2),(7,8,3),(7,8,4),(7,7,4),(7,6,4),(7,5,4),
38:(7,2,7),(7,2,6),(7,3,6),(7,4,6),
39:(7,6,1),(7,6,2),(7,5,2),(7,4,2),(7,3,2),(7,2,2),(7,1,2),(7,0,2),
40:(4,6,4),(3,6,4),(2,6,4),(2,5,4),(1,5,4),
41:(4,8,5),(4,8,4),(4,8,3),(4,8,2),(3,8,2),(3,8,1),(3,8,0),(3,7,0),(3,6,0),(3,5,0),(3,4,0),(2,4,0),(2,3,0),(2,2,0),(2,1,0),(1,1,0),
42:(7,1,2),(7,1,1),(7,2,1),(7,3,1),(7,4,1),(7,5,1),
43:(1,6,4),(2,6,4),(2,6,5),(3,6,5),(3,6,6),(4,6,6),(5,6,6),(6,6,6),(7,6,6),(7,5,6),
44:(1,2,0),(1,2,1),(1,2,2),(1,2,3),(1,3,3),(1,4,3),(1,5,3),
45:(7,2,5),(7,3,5),(7,3,5),(7,3,6),(7,3,7),(7,4,7),(7,4,7),(7,5,7),(7,6,7),
46:(1,5,8),(1,5,7),(1,5,6),(1,5,5),(1,4,5),(1,4,4),(1,4,3),(1,4,2),(1,3,2),
47:(4,2,2),(4,3,2),(4,4,2),(4,5,2),(4,5,1),(4,6,1),(4,7,1),(4,7,0),(4,8,0),
48:(4,5,4),(3,5,4),(2,5,4),(1,5,4),(1,6,4),(1,7,4),
49:(7,6,2),(6,6,2),(5,6,2),(4,6,2),(3,6,2),(2,6,2),(2,6,3),(2,6,4),(2,5,4),(2,5,5),(2,5,6),(2,5,7),(1,5,7),
50:(1,7,8),(1,7,7),(1,7,6),(1,7,5),(1,7,5),(1,6,5),(1,6,4),
51:(1,4,1),(1,4,2),(1,4,3),(0,4,3),(0,3,3),(1,3,3),
52:(4,1,7),(4,2,7),(4,3,7),(4,4,7),(3,4,7),(2,4,7),(2,4,6),(2,5,6),(1,5,6),
53:(7,1,7),(6,1,7),(5,1,7),(5,1,6),(5,1,5),(5,1,4),(5,1,3),(5,1,2),(5,2,2),(5,2,2),(5,2,2),(4,2,2),
54:(7,7,6),(7,6,6),(7,5,6),(6,5,6),(6,4,6),(6,3,6),(6,2,6),(7,2,6),(7,1,6),
55:(7,6,7),(6,6,7),(5,6,7),(4,6,7),(4,6,6),(4,6,5),(4,6,4),(4,6,3),
56:(1,7,5),(2,7,5),(3,7,5),(4,7,5),(5,7,5),(6,7,5),(6,6,5),(6,5,5),(6,4,5),(6,3,5),(6,2,5),(6,1,5),(6,0,5),(7,0,5),
57:(7,5,0),(6,5,0),(5,5,0),(4,5,0),(3,5,0),(2,5,0),(2,5,1),(2,5,2),(2,4,2),(2,4,3),(2,3,3),(2,3,4),(2,2,4),(2,2,5),(2,2,6),(2,2,7),(2,2,8),(2,1,8),(2,0,8),(1,0,8),
58:(7,0,1),(7,0,2),(7,0,3),(7,0,4),(7,0,5),(7,0,6),
59:(7,4,3),(6,4,3),(5,4,3),(5,4,2),(4,4,2),
60:(4,5,0),(4,5,1),(4,4,1),(3,4,1),(3,4,2),(3,3,2),(3,2,2),(3,1,2),(3,0,2),(3,0,3),(3,0,4),(3,0,5),(3,0,6),(3,0,7),(3,0,8),(4,0,8),
61:(7,8,6),(6,8,6),(5,8,6),(5,8,5),(5,8,4),(5,8,3),(5,8,2),(4,8,2),(3,8,2),(3,7,2),(3,6,2),(3,6,2),(2,6,2),(2,5,2),(2,4,2),(1,4,2),
62:(7,0,6),(6,0,6),(5,0,6),(4,0,6),(3,0,6),(2,0,6),(2,0,7),(2,0,8),(2,1,8),(2,2,8),(2,3,8),(2,4,8),(2,5,8),(1,5,8),
63:(7,2,8),(6,2,8),(5,2,8),(4,2,8),(3,2,8),(2,2,8),(2,2,7),(2,2,6),(2,2,5),(2,2,4),(2,2,4),(2,2,3),(1,2,3),
64:(1,0,5),(2,0,5),(3,0,5),(3,0,4),(3,1,4),(3,2,4),(3,3,4),(3,4,4),(3,5,4),(3,5,4),(4,5,4),
65:(1,7,0),(2,7,0),(3,7,0),(4,7,0),(4,6,0),
66:(1,4,6),(2,4,6),(2,4,7),(2,5,7),(2,6,7),(2,7,7),(2,8,7),(3,8,7),(4,8,7),(5,8,7),(6,8,7),(7,8,7),
67:(1,5,1),(2,5,1),(3,5,1),(3,5,2),(3,5,3),(3,6,3),(3,7,3),(3,8,3),(3,8,4),(3,8,5),(3,8,6),(3,8,7),(4,8,7),
68:(7,4,4),(7,4,3),(7,4,2),(7,3,2),(7,2,2),(7,2,1),(7,1,1),(7,0,1),
69:(1,0,8),(1,0,7),(1,0,6),
70:(1,6,3),(2,6,3),(2,7,3),(2,7,4),(2,7,5),(2,7,6),(3,7,6),(3,7,7),(3,6,7),(3,5,7),(4,5,7),
71:(7,3,4),(7,2,4),(7,1,4),
72:(4,0,3),(3,0,3),(2,0,3),(2,1,3),(2,1,2),(2,1,1),(2,2,1),(2,2,1),(1,2,1),
73:(7,8,5),(6,8,5),(5,8,5),(4,8,5),(3,8,5),(3,7,5),(3,6,5),(3,5,5),(3,4,5),(3,3,5),(3,3,5),(3,2,5),(3,1,5),(2,1,5),(2,0,5),(1,0,5),
74:(7,0,5),(6,0,5),(5,0,5),(4,0,5),(4,0,4),(4,1,4),(4,1,3),(4,1,2),(4,1,1),
75:(4,2,6),(4,3,6),
76:(7,7,5),(7,7,6),(7,7,7),(7,6,7),(7,5,7),(8,5,7),(8,4,7),(7,4,7),(7,3,7),(7,2,7),(7,1,7),
77:(4,3,0),(4,3,1),(4,3,2),(3,3,2),(3,3,3),(3,3,4),(3,3,5),(3,3,6),(3,3,7),(3,4,7),(4,4,7),
78:(1,0,1),(1,0,2),(1,0,3),(1,0,4),
79:(1,8,8),(1,8,7),(1,8,6),(1,7,6),(1,6,6),(0,6,6),(0,6,5),(0,6,4),(0,6,3),(0,6,2),(0,6,1),(1,6,1),
80:(7,2,3),(6,2,3),(5,2,3),(4,2,3),(4,2,4),(4,2,5),(4,3,5),
81:(4,7,6),(4,7,7),(4,7,8),
82:(4,0,1),(4,0,0),(4,1,0),
83:(7,5,8),(6,5,8),(5,5,8),(5,5,7),(5,5,6),(5,5,5),(5,5,4),(5,5,3),(5,5,2),(5,4,2),(5,3,2),(5,2,2),(5,1,2),(4,1,2),
84:(1,5,6),(2,5,6),(3,5,6),(4,5,6),(4,4,6),(5,4,6),(6,4,6),(6,4,5),(6,4,4),(6,4,3),(5,4,3),(6,4,3),(6,4,2),(7,4,2),
85:(4,4,4),(5,4,4),(6,4,4),(7,4,4),(7,4,3),(7,4,2),(7,3,2),(8,3,2),(8,3,1),(8,2,1),(7,2,1),
86:(7,7,7),(6,7,7),(6,7,6),(6,7,5),(6,7,4),(5,7,4),(5,7,3),(5,7,2),(5,7,1),(5,7,0),(5,6,0),(5,5,0),(4,5,0),(4,4,0),
87:(7,2,6),(6,2,6),(5,2,6),(4,2,6),(3,2,6),(2,2,6),(1,2,6),(1,2,5),(1,3,5),
88:(4,5,2),(3,5,2),(2,5,2),(1,5,2),(1,4,2),(1,3,2),(0,3,2),(0,2,2),(0,1,2),(0,0,2),(1,0,2),
89:(1,6,2),(2,6,2),(3,6,2),(3,6,3),(4,6,3),(5,6,3),(6,6,3),(7,6,3),(7,6,4),(7,6,5),
90:(7,4,1),(7,4,2),(6,4,2),(6,4,3),(6,4,4),(6,4,5),(6,3,5),(6,3,6),(6,3,7),(7,3,7),
91:(1,3,5),(2,3,5),(3,3,5),(3,3,6),(3,4,6),(3,5,6),(3,6,6),(4,6,6),
92:(7,5,5),(6,5,5),(6,5,4),(5,5,4),(5,5,3),(5,5,2),(4,5,2),(4,5,1),(4,6,1),(4,6,1),(4,7,1),
93:(4,3,4),(5,3,4),(6,3,4),(6,4,4),(6,5,4),(6,6,4),(6,7,4),(6,8,4),(6,8,5),(6,8,6),(7,8,6),
94:(4,0,8),(5,0,8),(6,0,8),(6,0,7),(6,0,6),(6,0,5),(7,0,5),(7,0,4),(7,0,3),(7,1,3),(7,1,2),
95:(4,0,7),(5,0,7),(6,0,7),(6,1,7),(6,2,7),(6,3,7),(6,4,7),(6,5,7),(6,6,7),(6,6,6),(6,6,5),(6,7,5),(6,7,4),(6,7,3),(6,7,2),(6,7,1),(6,7,1),(6,8,1),(7,8,1),
96:(7,0,2),(7,0,3),(7,1,3),(7,2,3),(7,2,4),(7,3,4),(7,3,5),
97:(7,5,7),(6,5,7),(5,5,7),(5,5,6),(4,5,6),(4,4,6),(3,4,6),(2,4,6),(2,4,5),(2,4,4),(2,4,3),(2,4,2),(2,4,1),(2,3,1),(1,3,1),
98:(1,3,6),(2,3,6),(3,3,6),(3,4,6),(3,4,5),(3,4,4),(3,4,3),(4,4,3),(5,4,3),(5,5,3),(5,6,3),(5,5,3),(6,5,3),(7,5,3),
99:(7,1,6),(6,1,6),(6,1,5),(6,1,4),(6,1,3),(6,1,2),(5,1,2),(5,1,1),(5,2,1),(5,3,1),(4,3,1),
100:(7,3,6),(6,3,6),(5,3,6),(5,3,7),(4,3,7),(3,3,7),(2,3,7),(1,3,7),(1,4,7),
101:(7,1,1),(7,2,1),(7,3,1),(7,3,0),(7,3,1),
102:(1,5,0),(1,6,0),
103:(7,2,4),(6,2,4),(5,2,4),(4,2,4),(3,2,4),(2,2,4),(1,2,4),(1,3,4),
104:(7,4,8),
105:(4,4,8),(4,4,7),(4,4,6),(4,4,5),(4,4,4),(4,4,3),(4,3,3),
106:(4,1,0),(5,1,0),(5,1,1),(5,1,2),(5,0,2),(5,0,3),(5,0,4),(4,0,4),(4,0,5),(4,0,6),(4,0,7),
107:(4,6,6),(4,7,6),(4,8,6),
108:(4,1,1),(5,1,1),(6,1,1),(6,1,2),(6,2,2),(6,2,2),(7,2,2),
109:(7,1,0),(6,1,0),(5,1,0),(5,1,1),(4,1,1),(3,1,1),(3,2,1),(3,2,2),(3,2,3),(3,2,4),(3,3,4),(3,3,5),(3,4,5),(3,5,5),(3,6,5),(2,6,5),(2,7,5),(2,8,5),(1,8,5),
110:(1,0,6),(1,1,6),(0,1,6),(0,2,6),(0,3,6),(0,4,6),(0,5,6),(0,5,5),(0,5,4),(0,5,3),(0,5,2),(0,6,2),(0,7,2),(0,8,2),(1,8,2),
111:(4,0,5),(3,0,5),(3,0,4),(2,0,4),(2,0,3),(2,1,3),(2,1,2),(2,2,2),(2,2,2),(2,2,1),(2,2,0),(1,2,0),
112:(7,4,6),(6,4,6),(5,4,6),(5,4,7),(4,4,7),(4,5,7),(4,6,7),
113:(4,0,0),(3,0,0),(3,0,1),(2,0,1),(2,0,2),(2,0,3),(2,0,3),(1,0,3),
114:(1,8,2),(2,8,2),(3,8,2),(3,8,3),(3,8,4),(4,8,4),(4,8,5),(4,7,5),(4,7,6),
115:(7,3,2),(7,3,3),(7,4,3),(7,5,3),(7,5,2),
116:(1,8,0),(1,8,1),(1,8,2),(1,7,2),
117:(4,3,6),(4,3,5),(4,3,5),(3,3,5),(2,3,5),(1,3,5),(1,4,5),
118:(1,0,2),(2,0,2),(3,0,2),(3,0,3),(3,0,4),(3,0,5),(3,0,6),(3,0,7),(3,1,7),(3,2,7),(3,3,7),(3,4,7),(3,5,7),(3,6,7),(3,7,7),(4,7,7),
119:(1,3,7),(2,3,7),(3,3,7),(3,4,7),(3,5,7),(3,6,7),(3,7,7),(4,7,7),(5,7,7),(5,7,6),(6,7,6),(6,8,6),(6,8,5),(6,8,4),(6,8,3),(6,8,2),(6,8,1),(6,8,0),(7,8,0),
120:(1,1,1),(2,1,1),(3,1,1),(4,1,1),(4,1,2),(5,1,2),(5,2,2),(5,2,3),(5,2,4),(5,2,5),(5,2,6),(6,2,6),(6,2,7),(7,2,7),
121:(4,0,4),(3,0,4),(2,0,4),(2,0,5),(2,0,6),(2,0,7),(1,0,7),(1,1,7),
122:(4,6,1),(5,6,1),(6,6,1),(7,6,1),(7,6,2),(7,6,3),(7,7,3),
123:(7,2,1),(6,2,1),(5,2,1),(4,2,1),(3,2,1),(2,2,1),(2,2,0),(2,3,0),(2,4,0),(2,5,0),(2,6,0),(2,7,0),(1,7,0),
124:(4,8,4),(3,8,4),(3,8,3),(2,8,3),(2,8,2),(2,7,2),(2,6,2),(1,6,2),
125:(1,3,2),(2,3,2),(3,3,2),(3,3,3),(3,3,4),(3,3,5),(3,3,6),(3,4,6),(3,5,6),(4,5,6),
126:(1,4,2),(2,4,2),(2,4,3),(2,3,3),(2,2,3),(3,2,3),(3,2,3),(3,2,3),(4,2,3),
127:(7,6,3),(6,6,3),(5,6,3),(5,6,4),(5,6,5),(5,6,6),(5,6,7),(5,6,8),(4,6,8),(3,6,8),(3,5,8),(3,4,8),(3,3,8),(2,3,8),(2,2,8),(2,1,8),(1,1,8),
128:(1,5,4),(2,5,4),(2,5,5),(3,5,5),(3,5,4),(3,5,3),(4,5,3),
129:(7,8,8),(6,8,8),(5,8,8),(5,8,7),(5,8,6),(5,8,5),(5,8,4),(4,8,4),
130:(1,2,8),(2,2,8),(3,2,8),(3,2,7),(4,2,7),(5,2,7),(6,2,7),(6,3,7),(6,4,7),(6,4,7),(7,4,7),
131:(7,7,4),(6,7,4),(6,7,3),(5,7,3),(4,7,3),(3,7,3),(2,7,3),(2,6,3),(1,6,3),
132:(7,1,3),(7,1,2),(7,1,1),(7,1,0),(7,2,0),(7,3,0),(7,4,0),(7,5,0),(7,6,0),
133:(4,2,8),(3,2,8),(3,2,7),(2,2,7),(2,2,6),(1,2,6),(1,2,5),(1,2,4),(1,1,4),
134:(4,0,6),(4,0,5),(4,0,4),(4,0,3),(4,1,3),(4,1,2),(4,1,1),(3,1,1),(3,2,1),(3,3,1),(3,4,1),(3,5,1),(3,6,1),(3,7,1),(3,8,1),(4,8,1),
135:(1,3,1),(2,3,1),(2,3,1),(3,3,1),(4,3,1),(5,3,1),(6,3,1),(6,3,2),(6,3,3),(6,3,4),(6,3,4),(6,3,4),(7,3,4),
136:(1,7,4),(2,7,4),(3,7,4),(3,7,5),(3,6,5),(3,5,5),(3,4,5),(3,3,5),(3,2,5),(3,2,5),(3,2,5),(4,2,5),
137:(1,1,0),(2,1,0),(3,1,0),(3,1,1),(3,1,2),(3,1,3),(3,1,4),(3,2,4),(3,3,4),(3,4,4),(3,5,4),(3,6,4),(3,7,4),(4,7,4),
138:(1,7,6),(2,7,6),(3,7,6),(4,7,6),(5,7,6),(6,7,6),(6,7,5),(6,7,4),(6,7,3),(6,7,2),(6,7,1),(7,7,1),
139:(4,5,8),(3,5,8),(2,5,8),(2,4,8),(2,4,7),(2,4,6),(2,4,5),(2,4,4),(2,4,3),(2,3,3),(2,2,3),(2,1,3),(1,1,3),
140:(7,8,0),(6,8,0),(5,8,0),(4,8,0),(3,8,0),(2,8,0),(2,8,1),(2,8,2),(2,7,2),(2,7,3),(2,7,4),(2,7,5),(2,6,5),(2,5,5),(2,4,5),(2,3,5),(2,2,5),(1,2,5),
141:(1,2,1),(2,2,1),(3,2,1),(3,2,2),(3,2,3),(4,2,3),(5,2,3),(6,2,3),(6,2,4),(6,2,5),(6,2,6),(6,2,7),(6,2,8),(6,1,8),(7,1,8),
142:(1,1,2),(2,1,2),(3,1,2),(4,1,2),(5,1,2),(5,1,3),(6,1,3),(6,1,4),(6,0,4),(7,0,4),
143:(4,3,1),(3,3,1),(3,4,1),(2,4,1),(2,4,2),(2,4,3),(2,4,4),(1,4,4),
144:(1,2,7),(2,2,7),(2,2,6),(2,3,6),(2,4,6),(2,4,5),(2,5,5),(2,5,4),(2,5,3),(3,5,3),(3,5,2),(4,5,2),(4,5,1),(4,5,0),
145:(7,3,1),(7,3,2),(7,3,3),(7,4,3),(7,5,3),(8,5,3),(8,5,4),(8,6,4),(8,6,4),(7,6,4),
146:(7,7,2),(7,7,1),(7,6,1),(7,5,1),(8,5,1),(8,4,1),(8,3,1),(8,2,1),(8,1,1),(7,1,1),
147:(1,0,3),(2,0,3),(2,0,2),(3,0,2),(4,0,2),(5,0,2),(6,0,2),(6,0,1),(6,1,1),(6,2,1),(6,3,1),(6,4,1),(6,5,1),(6,6,1),(6,6,1),(6,6,1),(7,6,1),
148:(1,6,7),(1,6,6),(1,6,5),(0,6,5),(0,6,4),(0,6,3),(0,6,2),(0,6,1),(1,6,1),(1,7,1),
149:(4,3,7),(3,3,7),(3,4,7),(2,4,7),(2,5,7),(2,5,6),(2,6,6),(2,6,5),(2,7,5),(1,7,5),
150:(4,4,5),(5,4,5),(5,4,4),(5,4,3),(5,4,2),(5,4,1),(5,4,0),(5,3,0),(5,2,0),(5,1,0),(5,0,0),(4,0,0),
151:(4,5,6),(4,5,7),(4,5,8),(3,5,8),(2,5,8),(1,5,8),(1,4,8),(1,3,8),(1,2,8),
152:(4,6,0),(5,6,0),(5,6,1),(6,6,1),(6,6,2),(6,6,3),(6,6,4),(6,6,5),(7,6,5),(7,6,6),(6,6,6),(6,6,7),(6,7,7),(7,7,7),
153:(4,1,3),(3,1,3),(3,0,3),(2,0,3),(1,0,3),(1,0,2),(1,0,1),
154:(4,1,2),(4,1,1),(4,2,1),(4,3,1),(4,4,1),
155:(7,3,7),(6,3,7),(6,3,6),(6,3,5),(5,3,5),(5,4,5),(5,5,5),(5,6,5),(4,6,5),(4,7,5),
156:(1,5,5),(2,5,5),(3,5,5),(3,5,4),(3,4,4),(3,4,3),(4,4,3),(5,4,3),(5,3,3),(6,3,3),(6,3,2),(6,3,1),(6,3,0),(6,2,0),(6,1,0),(6,0,0),(7,0,0),
157:(4,2,3),(4,2,4),(4,2,5),(4,2,5),(4,2,6),(4,2,7),(4,2,8),
158:(4,1,6),(5,1,6),(6,1,6),(6,1,5),(6,1,4),(6,2,4),(6,3,4),(6,4,4),(6,5,4),(6,6,4),(6,7,4),(7,7,4),(7,8,4),
159:(4,8,6),(3,8,6),(2,8,6),(2,8,5),(2,8,4),(2,8,3),(2,8,2),(2,7,2),(2,7,1),(2,6,1),(2,5,1),(2,4,1),(2,3,1),(2,2,1),(2,1,1),(1,1,1),
160:(1,6,8),(2,6,8),(2,6,7),(2,6,6),(2,6,5),(3,6,5),(3,6,4),(3,6,3),(3,6,2),(3,5,2),(3,4,2),(3,5,2),(4,5,2),
161:(1,7,1),(2,7,1),(3,7,1),(4,7,1),(4,6,1),(5,6,1),(5,5,1),(5,4,1),(5,4,2),(5,4,3),(5,4,4),(5,4,5),(6,4,5),(6,4,6),(6,4,7),(6,4,8),(6,3,8),(7,3,8),
162:(1,5,3),(2,5,3),(2,6,3),(2,6,3),(3,6,3),(4,6,3),(4,7,3),
163:(1,4,8),(1,4,7),(1,4,6),(1,4,5),(1,3,5),(0,3,5),(0,3,4),(0,3,3),(0,3,2),(0,3,1),(1,3,1),(1,3,0),
164:(4,1,8),(4,2,8),(4,3,8),(4,4,8),(4,5,8),(5,5,8),(5,5,7),(5,5,6),(5,5,5),(5,5,4),(5,5,3),(5,5,2),(5,5,1),(4,5,1),
165:(4,6,2),(5,6,2),(5,5,2),(6,5,2),(6,5,3),(6,4,3),(7,4,3),(7,3,3),(7,2,3),(7,2,3),(7,1,3),
166:(1,2,3),(1,2,2),(1,3,2),(1,3,1),(1,3,0),(1,4,0),(1,4,0),(1,4,0),(1,5,0),
167:(4,6,3),(4,6,2),(4,6,1),(4,6,0),(4,5,0),(3,5,0),(3,4,0),(3,3,0),(3,2,0),(4,2,0),
168:(7,1,4),(6,1,4),(5,1,4),(5,2,4),(5,2,4),(5,3,4),(5,4,4),(5,5,4),(5,6,4),(5,6,5),(5,7,5),(5,8,5),(4,8,5),
169:(4,2,5),(3,2,5),(2,2,5),(2,3,5),(2,4,5),(1,4,5),(1,4,6),
170:(7,4,7),(6,4,7),(6,4,6),(6,3,6),(5,3,6),(5,2,6),(4,2,6),
171:(7,0,4),(6,0,4),(5,0,4),(4,0,4),(4,1,4),(4,2,4),(3,2,4),(3,3,4),(4,3,4),
172:(4,3,5),(3,3,5),(3,4,5),(2,4,5),(2,5,5),(1,5,5),
173:(1,3,3),(2,3,3),(3,3,3),(3,2,3),(4,2,3),(5,2,3),(6,2,3),(6,3,3),(6,4,3),(7,4,3),
174:(7,6,8),(6,6,8),(5,6,8),(4,6,8),(3,6,8),(2,6,8),(2,6,7),(2,6,6),(2,6,5),(2,6,4),(2,6,3),(2,6,2),(2,6,1),(2,7,1),(2,8,1),(1,8,1),
175:(4,8,7),(5,8,7),(6,8,7),(6,8,6),(6,8,5),(6,8,4),(6,8,3),(6,7,3),(6,6,3),(6,5,3),(6,4,3),(6,3,3),(6,2,3),(6,1,3),(6,0,3),(7,0,3),
176:(1,6,0),(2,6,0),(3,6,0),(3,5,0),(3,4,0),(4,4,0),(4,4,0),(5,4,0),(6,4,0),(6,4,1),(6,4,2),(6,3,2),(7,3,2),
177:(7,4,0),(6,4,0),(5,4,0),(5,3,0),(5,2,0),(5,1,0),(5,0,0),(4,0,0),(3,0,0),(2,0,0),(1,0,0),
178:(4,8,0),(5,8,0),(5,7,0),(6,7,0),(6,6,0),(6,5,0),(6,4,0),(6,4,0),(7,4,0),
179:(4,5,1),(4,5,2),(4,5,3),(4,5,3),(4,5,4),(4,5,5),
180:(1,4,7),(2,4,7),(2,3,7),(3,3,7),(3,3,6),(3,2,6),(3,2,5),(4,2,5),(4,2,4),(4,2,4),(5,2,4),(6,2,4),(6,2,4),(6,2,3),(7,2,3),
181:(7,0,0),(6,0,0),(5,0,0),(5,0,1),(4,0,1),(3,0,1),(2,0,1),(2,1,1),(2,2,1),(2,3,1),(2,4,1),(1,4,1),(1,5,1),
182:(1,8,6),(2,8,6),(2,8,7),(3,8,7),(4,8,7),(5,8,7),(6,8,7),(7,8,7),(7,8,6),(7,8,5),(7,8,4),(7,8,3),(7,8,2),
183:(7,5,3),(6,5,3),(6,4,3),(6,3,3),(6,2,3),(6,2,3),(6,2,4),(5,2,4),(5,1,4),(4,1,4),(4,2,4),
184:(7,0,8),(6,0,8),(6,1,8),(5,1,8),(4,1,8),(4,1,7),
185:(4,7,1),(4,6,1),(4,5,1),(4,4,1),(5,4,1),(5,4,0),(5,3,0),(6,3,0),(7,3,0),(7,2,0),(7,1,0),
186:(4,7,5),(4,6,5),(3,6,5),(3,6,6),(3,6,7),(4,6,7),(4,6,8),(4,5,8),
187:(1,7,7),(1,7,6),(1,7,5),(1,6,5),(1,5,5),(0,5,5),(0,5,4),(0,5,3),(0,5,2),(0,5,2),(1,5,2),
188:(4,6,5),(5,6,5),(6,6,5),(7,6,5),(7,6,6),(7,6,7),(7,6,8),(7,5,8),
189:(4,3,3),(3,3,3),(3,2,3),(2,2,3),(1,2,3),(1,2,2),(1,1,2),
190:(4,4,1),(4,4,0),(4,3,0),(4,2,0),(4,2,1),
191:(4,8,1),(3,8,1),(2,8,1),(2,7,1),(2,6,1),(2,5,1),(2,5,2),(2,4,2),(2,3,2),(2,2,2),(1,2,2),
192:(1,6,5),(1,6,4),(1,5,4),(1,4,4),(1,3,4),(1,2,4),(1,2,3),(1,2,3),(1,2,4),
193:(4,3,8),(4,3,7),(4,4,7),(4,4,6),(4,4,5),
194:(1,1,5),(2,1,5),(3,1,5),(3,2,5),(3,3,5),(4,3,5),(5,3,5),(5,4,5),(5,4,6),(6,4,6),(6,5,6),(6,6,6),(7,6,6),
195:(1,4,0),(1,4,1),(1,4,2),(1,3,2),(1,2,2),(1,1,2),(1,1,3),(0,1,3),(0,1,4),(0,1,5),(0,1,6),(0,1,7),(0,0,7),(1,0,7),
196:(1,2,5),(1,2,6),(1,1,6),
197:(4,4,6),(4,5,6),(4,5,7),(4,5,8),(3,5,8),(2,5,8),(1,5,8),(1,5,7),(1,6,7),
198:(1,4,5),(1,5,5),(0,5,5),(0,5,6),(0,5,7),(0,6,7),(0,7,7),(1,7,7),(1,8,7),
199:(7,3,5),(7,4,5),
200:(4,7,8),(3,7,8),(2,7,8),(1,7,8),(1,8,8),
201:(7,8,1),(7,8,2),(7,8,3),(7,8,4),(7,8,5),(7,8,6),(7,7,6),
202:(4,6,8),(4,6,7),(4,6,6),(4,6,5),(4,7,5),(4,7,4),(3,7,4),(3,7,3),(3,7,2),(4,7,2),
203:(4,7,2),(3,7,2),(2,7,2),(2,7,3),(2,7,4),(2,7,5),(1,7,5),(1,6,5),
204:(4,2,0),(5,2,0),(6,2,0),(6,3,0),(6,3,1),(6,4,1),(6,5,1),(6,6,1),(6,7,1),(6,8,1),(6,8,2),(6,8,3),(7,8,3),
205:(1,1,6),(2,1,6),(3,1,6),(4,1,6),(5,1,6),(5,1,5),(5,2,5),(5,3,5),(5,4,5),(5,4,4),(6,4,4),(6,5,4),(6,6,4),(6,7,4),(7,7,4),
206:(1,2,2),(1,3,2),(1,3,3),(1,3,4),(0,3,4),(0,4,4),(0,4,5),(0,4,6),(0,5,6),(0,6,6),(0,7,6),(0,8,6),(1,8,6),
207:(4,1,5),(5,1,5),(5,2,5),(6,2,5),(7,2,5),(7,2,4),(7,2,4),(7,3,4),(7,3,4),(7,3,3),
208:(1,1,4),(1,1,3),(1,2,3),(1,3,3),(1,4,3),(0,4,3),(0,4,3),(0,4,3),(1,4,3),
209:(4,2,4),(4,3,4),(4,3,3),(4,3,2),(3,3,2),(3,3,1),(4,3,1),(4,3,0),
210:(4,4,2),(4,4,3),(4,4,4),(5,4,4),(5,5,4),(5,6,4),(5,6,5),(5,7,5),(6,7,5),(6,8,5),(7,8,5),
211:(4,2,7),(5,2,7),(6,2,7),(6,3,7),(6,3,8),(6,4,8),(6,5,8),(6,6,8),(6,7,8),(6,8,8),(7,8,8),
212:(1,3,0),(2,3,0),(3,3,0),(3,2,0),(3,1,0),(3,0,0),(4,0,0),(4,0,1),
213:(7,7,1),(7,6,1),(7,6,2),(7,6,3),(7,6,4),(7,5,4),(7,5,4),(7,5,5),
214:(4,0,2),(4,1,2),(5,1,2),(5,2,2),(5,3,2),(5,4,2),(5,5,2),(5,6,2),(5,6,3),(5,6,4),(5,6,5),(4,6,5),
215:(1,2,6),(2,2,6),(2,3,6),(2,4,6),(2,5,6),(2,5,5),(2,5,4),(2,5,3),(2,5,2),(2,5,1),(3,5,1),(3,5,0),(3,5,-1),(4,5,-1),(5,5,-1),(6,5,-1),(7,5,-1),(7,5,0),
216:(7,2,0),(6,2,0),(6,3,0),(6,4,0),(6,5,0),(5,5,0),(4,5,0),(3,5,0),(2,5,0),(2,6,0),(2,6,1),(2,7,1),(2,7,2),(2,7,3),(2,7,4),(2,7,5),(2,7,6),(2,7,7),(1,7,7),
217:(1,8,1),(2,8,1),(2,8,2),(3,8,2),(3,7,2),(3,6,2),(3,6,3),(3,5,3),(3,4,3),(4,4,3),
218:(7,0,7),(7,1,7),(7,2,7),(7,3,7),(7,4,7),(7,5,7),(7,6,7),(7,7,7),(7,7,8),
219:(7,3,3),(6,3,3),(5,3,3),(5,3,4),(4,3,4),(4,4,4),
220:(1,8,5),(2,8,5),(2,8,4),(3,8,4),(4,8,4),(5,8,4),(5,7,4),(5,7,3),(5,7,2),(5,6,2),(6,6,2),(7,6,2),
221:(1,3,8),(2,3,8),(3,3,8),(4,3,8),(5,3,8),(6,3,8),(7,3,8),(7,2,8),(7,2,7),(7,2,6),(7,2,5),
222:(1,7,2),(1,7,3),(1,7,4),(1,8,4),
223:(4,8,8),(4,7,8),(4,6,8),(4,6,9),(4,5,9),(4,4,9),(4,3,9),(4,2,9),(4,1,9),(4,0,9),(4,0,8),(5,0,8),(5,0,7),(5,0,6),(4,0,6),
224:(7,8,3),(7,7,3),(7,7,2),(7,7,1),(7,6,1),(7,6,0),(7,5,0),(8,5,0),(8,4,0),(8,3,0),(7,3,0),
225:(4,7,3),(4,7,4),(4,6,4),(3,6,4),(2,6,4),(2,6,5),(2,6,5),(2,5,5),(2,5,6),(2,4,6),(2,3,6),(2,2,6),(1,2,6),
226:(1,0,4),(2,0,4),(2,0,5),(3,0,5),(4,0,5),(4,0,6),(4,0,7),(4,0,8),(4,1,8),
227:(7,8,7),(6,8,7),(6,7,7),(5,7,7),(4,7,7),(3,7,7),(2,7,7),(2,7,6),(2,6,6),(1,6,6),
228:(1,0,7),(2,0,7),(2,0,6),(2,1,6),(2,1,5),(2,1,4),(2,1,3),(3,1,3),(3,1,2),(3,1,1),(3,2,1),(3,3,1),(3,4,1),(3,5,1),(3,6,1),(4,6,1),
229:(7,5,2),(7,5,3),(7,5,4),(8,5,4),(8,5,5),(8,5,6),(8,5,7),(8,5,7),(7,5,7),
230:(7,4,5),(6,4,5),(5,4,5),(5,3,5),(5,2,5),(5,2,5),(5,2,6),(5,1,6),(4,1,6),
231:(7,6,6),(6,6,6),(6,6,7),(6,5,7),(6,4,7),(5,4,7),(4,4,7),(4,3,7),(4,3,8),
232:(1,5,2),(2,5,2),(2,4,2),(2,3,2),(2,3,3),(2,3,4),(2,2,4),(2,1,4),(3,1,4),(3,1,4),(4,1,4),
233:(7,8,4),(7,8,5),(7,7,5),
234:(7,6,5),(6,6,5),(6,6,6),(5,6,6),(5,6,7),(5,5,7),(4,5,7),(4,4,7),(4,3,7),
235:(7,5,6),(6,5,6),(6,5,7),(6,5,8),(5,5,8),(5,6,8),(5,7,8),(5,8,8),(4,8,8),
236:(7,3,8),(6,3,8),(5,3,8),(5,2,8),(4,2,8),(3,2,8),(2,2,8),(1,2,8),(1,2,7),
237:(4,3,2),(3,3,2),(3,4,2),(2,4,2),(2,4,3),(2,4,4),(2,3,4),(2,3,5),(2,3,6),(2,3,7),(1,3,7),
238:(7,8,2),(7,8,3),(7,8,4),(7,7,4),(7,7,4),(7,6,4),(7,6,4),(7,5,4),(7,4,4),
239:(4,4,0),(3,4,0),(2,4,0),(2,3,0),(2,3,1),(2,3,2),(2,3,3),(2,3,4),(2,3,5),(2,2,5),(1,2,5),(1,1,5),
240:(1,1,7),(2,1,7),(2,2,7),(2,2,8),(2,2,7),(3,2,7),(4,2,7),
241:(7,1,8),(7,2,8),(7,3,8),(6,3,8),(6,4,8),(6,4,7),(6,5,7),(6,5,6),(6,6,6),(6,6,5),(6,6,4),(6,6,3),(7,6,3),
242:(4,5,7),(3,5,7),(3,5,8),(2,5,8),(1,5,8),(1,6,8),
