soc=2249
lb_soc=1340
makespan=18
lb_makespan=14
comp_time=11670
highLevelExpanded=83
lowLevelExpanded=25301
solution=
0:(4,6,5),(3,6,5),(2,6,5),(1,6,5),(1,6,6),(1,5,6),(1,4,6),(1,3,6),
1:(7,3,6),(7,3,5),(7,4,5),(7,5,5),(7,6,5),(7,7,5),(7,8,5),
2:(4,7,2),(5,7,2),(6,7,2),(7,7,2),(7,7,3),(7,7,4),(7,6,4),(7,5,4),
3:(4,7,4),(5,7,4),(6,7,4),(7,7,4),(7,8,4),(7,8,3),
4:(4,8,4),(5,8,4),(6,8,4),(7,8,4),(7,8,3),(7,8,2),(7,8,1),(7,8,0),(7,7,0),(7,6,0),(7,5,0),
5:(7,6,7),(7,5,7),(7,4,7),(7,3,7),(7,3,6),(8,3,6),(8,3,5),(8,3,4),(8,3,3),(8,3,2),(8,3,1),(8,2,1),(7,2,1),(7,1,1),
6:(4,8,6),(4,8,5),(4,8,5),(3,8,5),(3,8,4),(3,7,4),(3,6,4),(3,5,4),(3,5,4),(3,5,3),(3,4,3),(3,3,3),(3,3,2),(4,3,2),
7:(4,7,0),(4,7,1),(4,7,2),(4,7,3),(4,7,4),(4,7,5),(4,7,6),(4,7,7),(4,8,7),(4,8,8),
8:(7,2,8),(6,2,8),(5,2,8),(4,2,8),(4,2,7),(4,2,6),(4,1,6),(4,0,6),
9:(1,5,4),(2,5,4),(3,5,4),(4,5,4),(5,5,4),(6,5,4),(7,5,4),(7,4,4),(8,4,4),(8,3,4),(8,2,4),(8,1,4),(8,0,4),(7,0,4),
10:(4,6,3),(4,5,3),(4,4,3),(4,3,3),
11:(4,5,5),(3,5,5),(2,5,5),(2,6,5),(2,6,4),(2,6,3),(2,6,2),(2,6,1),(2,7,1),(2,8,1),(1,8,1),
12:(7,7,0),(6,7,0),(5,7,0),(4,7,0),(3,7,0),(3,7,1),(3,7,2),(3,7,3),(3,7,3),(3,7,4),(3,7,5),(2,7,5),(2,7,6),(1,7,6),(1,7,7),
13:(4,2,0),(4,3,0),(4,4,0),(5,4,0),(5,4,1),(5,5,1),(5,6,1),(6,6,1),(6,7,1),(6,7,2),(6,8,2),(7,8,2),
14:(1,5,3),(2,5,3),(3,5,3),(4,5,3),(4,5,4),(4,5,5),(4,5,6),(4,6,6),(4,7,6),(4,8,6),
15:(1,1,3),(2,1,3),(3,1,3),(4,1,3),(4,1,4),(4,2,4),(4,3,4),
16:(4,0,5),(4,0,6),(4,0,7),(4,0,8),(5,0,8),(5,1,8),(5,2,8),(5,3,8),(4,3,8),
17:(1,3,6),(2,3,6),(3,3,6),(3,2,6),(4,2,6),(4,2,5),(4,2,5),(4,2,4),
18:(7,2,5),(6,2,5),(5,2,5),(4,2,5),(3,2,5),(2,2,5),(1,2,5),
19:(1,7,0),(1,7,1),(1,7,2),(1,6,2),(0,6,2),(0,6,3),(0,5,3),(0,5,4),(0,5,5),(0,5,6),(0,5,7),(1,5,7),
20:(7,5,6),(6,5,6),(5,5,6),(4,5,6),(3,5,6),(2,5,6),(1,5,6),(1,5,5),(1,5,4),(1,6,4),
21:(1,0,8),
22:(7,6,0),(7,5,0),(7,4,0),(7,3,0),
23:(4,6,1),(4,6,0),(4,5,0),(4,4,0),(4,3,0),(4,2,0),
24:(1,4,5),(1,4,6),(1,4,7),(1,4,8),(1,3,8),(1,2,8),(1,1,8),
25:(7,0,0),(6,0,0),(5,0,0),(4,0,0),(3,0,0),(2,0,0),(1,0,0),(1,0,1),(1,0,2),(1,1,2),
26:(1,1,2),(2,1,2),(3,1,2),(4,1,2),(5,1,2),(5,2,2),(5,2,3),(6,2,3),(6,3,3),(6,3,4),(6,4,4),(6,4,5),(7,4,5),
27:(1,5,5),(2,5,5),(2,5,4),(2,4,4),(2,4,5),(2,3,5),(2,2,5),(3,2,5),(4,2,5),(5,2,5),(5,2,4),(6,2,4),(7,2,4),
28:(7,1,5),(6,1,5),(5,1,5),(4,1,5),(3,1,5),(2,1,5),(1,1,5),(1,1,4),(1,1,3),(1,0,3),(1,0,2),
29:(7,1,2),(6,1,2),(5,1,2),(5,1,3),(5,2,3),(5,3,3),(5,4,3),(5,5,3),(4,5,3),
30:(4,4,1),(4,5,1),(4,6,1),(4,7,1),(4,8,1),
31:(1,2,2),(2,2,2),(3,2,2),(4,2,2),(4,2,1),(4,3,1),(4,4,1),(4,4,0),(4,5,0),
32:(7,7,3),(6,7,3),(5,7,3),(5,7,4),(5,7,5),(5,7,6),(5,7,7),(5,7,8),(5,6,8),(5,5,8),(4,5,8),(4,4,8),
33:(4,4,8),(5,4,8),(6,4,8),(7,4,8),(7,3,8),(7,2,8),(7,2,7),(7,2,6),(7,2,5),(7,2,4),(7,1,4),(7,1,3),(7,1,2),
34:(4,3,5),(3,3,5),(2,3,5),(1,3,5),(1,4,5),(1,5,5),(1,6,5),(1,6,6),
35:(7,3,4),(6,3,4),(5,3,4),(4,3,4),(3,3,4),(2,3,4),(2,3,3),(2,3,3),(2,4,3),(2,4,2),(2,5,2),(1,5,2),
36:(1,0,2),(1,0,3),(1,0,4),(1,0,5),(1,1,5),(1,2,5),(1,3,5),(1,4,5),(1,5,5),(1,6,5),(0,6,5),(0,6,6),(0,6,7),(0,7,7),(0,8,7),(1,8,7),
37:(1,0,3),(1,0,4),(1,0,5),(1,1,5),(1,2,5),(1,3,5),(1,4,5),(2,4,5),(2,4,6),(2,4,7),(3,4,7),(3,5,7),(3,6,7),(3,7,7),(3,8,7),(4,8,7),
38:(7,5,8),(6,5,8),(5,5,8),(4,5,8),(3,5,8),(2,5,8),(2,4,8),(2,3,8),(2,3,7),(2,3,6),(2,3,5),(2,2,5),(2,2,4),(2,2,3),(2,1,3),(1,1,3),
39:(7,7,6),(6,7,6),(5,7,6),(4,7,6),(4,7,7),(4,6,7),(4,5,7),
40:(1,4,2),(2,4,2),(2,4,3),(2,3,3),(2,2,3),(2,1,3),(3,1,3),(4,1,3),(4,1,3),(5,1,3),(6,1,3),(6,0,3),(6,0,4),(6,0,5),(6,0,6),(7,0,6),
41:(4,0,0),(4,0,1),(4,1,1),(4,2,1),(4,3,1),(4,4,1),(4,5,1),(4,6,1),(4,7,1),
42:(7,1,6),(7,1,7),(7,0,7),
43:(7,4,3),(6,4,3),(5,4,3),(4,4,3),(3,4,3),(2,4,3),(1,4,3),(1,4,4),(1,3,4),(1,2,4),(1,1,4),(1,1,5),(1,1,6),
44:(4,2,3),(5,2,3),(6,2,3),(7,2,3),(7,2,4),(7,2,5),(7,2,6),(7,1,6),
45:(1,3,4),(1,3,3),(1,3,2),(1,4,2),(1,5,2),(1,6,2),(1,7,2),
46:(7,6,4),(6,6,4),(5,6,4),(4,6,4),(3,6,4),(2,6,4),(2,6,3),(2,6,2),(2,6,1),(2,5,1),(2,4,1),(1,4,1),(1,3,1),
47:(4,5,0),(5,5,0),(6,5,0),(6,4,0),(6,4,0),(6,4,1),(6,3,1),(7,3,1),(7,2,1),(7,1,1),(7,0,1),
48:(1,3,1),(2,3,1),(3,3,1),(4,3,1),(4,4,1),(4,5,1),(4,6,1),(4,7,1),(4,7,0),(4,8,0),
49:(4,7,6),(5,7,6),(5,7,5),(6,7,5),(6,7,4),(6,7,3),(6,7,3),(6,7,2),(6,6,2),(6,5,2),(6,5,1),(6,4,1),(6,3,1),(6,2,1),(6,1,1),(6,0,1),(6,0,0),(7,0,0),
50:(4,3,6),(3,3,6),(3,3,5),(2,3,5),(1,3,5),(1,3,4),(1,3,3),(1,2,3),
51:(4,4,6),(5,4,6),(6,4,6),(7,4,6),(7,4,5),(7,3,5),
52:(7,0,2),(7,1,2),(7,2,2),(7,3,2),(7,3,3),(7,3,4),
53:(7,3,7),(7,3,6),(7,3,5),(7,4,5),(7,5,5),(7,6,5),(7,7,5),
54:(4,0,1),(3,0,1),(2,0,1),(1,0,1),(1,0,2),(1,0,3),(1,0,4),
55:(7,5,3),(7,6,3),
56:(1,1,5),(2,1,5),(3,1,5),(3,1,6),(4,1,6),(5,1,6),(6,1,6),(6,1,7),(6,1,8),(6,2,8),(7,2,8),(7,3,8),
57:(4,1,6),(5,1,6),(6,1,6),(6,2,6),(6,2,5),(6,2,4),(6,2,3),(6,2,2),(6,2,1),(6,2,0),(6,3,0),(6,4,0),(6,5,0),(6,6,0),(7,6,0),
58:(1,8,8),(2,8,8),(3,8,8),(3,7,8),(3,7,7),(3,6,7),(3,5,7),(3,4,7),(3,3,7),(3,2,7),(3,1,7),(4,1,7),
59:(1,7,2),(2,7,2),(3,7,2),(4,7,2),(4,7,3),(4,7,4),(4,7,5),(4,8,5),
60:(4,5,6),(5,5,6),(5,5,5),(6,5,5),(6,5,4),(6,5,3),(6,5,2),(6,5,1),(7,5,1),(7,6,1),(7,7,1),(7,7,0),(7,8,0),
61:(1,2,4),(2,2,4),(2,1,4),(2,0,4),(2,0,5),(2,-1,5),(3,-1,5),(4,-1,5),(5,-1,5),(6,-1,5),(7,-1,5),(7,0,5),
62:(7,4,5),(6,4,5),(5,4,5),(4,4,5),(4,4,4),(4,4,3),
63:(1,6,3),(2,6,3),(3,6,3),(3,6,4),(3,5,4),(3,5,4),(4,5,4),
64:(7,1,8),(6,1,8),(6,1,7),(6,1,6),(6,1,5),(6,1,4),(6,1,3),(6,1,2),(6,1,2),(5,1,2),(4,1,2),
65:(4,8,2),(5,8,2),(6,8,2),(7,8,2),(7,7,2),(7,7,3),
66:(7,5,1),(6,5,1),(5,5,1),(5,4,1),(5,3,1),(5,3,2),(5,3,3),(5,3,4),(5,3,5),(4,3,5),(4,2,5),
67:(7,8,2),(6,8,2),(6,8,3),(5,8,3),(5,8,4),(5,8,5),(5,7,5),(5,6,5),(5,5,5),(5,4,5),(5,3,5),(5,2,5),(5,1,5),(4,1,5),
68:(7,0,3),(6,0,3),(5,0,3),(5,0,2),(4,0,2),(3,0,2),(2,0,2),(2,0,1),(2,0,0),(1,0,0),
69:(1,8,4),(2,8,4),(3,8,4),(4,8,4),(4,8,3),(5,8,3),(6,8,3),(6,8,2),(6,7,2),(6,6,2),(6,5,2),(6,4,2),(6,3,2),(6,2,2),(6,1,2),(6,0,2),(7,0,2),
70:(7,4,6),(6,4,6),(6,4,5),(5,4,5),(4,4,5),(3,4,5),(2,4,5),(2,3,5),(2,2,5),(2,1,5),(1,1,5),(1,0,5),
71:(1,5,1),(2,5,1),(2,5,2),(2,5,3),(2,5,4),(2,5,5),(2,5,6),(3,5,6),(3,4,6),(3,3,6),(3,2,6),(3,1,6),(4,1,6),
72:(4,1,8),(4,2,8),(4,3,8),(4,4,8),(4,5,8),(4,6,8),
73:(7,4,1),(6,4,1),(5,4,1),(4,4,1),(4,4,0),(4,3,0),
74:(4,0,6),(3,0,6),(2,0,6),(1,0,6),(1,0,7),(1,1,7),(1,2,7),(1,3,7),
75:(7,7,2),(7,6,2),
76:(4,5,1),(4,5,2),(4,4,2),(5,4,2),(5,4,3),(5,4,4),(4,4,4),
77:(7,5,2),(7,5,3),(7,5,4),(7,5,4),(7,5,4),(7,5,5),(7,5,6),
78:(7,1,0),(7,1,1),(7,1,2),(7,1,3),(7,1,4),(7,1,5),(7,1,6),(7,1,7),(8,1,7),(8,1,8),(8,0,8),(7,0,8),
79:(1,8,6),(2,8,6),(3,8,6),(4,8,6),(5,8,6),(5,8,6),(5,8,5),(5,8,4),(5,8,3),(5,7,3),(5,6,3),(5,5,3),(5,4,3),(6,4,3),(6,3,3),(6,2,3),(6,1,3),(7,1,3),
80:(7,5,7),(7,5,8),(7,4,8),(7,3,8),(7,2,8),(7,1,8),
81:(1,4,4),(1,4,5),(1,4,6),(1,3,6),(1,2,6),(1,1,6),(1,0,6),(1,0,7),
82:(4,8,0),(3,8,0),(2,8,0),(1,8,0),(1,8,1),(1,7,1),
83:(7,1,3),(6,1,3),(5,1,3),(5,1,4),(5,1,5),(4,1,5),(3,1,5),(2,1,5),(2,1,6),(2,1,7),(2,1,8),(2,2,8),(1,2,8),
84:(7,1,4),(7,1,3),(7,2,3),(7,2,2),(7,3,2),(7,3,1),(7,4,1),
85:(1,3,8),(2,3,8),(3,3,8),(4,3,8),(5,3,8),(6,3,8),(6,4,8),(6,5,8),(6,6,8),(6,6,7),(7,6,7),
86:(4,0,3),(4,0,4),(4,0,5),(4,0,6),(4,0,7),(4,1,7),(4,2,7),(4,3,7),(4,4,7),(4,4,8),(5,4,8),(5,5,8),(4,5,8),
87:(7,3,0),(6,3,0),(5,3,0),(5,3,1),(5,3,2),(5,4,2),(5,4,2),(4,4,2),
88:(4,0,4),(4,-1,4),(4,-1,3),(4,-1,2),(4,-1,1),(4,-1,0),(4,0,0),
89:(1,6,2),(1,6,3),(1,7,3),(1,8,3),
90:(7,0,5),(6,0,5),(5,0,5),(4,0,5),(3,0,5),(2,0,5),(2,1,5),(2,1,4),(2,1,3),(2,1,2),(2,1,1),(2,2,1),(2,3,1),(2,4,1),(1,4,1),
91:(4,3,7),(3,3,7),(2,3,7),(2,4,7),(2,4,6),(2,4,5),(2,4,4),(2,4,3),(2,5,3),(2,5,2),(2,6,2),(2,7,2),(2,8,2),(1,8,2),
92:(4,8,5),(3,8,5),(2,8,5),(1,8,5),(1,8,4),(1,7,4),
93:(1,7,7),(2,7,7),(3,7,7),(4,7,7),(5,7,7),(6,7,7),(6,6,7),(6,6,6),(6,6,5),(6,6,4),(6,6,3),(6,5,3),(6,4,3),(7,4,3),
94:(1,2,8),(2,2,8),(3,2,8),(3,2,7),(3,2,6),(3,2,5),(3,2,4),(3,2,3),(3,2,2),(3,2,1),(4,2,1),(4,1,1),(5,1,1),(6,1,1),(6,1,0),(7,1,0),
95:(1,1,8),(2,1,8),(3,1,8),(3,1,7),(3,1,6),(3,1,5),(3,2,5),(3,2,4),(3,2,3),(3,2,2),(3,2,1),(3,3,1),(3,4,1),(4,4,1),
96:(4,1,4),(4,2,4),(4,3,4),(4,4,4),(4,4,3),(4,5,3),(4,6,3),(4,7,3),(4,7,2),
97:(7,8,4),(6,8,4),(6,8,5),(5,8,5),(4,8,5),(3,8,5),(2,8,5),(2,8,6),(2,8,7),(2,7,7),(2,6,7),(2,5,7),(2,4,7),(1,4,7),
98:(7,0,8),(6,0,8),(5,0,8),(5,0,7),(5,0,6),(4,0,6),(3,0,6),(2,0,6),(2,0,5),(2,0,4),(2,0,3),(1,0,3),
99:(1,2,7),(1,2,6),(1,2,5),(1,2,4),(1,2,3),(1,2,2),
100:(7,4,0),(7,4,1),(7,4,2),(7,4,3),(7,4,3),(7,3,3),
101:(4,7,7),(3,7,7),(3,7,8),(2,7,8),(1,7,8),
102:(4,4,0),(4,4,1),(4,5,1),(4,5,2),
103:(7,8,1),(6,8,1),(5,8,1),(4,8,1),(4,8,0),(4,7,0),(4,6,0),
104:(4,6,2),(4,6,3),(4,6,4),(4,6,5),(4,6,6),(5,6,6),(5,6,6),(5,5,6),(5,4,6),(5,3,6),(5,2,6),(5,2,7),(4,2,7),
105:(1,7,3),(1,7,4),(1,7,4),(1,6,4),(1,6,5),(1,6,6),(1,6,7),
106:(4,2,7),(5,2,7),(6,2,7),(7,2,7),(7,2,6),(7,3,6),
107:(4,7,1),(5,7,1),(6,7,1),(6,6,1),(6,6,2),(6,6,3),(6,6,4),(6,5,4),(6,4,4),(6,4,5),(6,4,6),(6,4,7),(6,3,7),(7,3,7),
108:(4,4,7),(3,4,7),(3,3,7),(3,3,7),(2,3,7),(2,2,7),(2,2,6),(2,2,5),(2,2,4),(2,2,3),(2,2,2),(2,2,2),(2,2,1),(2,2,0),(1,2,0),
109:(7,1,7),(6,1,7),(5,1,7),(4,1,7),(4,1,7),(4,1,6),(4,1,5),(3,1,5),(3,1,4),(3,1,3),(3,1,2),(3,2,2),(3,2,2),(2,2,2),(2,3,2),(1,3,2),
110:(1,4,6),(2,4,6),(3,4,6),(3,5,6),(3,6,6),(3,6,6),(4,6,6),(4,6,7),
111:(1,7,5),(1,6,5),(1,6,4),(1,6,3),(1,6,2),(1,6,1),(1,5,1),
112:(4,2,2),(5,2,2),(6,2,2),(6,3,2),(6,4,2),(7,4,2),
113:(1,2,0),(2,2,0),(3,2,0),(4,2,0),(5,2,0),(5,2,1),(5,2,2),(5,2,3),(6,2,3),(6,2,4),(6,2,5),(7,2,5),
114:(4,0,8),(4,0,7),(4,1,7),(4,1,6),(4,1,5),(4,1,4),(4,1,3),(4,1,2),(4,1,1),(4,1,0),(4,1,-1),(4,2,-1),(4,3,-1),(4,4,-1),(4,4,0),
115:(4,1,2),(4,1,3),(4,1,4),(3,1,4),(2,1,4),(2,2,4),(2,3,4),(2,4,4),(2,5,4),(2,6,4),(2,7,4),(2,8,4),(1,8,4),
116:(1,2,1),(1,2,0),(1,3,0),
117:(4,5,7),(4,5,6),(4,5,5),(4,5,5),(4,5,5),(4,6,5),(4,6,4),(4,6,3),(4,7,3),
118:(1,4,0),(2,4,0),(3,4,0),(3,4,1),(3,4,2),(3,4,3),(3,5,3),(3,6,3),(4,6,3),(5,6,3),(5,6,4),(6,6,4),(6,6,5),(6,6,6),(6,6,7),(6,7,7),(7,7,7),
119:(4,2,5),(4,2,6),(4,3,6),
120:(7,0,7),(6,0,7),(5,0,7),(5,0,6),(5,0,5),(5,0,4),(5,1,4),(5,1,3),(5,1,2),(5,1,1),(5,1,0),(5,2,0),(5,3,0),(5,4,0),(5,5,0),(5,6,0),(5,7,0),(4,7,0),
121:(1,6,8),(1,6,7),(1,6,6),(1,5,6),(1,5,5),(1,5,4),(1,5,4),(1,5,4),(1,4,4),
122:(1,8,7),(2,8,7),(3,8,7),(4,8,7),(5,8,7),(6,8,7),(6,7,7),(6,6,7),(6,5,7),(6,4,7),(6,3,7),(6,2,7),(6,1,7),(7,1,7),
123:(1,7,8),(2,7,8),(2,7,7),(3,7,7),(3,7,6),(4,7,6),(5,7,6),(6,7,6),(6,7,5),(6,7,4),(6,7,3),(6,7,2),(6,7,1),(6,6,1),(6,5,1),(6,4,1),(6,3,1),(6,2,1),(7,2,1),
124:(1,5,6),(2,5,6),(3,5,6),(3,5,7),(3,6,7),(3,6,8),(3,7,8),(4,7,8),
125:(1,3,0),(2,3,0),(3,3,0),(3,3,1),(3,3,2),(3,3,3),(3,4,3),(3,5,3),(3,6,3),(4,6,3),
126:(4,4,4),(5,4,4),(6,4,4),(6,4,5),(6,5,5),(6,5,6),(6,5,7),(7,5,7),(7,6,7),(7,7,7),(7,8,7),
127:(7,4,7),(7,4,6),(7,5,6),(7,6,6),(8,6,6),(8,6,5),(8,6,4),(8,6,3),(8,6,2),(8,6,1),(7,6,1),
128:(1,4,7),(1,3,7),(1,2,7),(2,2,7),(3,2,7),(4,2,7),(5,2,7),(6,2,7),(7,2,7),
129:(1,3,5),(2,3,5),(2,4,5),(3,4,5),(3,4,6),(4,4,6),(5,4,6),(6,4,6),(6,4,5),(7,4,5),(7,4,4),
130:(7,6,1),(7,7,1),(7,7,2),(7,7,3),(7,7,4),(7,8,4),(8,8,4),(8,8,5),(8,8,6),(8,8,7),(8,8,8),(7,8,8),
131:(1,5,7),(2,5,7),(3,5,7),(4,5,7),(5,5,7),(6,5,7),(6,4,7),(6,3,7),(6,3,6),(6,3,5),(6,3,4),(6,3,3),(6,2,3),(6,2,3),(6,2,2),(7,2,2),
132:(4,1,1),(3,1,1),(2,1,1),(1,1,1),(1,2,1),
133:(4,6,6),(5,6,6),(6,6,6),(6,5,6),(7,5,6),(7,4,6),
134:(7,7,4),(7,7,3),(6,7,3),(6,7,2),(6,7,1),(6,6,1),(6,5,1),(6,4,1),(6,3,1),(6,3,1),(7,3,1),
135:(7,8,8),(7,8,7),(7,8,6),(7,7,6),(7,6,6),(7,6,6),(7,6,5),(7,5,5),
136:(7,1,1),(6,1,1),(5,1,1),(5,2,1),(5,2,2),(5,2,3),(5,2,4),(5,2,5),(5,2,6),(5,2,7),(5,3,7),(4,3,7),
137:(1,3,2),(2,3,2),(3,3,2),(4,3,2),(4,2,2),(4,1,2),(4,0,2),(4,0,3),
138:(7,2,1),(6,2,1),(6,1,1),(6,1,2),(6,1,3),(5,1,3),(5,0,3),(5,0,4),(4,0,4),
139:(7,6,2),(7,5,2),(7,5,3),(6,5,3),(6,4,3),(6,4,4),(6,3,4),(6,3,5),(6,2,5),(7,2,5),(7,2,6),
140:(4,3,0),(4,4,0),(5,4,0),(5,5,0),(5,5,1),(5,5,2),(5,6,2),(5,7,2),(5,8,2),(4,8,2),
141:(4,5,4),(4,5,5),(4,4,5),(4,4,6),(4,4,7),(4,4,8),(4,3,8),(3,3,8),(3,2,8),(3,1,8),(3,0,8),(4,0,8),
142:(4,6,4),(3,6,4),(2,6,4),(2,6,3),(2,6,2),(2,5,2),(2,4,2),(2,3,2),(2,2,2),(2,2,2),(2,1,2),(2,1,2),(2,1,1),(1,1,1),
143:(7,0,1),(6,0,1),(5,0,1),(4,0,1),(3,0,1),(2,0,1),(2,1,1),(2,2,1),(2,3,1),(2,3,2),(2,3,3),(2,3,4),(2,3,5),(2,4,5),(2,5,5),(2,6,5),(2,7,5),(2,8,5),(1,8,5),
144:(7,2,3),(7,2,2),(7,2,1),(6,2,1),(5,2,1),(4,2,1),(3,2,1),(3,2,0),(2,2,0),(2,3,0),(2,4,0),(2,5,0),(2,6,0),(2,7,0),(2,8,0),(1,8,0),
145:(4,0,7),(4,1,7),(4,2,7),(5,2,7),(6,2,7),(7,2,7),(7,3,7),(7,4,7),
146:(1,3,3),(2,3,3),(3,3,3),(3,3,2),(4,3,2),(4,2,2),(4,1,2),(4,0,2),
147:(7,7,8),(7,7,7),(7,7,6),(7,7,5),(7,8,5),(6,8,5),(6,8,4),(6,8,3),(6,8,2),(7,8,2),(7,8,1),
148:(1,8,5),(2,8,5),(2,8,4),(3,8,4),(4,8,4),(5,8,4),(5,8,3),(5,7,3),(6,7,3),(6,6,3),(6,5,3),(7,5,3),
149:(7,0,6),(7,1,6),(7,2,6),(7,3,6),(7,4,6),(8,4,6),(8,5,6),(8,6,6),(8,7,6),(8,8,6),(7,8,6),
150:(7,5,0),(6,5,0),(6,5,1),(5,5,1),(4,5,1),(3,5,1),(2,5,1),(2,5,2),(1,5,2),(0,5,2),(0,5,3),(0,5,4),(0,5,5),(0,5,6),(0,5,7),(0,5,8),(1,5,8),
151:(4,5,3),(4,4,3),(4,3,3),(4,2,3),(4,1,3),(4,0,3),(4,0,4),(4,0,5),
152:(1,7,1),(2,7,1),(2,7,2),(2,7,3),(2,7,4),(2,7,5),(3,7,5),(4,7,5),
153:(1,7,4),(2,7,4),(3,7,4),(4,7,4),(5,7,4),(6,7,4),(6,7,5),(6,6,5),(6,5,5),(6,5,6),(6,5,7),(6,5,8),(6,4,8),(7,4,8),
154:(4,3,1),(4,2,1),(3,2,1),(3,1,1),(3,1,2),(3,1,3),(3,1,4),(4,1,4),
155:(1,1,6),(2,1,6),(2,1,5),(2,1,4),(2,2,4),(3,2,4),(4,2,4),(5,2,4),(6,2,4),(6,1,4),(6,1,4),(6,1,4),(7,1,4),
156:(7,3,8),(6,3,8),(5,3,8),(5,3,7),(4,3,7),(3,3,7),(2,3,7),(2,3,6),(2,3,5),(2,3,4),(2,2,4),(2,2,3),(2,2,2),(2,2,1),(2,1,1),(2,0,1),(1,0,1),
157:(4,5,8),(5,5,8),(5,5,7),(6,5,7),(6,5,6),(6,6,6),(6,6,5),(6,6,4),(6,6,4),(7,6,4),
158:(7,3,3),(6,3,3),(5,3,3),(5,3,4),(4,3,4),(3,3,4),(3,3,5),(3,3,5),(3,4,5),(2,4,5),(1,4,5),
159:(7,8,0),(7,8,1),(7,7,1),(7,6,1),(7,6,1),(7,5,1),(7,5,2),
160:(4,0,2),(3,0,2),(2,0,2),(2,0,3),(2,0,4),(2,1,4),(2,2,4),(2,3,4),(2,4,4),(2,5,4),(2,5,5),(2,5,6),(2,6,6),(2,7,6),(1,7,6),
161:(7,8,7),(6,8,7),(5,8,7),(5,8,6),(5,8,5),(4,8,5),(3,8,5),(3,8,4),(3,7,4),(3,6,4),(3,5,4),(2,5,4),(2,4,4),(2,3,4),(2,2,4),(1,2,4),
162:(1,0,4),(1,1,4),(1,2,4),(1,3,4),(1,3,4),(0,3,4),(0,3,4),(0,3,4),(0,3,4),(1,3,4),
163:(1,7,6),(2,7,6),(3,7,6),(3,7,5),(3,7,4),(3,6,4),(3,5,4),(3,4,4),(3,4,3),(3,3,3),(3,2,3),(3,1,3),(4,1,3),
164:(1,6,5),(1,6,6),(1,5,6),(1,5,7),(1,5,8),(1,4,8),(1,3,8),
165:(4,4,3),(5,4,3),(5,4,4),(6,4,4),(6,4,5),(6,5,5),(6,5,6),(6,5,7),(7,5,7),(7,5,8),
166:(1,1,7),(2,1,7),(2,1,6),(2,1,5),(2,1,6),(3,1,6),(3,1,6),(4,1,6),(5,1,6),(6,1,6),(6,1,5),(7,1,5),
167:(4,3,4),(3,3,4),(2,3,4),(2,2,4),(2,2,5),(2,2,6),(1,2,6),(1,2,7),
168:(7,7,1),(6,7,1),(6,6,1),(6,5,1),(6,4,1),(5,4,1),(5,3,1),(5,2,1),(5,1,1),(5,0,1),(4,0,1),
169:(1,0,1),(1,0,2),(1,1,2),(1,2,2),(1,3,2),(1,4,2),(1,5,2),(0,5,2),(0,5,3),(0,5,4),(1,5,4),
170:(4,3,8),(4,4,8),(4,5,8),(4,6,8),(4,6,7),(4,6,6),(4,6,5),(4,6,4),
171:(7,2,4),(6,2,4),(5,2,4),(5,2,5),(5,2,6),(5,2,7),(5,3,7),(5,4,7),(5,5,7),(5,6,7),(5,7,7),(4,7,7),
172:(4,2,8),(4,2,9),(4,1,9),(4,0,9),(4,0,8),(4,0,7),
173:(1,6,1),(1,5,1),(1,4,1),(1,3,1),(2,3,1),(2,3,0),(2,2,0),(1,2,0),(1,1,0),
174:(7,3,1),(7,3,2),(7,3,3),(7,3,3),(7,2,3),
175:(1,0,0),(1,0,1),(1,1,1),(1,2,1),(1,3,1),(1,4,1),(1,4,2),(1,5,2),(1,6,2),(0,6,2),(0,6,3),(0,6,4),(0,6,5),(1,6,5),
176:(4,2,4),(4,2,5),(4,3,5),(3,3,5),(3,3,6),(3,4,6),(3,5,6),(4,5,6),(4,6,6),(4,7,6),
177:(4,4,2),(3,4,2),(3,4,3),(3,4,4),(3,4,5),(3,3,5),(2,3,5),(1,3,5),
178:(4,8,8),(4,8,7),(4,8,6),(4,8,5),(3,8,5),(2,8,5),(2,7,5),(2,6,5),(2,5,5),(2,5,5),(1,5,5),
179:(7,7,7),(7,6,7),(7,5,7),(7,4,7),(6,4,7),(6,3,7),(6,3,7),(5,3,7),(4,3,7),(3,3,7),(2,3,7),(2,3,6),(2,3,6),(2,3,5),(2,3,4),(2,3,3),(1,3,3),
180:(7,2,6),(6,2,6),(6,2,5),(6,2,4),(6,2,3),(6,2,2),(6,2,2),(5,2,2),(4,2,2),
181:(7,3,2),(7,3,3),(7,3,4),(7,3,5),(6,3,5),(6,3,6),(5,3,6),(5,4,6),(4,4,6),(3,4,6),(2,4,6),(1,4,6),
182:(4,8,7),(4,8,6),(4,7,6),(4,6,6),(4,5,6),(4,5,6),(4,4,6),(4,4,6),(4,5,6),
183:(7,8,6),(6,8,6),(5,8,6),(5,7,6),(5,6,6),(5,6,7),(4,6,7),(3,6,7),(2,6,7),(2,6,6),(2,6,5),(2,5,5),(2,5,4),(2,5,3),(2,4,3),(1,4,3),
184:(1,8,3),(2,8,3),(3,8,3),(3,7,3),(3,6,3),(4,6,3),(5,6,3),(5,6,4),(5,6,5),(6,6,5),(7,6,5),
185:(7,4,8),(6,4,8),(6,4,7),(5,4,7),(5,4,6),(5,4,5),(4,4,5),
186:(1,8,2),(1,8,3),(1,8,4),(1,7,4),(1,6,4),(1,6,5),(1,6,6),(2,6,6),(2,5,6),(2,4,6),(2,3,6),(2,2,6),(2,1,6),(2,0,6),(1,0,6),
187:(4,7,8),(4,6,8),(3,6,8),(3,5,8),(3,4,8),(3,4,7),(3,3,7),(3,3,6),(3,3,5),(3,3,4),(3,3,3),(3,3,2),(3,3,1),(3,2,1),(4,2,1),
188:(1,4,8),(2,4,8),(3,4,8),(3,4,7),(3,5,7),(3,5,6),(3,5,5),(3,6,5),(4,6,5),
189:(7,3,5),(6,3,5),(6,3,4),(6,3,3),(5,3,3),(5,4,3),(5,5,3),(4,5,3),(3,5,3),(2,5,3),(2,6,3),(2,6,2),(2,6,1),(2,6,0),(1,6,0),
190:(7,2,7),(6,2,7),(6,2,6),(5,2,6),(5,3,6),(5,3,5),(5,3,4),(5,4,4),(5,4,3),(5,4,2),(5,4,1),(5,5,1),(4,5,1),
191:(1,6,7),(2,6,7),(3,6,7),(4,6,7),(5,6,7),(6,6,7),(7,6,7),(7,6,8),(7,7,8),
192:(1,3,7),(1,3,6),(1,3,5),(1,4,5),(1,4,4),(1,4,3),(0,4,3),(0,4,2),(1,4,2),
193:(4,7,3),(5,7,3),(5,7,4),(5,6,4),(5,6,5),(5,5,5),(5,5,6),(6,5,6),(6,5,6),(6,5,7),(7,5,7),
194:(7,5,5),(7,4,5),(7,4,4),(7,3,4),(6,3,4),(6,3,5),(6,2,5),(6,1,5),(5,1,5),(4,1,5),(3,1,5),(2,1,5),(1,1,5),
195:(4,3,2),(5,3,2),(5,3,1),(6,3,1),(6,3,0),(6,4,0),(7,4,0),
196:(7,2,2),(6,2,2),(6,3,2),(6,4,2),(6,5,2),(6,6,2),(6,7,2),(7,7,2),
197:(4,6,0),(4,7,0),(4,8,0),(3,8,0),(3,8,1),(3,8,2),(4,8,2),(4,8,3),
198:(1,0,6),(2,0,6),(2,0,5),(3,0,5),(3,0,4),(4,0,4),(5,0,4),(5,1,4),(5,1,3),(5,2,3),(5,3,3),(5,3,2),(5,3,2),(6,3,2),(7,3,2),
199:(1,8,0),(1,8,1),(1,8,2),(1,7,2),(1,7,3),(1,6,3),(1,5,3),
200:(7,6,5),(7,6,4),(6,6,4),(6,6,3),(6,5,3),(6,4,3),(6,4,2),(6,3,2),(6,2,2),(6,2,1),(6,2,0),(7,2,0),
201:(7,6,6),(6,6,6),(6,6,5),(5,6,5),(4,6,5),(3,6,5),(2,6,5),(2,5,5),(2,4,5),(2,4,4),(2,4,3),(2,4,2),(2,4,1),(1,4,1),(1,4,0),
202:(4,8,3),(5,8,3),(5,8,4),(6,8,4),(6,8,4),(6,8,4),(7,8,4),(7,7,4),
203:(1,2,5),(1,2,4),(1,2,3),(1,3,3),(1,3,3),(1,3,2),(1,3,1),(1,4,1),(1,4,0),(1,5,0),
204:(7,0,4),(7,0,3),(7,0,2),(7,1,2),(7,2,2),(7,3,2),(6,3,2),(5,3,2),(4,3,2),(3,3,2),(3,4,2),(3,5,2),(2,5,2),(2,6,2),(1,6,2),
205:(1,5,2),(2,5,2),(2,5,3),(2,5,4),(2,5,5),(3,5,5),(3,6,5),(3,6,6),(3,6,6),(4,6,6),
206:(7,6,3),(6,6,3),(5,6,3),(5,7,3),(5,7,3),(4,7,3),(3,7,3),(2,7,3),(2,7,4),(2,7,5),(2,7,6),(2,7,7),(2,7,8),(2,8,8),(1,8,8),
207:(1,6,0),(2,6,0),(3,6,0),(3,6,1),(3,5,1),(3,4,1),(3,3,1),(4,3,1),
208:(7,7,5),(7,7,4),(7,7,3),(6,7,3),(6,7,2),(5,7,2),(5,7,1),(5,6,1),(5,5,1),(5,4,1),(5,3,1),(5,2,1),(4,2,1),(4,1,1),
209:(1,4,3),(1,4,4),(1,4,5),(1,4,6),(1,5,6),(0,5,6),(0,5,6),(1,5,6),
210:(1,0,7),(2,0,7),(2,1,7),(2,1,6),(2,2,6),(2,3,6),(2,4,6),(2,4,7),(3,4,7),(4,4,7),(4,4,6),
211:(4,7,5),(4,7,4),(4,8,4),(4,9,4),(4,9,4),(4,8,4),
212:(1,5,0),(2,5,0),(3,5,0),(3,5,1),(3,5,2),(3,6,2),(3,6,2),(4,6,2),
213:(4,4,5),(4,4,4),(4,5,4),(5,5,4),(5,6,4),(4,6,4),(4,7,4),
214:(4,1,5),(4,1,4),(4,2,4),(4,2,4),(4,2,3),
215:(1,2,6),(2,2,6),(2,2,7),(2,2,8),(3,2,8),(3,2,8),(4,2,8),
216:(4,5,2),(5,5,2),(5,5,3),(5,5,3),(4,5,3),(4,5,4),(4,5,5),
217:(7,2,0),(6,2,0),(6,3,0),(5,3,0),(5,4,0),(5,5,0),(5,6,0),(5,7,0),(5,7,0),(4,7,0),(3,7,0),(2,7,0),(1,7,0),
218:(4,1,7),(4,1,8),
219:(4,2,1),(5,2,1),(6,2,1),(6,2,2),(6,3,2),(6,3,3),(6,4,3),(6,5,3),(6,5,4),(6,5,5),(6,5,6),(6,6,6),(7,6,6),
220:(7,5,4),(6,5,4),(5,5,4),(5,5,5),(5,5,6),(5,5,7),(5,4,7),(4,4,7),(5,4,7),(5,4,7),(4,4,7),
221:(4,1,3),(4,2,3),(5,2,3),(5,2,4),(5,2,5),(5,2,6),(4,2,6),
222:(7,8,5),(7,8,6),(7,9,6),(7,8,6),(7,7,6),
223:(1,1,0),(2,1,0),(2,2,0),(2,2,1),(2,2,2),(2,2,3),(2,2,3),(2,2,4),(3,2,4),(3,2,5),(3,3,5),(4,3,5),
224:(1,6,6),(1,7,6),(1,7,5),
225:(4,1,0),(3,1,0),(3,1,1),(3,1,2),(3,1,3),(3,2,3),(3,3,3),(3,3,4),(3,4,4),(3,4,5),(3,4,6),(3,4,7),(3,4,8),(2,4,8),(1,4,8),
226:(4,8,1),(3,8,1),(2,8,1),(2,8,2),(2,7,2),(2,6,2),(2,5,2),(2,4,2),(2,3,2),(2,3,3),(2,3,4),(2,2,4),(1,2,4),(1,1,4),
227:(1,5,8),(2,5,8),(3,5,8),(3,5,9),(4,5,9),(5,5,9),(5,5,8),(5,5,7),(5,5,6),(5,5,5),(6,5,5),(6,5,4),(6,5,3),(6,5,2),(6,5,2),(6,5,1),(7,5,1),
228:(7,4,4),(7,4,3),(7,4,3),(7,5,3),(7,5,2),(6,5,2),(5,5,2),(5,5,1),(4,5,1),(4,6,1),
229:(4,3,3),(3,3,3),(3,3,4),(2,3,4),(2,4,4),(2,5,4),(2,5,3),(2,6,3),(2,7,3),(2,7,3),(1,7,3),
230:(7,6,8),(6,6,8),(5,6,8),(5,7,8),(4,7,8),(3,7,8),(2,7,8),(2,7,7),(1,7,7),(1,7,6),(1,8,6),
231:(1,6,4),(2,6,4),(2,6,3),(3,6,3),(4,6,3),(5,6,3),(6,6,3),(6,6,2),(6,6,1),(6,7,1),(6,7,1),(7,7,1),
232:(1,1,4),(2,1,4),(3,1,4),(3,2,4),(4,2,4),(5,2,4),(6,2,4),(6,2,5),(6,2,6),(6,2,7),(6,2,8),(7,2,8),
233:(1,8,1),(1,8,2),(1,8,3),(0,8,3),(0,7,3),(1,7,3),(1,6,3),
234:(4,6,8),(3,6,8),(2,6,8),(2,5,8),(2,4,8),(2,3,8),(2,2,8),(2,2,7),(2,1,7),(1,1,7),
235:(4,6,7),(4,6,6),(4,6,5),(4,7,5),(4,7,5),(5,7,5),(5,7,4),(6,7,4),(6,7,4),(6,7,3),(6,7,2),(6,7,1),(6,7,0),(7,7,0),
236:(1,0,5),(2,0,5),(3,0,5),(3,0,4),(3,0,3),(3,0,3),(4,0,3),(5,0,3),(6,0,3),(7,0,3),
237:(1,4,1),(1,4,2),(1,4,3),(1,5,3),(1,6,3),(1,6,4),(0,6,4),(0,6,5),(0,6,6),(0,6,7),(0,6,8),(1,6,8),
238:(4,2,6),(5,2,6),(5,2,7),(6,2,7),(7,2,7),(7,3,7),(7,4,7),(7,4,8),(7,5,8),(7,6,8),
239:(7,4,2),(6,4,2),(6,5,2),(6,6,2),(6,6,3),(6,6,4),(6,7,4),(6,8,4),(7,8,4),
240:(7,8,3),(7,8,2),(7,8,1),(6,8,1),(6,8,0),(6,7,0),(6,6,0),(6,5,0),(5,5,0),(5,4,0),(4,4,0),(3,4,0),(3,3,0),(3,2,0),(3,1,0),(4,1,0),
241:(1,1,1),(1,1,2),(1,1,3),(1,1,4),(1,1,4),(1,1,5),(1,1,6),(1,2,6),
242:(1,2,3),(1,2,2),(1,2,2),(1,3,2),(1,4,2),(1,5,2),(1,6,2),(1,6,1),
