soc=2245
lb_soc=1332
makespan=20
lb_makespan=14
comp_time=10060
highLevelExpanded=65
lowLevelExpanded=17114
solution=
0:(7,2,6),(6,2,6),(6,3,6),(6,3,5),(6,4,5),(5,4,5),(5,3,5),(5,3,4),(5,3,4),(5,3,3),(5,4,3),(4,4,3),
1:(4,1,5),(3,1,5),(2,1,5),(1,1,5),(1,1,6),(1,1,7),(1,2,7),(1,3,7),(1,4,7),
2:(1,5,6),(1,5,5),(1,5,4),(1,5,3),(1,5,2),(1,4,2),(1,3,2),(1,2,2),
3:(7,7,7),(7,7,6),(7,7,5),(7,6,5),(7,5,5),(7,4,5),(7,3,5),
4:(1,3,4),(2,3,4),(3,3,4),(4,3,4),(5,3,4),(6,3,4),(7,3,4),(7,3,3),(7,3,2),(7,3,1),(7,4,1),
5:(7,5,2),(6,5,2),(5,5,2),(5,5,3),(5,4,3),(5,3,3),(5,2,3),(5,2,4),(5,2,5),(5,2,6),(5,2,7),(4,2,7),(4,2,8),
6:(4,3,7),(4,3,8),(4,4,8),(4,5,8),(4,6,8),(4,7,8),(4,8,8),
7:(4,3,3),(3,3,3),(2,3,3),(1,3,3),(1,3,4),(1,4,4),(1,5,4),
8:(1,4,2),(2,4,2),(3,4,2),(3,5,2),(3,5,3),(4,5,3),(5,5,3),(5,6,3),(5,6,4),(5,6,5),(5,6,6),(5,7,6),(5,8,6),(6,8,6),(7,8,6),
9:(4,7,6),(4,7,5),(4,6,5),(4,5,5),(4,4,5),
10:(1,7,7),(2,7,7),(3,7,7),(4,7,7),(4,7,6),(4,8,6),
11:(7,6,3),(7,6,4),(7,5,4),(7,4,4),(7,3,4),(7,2,4),(6,2,4),(6,2,4),(5,2,4),(4,2,4),(3,2,4),(2,2,4),(2,2,4),(2,2,3),(1,2,3),
12:(4,4,4),(3,4,4),(2,4,4),(2,3,4),(2,2,4),(1,2,4),(1,1,4),(1,0,4),
13:(1,0,3),(2,0,3),(2,0,4),(2,0,5),(3,0,5),(3,1,5),(3,1,6),(4,1,6),(4,2,6),
14:(4,6,1),(5,6,1),(6,6,1),(7,6,1),(7,6,2),(7,6,3),(7,6,4),(7,6,5),(7,7,5),(7,8,5),
15:(1,1,6),(1,1,5),(1,1,4),(1,1,3),(1,1,2),(1,2,2),(1,2,2),(1,2,1),(1,2,0),(1,3,0),
16:(7,2,5),(7,2,6),(7,2,7),(7,3,7),(7,4,7),
17:(7,2,2),(6,2,2),(5,2,2),(4,2,2),
18:(4,3,0),(3,3,0),(2,3,0),(2,3,1),(2,4,1),(2,5,1),(1,5,1),(1,6,1),(1,7,1),(1,7,2),(1,7,3),(0,7,3),(0,7,4),(0,7,5),(0,7,6),(1,7,6),
19:(4,7,0),(5,7,0),(6,7,0),(7,7,0),(7,7,1),(7,6,1),
20:(7,2,3),(7,2,4),(7,2,5),(7,2,6),(7,3,6),(6,3,6),(5,3,6),(5,4,6),(5,4,7),(4,4,7),
21:(7,2,7),(6,2,7),(5,2,7),(4,2,7),(3,2,7),(2,2,7),(2,2,6),(2,2,5),(2,3,5),(2,3,5),(2,3,4),(2,3,4),(2,3,3),(2,3,2),(1,3,2),
22:(1,0,6),(2,0,6),(3,0,6),(4,0,6),(5,0,6),(6,0,6),(7,0,6),(7,0,5),(7,0,4),(7,1,4),(7,2,4),
23:(7,4,8),(6,4,8),(5,4,8),(4,4,8),(3,4,8),(2,4,8),(2,4,7),(2,4,6),(2,4,5),(2,5,5),(2,5,4),(2,5,3),(2,6,3),(2,7,3),(1,7,3),
24:(1,6,2),(2,6,2),(3,6,2),(4,6,2),(4,6,3),(4,7,3),(3,7,3),(3,7,4),(3,7,5),(4,7,5),(4,7,6),
25:(7,6,7),(6,6,7),(5,6,7),(4,6,7),(4,6,6),
26:(1,6,1),(1,6,2),(1,6,3),(1,6,4),
27:(4,4,8),(4,4,7),(4,5,7),(4,5,7),(4,6,7),
28:(4,6,5),(4,6,4),(4,7,4),(4,8,4),
29:(7,4,5),(6,4,5),(5,4,5),(4,4,5),(3,4,5),(3,5,5),(3,6,5),(2,6,5),(2,7,5),(2,7,4),(1,7,4),(1,7,3),(1,7,2),
30:(1,5,8),(1,5,7),(1,5,6),(1,5,5),(1,5,4),(1,5,3),(1,5,2),(1,5,1),(1,6,1),
31:(4,6,4),(5,6,4),(6,6,4),(6,6,3),(6,6,2),(6,6,2),(7,6,2),
32:(7,7,5),(6,7,5),(5,7,5),(4,7,5),(3,7,5),(2,7,5),(2,7,4),(2,7,3),(2,6,3),(2,5,3),(2,4,3),(2,3,3),(2,2,3),(2,1,3),(1,1,3),
33:(4,7,8),(4,7,7),(4,7,6),(4,6,6),(4,5,6),(3,5,6),(3,4,6),(3,3,6),(3,2,6),(3,1,6),(4,1,6),
34:(1,0,7),(2,0,7),(3,0,7),(4,0,7),(5,0,7),(6,0,7),(7,0,7),
35:(4,2,4),(5,2,4),(6,2,4),(7,2,4),(7,2,3),(7,2,2),(7,2,1),(7,2,0),
36:(4,2,8),(4,2,7),(4,3,7),(4,4,7),(3,4,7),(3,5,7),(3,6,7),(3,7,7),(3,8,7),(3,8,6),(3,8,5),(2,8,5),(2,8,4),(2,8,4),(1,8,4),
37:(1,8,3),(2,8,3),(3,8,3),(4,8,3),(5,8,3),(6,8,3),(6,8,2),(6,7,2),(6,7,1),(6,6,1),(6,5,1),(6,5,0),(7,5,0),
38:(1,5,5),(1,5,4),(1,5,3),(1,6,3),(1,7,3),(1,8,3),
39:(4,8,1),(3,8,1),(2,8,1),(2,8,2),(2,8,3),(2,8,4),(2,8,5),(2,8,6),(2,7,6),(2,6,6),(2,5,6),(2,5,6),(1,5,6),
40:(7,5,8),(7,5,7),(7,5,6),(7,5,5),(7,5,4),(7,5,3),
41:(4,7,3),(4,7,3),(4,6,3),(4,6,4),(4,5,4),(4,5,5),
42:(1,4,4),(2,4,4),(2,4,5),(3,4,5),(3,5,5),(3,6,5),(3,7,5),(4,7,5),(5,7,5),(6,7,5),(7,7,5),
43:(1,7,4),(1,6,4),(0,6,4),(0,5,4),(0,4,4),(0,3,4),(1,3,4),
44:(7,1,1),(6,1,1),(5,1,1),(4,1,1),(3,1,1),(3,1,2),(3,1,2),(3,1,3),(3,1,4),(3,1,5),(3,2,5),(3,3,5),(3,4,5),(2,4,5),(1,4,5),
45:(7,4,4),(6,4,4),(5,4,4),(4,4,4),(3,4,4),(2,4,4),(1,4,4),(1,4,3),(1,3,3),(1,2,3),(1,1,3),(1,1,2),(1,0,2),
46:(7,1,6),(7,1,5),(7,1,4),(7,0,4),(6,0,4),(6,0,3),(5,0,3),(4,0,3),(4,0,2),(4,0,1),(4,0,0),
47:(7,2,8),(6,2,8),(5,2,8),(4,2,8),(3,2,8),(2,2,8),(2,2,7),(2,2,6),(2,2,5),(2,2,4),(2,2,3),(2,2,2),(2,2,1),(1,2,1),(1,3,1),
48:(7,1,2),(6,1,2),(5,1,2),(4,1,2),(3,1,2),(2,1,2),(1,1,2),(1,0,2),(1,0,1),
49:(4,3,1),(3,3,1),(2,3,1),(1,3,1),(1,3,2),(1,3,3),(1,2,3),(1,1,3),(1,0,3),
50:(1,2,6),(2,2,6),(3,2,6),(3,2,5),(3,2,4),(3,2,3),(3,2,2),(3,2,1),(3,1,1),(3,0,1),(4,0,1),
51:(7,7,4),(7,7,3),(7,7,2),(7,7,1),(7,6,1),(7,5,1),
52:(4,5,6),(3,5,6),(2,5,6),(1,5,6),(1,5,5),(1,5,4),(1,5,3),
53:(4,2,1),(4,2,2),(4,2,1),(5,2,1),(5,2,2),(5,2,3),(5,2,4),(5,2,5),(5,2,6),(5,2,7),(4,2,7),(4,2,8),(4,3,8),
54:(1,1,0),(2,1,0),(3,1,0),(4,1,0),(5,1,0),(6,1,0),(6,2,0),(6,3,0),(6,4,0),(6,5,0),(6,6,0),(6,7,0),(7,7,0),
55:(1,2,0),(2,2,0),(3,2,0),(4,2,0),(5,2,0),(6,2,0),(6,2,1),(6,2,2),(6,2,3),(6,2,4),(6,2,5),(6,2,6),(6,2,7),(6,2,8),(6,3,8),(6,4,8),(7,4,8),
56:(1,6,0),(1,6,1),(1,6,2),(1,5,2),(1,4,2),(1,4,3),(1,3,3),(1,2,3),(1,2,4),(1,1,4),(1,1,5),(1,1,6),(0,1,6),(0,1,7),(0,1,8),(0,0,8),(1,0,8),
57:(7,0,4),(6,0,4),(5,0,4),(4,0,4),(4,0,5),
58:(4,6,8),(5,6,8),(6,6,8),(7,6,8),(7,7,8),(7,8,8),
59:(4,7,4),(5,7,4),(6,7,4),(6,7,3),(6,6,3),(6,5,3),(6,5,2),(7,5,2),
60:(7,0,6),(6,0,6),(5,0,6),(5,0,5),(5,0,4),(5,0,3),(5,0,2),(5,0,1),(5,0,0),(5,1,0),(5,1,0),(4,1,0),
61:(4,1,6),(5,1,6),(6,1,6),(6,2,6),(6,2,5),(6,2,4),(6,3,4),(6,4,4),(6,5,4),(6,6,4),(7,6,4),
62:(4,8,0),(5,8,0),(6,8,0),(6,7,0),(6,6,0),(6,5,0),(6,5,1),(6,5,2),(6,4,2),(6,4,3),(6,4,4),(6,4,5),(6,3,5),(6,2,5),(6,1,5),(6,0,5),(7,0,5),
63:(7,4,2),(6,4,2),(5,4,2),(5,3,2),(4,3,2),(3,3,2),(2,3,2),(1,3,2),(1,3,2),(1,3,2),(1,3,3),
64:(1,6,7),(2,6,7),(3,6,7),(3,6,6),(3,6,5),(4,6,5),(4,6,4),(4,5,4),(4,4,4),(5,4,4),(5,3,4),(5,2,4),(4,2,4),
65:(1,0,5),(2,0,5),(3,0,5),(3,0,4),(3,1,4),(3,2,4),(3,3,4),(3,4,4),(3,4,4),(3,4,4),(4,4,4),
66:(1,2,3),(1,3,3),(1,4,3),(1,4,3),(1,5,3),(1,5,2),(1,6,2),
67:(4,8,3),(4,8,4),(4,8,5),(4,8,6),(4,8,7),(4,7,7),(4,7,7),(4,7,8),(4,6,8),(4,6,8),(4,5,8),(4,4,8),
68:(7,8,4),(6,8,4),(5,8,4),(5,8,3),(5,8,2),(4,8,2),(4,8,1),(4,8,0),
69:(7,3,3),(7,3,2),(7,3,1),(7,3,0),(7,4,0),(7,5,0),(8,5,0),(7,5,0),(7,6,0),
70:(4,2,6),(3,2,6),(3,2,5),(2,2,5),(2,3,5),(2,3,4),(2,3,3),(2,3,2),(2,3,1),(2,4,1),(2,5,1),(2,5,0),(2,6,0),(2,7,0),(2,8,0),(1,8,0),
71:(1,3,3),(1,3,4),(1,3,5),(1,4,5),(1,4,5),(1,5,5),(1,6,5),
72:(1,2,8),(2,2,8),(2,2,7),(3,2,7),(3,2,6),(4,2,6),(5,2,6),(6,2,6),(6,3,6),(6,4,6),(6,5,6),(6,5,6),(7,5,6),
73:(4,3,4),(5,3,4),(6,3,4),(6,4,4),(6,5,4),(6,6,4),(6,6,3),(7,6,3),(7,7,3),(7,7,2),(7,8,2),
74:(7,6,8),(6,6,8),(6,6,7),(5,6,7),(5,5,7),(4,5,7),
75:(1,0,1),(1,0,0),(1,1,0),
76:(1,7,3),(2,7,3),(3,7,3),(3,6,3),(3,6,4),(3,5,4),(3,5,5),(3,5,6),(3,5,7),(3,5,8),(3,4,8),(3,3,8),(3,2,8),(3,1,8),(4,1,8),
77:(1,5,1),(2,5,1),(3,5,1),(4,5,1),(5,5,1),(6,5,1),(6,4,1),(6,4,2),(6,4,3),(6,4,4),(6,4,5),(6,4,6),(6,4,7),(6,3,7),(6,2,7),(6,1,7),(7,1,7),
78:(7,5,1),(7,5,2),(7,5,3),(7,5,4),(7,4,4),(7,4,4),(7,4,5),(7,4,6),
79:(7,1,8),(6,1,8),(5,1,8),(5,2,8),(5,2,7),(5,3,7),(5,4,7),(5,5,7),(5,6,7),(5,7,7),(5,8,7),(4,8,7),
80:(7,0,7),(6,0,7),(5,0,7),(5,0,6),(5,0,5),(5,0,4),(4,0,4),(3,0,4),(2,0,4),(2,0,3),(2,0,2),(2,0,1),(2,1,1),(2,2,1),(2,3,1),(2,4,1),(2,5,1),(2,6,1),(2,7,1),(1,7,1),
81:(7,8,8),(7,8,7),(7,7,7),(7,6,7),(7,6,6),(7,5,6),(7,4,6),(7,3,6),(8,3,6),(8,3,5),(8,2,5),(8,2,5),(7,2,5),
82:(1,8,4),(2,8,4),(3,8,4),(3,8,5),(4,8,5),(5,8,5),(6,8,5),(6,7,5),(6,7,6),(6,7,7),(6,7,8),(6,6,8),(6,5,8),(7,5,8),
83:(7,8,2),(7,8,3),(7,8,4),(7,8,5),(7,8,6),(7,8,7),(7,7,7),
84:(4,0,5),(4,1,5),(4,2,5),
85:(4,0,0),(4,0,1),(4,1,1),(4,2,1),(4,3,1),(4,3,2),(4,4,2),(4,5,2),
86:(7,0,8),(6,0,8),(5,0,8),(4,0,8),(3,0,8),(2,0,8),(1,0,8),(1,0,7),
87:(1,1,7),(2,1,7),(3,1,7),(4,1,7),(5,1,7),(6,1,7),(6,1,6),(6,1,5),(6,1,4),(6,1,3),(6,2,3),(6,3,3),(6,4,3),(7,4,3),
88:(4,2,7),(3,2,7),(3,3,7),(2,3,7),(1,3,7),(1,4,7),(0,4,7),(0,4,6),(0,4,5),(0,4,4),(0,4,4),(1,4,4),
89:(1,6,5),(2,6,5),(3,6,5),(3,6,4),(3,5,4),(3,5,3),(3,4,3),(3,3,3),(3,2,3),(3,2,3),(3,1,3),(3,0,3),(4,0,3),
90:(1,3,5),(2,3,5),(3,3,5),(4,3,5),(5,3,5),(6,3,5),(6,3,6),(6,3,7),(7,3,7),(7,2,7),
91:(7,7,3),(6,7,3),(5,7,3),(5,6,3),(5,6,4),(5,6,5),(5,6,6),(5,5,6),(5,4,6),(5,4,7),(5,3,7),(5,2,7),(5,2,7),(4,2,7),
92:(7,1,0),(6,1,0),(5,1,0),(5,2,0),(5,3,0),(4,3,0),(3,3,0),(3,4,0),(3,5,0),(3,6,0),(2,6,0),(2,7,0),(1,7,0),
93:(1,1,4),(2,1,4),(3,1,4),(3,1,5),(3,1,6),(3,1,7),(3,1,8),(4,1,8),(5,1,8),(5,1,8),(6,1,8),(7,1,8),
94:(4,0,6),(5,0,6),(5,0,5),(5,0,4),(5,0,3),(5,0,2),(6,0,2),(6,0,1),(6,0,0),(6,1,0),(6,2,0),(6,3,0),(7,3,0),(7,4,0),
95:(4,5,5),(5,5,5),(6,5,5),(6,5,6),(7,5,6),(7,4,6),(7,3,6),(7,2,6),
96:(7,7,6),(7,7,5),(7,7,4),(7,6,4),(7,6,4),(7,5,4),
97:(4,6,3),(5,6,3),(5,5,3),(6,5,3),(7,5,3),(7,4,3),(7,3,3),(7,3,2),(7,3,1),(7,2,1),
98:(1,7,8),(1,6,8),(1,5,8),(1,4,8),(1,3,8),(1,2,8),(1,1,8),
99:(7,6,2),(6,6,2),(5,6,2),(5,5,2),(4,5,2),(3,5,2),(2,5,2),(2,4,2),(2,4,3),(2,4,4),(2,4,5),(2,3,5),(2,3,5),(1,3,5),
100:(7,8,3),(6,8,3),(5,8,3),(5,7,3),(5,7,4),(5,7,5),(5,7,6),(5,6,6),(5,5,6),(5,5,7),(5,4,7),(5,3,7),(4,3,7),
101:(1,2,5),(2,2,5),(2,2,6),(3,2,6),(4,2,6),(5,2,6),(6,2,6),(6,2,7),(6,2,8),(6,1,8),(6,0,8),(7,0,8),
102:(4,2,2),(3,2,2),(2,2,2),(1,2,2),(1,2,1),(1,2,1),(1,2,1),(1,1,1),
103:(4,8,6),(4,8,5),(4,9,5),(4,9,4),(4,9,3),(4,9,2),(4,9,1),(4,8,1),(4,7,1),(4,7,0),(4,6,0),
104:(4,1,8),(5,1,8),(5,1,7),(6,1,7),(7,1,7),(7,1,6),
105:(7,6,5),(6,6,5),(5,6,5),(5,6,6),(5,5,6),(4,5,6),(3,5,6),(2,5,6),(2,4,6),(2,3,6),(2,2,6),(1,2,6),
106:(4,4,1),(3,4,1),(2,4,1),(2,5,1),(2,5,2),(2,5,3),(2,5,4),(2,5,5),(2,6,5),(2,7,5),(2,7,6),(2,7,7),(2,7,8),(1,7,8),
107:(1,8,6),(2,8,6),(2,8,5),(2,8,4),(3,8,4),(3,8,3),(4,8,3),(5,8,3),(6,8,3),(7,8,3),(7,7,3),
108:(4,3,6),(3,3,6),(2,3,6),(1,3,6),(1,3,5),(1,2,5),(1,1,5),(1,0,5),
109:(4,7,2),(5,7,2),(6,7,2),(6,6,2),(6,5,2),(6,5,2),(6,4,2),(6,3,2),(6,3,2),(7,3,2),
110:(4,5,4),(4,5,5),(4,5,6),(4,4,6),
111:(7,8,0),(7,7,0),(7,6,0),(7,5,0),(7,5,1),(7,5,2),(7,5,2),(7,4,2),
112:(1,5,2),(2,5,2),(2,4,2),(2,4,1),(2,4,0),(2,3,0),(2,2,0),(3,2,0),(4,2,0),
113:(4,4,3),(3,4,3),(3,4,4),(3,3,4),(3,3,5),(3,2,5),(3,2,6),(3,2,7),(2,2,7),(2,3,7),(1,3,7),
114:(4,4,6),(3,4,6),(2,4,6),(2,3,6),(2,3,7),(1,3,7),(2,3,7),(2,2,7),(1,2,7),
115:(4,0,7),(4,1,7),(4,2,7),(4,3,7),(5,3,7),(6,3,7),(6,4,7),(6,5,7),(7,5,7),
116:(7,7,1),(6,7,1),(5,7,1),(4,7,1),(3,7,1),(2,7,1),(2,7,0),(2,6,0),(2,5,0),(2,4,0),(2,3,0),(2,2,0),(2,1,0),(2,0,0),(1,0,0),
117:(1,5,4),(2,5,4),(3,5,4),(4,5,4),(5,5,4),(6,5,4),(6,4,4),(7,4,4),
118:(7,5,6),(6,5,6),(5,5,6),(4,5,6),(3,5,6),(2,5,6),(1,5,6),(1,6,6),
119:(4,8,4),(5,8,4),(5,7,4),(6,7,4),(6,7,3),(6,7,2),(6,7,1),(6,6,1),(6,5,1),(6,4,1),(6,3,1),(6,2,1),(6,1,1),(6,0,1),(7,0,1),
120:(7,1,4),(7,1,3),(7,0,3),
121:(4,5,1),(4,6,1),
122:(7,7,2),(6,7,2),(6,6,2),(5,6,2),(4,6,2),(3,6,2),(2,6,2),(2,6,3),(2,6,4),(2,6,5),(2,5,5),(1,5,5),
123:(4,3,2),(4,4,2),(4,4,3),(4,5,3),(5,5,3),(5,5,4),(5,6,4),(4,6,4),(4,7,4),
124:(7,4,6),(6,4,6),(5,4,6),(5,3,6),(4,3,6),
125:(1,3,7),(1,4,7),(1,5,7),(1,6,7),(1,6,8),
126:(7,5,0),(7,5,1),(7,4,1),(7,3,1),(7,2,1),(7,1,1),(7,1,2),
127:(7,5,7),(7,5,6),(7,6,6),(7,7,6),
128:(7,0,2),(7,1,2),(7,2,2),(7,2,3),(7,3,3),(7,3,3),(8,3,3),(8,3,3),(7,3,3),
129:(1,3,6),(2,3,6),(2,3,5),(3,3,5),(4,3,5),(5,3,5),(5,3,4),(5,3,3),(5,3,2),(5,3,1),(5,3,1),(6,3,1),(7,3,1),
130:(7,1,3),(7,2,3),(7,3,3),(7,3,2),(7,3,1),(7,4,1),(8,4,1),(8,5,1),(8,6,1),(8,7,1),(7,7,1),(7,8,1),
131:(1,0,2),(1,0,3),(1,0,4),(1,1,4),(1,2,4),(1,3,4),(2,3,4),(2,4,4),(2,5,4),(2,6,4),(2,7,4),(1,7,4),(1,8,4),(1,8,5),
132:(7,6,6),(6,6,6),(5,6,6),(5,7,6),(5,7,6),(4,7,6),(3,7,6),(2,7,6),(1,7,6),(1,7,7),
133:(7,7,0),(7,6,0),(7,5,0),(7,4,0),(7,4,-1),(7,3,-1),(7,2,-1),(7,1,-1),(7,0,-1),(7,0,0),
134:(1,3,0),(2,3,0),(2,4,0),(3,4,0),(3,4,1),(3,5,1),(3,6,1),(3,7,1),(3,7,1),(3,7,1),(4,7,1),
135:(7,7,8),(6,7,8),(6,7,7),(6,7,6),(6,7,5),(6,7,4),(5,7,4),(4,7,4),(4,7,3),
136:(7,8,6),(6,8,6),(5,8,6),(5,8,5),(5,8,4),(5,8,3),(5,8,2),(4,8,2),(3,8,2),(2,8,2),(1,8,2),
137:(7,6,0),(6,6,0),(5,6,0),(5,5,0),(5,4,0),(5,4,1),(5,4,2),(5,4,3),(5,4,4),(5,4,5),(5,4,6),(5,4,7),(5,4,8),(5,3,8),(5,2,8),(5,1,8),(5,0,8),(4,0,8),
138:(7,0,5),(6,0,5),(6,0,4),(6,0,3),(6,1,3),(6,2,3),(6,3,3),(6,4,3),(5,4,3),(5,4,2),(5,5,2),(5,6,2),(5,7,2),(5,8,2),(4,8,2),
139:(1,0,8),(2,0,8),(3,0,8),(3,0,7),(3,0,6),(3,0,5),(3,1,5),(3,2,5),(3,3,5),(3,4,5),(3,5,5),(3,6,5),(3,7,5),(4,7,5),
140:(4,2,3),(4,2,4),(4,1,4),(4,1,5),
141:(1,4,1),(1,4,0),(1,4,0),(2,4,0),(3,4,0),(4,4,0),(4,3,0),
142:(1,5,7),(1,6,7),(1,7,7),(1,8,7),
143:(4,4,0),(4,4,1),(4,3,1),(4,3,0),(4,2,0),(4,2,1),(4,1,1),
144:(1,8,0),(2,8,0),(3,8,0),(4,8,0),(5,8,0),(6,8,0),(6,8,1),(6,8,2),(6,7,2),(6,7,3),(6,7,4),(6,7,5),(6,7,6),(6,6,6),(6,5,6),(6,4,6),(6,3,6),(6,2,6),(6,1,6),(6,0,6),(7,0,6),
145:(4,5,3),(4,4,3),(4,3,3),(4,3,3),(4,2,3),
146:(1,5,3),(2,5,3),(3,5,3),(3,4,3),(4,4,3),(5,4,3),(5,4,4),(5,4,5),(6,4,5),(6,4,5),(7,4,5),
147:(4,5,0),(4,4,0),(4,3,0),(3,3,0),(3,2,0),(3,1,0),(3,1,1),(3,1,2),(3,1,2),(3,1,3),(3,1,4),(4,1,4),
148:(4,0,1),(4,0,2),(4,0,3),(4,1,3),(4,1,4),(4,2,4),(4,3,4),
149:(4,6,2),(4,6,3),(4,6,4),(5,6,4),(6,6,4),(7,6,4),(7,6,5),(7,6,6),
150:(4,8,5),(3,8,5),(3,7,5),(2,7,5),(2,6,5),(2,5,5),(2,4,5),(2,3,5),(2,3,4),(2,3,4),(2,2,4),(1,2,4),
151:(1,2,4),(2,2,4),(3,2,4),(3,2,3),(3,2,2),(3,2,1),(3,3,1),(3,4,1),(3,5,1),(3,6,1),(3,7,1),(3,8,1),(4,8,1),
152:(4,6,6),(4,6,5),(4,5,5),(5,5,5),(6,5,5),(6,5,5),(6,5,4),(6,5,3),(6,5,2),(6,5,1),(6,5,0),(6,4,0),(6,3,0),(6,3,0),(7,3,0),
153:(4,1,4),(5,1,4),(5,2,4),(5,2,5),(5,2,6),(5,2,7),(5,3,7),(5,3,7),(6,3,7),(6,3,7),(7,3,7),
154:(1,1,3),(1,1,2),(1,1,1),(1,2,1),(1,2,0),(1,3,0),(1,3,-1),(1,4,-1),(1,5,-1),(1,5,0),
155:(1,7,0),(2,7,0),(3,7,0),(3,7,1),(3,7,2),(3,7,3),(3,7,4),(3,7,5),(3,7,6),(3,6,6),(3,5,6),(3,4,6),(3,3,6),(3,2,6),(3,1,6),(3,0,6),(4,0,6),
156:(7,3,2),(6,3,2),(5,3,2),(4,3,2),(3,3,2),(2,3,2),(2,2,2),(2,2,3),(2,2,4),(2,1,4),(2,1,5),(2,1,5),(1,1,5),
157:(7,4,1),(6,4,1),(5,4,1),(5,3,1),(5,2,1),(5,2,1),(4,2,1),
158:(4,7,1),(4,7,2),(4,7,3),(4,7,4),(3,7,4),(3,7,5),(4,7,5),(4,7,6),(4,7,7),
159:(1,6,6),(1,6,5),(1,6,4),(1,5,4),(0,5,4),(0,5,3),(0,5,2),(0,5,1),(0,5,0),(0,4,0),(0,3,0),(0,2,0),(1,2,0),
160:(4,0,8),(4,0,7),(4,1,7),(5,1,7),(6,1,7),(6,2,7),(6,3,7),(6,4,7),(6,4,6),(6,5,6),(6,5,5),(6,6,5),(6,6,4),(6,7,4),(6,8,4),(7,8,4),
161:(1,1,5),(2,1,5),(2,1,4),(3,1,4),(3,1,3),(4,1,3),(5,1,3),(5,2,3),(5,3,3),(6,3,3),(6,4,3),(6,5,3),(6,6,3),(6,7,3),(6,8,3),(7,8,3),
162:(4,4,7),(3,4,7),(2,4,7),(2,4,6),(2,4,5),(2,3,5),(2,2,5),(1,2,5),
163:(1,5,0),(1,5,1),(1,4,1),
164:(4,4,5),(4,4,6),(4,4,7),(3,4,7),(3,5,7),(3,5,8),(3,6,8),(3,7,8),(3,7,8),(4,7,8),
165:(4,6,0),(4,5,0),(4,4,0),(4,4,0),(4,4,1),(4,3,1),
166:(7,5,5),(6,5,5),(6,5,4),(5,5,4),(5,4,4),(5,3,4),(5,3,3),(5,3,2),(5,2,2),(5,1,2),(4,1,2),
167:(7,8,5),(7,8,4),(8,8,4),(8,8,3),(8,7,3),(8,6,3),(8,5,3),(8,4,3),(8,3,3),(8,2,3),(8,1,3),(7,1,3),
168:(4,0,3),(3,0,3),(3,1,3),(2,1,3),(2,2,3),(2,3,3),(2,4,3),(2,5,3),(2,5,2),(1,5,2),
169:(4,6,7),(4,6,6),(4,6,6),(4,6,5),(4,6,4),(4,5,4),(4,5,3),
170:(1,7,6),(1,7,5),(1,7,4),(1,7,3),(0,7,3),(0,6,3),(0,5,3),(0,4,3),(0,4,3),(1,4,3),
171:(4,5,8),(4,5,7),(3,5,7),(3,5,6),(3,4,6),(3,4,5),(3,4,4),(3,4,3),(3,4,2),(4,4,2),(4,3,2),
172:(1,6,4),(1,6,3),(2,6,3),(2,6,3),(1,6,3),
173:(1,7,2),(1,7,3),(0,7,3),(0,7,4),(0,7,5),(0,7,6),(0,6,6),(0,6,7),(0,5,7),(0,4,7),(0,4,8),(1,4,8),
174:(4,7,5),(3,7,5),(3,7,4),(3,7,3),(4,7,3),(4,7,2),(4,6,2),
175:(1,4,3),(1,4,4),(1,3,4),(1,3,4),(2,3,4),(3,3,4),(3,3,5),(3,3,5),(4,3,5),(5,3,5),(6,3,5),(6,3,6),(7,3,6),
176:(7,0,3),(6,0,3),(5,0,3),(4,0,3),(3,0,3),(2,0,3),(2,0,4),(2,0,5),(2,0,6),(2,0,7),(2,1,7),(1,1,7),
177:(1,8,5),(1,8,6),(1,7,6),(1,7,7),(1,6,7),(2,6,7),(2,6,8),(2,5,8),(1,5,8),(1,4,8),(1,3,8),(1,2,8),
178:(7,5,4),(7,5,5),(7,6,5),(6,6,5),(5,6,5),(5,6,6),(5,6,7),(5,6,8),(5,6,8),(5,6,8),(4,6,8),
179:(7,4,0),(7,3,0),(7,2,0),(7,2,1),(7,2,2),(7,1,2),(7,0,2),
180:(7,8,1),(6,8,1),(5,8,1),(5,8,2),(5,7,2),(5,7,3),(5,6,3),(5,6,4),(5,6,5),(5,5,5),(5,4,5),(5,3,5),(4,3,5),
181:(7,8,7),(7,8,6),(7,8,5),(7,7,5),(7,6,5),(6,6,5),(5,6,5),(4,6,5),
182:(4,0,2),(3,0,2),(2,0,2),(2,1,2),(2,1,3),(2,1,4),(2,2,4),(2,3,4),(2,4,4),(2,5,4),(2,6,4),(2,7,4),(2,7,4),(1,7,4),
183:(1,1,1),(1,2,1),(1,2,2),(1,2,3),(1,3,3),(0,3,3),(0,3,4),(0,3,5),(0,3,6),(0,4,6),(0,5,6),(0,6,6),(0,7,6),(0,8,6),(1,8,6),
184:(1,4,5),(1,4,6),(1,4,7),(1,5,7),
185:(7,3,8),(6,3,8),(5,3,8),(4,3,8),(3,3,8),(3,3,7),(3,3,6),(3,2,6),(3,2,5),(3,2,4),(3,2,3),(3,2,2),(3,2,1),(3,2,1),(2,2,1),(1,2,1),
186:(4,2,5),(5,2,5),(6,2,5),(7,2,5),(7,2,6),(7,2,7),(7,2,8),
187:(1,2,2),(2,2,2),(2,2,3),(2,2,3),(3,2,3),(3,1,3),(3,1,3),(4,1,3),
188:(4,5,7),(3,5,7),(2,5,7),(2,5,6),(2,5,5),(2,5,4),(2,4,4),(2,4,3),(2,3,3),(2,3,2),(2,2,2),(2,1,2),(1,1,2),
189:(7,3,7),(7,3,6),(7,3,5),(7,3,4),(7,2,4),(7,2,3),(7,2,2),(7,2,1),(7,1,1),
190:(7,2,1),(6,2,1),(5,2,1),(5,2,2),(5,2,3),(5,2,4),(4,2,4),(3,2,4),(3,3,4),(3,3,5),(2,3,5),(2,3,6),(2,3,7),(2,3,8),(1,3,8),
191:(4,2,0),(5,2,0),(6,2,0),(7,2,0),(7,1,0),
192:(4,3,5),(4,3,4),(4,4,4),(4,4,3),(4,5,3),(4,6,3),
193:(4,8,8),(5,8,8),(6,8,8),(6,7,8),(6,7,7),(6,7,6),(6,7,5),(7,7,5),(7,7,4),
194:(7,2,4),(6,2,4),(6,2,3),(5,2,3),(5,3,3),(5,3,2),(5,3,1),(5,3,0),(5,4,0),(5,5,0),(5,6,0),(5,7,0),(4,7,0),
195:(4,0,4),(4,0,5),(4,0,6),(4,0,5),(4,0,6),(4,0,7),(4,1,7),
196:(4,4,2),(5,4,2),(5,4,3),(6,4,3),(6,4,4),(6,4,5),(6,4,6),(6,5,6),(6,5,7),(6,5,8),(7,5,8),(7,6,8),
197:(1,0,4),(1,1,4),(1,2,4),(2,2,4),(2,1,4),(3,1,4),(4,1,4),(4,2,4),(3,2,4),(3,3,4),(3,4,4),(3,5,4),(4,5,4),
198:(1,8,2),(2,8,2),(3,8,2),(3,8,3),(3,7,3),(3,7,4),(3,6,4),(3,6,5),(3,6,6),(3,5,6),(4,5,6),
199:(7,3,6),(6,3,6),(5,3,6),(5,3,5),(5,4,5),(5,4,4),(5,5,4),(5,5,4),(4,5,4),(4,6,4),
200:(1,4,6),(1,5,6),(1,5,5),(2,5,5),(2,5,4),(2,6,4),(2,6,3),(3,6,3),(3,6,2),(3,5,2),(3,5,1),(3,5,0),(4,5,0),
201:(7,3,1),(6,3,1),(6,3,2),(6,3,3),(6,3,4),(6,4,4),(6,4,5),(6,4,6),(6,5,6),(5,5,6),(5,5,7),(5,5,8),(4,5,8),
202:(7,6,1),(6,6,1),(6,5,1),(5,5,1),(5,5,2),(5,4,2),(5,3,2),(5,2,2),(5,1,2),(4,1,2),(4,0,2),
203:(4,3,8),(5,3,8),(5,3,7),(6,3,7),(7,3,7),(7,3,6),(7,2,6),(7,2,5),(7,1,5),
204:(7,6,4),(7,5,4),(7,4,4),(7,4,3),(6,4,3),(6,4,3),(5,4,3),(4,4,3),(4,4,2),(4,4,1),
205:(1,1,8),(2,1,8),(3,1,8),(4,1,8),(5,1,8),(6,1,8),(6,1,7),(6,1,6),(6,1,5),(6,1,4),(7,1,4),
206:(7,1,7),(6,1,7),(6,2,7),(5,2,7),(4,2,7),(3,2,7),(3,3,7),(2,3,7),(2,4,7),(2,5,7),(2,6,7),(1,6,7),
207:(4,8,7),(5,8,7),(6,8,7),(6,7,7),(6,7,6),(6,7,5),(6,7,4),(6,7,3),(6,6,3),(6,6,2),(6,5,2),(6,4,2),(6,3,2),(6,2,2),(7,2,2),
208:(4,7,7),(5,7,7),(5,7,6),(5,7,5),(5,8,5),(6,8,5),(7,8,5),(7,8,4),(7,8,3),(7,8,2),(7,8,1),(7,8,0),
209:(7,0,0),(6,0,0),(5,0,0),(4,0,0),(4,0,1),(4,0,2),(4,0,3),(4,0,4),
210:(1,8,7),(2,8,7),(3,8,7),(4,8,7),(5,8,7),(6,8,7),(6,8,6),(6,8,5),(6,8,4),(6,7,4),(6,6,4),(6,5,4),(6,4,4),(6,3,4),(6,2,4),(6,1,4),(6,0,4),(7,0,4),
211:(1,4,0),(2,4,0),(3,4,0),(3,4,1),(3,4,2),(3,4,3),(3,3,3),(3,2,3),(3,1,3),(3,1,4),(3,1,5),(3,1,6),(3,1,7),(3,0,7),(4,0,7),
212:(4,1,7),(5,1,7),(6,1,7),(6,1,6),(6,1,5),(6,2,5),(6,3,5),(6,4,5),(6,5,5),(6,6,5),(7,6,5),
213:(1,6,3),(0,6,3),(0,6,2),(1,6,2),(1,6,1),(1,7,1),(1,8,1),
214:(4,1,2),(4,1,3),(4,2,3),(4,2,4),(4,3,4),(4,3,3),
215:(1,0,0),(1,1,0),(1,2,0),(2,2,0),(2,2,1),(2,3,1),(2,4,1),(2,5,1),(1,5,1),
216:(4,1,1),(4,1,2),(4,1,3),(5,1,3),(5,1,3),(6,1,3),(7,1,3),(7,1,4),(7,2,4),(7,3,4),
217:(7,3,5),(7,3,4),(7,3,4),(7,3,3),(7,3,2),(6,3,2),(6,3,1),(5,3,1),(5,4,1),(5,5,1),(4,5,1),
218:(1,8,8),(1,8,7),(1,8,6),(1,8,5),(1,7,5),
219:(1,3,1),(1,3,2),(1,3,3),(1,3,2),(1,2,2),(1,2,3),(1,2,4),(1,1,4),(1,1,5),(1,1,6),(1,0,6),
220:(4,5,2),(4,6,2),(4,7,2),(3,7,2),(2,7,2),(2,7,3),(2,8,3),(2,8,4),(2,8,5),(2,8,6),(2,8,7),(2,8,8),(1,8,8),
221:(1,8,1),(2,8,1),(2,8,2),(3,8,2),(3,8,2),(3,7,2),(4,7,2),
222:(1,1,2),(1,2,2),(1,3,2),(2,3,2),(2,3,3),(2,4,3),(2,5,3),(3,5,3),(3,5,4),(3,5,5),(3,6,5),(3,7,5),(4,7,5),(4,8,5),
223:(1,7,1),(1,7,0),(1,6,0),
224:(1,6,8),(1,5,8),(1,4,8),(1,4,7),(1,4,6),
225:(1,7,5),(1,7,4),(1,7,3),(1,7,2),(1,7,1),(1,8,1),(2,8,1),(3,8,1),(4,8,1),(5,8,1),(6,8,1),(6,7,1),(7,7,1),
226:(7,1,5),(7,2,5),(8,2,5),(8,3,5),(8,4,5),(8,5,5),(7,5,5),
227:(7,3,4),(6,3,4),(6,3,5),(6,2,5),(5,2,5),(5,1,5),(5,0,5),(5,0,6),(4,0,6),(3,0,6),(2,0,6),(2,1,6),(2,1,6),(1,1,6),
228:(7,5,3),(7,6,3),(7,7,3),(8,7,3),(8,7,4),(8,7,5),(8,7,6),(8,7,7),(8,7,8),(7,7,8),
229:(1,4,8),(2,4,8),(3,4,8),(3,5,8),(4,5,8),(5,5,8),(5,6,8),(5,7,8),(5,7,7),(5,7,6),(5,7,5),(5,7,4),(5,7,3),(5,7,2),(6,7,2),(7,7,2),
230:(7,4,7),(6,4,7),(6,5,7),(6,6,7),(6,6,6),(6,6,6),(6,6,5),(6,6,4),(6,7,4),(5,7,4),(5,7,3),(5,8,3),(4,8,3),
231:(4,1,3),(4,2,3),(3,2,3),(3,2,2),(3,2,1),(3,3,1),(3,4,1),(4,4,1),(4,4,0),
232:(1,4,7),(0,4,7),(0,4,6),(0,3,6),(1,3,6),
233:(1,3,2),(0,3,2),(0,3,3),(0,3,4),(0,3,5),(0,3,6),(0,3,7),(0,3,8),(0,4,8),(0,5,8),(0,5,8),(0,5,8),(1,5,8),
234:(1,2,1),(1,2,0),(1,3,0),(1,4,0),
235:(7,4,3),(6,4,3),(6,3,3),(5,3,3),(5,3,2),(5,2,2),(5,1,2),(5,1,2),(4,1,2),(3,1,2),(2,1,2),(2,1,3),(1,1,3),(1,1,4),
236:(7,2,0),(7,2,1),(8,2,1),(8,2,2),(8,2,3),(8,2,4),(8,2,5),(8,2,6),(8,2,7),(8,3,7),(8,4,7),(8,5,7),(8,6,7),(7,6,7),
237:(7,0,1),(7,0,2),(7,1,2),(7,1,3),(7,1,4),(7,1,5),(7,2,5),(6,2,5),(6,2,6),(6,2,7),(6,2,8),(6,3,8),(7,3,8),
238:(4,8,2),(5,8,2),(6,8,2),(7,8,2),(7,8,3),(7,8,4),(8,8,4),(8,8,5),(7,8,5),(7,8,6),(7,8,7),
239:(4,1,0),(5,1,0),(5,2,0),(6,2,0),(6,2,1),(6,2,2),(6,2,3),(7,2,3),
240:(1,2,7),(1,2,6),(1,2,5),(1,2,4),(1,2,3),(0,2,3),(0,2,2),(0,3,2),(0,4,2),(1,4,2),
241:(7,3,0),(7,3,1),(6,3,1),(6,4,1),(6,5,1),(6,6,1),(6,6,2),(6,6,3),(7,6,3),
242:(1,3,8),(2,3,8),(3,3,8),(3,3,7),(3,3,6),(3,3,5),(3,4,5),(3,4,5),(3,4,5),(3,4,6),(3,4,5),(3,4,4),(3,4,3),(3,4,2),(4,4,2),
