soc=2257
lb_soc=1350
makespan=20
lb_makespan=13
comp_time=11169
highLevelExpanded=71
lowLevelExpanded=20614
solution=
0:(7,3,7),(6,3,7),(5,3,7),(4,3,7),(3,3,7),(2,3,7),(1,3,7),(1,3,8),(1,4,8),
1:(4,5,8),(4,5,7),(4,5,6),(4,5,5),(5,5,5),(5,5,4),(5,5,4),(5,5,3),(4,5,3),
2:(1,4,1),(1,3,1),(1,2,1),(2,2,1),(3,2,1),(3,2,2),(2,2,2),(2,2,3),(2,2,4),(2,2,5),(2,2,6),(3,2,6),(4,2,6),
3:(1,7,5),(1,7,4),(1,7,3),(1,6,3),(2,6,3),(2,5,3),(2,5,3),(2,4,3),(2,3,3),(3,3,3),(3,3,2),(3,2,2),(3,1,2),(4,1,2),
4:(1,5,2),(2,5,2),(3,5,2),(3,5,3),(3,4,3),(3,3,3),(3,2,3),(3,2,4),(3,1,4),(3,1,5),(3,1,6),(3,0,6),(4,0,6),
5:(1,1,5),(1,1,6),(1,2,6),(1,3,6),(2,3,6),(2,4,6),(1,4,6),(1,5,6),
6:(7,6,7),(6,6,7),(5,6,7),(5,5,7),(5,4,7),(5,3,7),(5,2,7),(5,1,7),(4,1,7),
7:(1,5,4),(2,5,4),(3,5,4),(4,5,4),(4,4,4),(4,4,5),(4,4,6),(4,4,7),(4,3,7),
8:(4,3,7),(3,3,7),(2,3,7),(1,3,7),(1,3,6),(1,3,5),(1,3,4),(1,3,3),(1,4,3),(1,4,2),(1,5,2),
9:(7,7,2),(6,7,2),(6,7,1),(6,6,1),(6,5,1),(6,4,1),(6,3,1),(6,3,1),(5,3,1),(5,2,1),(4,2,1),
10:(7,4,5),(7,4,4),(7,3,4),
11:(1,5,6),(2,5,6),(3,5,6),(4,5,6),(5,5,6),(6,5,6),(7,5,6),(7,5,7),
12:(4,8,8),(5,8,8),(6,8,8),(7,8,8),(7,8,7),(7,8,6),(7,8,5),(7,7,5),(7,6,5),(7,5,5),
13:(1,3,5),(1,3,6),(1,3,7),(1,2,7),(1,1,7),(1,0,7),
14:(4,0,2),(4,0,3),(4,0,4),(4,0,5),(4,0,6),(4,0,7),(4,0,8),
15:(7,3,0),(6,3,0),(5,3,0),(4,3,0),(4,3,1),(4,3,2),(4,3,3),(4,3,4),(4,2,4),(4,1,4),(4,0,4),
16:(4,2,7),
17:(7,2,6),(6,2,6),(6,2,5),(6,2,4),(6,2,3),(6,2,3),(6,2,2),(5,2,2),(5,1,2),(5,1,1),(4,1,1),(3,1,1),(2,1,1),(1,1,1),
18:(7,0,1),(6,0,1),(5,0,1),(5,1,1),(5,2,1),(5,3,1),(5,4,1),(5,5,1),(5,6,1),(5,7,1),(5,8,1),(4,8,1),
19:(1,8,4),(2,8,4),(3,8,4),(4,8,4),(4,8,5),(4,8,6),(4,7,6),(4,6,6),(4,5,6),(4,4,6),
20:(7,5,5),(6,5,5),(5,5,5),(5,5,6),(5,5,7),(4,5,7),(3,5,7),(2,5,7),(1,5,7),(1,6,7),
21:(1,7,6),(2,7,6),(3,7,6),(4,7,6),(4,7,7),(4,6,7),
22:(4,4,4),(3,4,4),(2,4,4),(2,4,3),(2,3,3),(2,2,3),(2,1,3),(2,0,3),(1,0,3),
23:(1,5,5),(1,5,6),(1,5,7),(1,4,7),(1,3,7),(1,2,7),(1,1,7),
24:(1,8,8),(1,8,7),(1,8,6),(1,8,5),(1,7,5),(1,6,5),(1,5,5),(1,4,5),
25:(4,3,2),(3,3,2),(2,3,2),(2,3,1),(1,3,1),(1,2,1),
26:(7,3,5),(6,3,5),(5,3,5),(4,3,5),(4,3,6),(4,3,7),(4,3,8),(4,4,8),
27:(7,5,0),(6,5,0),(5,5,0),(4,5,0),(3,5,0),(2,5,0),(2,4,0),(2,4,1),(2,3,1),(2,2,1),(2,2,2),(2,2,3),(2,2,4),(2,2,5),(2,2,6),(2,1,6),(1,1,6),
28:(1,1,6),(2,1,6),(3,1,6),(4,1,6),(5,1,6),(5,1,5),(5,2,5),(5,2,4),(5,2,4),(5,2,3),(5,2,2),(6,2,2),(7,2,2),(7,2,1),
29:(7,4,0),(6,4,0),(6,5,0),(6,6,0),(6,6,1),(5,6,1),(5,7,1),(5,8,1),(5,8,2),(5,8,3),(5,8,4),(4,8,4),
30:(4,1,0),(5,1,0),(6,1,0),(7,1,0),(7,1,1),(7,1,2),(7,1,3),(7,2,3),(7,3,3),(7,4,3),(7,5,3),
31:(4,7,1),(3,7,1),(2,7,1),(1,7,1),(1,7,0),(1,6,0),(1,6,-1),(1,5,-1),(1,4,-1),(1,3,-1),(1,2,-1),(1,2,0),
32:(7,1,1),(7,2,1),(7,2,2),(6,2,2),(6,3,2),(6,4,2),(5,4,2),(5,4,3),(5,5,3),(5,5,4),(5,5,5),(5,5,6),(5,5,7),(5,5,8),(5,6,8),(4,6,8),
33:(4,7,8),(4,7,7),(4,7,6),(4,8,6),(3,8,6),(3,8,5),(4,8,5),(4,8,4),(4,8,3),
34:(1,3,1),(2,3,1),(3,3,1),(3,4,1),(3,5,1),(3,6,1),(3,7,1),(4,7,1),
35:(4,4,6),(3,4,6),(2,4,6),(1,4,6),(1,4,5),(1,5,5),(1,5,4),(1,5,3),
36:(7,4,8),(6,4,8),(5,4,8),(4,4,8),(3,4,8),(2,4,8),(2,3,8),(2,2,8),(2,1,8),(2,1,7),(2,1,6),(1,1,6),(1,1,5),(1,0,5),(1,0,4),
37:(1,2,1),(1,2,2),(1,3,2),
38:(7,7,4),(7,7,5),(7,7,6),
39:(7,5,6),(7,5,5),(7,5,4),(7,5,3),(7,5,2),(7,4,2),
40:(7,8,5),(6,8,5),(5,8,5),(4,8,5),(3,8,5),(2,8,5),(2,8,6),(2,8,7),(2,8,8),(1,8,8),
41:(7,3,3),(6,3,3),(5,3,3),(5,3,2),(5,3,1),(5,4,1),(4,4,1),
42:(1,3,3),(2,3,3),(3,3,3),(3,3,2),(3,4,2),(3,5,2),(4,5,2),
43:(4,2,3),(4,2,4),(4,3,4),(4,4,4),(4,4,5),(4,4,6),(4,4,7),(4,5,7),(4,5,8),
44:(1,0,7),(2,0,7),(3,0,7),(3,0,6),(3,0,5),(4,0,5),(4,0,4),(4,0,3),(4,0,2),(4,0,1),
45:(1,1,3),(2,1,3),(3,1,3),(4,1,3),(5,1,3),(6,1,3),(6,1,4),(6,2,4),(6,3,4),(6,4,4),(6,4,4),(6,5,4),(6,6,4),(7,6,4),
46:(7,8,8),(7,7,8),(7,6,8),(7,5,8),(7,4,8),(7,3,8),(7,3,7),(6,3,7),(6,3,6),(6,3,5),(6,3,4),(6,3,3),(6,3,2),(6,3,1),(6,3,0),(7,3,0),(7,2,0),
47:(4,1,7),(5,1,7),(6,1,7),(7,1,7),(7,1,6),(7,1,5),(7,2,5),(7,3,5),
48:(4,4,3),(5,4,3),(6,4,3),(7,4,3),(7,4,4),(7,4,5),(7,4,6),(7,3,6),(7,2,6),(7,1,6),
49:(4,4,1),(3,4,1),(3,4,0),(2,4,0),(1,4,0),(1,3,0),
50:(7,2,7),(6,2,7),(5,2,7),(5,2,8),(5,3,8),(4,3,8),(3,3,8),(2,3,8),(1,3,8),
51:(1,8,1),(2,8,1),(3,8,1),(3,7,1),(3,7,2),(3,7,3),(3,6,3),(3,5,3),(3,4,3),(4,4,3),(4,3,3),
52:(7,4,6),(6,4,6),(5,4,6),(5,3,6),(5,3,7),(5,3,8),(5,3,8),(4,3,8),
53:(4,2,8),(3,2,8),(2,2,8),(2,2,7),(2,2,6),(2,2,5),(2,1,5),(2,1,4),(2,0,4),(2,0,3),(2,0,2),(2,0,1),(2,0,0),(2,1,0),(1,1,0),
54:(4,6,3),(3,6,3),(2,6,3),(2,6,4),(2,6,5),(2,6,6),(2,7,6),(1,7,6),
55:(7,6,5),(6,6,5),(5,6,5),(4,6,5),(3,6,5),(3,6,6),(3,6,7),(3,5,7),(3,4,7),(3,3,7),(3,2,7),(2,2,7),(1,2,7),
56:(1,5,3),(1,5,2),(1,5,1),(1,5,0),(1,5,0),(1,4,0),
57:(7,6,8),(6,6,8),(5,6,8),(4,6,8),(4,7,8),(4,8,8),
58:(1,7,1),(1,6,1),(0,6,1),(0,5,1),(0,4,1),(0,3,1),(0,2,1),(0,1,1),(1,1,1),(1,0,1),
59:(7,8,6),(6,8,6),(5,8,6),(5,8,5),(5,8,4),(5,8,3),(5,8,2),(5,7,2),(5,6,2),(5,5,2),(5,4,2),(4,4,2),
60:(1,2,5),(1,2,5),(1,2,4),(1,1,4),
61:(7,5,2),(6,5,2),(5,5,2),(5,5,3),(5,5,3),(5,6,3),(4,6,3),(4,6,4),(3,6,4),(2,6,4),(2,6,5),(2,6,6),(2,6,7),(2,6,7),(2,5,7),(1,5,7),
62:(7,8,0),(7,7,0),(7,6,0),(7,5,0),(7,4,0),(7,4,1),(7,3,1),(7,3,2),(7,2,2),(6,2,2),(6,1,2),(6,1,3),(6,1,4),(6,1,5),(6,1,6),(6,0,6),(7,0,6),
63:(1,6,6),(1,6,6),(1,5,6),(1,5,6),(1,4,6),(1,3,6),
64:(4,4,8),(3,4,8),(2,4,8),(2,4,7),(2,4,6),(2,4,5),(2,5,5),(2,5,5),(1,5,5),
65:(1,6,5),(2,6,5),(3,6,5),(3,6,6),(4,6,6),(5,6,6),(6,6,6),(7,6,6),(7,6,7),(7,7,7),
66:(7,3,8),(6,3,8),(6,3,7),(6,3,6),(6,3,5),(6,3,4),(5,3,4),(5,3,3),(5,4,3),(5,5,3),(5,6,3),(4,6,3),
67:(1,2,7),(2,2,7),(3,2,7),(3,2,6),(3,2,5),(3,2,4),(3,3,4),(3,4,4),(3,5,4),(3,6,4),(3,6,4),(4,6,4),
68:(4,1,4),(4,1,3),(4,1,2),(4,2,2),(4,2,1),(4,3,1),
69:(7,1,4),(6,1,4),(5,1,4),(4,1,4),(3,1,4),(2,1,4),(2,2,4),(2,3,4),(2,4,4),(2,5,4),(2,6,4),(1,6,4),
70:(4,3,8),(4,3,7),(4,3,6),(4,4,6),(4,5,6),(4,5,5),(4,6,5),
71:(1,5,8),(2,5,8),(3,5,8),(4,5,8),(5,5,8),(6,5,8),(6,5,7),(6,5,6),(6,5,5),(6,5,4),(7,5,4),
72:(1,1,8),(2,1,8),(3,1,8),(4,1,8),(4,1,7),(4,1,6),(4,1,5),(4,2,5),(4,3,5),
73:(7,1,5),(6,1,5),(5,1,5),(4,1,5),(3,1,5),(2,1,5),(2,1,4),(2,1,3),(2,2,3),(2,3,3),(2,4,3),(2,5,3),(2,6,3),(2,7,3),(1,7,3),
74:(1,5,1),(2,5,1),(3,5,1),(4,5,1),(5,5,1),(6,5,1),(6,5,2),(6,5,3),(6,4,3),(6,4,3),(7,4,3),(7,4,4),
75:(7,7,7),(7,7,6),(7,6,6),(7,6,5),(7,6,4),(7,6,3),(7,6,2),(7,6,1),(6,6,1),(6,6,0),(6,5,0),(7,5,0),
76:(7,6,0),(7,6,1),(7,5,1),
77:(1,5,7),(1,5,8),(1,6,8),
78:(4,2,2),(4,2,3),(4,3,3),(4,4,3),(4,5,3),(4,6,3),(4,6,4),(5,6,4),(5,6,5),(5,6,6),(4,6,6),
79:(1,5,0),(2,5,0),(3,5,0),(3,5,1),(3,5,2),(3,5,3),(3,5,4),(3,6,4),(3,6,5),(3,6,6),(3,7,6),(4,7,6),
80:(1,1,4),(1,2,4),(1,3,4),(1,3,4),(1,4,4),
81:(7,8,3),(7,8,4),(7,8,5),(7,7,5),(7,6,5),(7,6,6),(7,6,7),(7,6,8),(6,6,8),(6,5,8),(6,4,8),(6,3,8),(6,2,8),(6,1,8),(7,1,8),
82:(7,7,8),(7,7,7),(7,6,7),(7,5,7),(7,4,7),(6,4,7),(6,3,7),(6,3,6),(6,2,6),(6,2,5),(6,1,5),(6,0,5),(7,0,5),
83:(4,0,5),(3,0,5),(2,0,5),(1,0,5),(1,1,5),(1,2,5),(1,2,4),(1,3,4),
84:(1,0,1),(2,0,1),(3,0,1),(4,0,1),(5,0,1),(6,0,1),(6,1,1),(6,2,1),(6,3,1),(6,4,1),(6,5,1),(6,6,1),(7,6,1),
85:(4,8,4),(4,8,3),(4,8,2),(4,8,1),(4,8,0),(4,7,0),
86:(7,4,7),(6,4,7),(5,4,7),(4,4,7),(3,4,7),(2,4,7),(1,4,7),(1,3,7),
87:(1,2,0),(2,2,0),(3,2,0),(4,2,0),(5,2,0),(6,2,0),(7,2,0),(7,1,0),
88:(1,4,7),(2,4,7),(3,4,7),(3,4,6),(3,4,5),(3,4,4),(3,4,3),(3,3,3),(4,3,3),(4,3,3),(5,3,3),(5,2,3),(6,2,3),(6,1,3),(6,0,3),(7,0,3),
89:(4,6,7),(4,6,6),(4,6,5),(4,6,4),(4,6,4),(4,7,4),
90:(1,3,2),(2,3,2),(2,3,3),(3,3,3),(4,3,3),(5,3,3),(6,3,3),(7,3,3),(7,4,3),(7,4,4),(8,4,4),(8,4,5),(8,4,6),(8,5,6),(7,5,6),
91:(1,6,7),(2,6,7),(3,6,7),(3,7,7),(3,7,6),(3,8,6),(3,8,5),(3,8,4),(3,8,3),(3,8,2),(4,8,2),(5,8,2),(5,8,1),(5,8,0),(6,8,0),(7,8,0),
92:(7,4,1),(6,4,1),(5,4,1),(5,4,0),(4,4,0),(4,5,0),(4,6,0),
93:(7,2,1),(6,2,1),(5,2,1),(4,2,1),(4,2,0),(4,1,0),(4,0,0),
94:(4,5,3),(3,5,3),(2,5,3),(2,5,2),(2,5,1),(2,5,1),(2,5,0),(2,5,0),(1,5,0),
95:(7,0,7),(7,0,6),(7,1,6),(7,2,6),(7,2,7),(7,3,7),(7,4,7),(7,4,6),
96:(4,8,0),(3,8,0),(2,8,0),(2,7,0),(2,7,1),(2,7,2),(2,7,3),(2,7,4),(2,7,5),(2,7,6),(2,7,7),(2,6,7),(2,5,7),(2,4,7),(1,4,7),
97:(4,0,8),(5,0,8),(5,0,7),(5,0,6),(5,0,5),(5,0,4),(5,0,3),(5,0,2),(5,0,1),(5,0,1),(5,1,1),(5,2,1),(5,3,1),(5,4,1),(6,4,1),(7,4,1),
98:(7,0,5),(7,0,4),(7,0,3),(7,0,2),(7,0,1),(7,1,1),(7,2,1),(7,3,1),
99:(1,8,0),(2,8,0),(2,8,1),(3,8,1),(3,8,2),(3,8,3),(3,7,3),(3,6,3),(3,5,3),(3,5,4),(3,4,4),(3,3,4),(3,2,4),(3,1,4),(4,1,4),
100:(7,1,6),(7,1,7),(7,1,8),(7,2,8),
101:(1,7,0),(1,7,1),(1,7,2),(2,7,2),(2,7,3),(2,7,4),(3,7,4),(3,7,5),(4,7,5),(4,7,6),(4,7,7),
102:(4,7,3),(4,6,3),(4,5,3),(4,5,3),(4,5,4),(4,4,4),
103:(1,6,0),(2,6,0),(3,6,0),(4,6,0),(5,6,0),(6,6,0),(6,5,0),(6,4,0),(6,3,0),(6,2,0),(6,2,1),(6,1,1),(6,1,1),(7,1,1),
104:(4,1,1),(4,1,2),(4,2,2),(4,3,2),(3,3,2),(3,4,2),(3,5,2),(3,6,2),(4,6,2),
105:(1,8,5),(2,8,5),(2,8,4),(2,8,3),(2,8,2),(2,8,1),(3,8,1),(3,8,0),(3,7,0),(3,6,0),(3,5,0),(3,4,0),(3,3,0),(3,2,0),(3,1,0),(4,1,0),
106:(1,8,3),(1,8,4),(1,8,5),(1,7,5),(2,7,5),(2,7,5),(2,7,5),(1,7,5),
107:(4,6,1),(5,6,1),(6,6,1),(6,6,2),(6,6,3),(6,6,4),(7,6,4),(7,6,5),(7,6,6),
108:(7,7,6),(6,7,6),(5,7,6),(5,7,5),(5,6,5),(5,5,5),(5,5,5),(4,5,5),
109:(1,2,2),(2,2,2),(3,2,2),(3,2,3),(4,2,3),(5,2,3),(6,2,3),(6,2,3),(7,2,3),(7,2,4),
110:(1,8,6),(2,8,6),(3,8,6),(3,8,5),(3,8,4),(4,8,4),(5,8,4),(6,8,4),(6,8,3),(6,8,2),(6,7,2),(6,7,1),(6,7,0),(6,6,0),(6,5,0),(6,4,0),(6,3,0),(7,3,0),
111:(4,6,0),(4,6,1),(4,6,2),(4,6,3),(3,6,3),(3,6,4),(3,6,5),(3,5,5),(3,4,5),(3,3,5),(3,2,5),(4,2,5),
112:(4,0,3),(5,0,3),(6,0,3),(7,0,3),(7,1,3),(7,2,3),(7,3,3),(7,4,3),(7,5,3),(7,5,2),(8,5,2),(8,6,2),(8,7,2),(8,8,2),(7,8,2),
113:(7,2,4),(7,2,5),(7,2,6),(7,2,7),(7,3,7),(7,4,7),(7,5,7),(7,6,7),(7,7,7),(7,7,8),
114:(1,6,1),(2,6,1),(3,6,1),(4,6,1),(5,6,1),(5,6,2),(5,5,2),(5,4,2),(5,3,2),(5,2,2),(5,1,2),(6,1,2),(6,1,3),(7,1,3),
115:(1,1,1),(2,1,1),(3,1,1),(3,1,2),(3,1,3),(3,1,4),(3,1,5),(3,1,6),(3,2,6),(4,2,6),(5,2,6),(6,2,6),(6,2,7),(7,2,7),
116:(4,7,4),(5,7,4),(5,6,4),(5,5,4),(5,4,4),(5,3,4),(5,2,4),(5,1,4),(6,1,4),(6,0,4),(7,0,4),
117:(4,2,6),(3,2,6),(2,2,6),(2,3,6),(2,3,5),(2,3,4),(2,3,3),(2,3,2),(2,4,2),(2,5,2),(2,6,2),(1,6,2),(1,7,2),(1,8,2),
118:(1,0,3),(1,1,3),(1,2,3),(1,2,4),(1,3,4),(0,3,4),(0,4,4),(0,5,4),(1,5,4),
119:(1,4,5),(1,3,5),(1,2,5),(2,2,5),(2,2,5),(3,2,5),(3,2,6),(4,2,6),(5,2,6),(6,2,6),(7,2,6),
120:(7,2,2),(6,2,2),(5,2,2),(5,2,3),(5,2,4),(4,2,4),(3,2,4),(2,2,4),(2,2,5),(1,2,5),(1,2,6),
121:(7,8,7),(6,8,7),(5,8,7),(4,8,7),(3,8,7),(2,8,7),(1,8,7),
122:(4,5,4),(5,5,4),(6,5,4),(6,4,4),(6,3,4),(6,2,4),(7,2,4),(7,1,4),
123:(4,8,5),(3,8,5),(2,8,5),(2,8,4),(2,8,3),(2,7,3),(2,6,3),(2,5,3),(2,4,3),(1,4,3),(1,4,3),(1,4,2),
124:(7,6,6),(6,6,6),(5,6,6),(4,6,6),(4,6,7),(4,6,8),(4,7,8),
125:(1,2,3),(1,3,3),(1,4,3),(1,5,3),(1,6,3),(1,7,3),(1,7,3),(2,7,3),(3,7,3),(4,7,3),
126:(4,6,8),(5,6,8),(5,5,8),(6,5,8),(6,5,7),(6,5,7),(6,5,6),(6,5,5),(6,5,4),(6,5,3),(6,5,2),(7,5,2),
127:(4,0,0),(3,0,0),(3,1,0),(3,2,0),(3,3,0),(3,3,1),(3,4,1),(3,5,1),(2,5,1),(2,6,1),(1,6,1),
128:(4,1,8),(5,1,8),(6,1,8),(6,2,8),(6,2,7),(6,2,6),(6,2,5),(6,3,5),(6,4,5),(6,5,5),(6,5,4),(6,6,4),(6,7,4),(6,8,4),(7,8,4),
129:(7,8,4),(7,8,5),(6,8,5),(6,8,6),(6,8,7),(6,8,8),(7,8,8),
130:(7,2,8),(6,2,8),(5,2,8),(5,3,8),(5,4,8),(5,4,7),(5,4,6),(5,4,5),(5,4,4),(5,4,3),(5,5,3),(5,5,2),(5,5,1),(5,5,0),(4,5,0),
131:(7,1,7),(6,1,7),(6,1,6),(5,1,6),(5,1,5),(4,1,5),(4,2,5),(3,2,5),(3,2,4),(2,2,4),(1,2,4),
132:(4,6,4),(3,6,4),(3,6,3),(3,6,2),(3,6,1),(3,6,0),(3,5,0),(4,5,0),(4,4,0),
133:(1,4,8),(2,4,8),(2,4,7),(3,4,7),(3,4,6),(3,4,5),(3,4,4),(3,4,3),(3,4,2),(3,4,1),(3,5,1),(4,5,1),(4,6,1),
134:(4,0,1),(4,1,1),(4,2,1),(4,3,1),(4,4,1),(4,5,1),(4,6,1),(5,6,1),(5,7,1),(6,7,1),(7,7,1),(7,7,2),
135:(7,3,6),(7,3,6),(7,3,6),(7,3,6),(7,3,6),(7,3,6),(7,3,6),(8,3,6),(8,3,6),(7,3,6),
136:(4,5,1),(5,5,1),(5,6,1),(5,7,1),(5,7,1),(5,7,2),(5,7,3),(5,7,4),(5,8,4),(6,8,4),(7,8,4),(7,8,5),
137:(4,6,5),(4,6,4),(4,6,3),(5,6,3),(5,6,2),(6,6,2),(6,6,1),(6,6,0),(6,5,0),(6,4,0),(7,4,0),
138:(1,6,4),(2,6,4),(3,6,4),(3,6,3),(3,5,3),(3,4,3),(3,3,3),(4,3,3),(4,2,3),
139:(7,1,0),(6,1,0),(6,1,1),(6,1,2),(5,1,2),(4,1,2),(3,1,2),(2,1,2),(2,1,3),(2,1,4),(2,1,5),(1,1,5),(1,2,5),
140:(1,1,7),(1,2,7),(0,2,7),(0,2,6),(0,3,6),(0,4,6),(0,5,6),(0,6,6),(0,7,6),(0,8,6),(1,8,6),
141:(4,6,6),(5,6,6),(5,5,6),(6,5,6),(6,5,5),(6,5,4),(6,5,3),(6,4,3),(6,3,3),(7,3,3),
142:(7,2,5),(6,2,5),(5,2,5),(4,2,5),(4,2,4),(4,2,3),(4,2,2),(4,2,1),(5,2,1),(5,2,0),(5,3,0),(4,3,0),
143:(4,7,7),(5,7,7),(6,7,7),(6,6,7),(6,6,6),(6,6,5),(6,6,4),(6,6,3),(6,5,3),(6,5,2),(6,4,2),(6,4,1),(6,3,1),(6,2,1),(6,1,1),(6,0,1),(7,0,1),
144:(1,3,4),(1,4,4),(1,4,4),(1,4,3),(1,4,2),(1,4,1),
145:(7,4,4),(6,4,4),(5,4,4),(5,4,3),(5,4,2),(5,5,2),(5,5,1),(4,5,1),(3,5,1),(2,5,1),(2,6,1),(2,6,0),(1,6,0),
146:(1,4,6),(2,4,6),(2,4,5),(3,4,5),(3,4,4),(3,3,4),(4,3,4),(5,3,4),(5,3,3),(6,3,3),(6,2,3),(6,2,3),(6,2,2),(7,2,2),
147:(7,7,3),(7,8,3),
148:(1,6,2),(2,6,2),(2,5,2),(2,4,2),(2,4,3),(2,3,3),(2,2,3),(3,2,3),(3,1,3),(4,1,3),
149:(7,0,2),(6,0,2),(6,1,2),(6,1,3),(6,1,4),(5,1,4),(5,1,5),(5,1,5),(4,1,5),
150:(7,5,3),(7,5,4),(7,6,4),(7,7,4),
151:(7,7,1),(7,7,2),(7,7,3),(7,6,3),(7,5,3),(7,5,4),(7,5,5),(7,5,6),(6,5,6),(6,5,7),(6,5,8),(6,4,8),(6,3,8),(7,3,8),
152:(4,0,6),(5,0,6),(6,0,6),(7,0,6),(7,0,7),(7,1,7),
153:(4,8,3),(3,8,3),(2,8,3),(2,7,3),(2,7,4),(2,6,4),(2,5,4),(2,4,4),(2,4,5),(2,3,5),(2,2,5),(2,1,5),(2,1,5),(1,1,5),
154:(7,4,3),(6,4,3),(6,4,2),(5,4,2),(5,3,2),(5,2,2),(5,1,2),(4,1,2),(3,1,2),(2,1,2),(2,1,2),(1,1,2),
155:(1,0,6),(1,0,5),(1,0,4),(1,0,3),(1,0,2),(1,1,2),(1,2,2),
156:(7,6,1),(6,6,1),(6,6,2),(5,6,2),(5,7,2),(5,7,3),(5,7,4),(5,7,5),(5,7,5),(4,7,5),
157:(1,7,2),(2,7,2),(3,7,2),(3,7,3),(3,7,4),(3,7,5),(3,7,6),(4,7,6),(4,7,7),(4,8,7),
158:(4,3,0),(4,3,1),(4,3,2),(4,4,2),(4,5,2),(4,6,2),(5,6,2),(6,6,2),(7,6,2),
159:(7,5,4),(6,5,4),(6,5,3),(6,4,3),(5,4,3),(5,4,2),(4,4,2),(4,3,2),
160:(4,5,0),(5,5,0),(5,5,1),(6,5,1),(6,5,2),(6,5,3),(6,4,3),(6,4,4),(6,4,4),(6,4,5),(6,4,6),(6,4,7),(7,4,7),
161:(7,5,1),(7,5,2),(7,6,2),(7,6,2),(6,6,2),(6,6,3),(5,6,3),(5,6,3),(4,6,3),(3,6,3),(2,6,3),(1,6,3),
162:(1,1,0),(1,1,1),(1,1,2),(1,1,3),(1,2,3),(1,2,4),(0,2,4),(0,2,5),(0,2,6),(0,3,6),(0,4,6),(0,5,6),(0,6,6),(1,6,6),
163:(7,1,8),(7,0,8),(7,0,8),(6,0,8),(5,0,8),(4,0,8),(3,0,8),(2,0,8),(1,0,8),
164:(4,7,6),(5,7,6),(5,7,7),(6,7,7),(7,7,7),(7,7,8),(7,6,8),(7,5,8),
165:(4,3,1),(4,3,2),(4,4,2),(4,5,2),(4,6,2),(4,7,2),
166:(4,2,1),(4,2,2),(4,2,3),(4,2,4),(4,1,4),(4,0,4),(5,0,4),(6,0,4),(6,0,5),(6,0,6),(6,0,7),(6,0,8),(7,0,8),
167:(7,0,0),(6,0,0),(5,0,0),(5,0,1),(5,0,2),(5,0,3),(5,1,3),(5,2,3),(5,2,3),(5,3,3),(5,4,3),(4,4,3),
168:(4,3,6),(3,3,6),(2,3,6),(2,3,5),(1,3,5),(1,3,4),(1,3,3),(1,4,3),(1,4,2),(1,5,2),(1,6,2),(1,7,2),(1,7,1),(1,8,1),
169:(4,8,7),(4,8,6),(4,8,6),(5,8,6),(6,8,6),(6,8,5),(6,8,4),(6,8,3),(6,7,3),(6,6,3),(6,5,3),(6,5,2),(6,4,2),(6,3,2),(7,3,2),
170:(1,6,3),(2,6,3),(2,6,4),(3,6,4),(3,6,4),(4,6,4),(5,6,4),(6,6,4),(7,6,4),(7,6,3),
171:(1,4,4),(1,4,5),(1,5,5),(2,5,5),(3,5,5),(3,5,6),(4,5,6),(4,4,6),(4,4,7),
172:(4,5,6),(4,5,5),(4,5,5),(5,5,5),(5,5,4),(5,5,3),(5,5,3),(5,5,2),(5,5,1),(5,5,0),(5,6,0),(5,7,0),(5,8,0),(4,8,0),
173:(7,4,2),(7,4,3),(7,4,4),(7,4,5),(7,3,5),(7,2,5),(7,2,6),(7,1,6),(7,0,6),(7,0,7),
174:(4,4,5),(4,4,4),(4,4,3),(3,4,3),(4,4,3),(4,3,3),(4,2,3),(4,1,3),(4,0,3),
175:(1,0,2),(1,0,3),(1,1,3),(1,2,3),(1,3,3),(0,3,3),(0,3,4),(0,3,5),(0,3,6),(0,4,6),(1,4,6),
176:(1,3,7),(1,4,7),(0,4,7),(0,4,6),(0,4,5),(0,4,4),(0,4,3),(0,4,2),(0,5,2),(0,6,2),(0,7,2),(0,7,2),(0,7,2),(1,7,2),
177:(7,3,1),(6,3,1),(5,3,1),(5,3,0),(5,3,0),(4,3,0),(4,2,0),
178:(7,8,2),(8,8,2),(8,8,3),(8,8,4),(8,8,5),(8,7,5),(8,6,5),(8,5,5),(8,4,5),(8,3,5),(8,2,5),(8,2,5),(7,2,5),
179:(1,2,6),(2,2,6),(2,2,7),(3,2,7),(3,2,7),(3,3,7),(3,3,7),(4,3,7),(5,3,7),(6,3,7),(7,3,7),
180:(4,1,6),(4,1,5),(4,1,4),(4,0,4),(4,0,3),(4,0,2),(4,1,2),(4,2,2),
181:(1,7,8),(2,7,8),(2,7,7),(2,7,6),(2,6,6),(2,5,6),(2,4,6),(2,4,5),(2,3,5),(2,3,4),(3,3,4),(3,2,4),(4,2,4),
182:(4,1,2),(5,1,2),(5,1,2),(5,0,2),(6,0,2),(7,0,2),
183:(4,3,3),(3,3,3),(3,2,3),(4,2,3),(4,1,3),(5,1,3),(5,1,4),(6,1,4),(6,1,5),(6,1,5),(7,1,5),
184:(1,0,4),(1,1,4),(1,1,5),(1,1,6),(1,1,6),(1,1,7),(1,1,8),
185:(4,0,7),(4,0,8),(4,1,8),(4,2,8),
186:(4,5,7),(3,5,7),(2,5,7),(1,5,7),(1,4,7),(1,3,7),(1,2,7),(1,2,6),(1,1,6),(1,0,6),
187:(7,6,3),(7,6,4),(7,6,5),(7,5,5),(7,4,5),(8,4,5),(8,4,6),(8,4,7),(7,4,7),(7,4,7),(7,4,8),
188:(4,4,7),(3,4,7),(3,4,6),(2,4,6),(2,4,5),(2,4,4),(2,4,3),(2,4,2),(2,4,1),(2,3,1),(1,3,1),
189:(1,4,2),(1,4,3),(0,4,3),(0,4,4),(0,3,4),(0,3,5),(1,3,5),
190:(1,4,0),(1,4,1),(1,3,1),(1,2,1),(1,2,2),(1,2,3),
191:(4,2,5),(3,2,5),(2,2,5),(2,2,4),(2,2,3),(2,1,3),(1,1,3),
192:(7,0,6),(7,1,6),(7,1,5),(6,1,5),(6,2,5),(5,2,5),(5,2,6),(5,3,6),(5,4,6),(5,5,6),(5,6,6),(5,7,6),(5,8,6),(4,8,6),
193:(1,4,3),(1,5,3),(1,5,4),(1,6,4),(1,7,4),
194:(1,1,2),(2,1,2),(3,1,2),(4,1,2),(4,2,2),(4,2,1),(5,2,1),(5,3,1),(5,4,1),(5,5,1),(5,6,1),(5,7,1),(6,7,1),(6,8,1),(7,8,1),
195:(4,2,4),(5,2,4),(6,2,4),(7,2,4),(7,2,3),(7,2,2),(7,1,2),(7,1,1),(7,0,1),(7,0,0),
196:(7,6,4),(7,6,5),(8,6,5),(8,6,6),(8,6,7),(8,6,8),(8,6,8),(8,6,8),(7,6,8),
197:(1,7,4),(1,7,3),(1,6,3),(1,6,2),(1,6,2),(1,6,2),(1,6,2),(1,6,2),(1,6,2),(1,6,2),(0,6,2),(0,6,2),(1,6,2),
198:(1,0,0),(2,0,0),(2,0,1),(2,0,2),(2,0,3),(2,0,4),(2,0,5),(2,0,6),(2,1,6),(2,2,6),(2,3,6),(3,3,6),(4,3,6),
199:(4,4,0),(3,4,0),(2,4,0),(2,5,0),(2,6,0),(2,6,1),(2,6,2),(2,6,3),(2,6,4),(2,6,5),(2,6,6),(2,5,6),(2,5,6),(2,5,7),(2,5,8),(1,5,8),
200:(4,6,2),(3,6,2),(2,6,2),(2,6,3),(2,6,4),(1,6,4),(1,6,5),(1,6,6),(1,6,7),(2,6,7),(2,6,8),(2,5,8),(2,4,8),(2,3,8),(2,2,8),(1,2,8),
201:(4,2,0),(4,1,0),(4,0,0),(4,-1,0),(4,-1,1),(4,-1,2),(4,-1,3),(4,-1,4),(4,-1,5),(4,0,5),
202:(1,8,2),(1,8,3),(1,8,4),(1,7,4),(0,7,4),(0,7,5),(0,6,5),(1,6,5),
203:(7,7,5),(6,7,5),(5,7,5),(5,6,5),(5,6,6),(5,6,7),(5,5,7),(5,5,7),(4,5,7),
204:(1,3,6),(2,3,6),(2,3,5),(3,3,5),(4,3,5),(4,3,4),(4,2,4),(4,2,3),(4,1,3),(4,1,2),(4,0,2),
205:(1,3,8),(2,3,8),(3,3,8),(3,3,7),(3,3,6),(4,3,6),(5,3,6),(5,3,5),(6,3,5),(6,3,4),(6,3,3),(6,4,3),(6,5,3),(6,5,2),(6,5,1),(6,6,1),(6,7,1),(7,7,1),
206:(1,0,8),(2,0,8),(3,0,8),(4,0,8),(4,1,8),(5,1,8),(6,1,8),(6,2,8),(6,3,8),(6,4,8),(6,4,7),(6,5,7),(6,6,7),(7,6,7),
207:(4,4,2),(3,4,2),(2,4,2),(2,3,2),(2,2,2),(2,1,2),(2,0,2),(1,0,2),
208:(4,3,4),(3,3,4),(2,3,4),(2,4,4),(2,5,4),(1,5,4),(1,5,3),(1,6,3),(1,7,3),(1,8,3),
209:(1,7,7),(2,7,7),(3,7,7),(3,7,6),(3,7,5),(3,6,5),(3,5,5),(3,4,5),(3,3,5),(3,3,4),(3,3,3),(3,3,2),(3,3,1),(3,2,1),(3,1,1),(4,1,1),
210:(7,1,2),(6,1,2),(6,1,3),(6,2,3),(6,3,3),(6,3,3),(6,3,4),(6,3,4),(5,3,4),(4,3,4),
211:(1,2,4),(2,2,4),(3,2,4),(3,2,5),(4,2,5),(4,2,6),(4,1,6),(4,1,7),(4,0,7),
212:(4,7,0),(5,7,0),(6,7,0),(7,7,0),(7,7,1),(7,7,2),(7,7,3),
213:(7,0,3),(7,1,3),(7,2,3),(7,3,3),(7,4,3),(6,4,3),(5,4,3),(4,4,3),(4,4,2),(3,4,2),(2,4,2),(2,4,3),(1,4,3),
214:(4,1,3),(5,1,3),(5,2,3),(5,2,4),(5,2,5),(5,3,5),(5,4,5),(6,4,5),(7,4,5),
215:(4,8,2),(4,7,2),(4,7,3),(4,7,4),(5,7,4),(5,7,5),(5,6,5),(5,5,5),(5,4,5),(4,4,5),
216:(7,0,4),(7,0,3),(7,1,3),(7,2,3),(7,3,3),(7,4,3),(7,5,3),(7,6,3),(6,6,3),(5,6,3),(5,6,2),(5,7,2),(5,8,2),(4,8,2),
217:(1,6,8),(1,6,7),(1,6,6),(1,7,6),(1,8,6),(1,8,5),(1,8,4),
218:(4,7,2),(3,7,2),(3,7,1),(2,7,1),(1,7,1),(1,6,1),(1,5,1),
219:(4,7,5),(3,7,5),(3,7,4),(2,7,4),(2,8,4),(1,8,4),(1,8,3),(1,8,2),(1,8,1),(1,8,0),
220:(7,0,8),(6,0,8),(6,0,7),(5,0,7),(4,0,7),(3,0,7),(2,0,7),(2,1,7),(2,2,7),(2,3,7),(2,4,7),(2,4,6),(2,4,5),(2,4,4),(2,4,3),(2,4,2),(2,4,1),(2,5,1),(2,6,1),(2,7,1),(1,7,1),
221:(7,2,3),(7,3,3),(7,4,3),(7,4,4),(7,5,4),(7,5,5),(7,6,5),(8,6,5),(8,7,5),(8,7,5),(7,7,5),
222:(1,2,8),(1,3,8),(1,4,8),(1,5,8),(1,5,7),(1,6,7),(1,6,6),(2,6,6),(2,6,5),(2,7,5),(2,8,5),(1,8,5),
223:(7,7,0),(7,6,0),(7,5,0),(7,4,0),(7,4,1),(7,3,1),(7,3,2),(7,2,2),(7,1,2),
224:(4,1,5),(4,2,5),(4,3,5),(4,4,5),(4,5,5),(4,6,5),(4,7,5),(4,8,5),
225:(7,5,7),(6,5,7),(5,5,7),(4,5,7),(3,5,7),(2,5,7),(1,5,7),(1,6,7),(1,7,7),
226:(4,8,1),(3,8,1),(3,8,0),(3,7,0),(3,6,0),(3,5,0),(3,4,0),(2,4,0),(2,3,0),(2,2,0),(2,1,0),(1,1,0),(1,0,0),
227:(7,1,3),(6,1,3),(6,2,3),(6,3,3),(5,3,3),(5,3,2),(4,3,2),(3,3,2),(2,3,2),(2,3,2),(2,3,3),(1,3,3),
228:(1,0,5),(2,0,5),(2,0,4),(3,0,4),(3,0,3),(3,0,2),(3,0,1),(3,1,1),(3,2,1),(3,3,1),(3,4,1),(3,5,1),(4,5,1),
229:(4,5,5),(4,5,4),(4,4,4),(3,4,4),(3,5,4),(4,5,4),
230:(4,0,4),(4,1,4),(4,2,4),(4,3,4),(3,3,4),(3,3,5),(3,3,6),(3,4,6),(3,5,6),(3,5,6),(4,5,6),
231:(7,8,1),(7,7,1),(7,7,0),(7,7,-1),(7,6,-1),(7,6,0),
232:(7,6,2),(7,6,2),(7,6,1),(7,6,0),(7,7,0),
233:(7,3,4),(6,3,4),(6,3,5),(5,3,5),(5,3,6),(5,2,6),(4,2,6),(4,1,6),
234:(4,5,2),(3,5,2),(3,6,2),(2,6,2),(2,6,1),(2,7,1),(1,7,1),(1,7,0),
235:(7,3,2),(7,4,2),(7,5,2),(8,5,2),(8,5,3),(8,5,4),(8,5,5),(8,5,6),(8,6,6),(8,7,6),(8,8,6),(7,8,6),
236:(7,5,8),(6,5,8),(6,6,8),(5,6,8),(4,6,8),(3,6,8),(2,6,8),(2,7,8),(1,7,8),
237:(1,7,3),(2,7,3),(3,7,3),(4,7,3),(5,7,3),(6,7,3),(6,7,4),(6,7,5),(7,7,5),(7,6,5),
238:(4,3,5),(5,3,5),(5,3,4),(6,3,4),(6,2,4),(7,2,4),(7,2,3),(8,2,3),(8,2,3),(7,2,3),
239:(1,8,7),(2,8,7),(3,8,7),(3,8,8),(4,8,8),(5,8,8),(6,8,8),(6,8,7),(7,8,7),
240:(1,3,0),(2,3,0),(2,3,1),(2,4,1),(2,4,2),(2,4,2),(3,4,2),(4,4,2),(5,4,2),(6,4,2),(6,4,3),(7,4,3),
241:(4,8,6),(3,8,6),(3,8,5),(2,8,5),(1,8,5),(0,8,5),(0,7,5),(0,6,5),(0,5,5),(0,4,5),(0,3,5),(0,2,5),(0,1,5),(0,0,5),(1,0,5),
242:(7,2,0),(6,2,0),(6,2,1),(6,1,1),(6,1,1),(6,1,2),(6,1,3),(5,1,3),(5,1,4),(5,1,5),(5,1,6),(5,1,7),(5,1,8),(4,1,8),
