soc=2266
lb_soc=1332
makespan=18
lb_makespan=14
comp_time=11364
highLevelExpanded=81
lowLevelExpanded=20732
solution=
0:(1,6,7),(2,6,7),(3,6,7),(4,6,7),(4,6,6),(4,6,5),
1:(7,0,0),(6,0,0),(5,0,0),(4,0,0),(3,0,0),(2,0,0),(2,0,1),(2,0,2),(2,1,2),(2,2,2),(2,2,3),(2,3,3),(2,4,3),(2,4,4),(2,5,4),(2,6,4),(2,7,4),(1,7,4),
2:(1,4,3),(2,4,3),(3,4,3),(4,4,3),(5,4,3),(5,3,3),(5,2,3),(6,2,3),(6,1,3),(7,1,3),(7,1,4),(7,0,4),
3:(1,0,1),(2,0,1),(3,0,1),(4,0,1),(5,0,1),(6,0,1),(6,1,1),(6,2,1),(6,3,1),(6,3,2),(6,3,3),(6,3,4),(6,3,5),(6,4,5),(6,5,5),(6,6,5),(6,7,5),(6,8,5),(7,8,5),
4:(7,7,8),(7,6,8),(7,5,8),(7,5,7),(7,4,7),(7,3,7),(7,2,7),(8,2,7),(8,2,6),(8,2,5),(8,2,4),(8,2,3),(8,2,2),(8,2,2),(8,2,1),(7,2,1),
5:(7,0,7),(6,0,7),(5,0,7),(4,0,7),(3,0,7),(2,0,7),(1,0,7),(1,0,6),(1,0,5),(1,0,4),(1,1,4),(1,1,3),(1,2,3),
6:(1,0,2),(2,0,2),(3,0,2),(4,0,2),(5,0,2),(6,0,2),(7,0,2),(7,0,3),(7,0,4),(7,0,5),(7,0,6),(7,0,7),(7,1,7),(7,2,7),
7:(1,5,8),(2,5,8),(3,5,8),(4,5,8),(5,5,8),(6,5,8),(7,5,8),
8:(7,6,1),(6,6,1),(6,6,2),(6,7,2),(6,8,2),(5,8,2),(5,8,3),(4,8,3),
9:(4,0,1),(5,0,1),(6,0,1),(7,0,1),(7,0,2),(7,0,3),(7,1,3),(8,1,3),(8,2,3),(8,3,3),(7,3,3),
10:(1,0,8),(1,0,7),(1,0,6),(1,0,5),(1,0,4),(1,1,4),(1,2,4),(1,3,4),(1,4,4),(0,4,4),(0,4,3),(0,4,2),(1,4,2),
11:(4,4,1),(4,4,2),(4,3,2),
12:(7,2,6),(6,2,6),(5,2,6),(5,3,6),(5,3,5),(5,3,4),(4,3,4),(3,3,4),(3,3,3),(3,3,2),(2,3,2),(2,4,2),(2,4,2),(2,5,2),(2,6,2),(2,7,2),(1,7,2),
13:(7,3,6),(7,3,5),(7,4,5),
14:(1,7,1),(1,7,2),(1,7,3),(1,7,4),(1,7,5),(1,7,6),(1,8,6),
15:(1,0,7),(1,0,6),(1,0,5),(1,0,4),(1,0,3),(1,0,2),(1,1,2),(1,1,1),(1,1,0),(0,1,0),(0,2,0),(0,3,0),(0,4,0),(0,5,0),(1,5,0),(1,6,0),
16:(1,8,3),(2,8,3),(3,8,3),(4,8,3),(5,8,3),(6,8,3),(6,8,2),(6,8,1),(6,7,1),(6,6,1),(6,5,1),(6,4,1),(6,3,1),(7,3,1),
17:(1,0,0),(2,0,0),(3,0,0),(3,0,1),(4,0,1),(5,0,1),(6,0,1),(6,1,1),(6,1,2),(6,2,2),(6,2,3),(6,2,4),(6,2,5),(6,3,5),(6,4,5),(6,5,5),(6,6,5),(7,6,5),
18:(4,3,6),(4,3,5),(4,4,5),(4,5,5),(4,6,5),(4,6,4),(4,6,4),(3,6,4),(3,6,3),(3,6,2),(3,6,1),(2,6,1),(1,6,1),
19:(1,8,1),(2,8,1),(3,8,1),(3,7,1),(3,6,1),(3,5,1),(3,5,2),(3,4,2),(3,4,3),(3,4,4),(3,4,5),(3,3,5),(3,3,6),(3,2,6),(3,1,6),(3,0,6),(4,0,6),
20:(7,0,3),(6,0,3),(5,0,3),(4,0,3),(4,0,2),(4,0,1),(4,0,0),
21:(4,4,3),(5,4,3),(6,4,3),(6,5,3),(6,5,2),(7,5,2),(7,5,1),(7,6,1),
22:(7,6,8),(7,6,7),(7,5,7),(7,5,6),(7,4,6),(8,4,6),(8,3,6),(8,3,6),(8,3,5),(7,3,5),
23:(4,0,2),(4,0,3),(4,0,4),(5,0,4),(6,0,4),(6,0,5),(6,1,5),(6,2,5),(6,2,6),(6,3,6),(6,3,7),(6,4,7),(7,4,7),(7,4,8),
24:(7,8,2),(6,8,2),(5,8,2),(4,8,2),(4,8,3),(4,8,4),(4,7,4),(4,6,4),(4,5,4),
25:(7,6,6),(6,6,6),(6,5,6),(6,5,7),(6,4,7),(6,3,7),(5,3,7),(5,2,7),(5,2,6),(4,2,6),(4,2,5),
26:(4,1,2),(3,1,2),(3,1,1),(3,1,0),(3,2,0),(3,3,0),(3,3,0),(2,3,0),(1,3,0),(1,4,0),
27:(7,7,2),(6,7,2),(5,7,2),(4,7,2),(3,7,2),(3,7,3),(3,7,4),(4,7,4),
28:(4,7,5),(5,7,5),(5,6,5),(5,5,5),(6,5,5),(7,5,5),(8,5,5),(8,5,4),(8,5,3),(8,4,3),(7,4,3),
29:(7,8,7),(7,8,6),(7,8,5),(7,8,4),(7,8,3),(8,8,3),(8,8,2),(8,8,1),(8,7,1),(8,6,1),(8,5,1),(8,4,1),(8,3,1),(8,2,1),(8,1,1),(7,1,1),
30:(1,8,2),(2,8,2),(3,8,2),(3,8,1),(4,8,1),(4,7,1),(4,6,1),(4,5,1),(4,4,1),
31:(1,2,8),(1,2,7),(1,3,7),(1,4,7),(1,4,6),(1,5,6),(1,6,6),(1,7,6),(1,7,5),(1,7,4),(1,8,4),
32:(7,6,4),(7,6,5),(7,5,5),(7,5,5),(7,5,6),(6,5,6),(5,5,6),(5,5,7),(4,5,7),(3,5,7),(3,4,7),(3,3,7),(3,2,7),(2,2,7),(2,1,7),(2,0,7),(1,0,7),
33:(4,2,3),(5,2,3),(6,2,3),(6,3,3),(6,4,3),(7,4,3),(7,4,2),
34:(4,0,0),(4,0,0),(4,1,0),(4,2,0),(4,3,0),(4,4,0),(3,4,0),(3,4,1),(3,4,2),(3,4,3),(4,4,3),
35:(4,8,7),(4,8,6),(4,8,5),(4,8,4),(5,8,4),(5,8,3),(4,8,3),(4,8,2),(4,8,1),(4,7,1),(4,6,1),
36:(1,7,8),(2,7,8),(2,6,8),(2,5,8),(2,4,8),(3,4,8),(3,3,8),(3,2,8),(3,2,7),(3,1,7),(3,1,6),(3,1,5),(3,1,4),(3,1,3),(3,1,2),(3,1,1),(4,1,1),
37:(1,1,0),(2,1,0),(3,1,0),(3,2,0),(3,2,1),(3,2,2),(3,2,3),(3,2,4),(3,2,5),(3,2,6),(3,3,6),(3,4,6),(3,4,6),(4,4,6),
38:(7,2,4),(6,2,4),(5,2,4),(4,2,4),(4,2,3),
39:(1,1,1),(1,2,1),(1,3,1),(1,4,1),(1,4,2),(1,5,2),(1,5,3),(1,5,3),(1,5,4),
40:(7,1,7),(6,1,7),(5,1,7),(4,1,7),(3,1,7),(2,1,7),(1,1,7),(1,1,6),(1,2,6),(1,3,6),
41:(4,3,2),(5,3,2),(5,3,3),(5,4,3),(5,5,3),(5,6,3),(5,6,4),(5,6,5),(6,6,5),(6,6,6),(6,6,7),(6,6,8),(6,7,8),(7,7,8),
42:(4,5,6),(4,5,7),(4,5,8),(4,6,8),(4,7,8),(4,8,8),
43:(1,5,1),(2,5,1),(3,5,1),(3,5,2),(4,5,2),(4,5,3),(4,5,4),(4,5,5),(5,5,5),(5,5,6),(5,4,6),(5,4,7),(5,4,8),(4,4,8),
44:(4,8,4),(3,8,4),(2,8,4),(2,7,4),(2,6,4),(2,5,4),(2,4,4),(2,3,4),(2,2,4),(2,1,4),(2,0,4),(1,0,4),
45:(7,0,8),(6,0,8),(5,0,8),(4,0,8),(3,0,8),(2,0,8),(2,1,8),(2,1,7),(2,1,6),(2,1,5),(2,1,4),(2,1,3),(2,1,2),(2,1,1),(2,2,1),(2,2,0),(2,3,0),(1,3,0),
46:(7,3,8),(6,3,8),(6,3,7),(6,4,7),(6,4,6),(6,4,5),(6,5,5),(5,5,5),(5,5,4),(5,6,4),(5,7,4),(5,8,4),(4,8,4),
47:(4,4,7),(3,4,7),(2,4,7),(2,4,6),(2,4,5),(2,4,4),(2,4,3),(2,4,4),(2,4,3),(2,4,3),(2,5,3),(1,5,3),
48:(4,1,6),(4,1,5),(4,1,4),(4,1,3),(3,1,3),(3,1,2),(3,1,1),(3,2,1),(3,3,1),(4,3,1),
49:(4,5,3),(4,5,4),(4,4,4),(4,3,4),(4,2,4),
50:(7,0,6),(6,0,6),(5,0,6),(5,0,7),(5,0,8),(5,1,8),(5,2,8),(5,3,8),(5,4,8),(5,5,8),(5,6,8),(4,6,8),
51:(7,8,8),(7,8,7),(7,7,7),(7,6,7),(7,5,7),(7,4,7),(7,3,7),
52:(7,0,2),(7,0,1),(7,0,0),(7,1,0),(7,2,0),(7,3,0),(8,3,0),(8,4,0),(8,5,0),(8,6,0),(8,7,0),(7,7,0),
53:(4,7,3),(5,7,3),(5,7,4),(5,7,5),(6,7,5),(7,7,5),(7,7,6),
54:(1,6,3),(2,6,3),(3,6,3),(4,6,3),(5,6,3),(5,7,3),(6,7,3),(7,7,3),
55:(1,3,2),(1,2,2),(1,2,3),(0,2,3),(0,2,4),(0,2,5),(0,2,6),(0,2,7),(1,2,7),(1,2,8),
56:(7,4,6),(6,4,6),(5,4,6),(4,4,6),(3,4,6),(2,4,6),(2,4,7),(2,4,8),(2,3,8),(2,2,8),(2,1,8),(1,1,8),(1,0,8),
57:(1,8,8),(2,8,8),(3,8,8),(4,8,8),(5,8,8),(5,8,7),(5,8,6),(5,8,5),(5,8,4),(5,8,3),(5,8,2),(6,8,2),(6,8,1),(7,8,1),
58:(7,1,8),(6,1,8),(5,1,8),(4,1,8),(3,1,8),(2,1,8),(1,1,8),(1,1,7),
59:(4,8,8),(4,8,7),(4,8,6),(4,7,6),(4,7,6),(4,6,6),(4,5,6),(4,4,6),(3,4,6),(3,3,6),(3,3,5),(3,3,4),(4,3,4),
60:(1,3,4),(1,3,3),(1,3,2),
61:(4,4,5),(5,4,5),(6,4,5),(6,4,6),(6,3,6),(6,2,6),(6,2,6),(6,1,6),(7,1,6),
62:(7,8,0),(6,8,0),(5,8,0),(5,7,0),(5,7,1),(5,7,2),(5,7,3),(5,7,4),(5,7,5),(4,7,5),(4,7,6),(4,7,7),
63:(4,3,7),(4,3,6),(4,3,5),(4,4,5),(3,4,5),(3,5,5),(3,6,5),(3,7,5),(3,7,4),(3,7,3),(3,7,2),(3,8,2),(4,8,2),
64:(4,2,8),(5,2,8),(6,2,8),(7,2,8),(7,2,7),(7,2,6),(7,2,5),(7,2,4),
65:(1,7,0),(1,6,0),(1,5,0),(1,4,0),(1,3,0),(1,2,0),
66:(7,2,0),(7,2,1),(7,2,2),
67:(4,4,0),(5,4,0),(6,4,0),(7,4,0),(7,5,0),
68:(1,4,5),(2,4,5),(3,4,5),(3,4,4),(3,4,3),(3,4,2),(3,4,1),(3,3,1),(3,3,0),(3,2,0),(4,2,0),(4,1,0),
69:(1,3,1),(1,3,2),(1,2,2),(1,2,2),(1,2,3),(1,2,4),(1,2,5),(1,1,5),(1,1,6),(1,0,6),
70:(4,0,3),(3,0,3),(2,0,3),(2,1,3),(2,1,4),(2,1,5),(2,1,6),(2,2,6),(2,2,6),(1,2,6),
71:(7,2,7),(6,2,7),(5,2,7),(5,3,7),(5,3,6),(5,3,5),(5,3,4),(5,3,3),(5,3,2),(5,3,1),(5,3,0),(5,4,0),(5,5,0),(5,6,0),(5,7,0),(4,7,0),
72:(4,7,7),(3,7,7),(2,7,7),(1,7,7),(1,6,7),(1,5,7),(1,4,7),(1,3,7),
73:(7,7,3),(6,7,3),(5,7,3),(5,7,4),(5,7,5),(4,7,5),(4,7,6),(4,7,7),(4,8,7),
74:(4,5,4),(5,5,4),(6,5,4),(6,5,5),(6,5,6),(6,4,6),(6,3,6),(6,2,6),(6,1,6),(6,0,6),(6,0,6),(7,0,6),
75:(4,2,7),(3,2,7),(2,2,7),(1,2,7),(1,2,6),(1,2,5),(1,1,5),(1,1,4),(1,1,3),(1,1,2),
76:(4,5,7),(3,5,7),(2,5,7),(1,5,7),(1,5,8),(1,6,8),
77:(4,6,2),(4,6,3),(4,5,3),(4,5,4),(4,5,5),(4,5,6),(4,5,7),(3,5,7),(2,5,7),(2,4,7),(1,4,7),
78:(7,6,7),(6,6,7),(5,6,7),(5,6,8),(4,6,8),(4,5,8),
79:(4,0,4),(5,0,4),(6,0,4),(6,0,3),(6,0,3),(6,0,3),(7,0,3),(8,0,3),(8,0,3),(8,0,3),(7,0,3),
80:(1,5,3),(1,5,4),(1,5,5),(1,6,5),(1,6,5),(1,7,5),(1,8,5),
81:(7,8,5),(6,8,5),(6,7,5),(6,6,5),(5,6,5),(5,5,5),(5,4,5),(5,3,5),(5,2,5),(5,1,5),(5,0,5),(4,0,5),
82:(1,7,7),(1,7,6),(1,6,6),(1,5,6),(1,5,5),(1,5,4),(2,5,4),(2,5,3),(2,5,2),(2,5,1),(2,5,0),(2,4,0),(2,3,0),(2,2,0),(2,1,0),(2,0,0),(1,0,0),
83:(4,4,6),(5,4,6),(5,4,5),(6,4,5),(6,4,4),(6,5,4),(6,5,3),(6,5,2),(6,5,1),(6,5,1),(7,5,1),
84:(7,3,2),(6,3,2),(6,4,2),(6,5,2),(6,6,2),(6,6,3),(6,6,3),(5,6,3),(5,6,4),(5,6,5),(5,6,6),(5,6,7),(4,6,7),
85:(1,1,6),(2,1,6),(3,1,6),(4,1,6),(4,1,7),
86:(1,4,1),(1,5,1),
87:(7,3,0),(6,3,0),(5,3,0),(5,4,0),(5,4,1),(5,4,2),(5,4,3),(5,4,4),(5,4,5),(5,4,6),(5,4,7),(5,4,8),(5,5,8),(5,6,8),(5,7,8),(4,7,8),
88:(1,2,0),(2,2,0),(3,2,0),(3,2,1),(3,2,2),(3,2,3),(3,3,3),(4,3,3),
89:(1,2,1),(2,2,1),(3,2,1),(4,2,1),(4,2,2),(4,1,2),(4,1,3),
90:(1,6,4),(2,6,4),(3,6,4),(3,5,4),(4,5,4),(5,5,4),(6,5,4),(6,4,4),(6,3,4),(6,2,4),(6,1,4),(7,1,4),
91:(7,6,2),(6,6,2),(5,6,2),(4,6,2),(3,6,2),(2,6,2),(1,6,2),
92:(4,6,8),(5,6,8),(6,6,8),(6,6,7),(6,7,7),(6,7,6),(6,7,5),(6,7,4),(6,7,3),(6,7,2),(7,7,2),(7,7,1),
93:(1,6,0),(1,6,1),(1,6,2),(1,7,2),(1,8,2),(1,9,2),(1,9,3),(1,9,4),(1,9,5),(1,9,6),(1,9,7),(1,8,7),
94:(7,1,4),(6,1,4),(5,1,4),(5,1,3),(5,1,2),(5,2,2),(5,3,2),(5,4,2),(5,5,2),(5,4,2),(5,5,2),(4,5,2),
95:(4,7,1),(5,7,1),(6,7,1),(7,7,1),(7,7,2),(7,8,2),
96:(7,7,1),(7,7,2),(7,7,3),(7,7,4),(7,6,4),(7,5,4),
97:(1,2,6),(2,2,6),(3,2,6),(3,3,6),(3,3,6),(3,4,6),(3,5,6),(3,6,6),(4,6,6),
98:(4,0,7),(4,0,6),(4,0,5),(4,1,5),
99:(4,6,0),(3,6,0),(2,6,0),(2,5,0),(2,4,0),(2,3,0),(2,2,0),(2,1,0),(2,1,0),(1,1,0),
100:(7,5,1),(7,5,2),(7,5,3),(7,5,4),(7,4,4),(8,4,4),(8,4,5),(8,3,5),(8,2,5),(7,2,5),
101:(4,8,1),(4,8,2),(4,8,3),(4,7,3),(4,6,3),(3,6,3),(3,6,4),(3,6,5),(3,6,6),(3,5,6),(3,4,6),(4,4,6),(5,4,6),(5,3,6),(5,2,6),(4,2,6),
102:(4,5,8),(5,5,8),(6,5,8),(7,5,8),(7,5,8),(7,5,7),(7,5,6),
103:(4,6,6),(4,6,5),(4,6,4),(4,7,4),(4,7,3),
104:(1,3,3),(2,3,3),(3,3,3),(4,3,3),(5,3,3),(6,3,3),(6,4,3),(6,5,3),(6,6,3),(6,7,3),(6,8,3),(6,8,3),(7,8,3),
105:(1,4,4),(2,4,4),(3,4,4),(4,4,4),(5,4,4),(6,4,4),(6,4,5),(6,4,6),(6,4,7),(6,3,7),(6,2,7),(6,1,7),(6,1,7),(6,1,7),(7,1,7),
106:(4,8,6),(4,7,6),(4,6,6),(4,5,6),(4,4,6),(4,3,6),(4,3,6),(4,2,6),(4,2,7),
107:(1,6,2),(1,6,2),(1,7,2),(1,7,1),(1,8,1),
108:(7,4,0),(6,4,0),(6,4,1),(5,4,1),(4,4,1),(3,4,1),(2,4,1),(2,4,2),(2,3,2),(2,3,3),(2,3,4),(2,3,5),(2,2,5),(2,1,5),(1,1,5),
109:(4,8,3),(3,8,3),(3,7,3),(2,7,3),(1,7,3),(1,7,2),(1,7,1),
110:(7,1,5),(7,1,4),(7,1,3),(7,1,2),(8,1,2),(8,2,2),(8,3,2),(8,4,2),(8,5,2),(8,5,2),(7,5,2),
111:(4,3,4),(5,3,4),(6,3,4),(6,2,4),(6,2,3),(6,2,2),(6,2,1),(7,2,1),(7,2,0),(7,1,0),
112:(7,1,0),(6,1,0),(5,1,0),(4,1,0),(3,1,0),(2,1,0),(2,1,1),(2,1,2),(2,1,3),(2,2,3),(2,2,4),(2,2,5),(2,2,6),(2,3,6),(2,4,6),(2,5,6),(2,6,6),(1,6,6),
113:(4,8,0),(3,8,0),(2,8,0),(1,8,0),
114:(4,2,4),(4,2,3),(4,2,2),(5,2,2),(5,2,1),(5,3,1),(5,4,1),(5,5,1),(4,5,1),
115:(1,3,8),(2,3,8),(3,3,8),(3,3,7),(3,2,7),(4,2,7),(4,2,6),(4,1,6),(4,0,6),(4,0,5),(4,0,4),
116:(4,2,6),(4,2,7),(4,3,7),
117:(1,5,4),(2,5,4),(3,5,4),(3,5,3),(3,5,2),(3,6,2),(4,6,2),(4,7,2),
118:(7,8,4),(6,8,4),(5,8,4),(5,8,5),(5,8,6),(5,7,6),(5,6,6),(5,5,6),(5,4,6),(5,3,6),(5,2,6),(4,2,6),(4,1,6),
119:(1,4,7),(1,4,6),(1,3,6),(1,2,6),(1,2,5),(2,2,5),(2,2,4),(2,2,3),(2,2,2),(2,2,1),(1,2,1),
120:(1,5,6),(2,5,6),(3,5,6),(3,5,7),(4,5,7),(5,5,7),(6,5,7),(6,4,7),(6,3,7),(6,2,7),(6,1,7),(6,0,7),(6,0,7),(7,0,7),
121:(4,1,4),(4,2,4),(4,3,4),(4,3,5),(4,4,5),
122:(1,1,3),(2,1,3),(3,1,3),(3,1,2),(3,1,1),(3,1,0),(3,2,0),(3,3,0),(3,4,0),(3,5,0),(3,6,0),(4,6,0),
123:(4,1,7),(3,1,7),(2,1,7),(2,2,7),(2,3,7),(2,4,7),(2,5,7),(2,6,7),(2,7,7),(1,7,7),
124:(7,4,3),(6,4,3),(6,4,4),(5,4,4),(5,4,5),(5,4,6),(5,3,6),(5,3,7),(5,3,8),(5,2,8),(4,2,8),
125:(1,2,5),(2,2,5),(3,2,5),(3,2,4),(3,2,3),(3,1,3),(3,1,2),(4,1,2),(4,0,2),
126:(1,6,1),(0,6,1),(0,6,2),(0,5,2),(0,4,2),(0,3,2),(0,2,2),(0,1,2),(0,0,2),(1,0,2),
127:(4,6,1),(5,6,1),(5,7,1),(6,7,1),(6,7,2),(6,7,3),(6,7,4),(7,7,4),
128:(4,7,8),(5,7,8),(6,7,8),(6,6,8),(6,6,7),(6,6,6),(6,6,5),(6,6,4),(6,5,4),(6,5,3),(6,5,2),(6,5,1),(6,4,1),(6,3,1),(6,2,1),(6,1,1),(6,0,1),(7,0,1),
129:(1,1,2),(1,1,3),(1,1,4),(1,2,4),(1,3,4),(1,3,5),(1,4,5),(1,5,5),(1,5,6),(1,6,6),(1,7,6),(1,7,5),
130:(1,7,3),(2,7,3),(2,7,2),(2,6,2),(2,6,1),(2,6,0),(2,5,0),(2,4,0),(2,4,0),(3,4,0),(4,4,0),
131:(4,5,1),(5,5,1),(5,5,1),(5,6,1),(5,6,2),(4,6,2),(4,6,3),
132:(1,1,7),(2,1,7),(2,1,6),(3,1,6),(4,1,6),(5,1,6),(6,1,6),(6,1,5),(6,1,4),(6,1,3),(6,1,2),(6,2,2),(6,3,2),(6,4,2),(6,5,2),(6,6,2),(6,7,2),(7,7,2),
133:(7,8,3),(6,8,3),(5,8,3),(5,7,3),(5,7,2),(4,7,2),(3,7,2),(2,7,2),(1,7,2),(1,7,3),
134:(1,4,0),(2,4,0),(3,4,0),(3,3,0),(3,3,1),(3,3,2),(3,2,2),(3,2,3),(3,2,4),(3,2,5),(3,2,6),(3,2,7),(3,2,8),(3,1,8),(4,1,8),(4,0,8),
135:(4,4,2),(3,4,2),(2,4,2),(2,4,3),(2,4,4),(2,3,4),(2,3,5),(2,3,6),(2,3,7),(2,2,7),(1,2,7),
136:(1,2,4),(1,2,5),(1,3,5),(1,4,5),(1,4,5),(1,5,5),(1,5,6),(1,5,7),
137:(7,5,7),(6,5,7),(5,5,7),(4,5,7),(4,5,6),(3,5,6),(2,5,6),(2,5,5),(2,5,4),(2,5,3),(2,5,2),(2,5,1),(2,4,1),(1,4,1),
138:(4,1,0),(5,1,0),(5,1,1),(6,1,1),(6,1,2),(6,1,3),(6,1,4),(6,2,4),(6,2,5),(6,2,6),(6,3,6),(6,4,6),(6,5,6),(6,5,7),(6,6,7),(7,6,7),
139:(1,1,4),(1,1,5),(1,1,6),(1,1,6),(1,1,6),(1,1,6),(1,1,6),(0,1,6),(0,1,6),(1,1,6),
140:(7,5,3),(6,5,3),(5,5,3),(4,5,3),(3,5,3),(3,5,4),(3,5,5),(3,5,5),(2,5,5),(1,5,5),
141:(4,3,5),(5,3,5),(6,3,5),(6,2,5),(6,2,4),(6,2,3),(6,2,2),(6,1,2),(7,1,2),
142:(7,2,8),(7,2,7),(7,2,6),(7,2,5),(7,2,4),(6,2,4),(6,2,3),(6,2,2),(6,2,1),(7,2,1),(7,2,0),
143:(7,5,5),(7,5,6),(7,6,6),
144:(4,6,5),(5,6,5),(6,6,5),(6,6,6),(6,7,6),(7,7,6),(7,7,7),(7,7,8),(7,8,8),
145:(7,3,4),(7,3,3),(7,4,3),(7,5,3),(6,5,3),(5,5,3),(4,5,3),(3,5,3),(2,5,3),(2,5,2),(2,6,2),(2,7,2),(1,7,2),(1,8,2),
146:(7,7,4),(7,7,3),(7,8,3),(7,8,2),(7,8,1),(7,8,0),
147:(7,0,1),(6,0,1),(6,1,1),(6,1,2),(6,1,3),(5,1,3),(5,1,4),(5,2,4),(5,3,4),(5,3,5),(5,4,5),(5,5,5),(5,6,5),(5,7,5),(4,7,5),
148:(7,2,1),(7,2,2),(7,2,3),
149:(7,4,4),(6,4,4),(5,4,4),(5,4,5),(5,4,6),(4,4,6),(3,4,6),(3,4,6),(2,4,6),(1,4,6),
150:(1,6,5),(1,6,4),(1,6,3),(1,7,3),(1,7,2),(1,7,1),(1,7,0),
151:(7,4,2),(6,4,2),(5,4,2),(4,4,2),(3,4,2),(2,4,2),(2,3,2),(2,3,3),(1,3,3),
152:(7,7,5),(7,7,4),(7,6,4),(7,6,4),(7,5,4),(7,4,4),(6,4,4),(6,3,4),(6,2,4),(5,2,4),(5,1,4),(4,1,4),
153:(7,7,6),(6,7,6),(5,7,6),(5,6,6),(5,5,6),(5,5,6),(5,5,5),(5,5,4),(5,5,3),(4,5,3),(3,5,3),(2,5,3),(2,5,2),(2,5,1),(2,5,0),(1,5,0),
154:(7,6,5),(7,6,6),(7,6,7),(7,6,8),
155:(4,0,8),(4,0,7),(4,0,6),(4,0,5),(4,0,4),(3,0,4),(3,0,3),(3,0,2),(3,0,1),(3,0,0),(3,1,0),(3,2,0),(3,3,0),(3,4,0),(3,5,0),(3,6,0),(3,7,0),(3,8,0),(4,8,0),
156:(1,7,5),(2,7,5),(3,7,5),(3,7,6),(3,7,7),(4,7,7),(5,7,7),(6,7,7),(6,7,8),(6,6,8),(6,5,8),(6,4,8),(6,3,8),(6,2,8),(6,1,8),(6,0,8),(7,0,8),
157:(1,8,7),(1,8,6),(1,8,5),(1,8,4),(1,8,3),
158:(7,5,2),(6,5,2),(5,5,2),(4,5,2),(4,5,3),(3,5,3),(2,5,3),(2,4,3),(2,3,3),(2,3,4),(1,3,4),(1,3,5),
159:(4,0,5),(4,0,5),(4,1,5),(4,2,5),(4,3,5),
160:(1,3,0),(2,3,0),(3,3,0),(3,3,1),(3,3,2),(3,3,3),(3,3,4),(3,3,5),(3,3,6),(3,3,7),(2,3,7),(2,4,7),(3,4,7),(3,5,7),(4,5,7),
161:(4,1,1),(4,1,0),(4,2,0),(4,3,0),(4,4,0),(4,5,0),
162:(1,2,2),(2,2,2),(3,2,2),(4,2,2),(5,2,2),(5,3,2),(6,3,2),(7,3,2),
163:(7,2,3),(6,2,3),(6,2,4),(5,2,4),(5,2,5),(4,2,5),(3,2,5),(2,2,5),(2,3,5),(2,3,6),(2,4,6),(2,5,6),(1,5,6),(1,6,6),(1,7,6),
164:(7,1,6),(6,1,6),(5,1,6),(5,1,5),(5,1,4),(4,1,4),(3,1,4),(2,1,4),(1,1,4),(1,1,3),(1,0,3),
165:(4,2,1),(5,2,1),(6,2,1),(6,3,1),(6,3,0),(6,4,0),(6,5,0),(6,6,0),(6,6,0),(7,6,0),
166:(1,5,2),(2,5,2),(2,5,3),(2,5,4),(3,5,4),(4,5,4),(5,5,4),(6,5,4),(6,5,5),(6,5,6),(6,5,7),(7,5,7),
167:(4,8,2),(4,7,2),(4,7,1),(4,7,0),(4,6,0),(4,6,-1),(4,5,-1),(4,4,-1),(4,3,-1),(4,2,-1),(4,2,-1),(4,2,0),
168:(1,2,3),(2,2,3),(3,2,3),(3,3,3),(3,3,4),(3,4,4),(3,4,4),(4,4,4),
169:(1,3,5),(1,3,4),(1,4,4),(1,5,4),(1,6,4),
170:(1,0,4),(2,0,4),(3,0,4),(4,0,4),(4,0,3),
171:(4,6,7),(3,6,7),(3,5,7),(2,5,7),(2,6,7),(2,6,7),(1,6,7),
172:(4,0,6),(4,1,6),(4,1,6),(5,1,6),(6,1,6),(7,1,6),(7,2,6),
173:(1,0,6),(2,0,6),(3,0,6),(3,0,5),(4,0,5),(5,0,5),(6,0,5),(6,0,4),(6,0,3),(6,0,3),(6,1,3),(7,1,3),
174:(4,3,0),(5,3,0),(5,3,1),(5,2,1),(5,1,1),(5,1,2),(5,1,3),(5,1,4),(5,1,5),(5,1,6),(5,1,7),(5,1,8),(6,1,8),(7,1,8),
175:(4,3,1),(4,3,2),(4,3,3),(4,2,3),(5,2,3),(5,2,4),(5,2,5),(4,2,5),(4,2,6),(4,1,6),(4,0,6),(4,0,7),
176:(1,6,8),(2,6,8),(3,6,8),(3,6,7),(3,6,6),(3,6,5),(3,7,5),(3,7,4),(3,7,3),(3,7,2),(3,7,1),(4,7,1),
177:(7,5,4),(7,4,4),(7,4,4),(7,4,4),(8,4,4),(8,3,4),(7,3,4),(7,4,4),
178:(1,0,3),(1,0,2),(1,0,1),
179:(4,6,4),(3,6,4),(3,6,5),(2,6,5),(2,6,6),(1,6,6),(1,7,6),(1,7,7),(1,7,8),
180:(1,2,7),(2,2,7),(2,2,6),(3,2,6),(3,2,5),(3,3,5),(3,4,5),(3,4,5),(3,5,5),(4,5,5),
181:(7,7,7),(6,7,7),(5,7,7),(4,7,7),(4,6,7),(3,6,7),(2,6,7),(2,6,6),(2,6,5),(2,6,4),(2,5,4),(2,4,4),(2,3,4),(2,3,4),(1,3,4),
182:(7,8,1),(6,8,1),(5,8,1),(5,7,1),(5,6,1),(5,6,2),(5,6,3),(5,6,4),(4,6,4),
183:(4,3,8),(3,3,8),(3,3,7),(2,3,7),(1,3,7),(1,3,6),(1,3,5),(1,2,5),(1,2,4),(1,2,3),(1,1,3),(0,1,3),(0,1,3),(1,1,3),
184:(4,3,3),(3,3,3),(3,3,2),(2,3,2),(2,3,1),(1,3,1),
185:(1,3,7),(1,4,7),(1,5,7),(0,5,7),(0,5,6),(0,5,5),(0,5,4),(0,5,3),(0,6,3),(1,6,3),
186:(7,1,2),(7,1,1),(7,2,1),(7,3,1),(7,4,1),
187:(7,4,1),(7,4,2),(7,5,2),(7,6,2),(7,6,3),(7,6,4),(7,7,4),(7,8,4),
188:(7,0,5),(7,0,4),(7,1,4),(7,2,4),(7,3,4),(6,3,4),(6,3,3),(6,3,2),(6,4,2),(6,5,2),(6,6,2),(7,6,2),
189:(7,2,2),(6,2,2),(5,2,2),(5,3,2),(5,3,1),(4,3,1),(4,3,0),
190:(1,3,6),(2,3,6),(2,3,5),(2,3,4),(2,3,3),(2,3,2),(3,3,2),(3,2,2),(3,1,2),(4,1,2),
191:(7,5,0),(6,5,0),(5,5,0),(5,6,0),(5,7,0),(5,7,1),(5,7,2),(5,7,3),(5,7,4),(5,7,5),(4,7,5),(4,7,5),(4,8,5),
192:(1,4,2),(1,4,3),
193:(1,8,4),(2,8,4),(2,8,3),(3,8,3),(3,8,2),(4,8,2),(5,8,2),(6,8,2),(6,8,1),(6,8,0),(6,7,0),(6,6,0),(6,5,0),(6,4,0),(6,3,0),(6,2,0),(6,1,0),(6,0,0),(7,0,0),
194:(7,4,8),(7,4,7),(7,4,6),(7,3,6),
195:(1,8,5),(1,8,4),(1,8,3),(1,8,2),(0,8,2),(0,7,2),(0,6,2),(0,5,2),(1,5,2),
196:(1,8,0),(2,8,0),(2,8,1),(2,8,2),(2,7,2),(3,7,2),(3,6,2),(3,5,2),(4,5,2),(5,5,2),(5,5,3),(4,5,3),
197:(7,3,5),(6,3,5),(6,2,5),(5,2,5),(4,2,5),(3,2,5),(3,1,5),(2,1,5),(1,1,5),(1,0,5),
198:(1,1,8),(1,1,7),(0,1,7),(0,1,6),(0,1,5),(0,1,4),(0,1,3),(0,1,3),(0,1,2),(0,1,1),(1,1,1),
199:(4,2,2),(5,2,2),(5,3,2),(6,3,2),(6,4,2),(6,5,2),(6,6,2),(6,6,3),(6,6,4),(6,6,5),(6,6,6),(6,7,6),(6,8,6),(7,8,6),
200:(1,4,8),(2,4,8),(2,5,8),(3,5,8),(3,6,8),(3,7,8),(3,7,7),(3,7,6),(3,8,6),(3,8,6),(3,8,6),(4,8,6),
201:(4,7,6),(3,7,6),(2,7,6),(2,6,6),(2,5,6),(2,5,5),(2,5,5),(2,5,4),(2,4,4),(2,4,4),(2,4,4),(1,4,4),
202:(7,1,1),(6,1,1),(6,1,2),(6,2,2),(6,3,2),(6,4,2),(5,4,2),(4,4,2),
203:(4,2,0),(5,2,0),(6,2,0),(6,1,0),(6,1,1),(6,1,2),(6,0,2),(6,0,2),(6,0,2),(7,0,2),
204:(7,1,3),(7,2,3),(7,3,3),(7,4,3),(7,5,3),(7,6,3),
205:(7,5,8),(7,5,7),(7,4,7),(7,3,7),(8,3,7),(8,3,6),(8,3,5),(8,3,4),(8,3,4),(7,3,4),
206:(7,4,5),(6,4,5),(6,4,6),(6,3,6),(6,2,6),(5,2,6),(5,1,6),(5,1,6),(4,1,6),(3,1,6),(2,1,6),(2,1,5),(1,1,5),(1,1,4),
207:(4,2,5),(5,2,5),(5,3,5),(6,3,5),(6,4,5),(6,5,5),(7,5,5),
208:(1,7,4),(2,7,4),(3,7,4),(3,7,5),(3,7,6),(3,7,7),(4,7,7),(5,7,7),(5,6,7),(5,5,7),(5,5,7),(6,5,7),(6,4,7),(6,4,7),(7,4,7),
209:(1,5,0),(0,5,0),(0,5,1),(0,6,1),(0,6,2),(0,6,3),(0,6,4),(0,6,5),(0,6,6),(0,6,7),(0,6,8),(0,7,8),(0,8,8),(1,8,8),
210:(7,6,0),(7,6,1),(7,6,2),(7,6,3),(6,6,3),(6,6,4),(7,6,4),
211:(1,5,7),(2,5,7),(2,5,6),(2,5,5),(2,5,4),(2,5,3),(2,5,2),(2,5,1),(2,6,1),(2,7,1),(2,8,1),(3,8,1),(4,8,1),
212:(7,3,3),(7,3,2),(7,3,1),(7,3,0),(7,4,0),
213:(7,4,7),(7,4,6),(7,3,6),(7,3,5),(7,2,5),(7,1,5),
214:(1,8,6),(2,8,6),(3,8,6),(3,8,5),(3,8,4),(3,8,3),(3,8,2),(3,8,1),(3,7,1),(3,6,1),(3,5,1),(3,4,1),(3,3,1),(3,2,1),(3,1,1),(4,1,1),(4,0,1),
215:(4,5,2),(4,5,3),(4,5,4),(5,5,4),(5,6,4),(5,7,4),(5,7,5),(6,7,5),(7,7,5),
216:(7,3,7),(7,3,8),
217:(7,8,6),(6,8,6),(6,8,5),(6,8,4),(6,8,3),(6,8,2),(6,7,2),(5,7,2),(5,6,2),(4,6,2),(3,6,2),(3,5,2),(3,4,2),(2,4,2),(2,3,2),(2,2,2),(1,2,2),
218:(7,7,0),(7,7,1),(7,7,2),(7,7,3),(8,7,3),(8,7,4),(8,7,5),(8,7,6),(8,7,7),(7,7,7),
219:(4,4,8),(3,4,8),(2,4,8),(1,4,8),
220:(1,6,6),(1,5,6),(1,4,6),(1,4,6),(2,4,6),(2,3,6),(3,3,6),(4,3,6),
221:(4,4,4),(5,4,4),(5,4,3),(6,4,3),(7,4,3),(7,5,3),
222:(7,3,1),(7,4,1),(7,4,2),(6,4,2),(5,4,2),(4,4,2),(3,4,2),(3,4,3),(3,4,4),(3,4,5),(2,4,5),(2,4,5),(1,4,5),
223:(7,2,5),(6,2,5),(5,2,5),(5,2,6),(4,2,6),(3,2,6),(2,2,6),(1,2,6),(1,2,5),(1,2,4),
224:(7,5,6),(8,5,6),(8,5,5),(8,5,4),(8,5,3),(8,5,2),(7,5,2),(7,6,2),(6,6,2),(5,6,2),(5,6,2),(4,6,2),
225:(4,6,3),(4,6,4),(4,7,4),(3,7,4),(2,7,4),(1,7,4),(1,7,5),(1,6,5),
226:(1,1,5),(2,1,5),(3,1,5),(3,2,5),(3,3,5),(3,3,6),(3,3,7),(3,4,7),(4,4,7),
227:(7,0,4),(6,0,4),(6,0,3),(5,0,3),(5,1,3),(5,2,3),(5,2,2),(4,2,2),
228:(4,1,8),(3,1,8),(2,1,8),(1,1,8),(1,2,8),(1,3,8),
229:(4,1,3),(5,1,3),(6,1,3),(6,1,4),(6,1,5),(6,2,5),(6,3,5),(6,4,5),(6,4,6),(7,4,6),
230:(1,7,2),(1,7,3),(1,7,4),(1,7,5),(2,7,5),(2,7,6),(2,6,6),(2,5,6),(3,5,6),(4,5,6),
231:(4,5,5),(3,5,5),(3,5,5),(3,5,6),(3,5,7),(2,5,7),(1,5,7),(1,5,8),
232:(4,8,5),(3,8,5),(2,8,5),(1,8,5),(0,8,5),(0,7,5),(0,6,5),(0,5,5),(1,5,5),(1,4,5),(1,3,5),(1,2,5),
233:(1,4,6),(2,4,6),(3,4,6),(3,4,7),(4,4,7),(5,4,7),(5,5,7),(5,6,7),(6,6,7),(6,7,7),(6,8,7),(7,8,7),
234:(1,5,5),(2,5,5),(2,5,4),(2,4,4),(3,4,4),(4,4,4),(4,4,3),(5,4,3),(6,4,3),(6,4,2),(6,4,1),(6,4,0),(6,3,0),(7,3,0),
235:(4,7,0),(3,7,0),(2,7,0),(1,7,0),(1,7,1),(1,6,1),(0,6,1),(0,6,2),(0,5,2),(0,5,3),(0,5,4),(0,5,5),(0,5,6),(0,5,6),(1,5,6),
236:(4,1,5),(4,2,5),(4,2,6),(4,2,7),(4,2,8),(4,3,8),
237:(4,7,4),(5,7,4),(5,7,5),(5,6,5),(5,5,5),(5,4,5),(5,3,5),(6,3,5),(6,3,5),(6,2,5),(6,1,5),(6,0,5),(7,0,5),
238:(7,6,3),(6,6,3),(5,6,3),(5,6,4),(4,6,4),(3,6,4),(3,5,4),(3,4,4),(3,4,5),(2,4,5),(2,3,5),(2,3,6),(2,3,7),(2,3,8),(2,2,8),(2,1,8),(1,1,8),
239:(1,0,5),(2,0,5),(2,1,5),(2,2,5),(2,3,5),(2,4,5),(2,4,6),(2,4,6),(2,5,6),(2,6,6),(3,6,6),(3,7,6),(4,7,6),
240:(4,7,2),(4,7,1),(4,6,1),(4,5,1),(4,5,1),(4,4,1),(4,3,1),(4,2,1),
241:(1,7,6),(2,7,6),(2,6,6),(3,6,6),(3,5,6),(3,5,7),(3,5,8),(3,4,8),(4,4,8),(5,4,8),(6,4,8),(6,3,8),(6,2,8),(7,2,8),
242:(4,5,0),(4,5,1),(4,4,1),(4,3,1),(4,2,1),(4,2,2),(4,1,2),(5,1,2),(5,1,3),(5,1,4),(5,1,5),(5,1,6),(5,1,7),(5,1,8),(5,1,8),(4,1,8),
