soc=2269
lb_soc=1334
makespan=21
lb_makespan=13
comp_time=12781
highLevelExpanded=76
lowLevelExpanded=24751
solution=
0:(1,8,7),(2,8,7),(3,8,7),(4,8,7),(4,8,8),(4,7,8),(4,6,8),(4,5,8),(4,4,8),(4,3,8),(4,2,8),
1:(7,7,7),(6,7,7),(5,7,7),(4,7,7),(4,7,6),(4,6,6),(4,5,6),
2:(1,3,3),(1,2,3),(1,1,3),(1,1,2),(1,1,2),(2,1,2),(3,1,2),(3,1,1),(4,1,1),(4,1,0),
3:(4,7,5),(4,7,6),(4,7,7),(4,6,7),
4:(7,6,1),(7,6,2),(7,6,3),(7,6,4),(7,6,5),(7,6,6),(7,5,6),(7,4,6),(7,3,6),
5:(1,0,0),(2,0,0),(3,0,0),(3,0,1),(3,0,2),(3,0,3),(4,0,3),(4,0,4),(4,0,5),
6:(4,3,5),(4,3,6),(4,3,7),(4,4,7),
7:(1,2,5),(1,2,4),(1,2,3),(1,2,2),(1,2,1),(2,2,1),(2,2,0),(2,3,0),(1,3,0),(1,4,0),
8:(1,0,7),(1,1,7),(1,2,7),(1,3,7),(2,3,7),(3,3,7),(3,4,7),(3,5,7),(3,6,7),(3,7,7),(4,7,7),(4,8,7),(4,8,6),(4,8,5),(4,8,4),
9:(4,5,3),(5,5,3),(6,5,3),(7,5,3),(7,5,2),(7,5,1),(7,6,1),(7,7,1),(7,8,1),
10:(4,3,0),(3,3,0),(2,3,0),(1,3,0),(1,3,1),
11:(7,0,8),(6,0,8),(5,0,8),(4,0,8),(3,0,8),(2,0,8),(2,1,8),(2,2,8),(2,2,7),(2,3,7),(1,3,7),(1,4,7),
12:(1,4,3),(1,4,4),(1,4,5),(1,4,6),(1,4,7),(1,5,7),(1,6,7),(1,7,7),
13:(4,1,1),(3,1,1),(2,1,1),(2,1,2),(2,1,3),(2,1,4),(2,1,4),(2,2,4),(2,2,5),(2,2,5),(2,2,6),(2,2,7),(2,2,8),(1,2,8),
14:(1,8,1),(2,8,1),(2,8,2),(2,8,3),(2,8,4),(2,8,5),(2,7,5),(2,6,5),(2,5,5),(3,5,5),(3,5,6),(3,4,6),(4,4,6),
15:(7,1,0),(7,2,0),(7,3,0),(7,4,0),(7,5,0),(7,6,0),(6,6,0),(6,6,1),(6,6,2),(6,6,3),(7,6,3),(7,6,4),
16:(7,2,8),(7,2,7),(7,3,7),(7,4,7),(7,5,7),
17:(7,1,8),(6,1,8),(5,1,8),(4,1,8),(3,1,8),(2,1,8),(2,1,7),(2,2,7),(2,3,7),(2,4,7),(2,5,7),(2,5,6),(2,5,5),(2,5,4),(2,5,3),(2,5,2),(2,5,1),(2,5,0),(2,6,0),(2,7,0),(2,8,0),(1,8,0),
18:(4,4,6),(5,4,6),(6,4,6),(6,4,5),(6,4,5),(6,5,5),(7,5,5),(7,5,4),
19:(7,3,7),(7,3,6),(7,3,5),(7,3,4),(7,3,3),(7,3,2),(7,3,1),(7,4,1),(7,5,1),(7,6,1),(7,7,1),
20:(1,6,1),(1,6,2),(1,6,3),(1,6,4),(1,6,5),(1,6,6),
21:(4,1,6),(4,1,5),(4,1,4),(4,1,3),(4,1,2),(4,1,1),(4,2,1),(4,3,1),(4,3,0),(4,4,0),(4,5,0),(4,6,0),
22:(7,4,5),(6,4,5),(5,4,5),(5,3,5),(5,3,4),(5,2,4),(5,1,4),(5,0,4),(5,0,4),(4,0,4),
23:(7,6,8),(7,6,7),(7,6,6),(7,6,5),(7,5,5),(7,5,4),(7,5,3),(7,5,2),
24:(4,6,6),(3,6,6),(2,6,6),(1,6,6),(1,7,6),(1,7,5),(1,7,4),(1,7,3),(1,7,2),(1,7,1),(1,7,0),
25:(1,3,8),(2,3,8),(3,3,8),(4,3,8),(5,3,8),(6,3,8),(6,4,8),(6,5,8),(6,5,7),(6,5,6),(6,6,6),(6,7,6),(7,7,6),
26:(7,4,7),(6,4,7),(5,4,7),(5,4,6),(5,4,5),(5,3,5),(5,3,4),(5,3,3),(5,3,3),(5,2,3),(4,2,3),
27:(1,7,6),(1,7,5),(1,6,5),(0,6,5),(0,6,4),(0,6,3),(0,6,2),(0,6,1),(0,6,0),(0,5,0),(0,4,0),(0,3,0),(1,3,0),
28:(4,2,6),(3,2,6),(2,2,6),(1,2,6),(1,2,7),
29:(1,2,3),(2,2,3),(3,2,3),(4,2,3),(5,2,3),(5,3,3),(5,4,3),(5,4,4),(5,4,5),(5,4,6),(6,4,6),(7,4,6),(7,5,6),
30:(1,3,1),(2,3,1),(3,3,1),(4,3,1),(4,3,0),(4,2,0),
31:(4,2,4),
32:(4,6,8),(4,5,8),(4,4,8),(4,4,8),(4,3,8),(4,3,7),
33:(7,8,5),(7,8,6),(7,7,6),(7,6,6),(7,5,6),(7,4,6),(7,3,6),(7,2,6),(7,1,6),(7,0,6),
34:(4,4,0),(3,4,0),(3,3,0),(3,2,0),(3,2,1),(3,2,2),(2,2,2),(2,2,3),(2,2,4),(2,1,4),(2,1,5),(2,1,6),(2,1,7),(2,1,8),(1,1,8),
35:(7,4,8),(6,4,8),(6,4,7),(6,4,6),(6,5,6),(6,6,6),(6,6,5),(6,6,4),(5,6,4),(5,6,4),(5,6,3),(4,6,3),
36:(4,8,1),(5,8,1),(5,8,2),(5,8,3),(5,8,4),(5,8,5),(6,8,5),(6,7,5),(6,6,5),(6,6,6),(6,6,7),(7,6,7),
37:(1,6,3),(2,6,3),(3,6,3),(3,6,4),(3,5,4),(3,5,5),(4,5,5),
38:(4,1,5),(3,1,5),(2,1,5),(1,1,5),(1,2,5),(1,3,5),(1,4,5),(1,5,5),(1,6,5),
39:(4,2,1),(3,2,1),(2,2,1),(1,2,1),(1,2,0),
40:(1,7,4),(2,7,4),(3,7,4),(4,7,4),(5,7,4),(6,7,4),(7,7,4),(7,7,5),(7,7,6),(7,7,7),
41:(4,6,5),(3,6,5),(2,6,5),(1,6,5),(1,7,5),(1,7,4),(1,7,3),(1,7,2),(1,7,1),(1,8,1),
42:(1,4,8),(2,4,8),(3,4,8),(3,4,7),(3,4,6),(3,5,6),(3,6,6),(4,6,6),
43:(7,4,3),(7,5,3),(7,5,3),(7,6,3),(7,7,3),(7,7,3),(7,8,3),
44:(4,1,2),(5,1,2),(6,1,2),(7,1,2),(7,1,3),(7,1,4),(7,1,5),(7,1,6),(7,1,7),
45:(4,0,3),(4,1,3),(4,2,3),(5,2,3),(5,3,3),(5,3,4),(5,4,4),(5,4,5),(5,5,5),(5,6,5),(5,6,6),(5,6,7),(5,7,7),(4,7,7),(4,8,7),
46:(4,2,5),(4,3,5),(4,4,5),
47:(4,1,4),(5,1,4),(6,1,4),(7,1,4),(7,1,5),(7,1,6),(7,1,7),(7,0,7),
48:(1,3,7),(1,3,6),(1,3,5),(1,4,5),(1,5,5),(1,5,5),(1,5,4),(1,5,3),(1,5,2),
49:(7,5,5),(7,5,4),(7,4,4),(7,4,3),(7,4,2),(7,4,1),(7,4,0),
50:(7,1,3),(6,1,3),(6,2,3),(6,3,3),(6,3,4),(6,3,5),(6,4,5),(6,5,5),(6,5,5),(5,5,5),(5,5,6),(5,6,6),(5,6,7),(5,6,8),(4,6,8),
51:(1,5,6),(1,4,6),(1,3,6),
52:(7,7,1),(6,7,1),(5,7,1),(5,6,1),(5,6,2),(5,6,3),(5,6,4),(5,6,5),(5,6,6),(5,5,6),(5,4,6),(5,3,6),(5,2,6),(4,2,6),
53:(7,5,1),(6,5,1),(5,5,1),(4,5,1),(3,5,1),(2,5,1),(2,5,0),(2,4,0),(2,3,0),(2,2,0),(2,1,0),(2,0,0),(1,0,0),
54:(1,4,6),(2,4,6),(3,4,6),(4,4,6),(5,4,6),(5,3,6),(5,3,5),(5,3,4),(5,2,4),(5,1,4),(5,1,3),(5,1,2),(6,1,2),(7,1,2),
55:(1,6,2),(2,6,2),(3,6,2),(4,6,2),(4,6,3),(4,5,3),(4,4,3),
56:(4,6,3),(3,6,3),(3,7,3),(2,7,3),(2,8,3),(1,8,3),
57:(1,3,4),(1,3,3),(1,3,2),(1,4,2),(1,5,2),(1,6,2),
58:(1,0,5),(2,0,5),(3,0,5),(4,0,5),(5,0,5),(6,0,5),(6,0,4),(7,0,4),(7,0,3),(7,0,2),(7,0,1),
59:(7,2,0),(6,2,0),(5,2,0),(4,2,0),(4,2,1),(4,2,2),(4,3,2),
60:(4,7,1),(4,7,2),(4,6,2),(4,5,2),(4,5,3),(4,5,4),(5,5,4),(5,5,5),(5,5,6),(5,5,7),(5,5,8),(5,4,8),(5,4,8),(4,4,8),
61:(4,6,0),(5,6,0),(6,6,0),(7,6,0),(7,6,1),(7,6,2),(7,6,3),(7,5,3),(7,4,3),
62:(1,6,0),(2,6,0),(3,6,0),(3,5,0),(3,4,0),(3,4,1),(3,3,1),(3,2,1),(4,2,1),(4,1,1),
63:(4,6,7),(4,6,6),(4,6,5),(4,6,5),(4,7,5),(4,7,5),(4,7,4),(4,7,3),
64:(4,0,6),(5,0,6),(6,0,6),(6,0,5),(6,0,4),(6,0,3),(6,0,2),(6,0,1),(6,1,1),(6,2,1),(6,3,1),(6,4,1),(6,5,1),(6,6,1),(6,6,0),(7,6,0),
65:(7,4,2),(7,3,2),(7,3,1),(7,3,0),(7,2,0),
66:(1,4,5),(1,3,5),(1,2,5),(2,2,5),(2,1,5),(2,0,5),(1,0,5),(1,0,6),(1,0,7),
67:(4,8,6),(3,8,6),(2,8,6),(2,8,5),(2,7,5),(2,6,5),(2,5,5),(2,4,5),(2,3,5),(1,3,5),
68:(7,5,4),(7,4,4),(7,4,5),(7,3,5),(7,3,6),(7,3,7),(7,4,7),
69:(7,5,3),(6,5,3),(6,5,4),(5,5,4),(5,5,5),(5,5,6),(5,5,7),(4,5,7),
70:(1,6,5),(2,6,5),(2,5,5),(3,5,5),(4,5,5),(5,5,5),(6,5,5),(6,5,6),(6,4,6),(6,3,6),(6,2,6),(7,2,6),
71:(4,6,1),(5,6,1),(6,6,1),(7,6,1),(7,6,2),(7,5,2),(7,4,2),(7,4,3),(7,3,3),
72:(4,1,0),(3,1,0),(2,1,0),(2,1,1),(2,1,2),(2,1,3),(2,0,3),(2,0,4),(2,0,5),(2,1,5),(1,1,5),
73:(7,8,8),(6,8,8),(5,8,8),(4,8,8),(3,8,8),(2,8,8),(2,8,7),(2,8,6),(2,8,5),(2,8,4),(2,8,3),(2,7,3),(2,6,3),(2,5,3),(2,4,3),(2,3,3),(1,3,3),
74:(4,4,7),(4,4,6),(4,5,6),(4,5,5),(4,6,5),
75:(4,2,7),(4,1,7),(4,0,7),(4,0,6),(4,0,5),(4,0,4),(4,0,4),(3,0,4),(3,0,3),(2,0,3),(1,0,3),(1,0,2),
76:(1,1,2),(2,1,2),(3,1,2),(3,0,2),(3,0,3),(3,0,4),(3,0,5),(4,0,5),(4,0,6),(4,0,7),(4,0,8),
77:(4,2,0),(5,2,0),(5,2,1),(6,2,1),(7,2,1),(7,3,1),(7,4,1),(7,5,1),(7,6,1),(7,6,2),
78:(4,8,2),(5,8,2),(5,8,3),(5,8,4),(5,8,5),(5,8,6),(5,8,7),(5,7,7),(5,6,7),(5,6,7),(5,5,7),(5,4,7),(5,3,7),(5,3,8),(5,2,8),(5,1,8),(5,0,8),(6,0,8),(7,0,8),
79:(1,2,4),(1,1,4),(1,1,5),(1,1,6),
80:(1,3,2),(2,3,2),(2,3,3),(3,3,3),(3,3,2),(4,3,2),(5,3,2),(6,3,2),(6,3,3),(6,3,4),(6,3,5),(6,3,6),(6,3,7),(6,3,7),(6,3,8),(7,3,8),
81:(1,8,8),(2,8,8),(3,8,8),(3,8,7),(4,8,7),(5,8,7),(6,8,7),(6,7,7),(6,7,6),(6,7,5),(7,7,5),(7,7,4),(7,7,3),(7,6,3),
82:(7,6,2),(6,6,2),(5,6,2),(5,6,2),(4,6,2),(4,6,1),
83:(7,3,3),(7,3,4),(6,3,4),(6,3,5),(7,3,5),(7,3,6),(7,3,7),
84:(4,3,3),(4,3,2),(4,2,2),(4,1,2),(3,1,2),(4,1,2),
85:(7,1,5),(6,1,5),(5,1,5),(4,1,5),(3,1,5),(3,1,6),(2,1,6),(2,1,7),(2,1,8),(1,1,8),(1,2,8),(1,3,8),(1,4,8),(1,5,8),
86:(1,1,4),(2,1,4),(3,1,4),(3,1,5),(3,1,6),(3,1,7),(3,2,7),(3,2,8),(3,3,8),(3,4,8),(3,5,8),(3,6,8),(4,6,8),(4,7,8),
87:(7,2,2),(6,2,2),(5,2,2),(4,2,2),(3,2,2),(2,2,2),(1,2,2),
88:(7,6,7),(7,6,6),(7,6,5),(7,5,5),(7,5,4),(7,5,3),(7,4,3),(7,3,3),(7,2,3),(7,1,3),(7,0,3),
89:(4,3,8),(4,3,7),(4,4,7),(4,5,7),(4,5,6),(4,5,5),(4,5,4),(4,5,3),(3,5,3),(3,5,2),(3,5,1),(3,4,1),(4,4,1),
90:(7,0,5),(7,1,5),(7,2,5),(6,2,5),(6,3,5),(7,3,5),
91:(1,4,2),(1,4,3),(1,3,3),(1,3,4),(1,2,4),(1,1,4),(1,1,4),(1,1,5),(1,0,5),
92:(7,3,2),(7,3,3),(7,3,4),(7,2,4),(7,2,5),(7,2,6),(7,1,6),(6,1,6),(6,1,6),(7,1,6),
93:(4,1,7),(4,1,6),(4,2,6),(4,2,5),(4,3,5),(4,3,4),
94:(7,3,4),(7,3,5),(6,3,5),(6,3,6),(6,3,7),(6,4,7),(6,5,7),(6,6,7),(6,7,7),(6,8,7),(7,8,7),
95:(7,8,1),(6,8,1),(5,8,1),(5,7,1),(5,7,2),(5,7,3),(5,7,4),(5,7,5),(5,7,6),(5,7,7),(5,6,7),(5,5,7),(5,4,7),(5,3,7),(5,2,7),(5,1,7),(4,1,7),
96:(7,8,2),(6,8,2),(6,7,2),(5,7,2),(4,7,2),(4,6,2),(4,5,2),
97:(7,4,0),(6,4,0),(5,4,0),(5,5,0),(5,6,0),(5,7,0),(5,7,1),(5,7,2),(5,7,3),(5,7,4),(5,7,5),(5,7,6),(5,8,6),(4,8,6),
98:(7,5,6),(6,5,6),(5,5,6),(4,5,6),(4,4,6),(4,3,6),
99:(1,3,0),(2,3,0),(2,3,1),(3,3,1),(4,3,1),(4,4,1),(4,4,2),
100:(4,7,0),(3,7,0),(2,7,0),(1,7,0),(1,7,1),(1,6,1),(1,5,1),(1,5,2),(1,4,2),(1,4,3),(1,4,3),(1,3,3),(1,3,4),
101:(7,8,6),(7,7,6),(7,7,5),(7,7,4),(7,6,4),(7,6,3),(6,6,3),(6,5,3),(6,4,3),(6,3,3),(6,2,3),(7,2,3),
102:(4,5,7),(5,5,7),(6,5,7),(6,5,6),(6,5,5),(6,5,4),(6,5,3),(6,5,2),(6,4,2),(7,4,2),(7,3,2),(8,3,2),(8,2,2),(8,1,2),(8,0,2),(7,0,2),
103:(1,2,7),(1,2,6),(0,2,6),(0,2,5),(0,2,4),(0,2,3),(0,2,2),(0,2,1),(1,2,1),
104:(7,0,7),(6,0,7),(5,0,7),(5,0,6),(5,1,6),(4,1,6),(4,1,5),(4,2,5),
105:(7,1,7),(7,1,6),(7,1,5),(7,1,6),(8,1,6),(8,1,5),(8,1,5),(7,1,5),
106:(1,4,7),(2,4,7),(3,4,7),(3,4,6),(3,4,5),(3,4,4),(3,4,3),(3,4,2),(3,5,2),(3,6,2),(4,6,2),
107:(1,8,4),(1,8,3),(1,7,3),(1,7,3),(1,7,3),(1,7,3),(0,7,3),(0,7,3),(1,7,3),
108:(4,8,8),(4,8,7),(4,8,6),(4,8,5),(4,8,4),(4,7,4),(4,7,3),(4,6,3),(4,5,3),
109:(7,6,4),(6,6,4),(5,6,4),(4,6,4),
110:(7,6,0),(7,6,1),(7,6,2),(7,5,2),(8,5,2),(8,5,3),(8,5,4),(8,5,5),(7,5,5),
111:(7,7,6),(6,7,6),(5,7,6),(4,7,6),(3,7,6),(3,7,5),(3,6,5),(3,6,4),(2,6,4),(2,6,3),(2,5,3),(2,4,3),(1,4,3),
112:(7,7,8),(6,7,8),(5,7,8),(4,7,8),(3,7,8),(2,7,8),(2,6,8),(2,6,7),(2,6,6),(2,6,5),(2,6,4),(2,6,3),(2,5,3),(2,4,3),(2,3,3),(2,2,3),(2,1,3),(2,0,3),(1,0,3),
113:(1,7,8),(2,7,8),(3,7,8),(3,7,7),(3,8,7),(3,8,6),(3,8,5),(3,8,4),(3,8,3),(3,8,2),(3,8,2),(4,8,2),
114:(4,3,1),(3,3,1),(3,2,1),(2,2,1),(2,2,2),(2,2,3),(2,2,4),(2,2,5),(2,2,6),(2,2,6),(1,2,6),
115:(1,0,2),(2,0,2),(3,0,2),(3,0,3),(3,0,4),(3,1,4),(3,2,4),(3,3,4),(3,4,4),(3,5,4),(4,5,4),
116:(7,0,0),(6,0,0),(5,0,0),(5,0,1),(5,0,2),(5,0,3),(5,0,4),(5,0,5),(5,1,5),(5,2,5),(5,3,5),(5,4,5),(5,5,5),(5,6,5),(5,7,5),(5,8,5),(4,8,5),
117:(1,7,3),(2,7,3),(2,7,2),(3,7,2),(3,7,1),(4,7,1),
118:(1,2,2),(2,2,2),(3,2,2),(3,2,3),(3,2,4),(3,2,5),(3,2,6),(3,2,7),(3,2,8),(3,3,8),(3,4,8),(3,5,8),(3,6,8),(3,7,8),(3,8,8),(4,8,8),
119:(7,2,3),(6,2,3),(5,2,3),(5,2,2),(5,2,1),(5,3,1),(5,4,1),(5,5,1),(5,6,1),(5,7,1),(5,8,1),(4,8,1),
120:(1,2,8),(1,2,7),(1,2,6),(1,2,5),(1,3,5),(1,4,5),(1,5,5),(1,5,6),(1,5,5),
121:(1,5,8),(2,5,8),(3,5,8),(3,4,8),(3,3,8),(3,2,8),(3,1,8),(3,1,7),(3,0,7),(3,0,6),(3,0,5),(3,0,4),(3,0,3),(4,0,3),
122:(7,5,8),(7,5,7),(7,4,7),(8,4,7),(8,4,6),(8,4,5),(8,4,4),(8,4,3),(8,4,2),(8,4,2),(7,4,2),
123:(1,2,1),(2,2,1),(2,2,2),(3,2,2),(3,2,3),(4,2,3),(5,2,3),(6,2,3),(6,2,4),(6,2,5),(6,2,5),(6,2,6),(6,3,6),(6,4,6),(7,4,6),
124:(1,7,2),(2,7,2),(3,7,2),(4,7,2),(4,7,1),(5,7,1),(6,7,1),(6,7,0),(7,7,0),
125:(7,3,8),(7,4,8),(7,5,8),(7,6,8),(7,7,8),
126:(1,0,4),(2,0,4),(3,0,4),(4,0,4),(5,0,4),(6,0,4),(7,0,4),(7,0,3),(7,0,2),(7,0,1),(7,1,1),
127:(4,0,4),(5,0,4),(6,0,4),(7,0,4),(7,0,5),
128:(7,5,0),(6,5,0),(5,5,0),(4,5,0),(3,5,0),(2,5,0),(2,4,0),(2,4,1),(2,4,2),(2,4,3),(2,4,4),(2,4,5),(2,4,6),(2,4,7),(2,3,7),(1,3,7),
129:(4,6,2),(4,6,3),(4,5,3),(4,4,3),(4,3,3),(4,3,3),(4,2,3),(4,1,3),
130:(1,1,6),(1,1,5),(0,1,5),(0,1,4),(0,1,3),(0,1,2),(1,1,2),(1,1,1),
131:(4,5,2),(4,5,3),(4,4,3),(5,4,3),(5,4,4),(5,4,5),(5,4,6),(5,4,7),(5,4,8),(4,4,8),(4,3,8),
132:(1,5,5),(1,5,4),(1,4,4),(1,4,4),(1,3,4),(1,2,4),
133:(1,5,0),(2,5,0),(3,5,0),(3,5,1),(3,5,2),(4,5,2),(5,5,2),(5,5,3),(6,5,3),(6,5,4),(6,4,4),(6,3,4),(6,2,4),(6,1,4),(6,0,4),(7,0,4),
134:(1,7,5),(2,7,5),(3,7,5),(3,7,4),(3,7,3),(3,6,3),(3,5,3),(3,4,3),(3,3,3),(3,3,2),(3,2,2),(4,2,2),
135:(7,3,1),(6,3,1),(5,3,1),(5,3,2),(5,4,2),(4,4,2),(3,4,2),(2,4,2),(3,4,2),(2,4,2),(1,4,2),
136:(4,8,0),(4,7,0),(4,6,0),(4,6,-1),(4,5,-1),(4,4,-1),(4,3,-1),(4,2,-1),(4,1,-1),(4,0,-1),(4,0,0),
137:(1,4,1),(2,4,1),(3,4,1),(3,4,2),(3,4,3),(3,5,3),(3,5,4),(3,5,5),(3,5,6),(3,6,6),(3,7,6),(4,7,6),
138:(4,7,6),(5,7,6),(5,6,6),(6,6,6),(7,6,6),(7,6,7),(7,6,8),(7,5,8),(7,4,8),
139:(7,0,4),(7,0,5),(7,0,6),(7,0,7),(7,0,8),(7,1,8),(7,2,8),(7,3,8),(6,3,8),(6,4,8),(6,5,8),(7,5,8),
140:(1,8,3),(2,8,3),(3,8,3),(3,7,3),(4,7,3),(4,7,3),(4,6,3),(5,6,3),(6,6,3),(7,6,3),(7,5,3),
141:(4,8,4),(3,8,4),(3,8,5),(3,7,5),(3,6,5),(3,6,6),(2,6,6),(2,5,6),(1,5,6),(1,5,6),(1,4,6),
142:(1,5,3),(2,5,3),(3,5,3),(3,4,3),(3,3,3),(3,3,2),(3,3,2),(3,3,1),(4,3,1),
143:(7,0,2),(6,0,2),(5,0,2),(5,1,2),(5,1,3),(5,2,3),(5,3,3),(4,3,3),
144:(7,0,6),(6,0,6),(6,1,6),(6,2,6),(6,3,6),(6,4,6),(6,5,6),(6,6,6),(7,6,6),
145:(4,2,2),(5,2,2),(5,3,2),(6,3,2),(6,3,1),(6,3,0),(7,3,0),
146:(4,1,8),(3,1,8),(2,1,8),(2,2,8),(2,2,7),(2,2,6),(2,3,6),(2,3,5),(2,3,4),(2,3,3),(2,3,2),(2,3,1),(2,4,1),(1,4,1),
147:(4,7,4),(4,6,4),(3,6,4),(3,6,5),(3,5,5),(3,4,5),(3,3,5),(3,2,5),(3,1,5),(4,1,5),
148:(7,6,6),(6,6,6),(6,6,7),(5,6,7),(5,6,8),(4,6,8),(3,6,8),(2,6,8),(2,5,8),(2,4,8),(2,3,8),(2,3,8),(1,3,8),
149:(1,5,1),(2,5,1),(3,5,1),(3,5,2),(4,5,2),(5,5,2),(6,5,2),(6,4,2),(6,3,2),(6,2,2),(6,1,2),(6,1,3),(6,1,4),(6,1,5),(6,1,6),(6,1,7),(6,1,8),(7,1,8),
150:(1,4,0),(1,4,1),(1,4,2),(1,4,3),(1,5,3),(1,5,4),(1,6,4),(1,6,5),(1,7,5),(1,7,6),(1,8,6),(1,8,7),
151:(1,0,6),(1,0,5),(1,0,4),(1,0,3),(1,1,3),
152:(1,8,6),(1,8,7),(1,8,8),(1,7,8),(1,6,8),(1,5,8),(1,4,8),(1,3,8),(1,2,8),(0,2,8),(0,1,8),(1,1,8),(1,0,8),
153:(4,8,5),(4,8,4),(4,8,3),
154:(1,2,6),(2,2,6),(2,2,5),(3,2,5),(4,2,5),(5,2,5),(6,2,5),(6,3,5),(6,3,4),(6,4,4),(6,4,3),(6,4,2),(6,5,2),(6,6,2),(6,7,2),(6,8,2),(7,8,2),
155:(1,5,4),(2,5,4),(2,5,3),(2,5,3),(2,4,3),(2,3,3),(3,3,3),(3,3,2),(3,2,2),(4,2,2),(4,2,1),
156:(1,4,4),(2,4,4),(2,4,3),(2,4,2),(2,4,1),(2,4,0),(3,4,0),(3,3,0),(3,3,0),(4,3,0),
157:(7,3,5),(6,3,5),(5,3,5),(4,3,5),(3,3,5),(3,3,6),(3,3,7),(2,3,7),(2,4,7),(2,5,7),(2,5,8),(2,6,8),(2,7,8),(2,8,8),(1,8,8),
158:(4,4,3),(5,4,3),(6,4,3),(6,4,4),(7,4,4),
159:(7,8,0),(6,8,0),(5,8,0),(5,8,1),(5,7,1),(5,6,1),(5,5,1),(4,5,1),
160:(4,5,1),(5,5,1),(5,4,1),(6,4,1),(6,4,1),(6,3,1),(6,2,1),(7,2,1),
161:(4,8,7),(5,8,7),(6,8,7),(6,8,6),(6,8,5),(6,8,4),(6,8,3),(6,8,2),(6,8,1),(6,8,0),(6,7,0),(6,6,0),(6,5,0),(6,4,0),(6,3,0),(6,2,0),(6,1,0),(6,0,0),(7,0,0),
162:(1,1,1),(1,1,2),(1,2,2),(1,3,2),(1,4,2),(1,4,3),(1,5,3),(1,6,3),
163:(4,3,2),(3,3,2),(2,3,2),(2,3,2),(1,3,2),
164:(1,5,7),(2,5,7),(3,5,7),(3,5,6),(3,6,6),(3,7,6),(4,7,6),(5,7,6),(5,8,6),(6,8,6),(6,8,5),(6,8,4),(7,8,4),
165:(4,3,4),(3,3,4),(2,3,4),(2,4,4),(2,5,4),(2,6,4),(2,7,4),(2,7,5),(2,7,6),(2,7,6),(1,7,6),
166:(7,7,2),(7,7,3),(8,7,3),(8,6,3),(8,5,3),(8,4,3),(8,3,3),(8,3,4),(8,2,4),(8,2,4),(7,2,4),
167:(4,4,2),(5,4,2),(6,4,2),(6,5,2),(6,5,1),(6,5,0),(7,5,0),
168:(4,4,1),(4,5,1),(4,6,1),(3,6,1),(2,6,1),(2,6,2),(2,6,3),(2,6,4),(1,6,4),
169:(4,2,3),(3,2,3),(3,2,4),(3,3,4),(3,4,4),(3,5,4),(3,5,5),(3,6,5),(2,6,5),(2,7,5),(1,7,5),(1,8,5),
170:(7,0,3),(6,0,3),(5,0,3),(4,0,3),(4,0,2),
171:(4,0,2),(5,0,2),(5,1,2),(6,1,2),(6,1,3),(6,1,4),(6,1,5),(6,2,5),(6,3,5),(6,4,5),(6,5,5),(6,6,5),(7,6,5),
172:(7,2,4),(6,2,4),(5,2,4),(5,3,4),(4,3,4),(3,3,4),(2,3,4),(2,3,3),(2,4,3),(2,5,3),(1,5,3),
173:(7,3,6),(6,3,6),(5,3,6),(4,3,6),(3,3,6),(2,3,6),(2,4,6),(2,4,6),(2,5,6),(2,5,6),(1,5,6),
174:(1,1,3),(2,1,3),(3,1,3),(3,1,2),(3,1,1),(3,1,0),(4,1,0),(5,1,0),(6,1,0),(7,1,0),
175:(7,2,7),(6,2,7),(5,2,7),(4,2,7),(3,2,7),(2,2,7),(2,3,7),(1,3,7),(1,4,7),(1,5,7),
176:(4,0,1),(4,1,1),(4,2,1),(5,2,1),(5,3,1),(5,3,2),(5,4,2),(5,4,3),(5,4,4),(5,4,5),(5,5,5),(5,5,6),(5,5,7),(5,6,7),(5,7,7),(4,7,7),
177:(7,2,5),(6,2,5),(5,2,5),(5,2,5),(5,3,5),(4,3,5),(4,3,5),(3,3,5),(3,4,5),(2,4,5),(2,5,5),(2,6,5),(2,7,5),(1,7,5),
178:(7,2,1),(7,2,2),(7,2,3),(7,2,3),(7,2,3),(7,1,3),(7,1,4),
179:(7,5,2),(6,5,2),(5,5,2),(5,4,2),(4,4,2),(3,4,2),(2,4,2),(1,4,2),(1,4,3),(0,4,3),(0,4,4),(0,4,5),(1,4,5),
180:(4,6,4),(3,6,4),(2,6,4),(2,5,4),(1,5,4),(1,4,4),
181:(1,7,7),(2,7,7),(3,7,7),(3,6,7),(3,5,7),(3,4,7),(3,4,6),(3,4,5),(2,4,5),(2,3,5),(3,3,5),(4,3,5),
182:(7,8,4),(7,8,5),
183:(7,2,6),(6,2,6),(6,2,5),(6,2,4),(5,2,4),(5,1,4),(4,1,4),(3,1,4),(2,1,4),(2,1,3),(2,1,2),(1,1,2),
184:(7,4,6),(7,4,5),(8,4,5),(8,4,4),(8,4,3),(8,4,2),(8,4,1),(8,5,1),(8,5,1),(7,5,1),
185:(7,1,6),(6,1,6),(5,1,6),(4,1,6),(4,1,5),(4,2,5),(3,2,5),(3,2,4),(3,3,4),(3,4,4),(3,5,4),(2,5,4),(2,6,4),(2,7,4),(2,8,4),(1,8,4),
186:(7,7,4),(6,7,4),(6,6,4),(6,5,4),(6,4,4),(6,4,5),(6,4,6),(6,3,6),(5,3,6),(5,2,6),(5,1,6),(5,0,6),(4,0,6),
187:(4,4,4),(3,4,4),(2,4,4),(2,4,3),(2,4,2),(2,5,2),(2,6,2),(2,7,2),(2,8,2),(1,8,2),
188:(4,2,8),(3,2,8),(2,2,8),(2,2,7),(2,2,6),(2,2,5),(2,1,5),(2,1,4),(2,1,3),(2,1,2),(2,1,1),(2,0,1),(1,0,1),
189:(7,7,0),(7,7,1),(7,7,2),(6,7,2),(6,7,3),(6,7,3),(5,7,3),(5,7,4),(4,7,4),
190:(4,3,6),(5,3,6),(5,3,7),(6,3,7),(6,3,8),(6,4,8),(6,5,8),(6,6,8),(6,7,8),(6,8,8),(7,8,8),
191:(4,5,5),(4,5,4),(4,4,4),
192:(7,7,5),(7,6,5),(7,5,5),(7,5,6),(7,4,6),(7,4,7),(6,4,7),(6,3,7),(6,2,7),(7,2,7),
193:(1,2,0),(2,2,0),(3,2,0),(3,2,1),(3,3,1),(3,3,1),(4,3,1),(5,3,1),(6,3,1),(7,3,1),
194:(7,4,1),(7,4,1),(7,4,1),(7,4,1),(7,4,1),(6,4,1),(6,4,1),(6,4,1),(7,4,1),
195:(4,0,8),(3,0,8),(2,0,8),(2,1,8),(2,2,8),(2,3,8),(2,4,8),(2,5,8),(1,5,8),(1,6,8),(1,7,8),
196:(7,1,1),(7,1,2),(7,2,2),(7,3,2),(8,3,2),(8,3,3),(8,3,4),(8,3,5),(8,3,6),(8,3,7),(8,3,8),(8,4,8),(8,5,8),(8,6,8),(7,6,8),
197:(1,6,8),(2,6,8),(3,6,8),(4,6,8),(4,5,8),(5,5,8),(5,4,8),(6,4,8),(6,4,7),(6,4,6),(6,4,5),(6,4,4),(6,3,4),(7,3,4),
198:(1,0,3),(2,0,3),(3,0,3),(3,0,4),(3,1,4),(3,2,4),(3,3,4),(3,4,4),(3,5,4),(4,5,4),(5,5,4),(6,5,4),(6,6,4),(6,7,4),(7,7,4),
199:(4,4,8),(5,4,8),(5,3,8),(6,3,8),(7,3,8),(7,2,8),(7,2,7),(7,2,7),(7,2,6),(7,2,5),
200:(7,8,7),(6,8,7),(6,7,7),(5,7,7),(4,7,7),(3,7,7),(2,7,7),(2,7,8),(2,6,8),(2,5,8),(2,4,8),(2,4,8),(2,4,8),(1,4,8),
201:(1,0,1),(1,0,2),(1,0,3),(1,1,3),(1,1,4),(1,1,5),(1,2,5),
202:(7,0,1),(6,0,1),(5,0,1),(4,0,1),(3,0,1),(2,0,1),(2,1,1),(2,2,1),(2,3,1),(2,3,1),(2,4,1),(1,4,1),(1,5,1),
203:(4,0,0),(3,0,0),(3,1,0),(2,1,0),(1,1,0),
204:(7,6,5),(6,6,5),(5,6,5),(5,6,4),(5,6,3),(4,6,3),(3,6,3),(2,6,3),(2,6,2),(2,6,1),(1,6,1),(1,6,0),
205:(4,7,2),(4,7,3),(4,7,4),(4,7,5),(3,7,5),(2,7,5),(2,7,6),(2,7,7),(2,6,7),(1,6,7),
206:(1,1,8),(1,2,8),(1,3,8),(1,4,8),(1,5,8),(0,5,8),(0,5,7),(0,5,6),(0,5,5),(0,5,4),(0,5,3),(0,5,2),(0,5,1),(0,6,1),(0,7,1),(1,7,1),
207:(4,5,0),(4,5,0),(4,5,1),(4,6,1),(3,6,1),(3,6,2),(3,7,2),(3,7,3),(2,7,3),(2,7,4),(1,7,4),
208:(1,6,7),(2,6,7),(3,6,7),(3,5,7),(3,4,7),(3,4,6),(3,3,6),(3,2,6),(3,1,6),(3,1,6),(4,1,6),
209:(7,8,3),(7,8,2),(7,8,1),(7,8,0),
210:(1,1,7),(2,1,7),(3,1,7),(4,1,7),(5,1,7),(6,1,7),(6,1,6),(6,1,5),(6,1,4),(6,1,3),(7,1,3),
211:(1,7,1),(1,7,0),(1,6,0),(1,5,0),
212:(1,6,6),(1,6,5),(1,6,4),(2,6,4),(3,6,4),(3,6,4),(3,6,4),(3,6,3),(4,6,3),(5,6,3),(6,6,3),(6,6,2),(6,6,1),(7,6,1),
213:(1,1,5),(2,1,5),(2,1,4),(3,1,4),(3,1,3),(3,1,2),(3,1,1),(3,1,0),(3,2,0),(3,3,0),(3,4,0),(4,4,0),(4,5,0),
214:(7,3,0),(6,3,0),(5,3,0),(4,3,0),(4,4,0),(4,5,0),(4,6,0),(4,7,0),(4,8,0),
215:(7,7,3),(7,6,3),(6,6,3),(6,6,2),(6,5,2),(6,4,2),(6,3,2),(7,3,2),(7,2,2),
216:(1,7,0),(2,7,0),(2,7,1),(2,7,2),(2,7,3),(3,7,3),(3,7,4),(3,7,5),(3,7,5),(4,7,5),
217:(4,5,4),(5,5,4),(5,5,3),(5,5,2),(5,5,1),(4,5,1),(4,5,0),(4,6,0),(4,7,0),
218:(1,5,2),(1,5,3),(1,5,4),(1,5,5),(1,5,6),(0,5,6),(0,6,6),(0,6,7),(0,6,8),(0,6,8),(1,6,8),
219:(4,5,8),(4,5,7),(4,6,7),(4,6,6),(5,6,6),(5,7,6),(5,8,6),(4,8,6),(3,8,6),(2,8,6),(2,8,6),(1,8,6),
220:(4,3,7),(3,3,7),(2,3,7),(2,3,6),(2,3,5),(2,3,4),(2,3,3),(2,4,3),(2,5,3),(2,5,2),(2,5,1),(1,5,1),(1,6,1),
221:(4,1,3),(4,2,3),(4,3,3),(5,3,3),(5,4,3),(5,5,3),(5,6,3),(5,6,2),(4,6,2),(4,7,2),
222:(1,8,5),(2,8,5),(2,7,5),(2,7,6),(2,7,7),(2,6,7),(3,6,7),(3,6,8),(4,6,8),(5,6,8),(6,6,8),(6,5,8),(6,4,8),(6,3,8),(6,2,8),(6,2,8),(7,2,8),
223:(1,3,6),(2,3,6),(2,3,5),(2,3,4),(2,3,3),(2,3,2),(2,3,1),(2,3,1),(3,3,1),(3,4,1),(3,4,1),(3,4,0),(4,4,0),
224:(7,4,4),(6,4,4),(6,4,5),(7,4,5),
225:(4,5,6),(5,5,6),(5,4,6),(5,3,6),(5,3,7),(5,2,7),(4,2,7),
226:(4,4,5),(4,4,4),(4,3,4),(4,3,4),(3,3,4),(3,3,3),(3,2,3),(3,2,2),(3,2,1),(3,1,1),(3,0,1),(4,0,1),
227:(1,0,8),(2,0,8),(2,0,7),(3,0,7),(4,0,7),(5,0,7),(6,0,7),(6,0,6),(6,0,5),(6,0,4),(6,1,4),(6,2,4),(6,2,3),(6,3,3),(6,4,3),(6,5,3),(6,6,3),(6,7,3),(7,7,3),
228:(4,7,3),(3,7,3),(2,7,3),(2,6,3),(2,5,3),(2,5,3),(2,5,4),(1,5,4),
229:(7,6,3),(6,6,3),(5,6,3),(5,5,3),(5,5,4),(5,4,4),(5,4,5),(5,4,6),(4,4,6),(3,4,6),(2,4,6),(2,3,6),(2,2,6),(2,1,6),(2,0,6),(1,0,6),
230:(4,7,7),(5,7,7),(5,8,7),(6,8,7),(7,8,7),(7,8,6),
231:(1,3,5),(1,3,4),(1,2,4),(1,1,4),(1,0,4),
232:(7,5,7),(7,5,6),(6,5,6),(6,5,5),(6,5,4),(6,6,4),(7,6,4),(7,6,3),(7,6,2),(7,7,2),
233:(7,1,4),(6,1,4),(6,1,5),(6,1,6),(6,1,7),(6,1,8),(5,1,8),(4,1,8),(3,1,8),(2,1,8),(2,1,7),(1,1,7),
234:(1,8,2),(1,7,2),(1,6,2),(1,6,3),(1,6,4),(1,6,5),(2,6,5),(2,5,5),(3,5,5),(3,4,5),(3,4,6),(3,4,7),(3,3,7),(3,2,7),(3,1,7),(4,1,7),(4,0,7),
235:(1,1,0),(1,1,1),(1,2,1),(1,3,1),(0,3,1),(0,3,2),(0,4,2),(0,5,2),(0,6,2),(0,7,2),(1,7,2),
236:(4,0,7),(5,0,7),(5,0,6),(5,1,6),(5,2,6),(5,2,6),(5,2,5),(5,2,4),(5,2,3),(6,2,3),(6,2,2),(6,3,2),(7,3,2),
237:(4,8,3),(5,8,3),(5,8,4),(5,8,5),(5,7,5),(5,6,5),(5,6,6),(5,6,7),(5,5,7),(5,4,7),(5,3,7),(5,3,8),(5,2,8),(5,1,8),(4,1,8),
238:(4,0,5),(4,0,4),(4,0,4),(4,1,4),(4,1,4),(4,1,5),(5,1,5),(5,1,4),(4,1,4),
239:(1,6,4),(2,6,4),(2,5,4),(2,5,5),(2,5,6),(2,5,7),(3,5,7),(3,5,8),(4,5,8),
240:(1,8,0),(1,8,1),(1,8,2),(1,7,2),(1,6,2),(1,6,3),(0,6,3),(0,5,3),(0,4,3),(0,3,3),(1,3,3),(1,2,3),
241:(7,1,2),(7,1,3),(7,1,4),(8,1,4),(8,1,5),(8,2,5),(8,3,5),(8,4,5),(8,5,5),(8,6,5),(7,6,5),(7,7,5),
242:(4,7,8),(4,6,8),(4,5,8),(5,5,8),(5,5,7),(5,4,7),(5,3,7),(5,3,6),(5,2,6),(4,2,6),(3,2,6),(2,2,6),(2,2,5),(2,2,4),(2,1,4),(1,1,4),
