soc=2289
lb_soc=1364
makespan=19
lb_makespan=12
comp_time=9591
highLevelExpanded=67
lowLevelExpanded=17314
solution=
0:(1,1,5),(2,1,5),(3,1,5),(4,1,5),(5,1,5),(6,1,5),(7,1,5),(7,1,6),
1:(7,6,2),(6,6,2),(5,6,2),(4,6,2),(4,6,3),(4,6,4),(4,6,5),(4,6,6),(4,6,7),(4,6,8),
2:(7,1,6),(6,1,6),(5,1,6),(4,1,6),(4,1,7),(4,1,8),
3:(4,6,8),(3,6,8),(2,6,8),(2,5,8),(2,4,8),(2,3,8),(2,3,7),(2,3,6),(2,3,5),(2,3,4),(2,3,3),(2,2,3),(2,1,3),(2,1,2),(2,1,1),(1,1,1),
4:(1,0,6),(2,0,6),(2,1,6),(2,1,5),(2,1,4),(2,2,4),(2,2,4),(3,2,4),(4,2,4),(5,2,4),(6,2,4),(6,3,4),(6,4,4),(6,5,4),(7,5,4),
5:(7,5,7),(6,5,7),(5,5,7),(4,5,7),(4,4,7),
6:(7,2,4),(6,2,4),(6,3,4),(6,3,5),(6,3,6),(5,3,6),(5,4,6),(5,5,6),(5,6,6),(5,6,7),(5,6,8),(5,7,8),(5,8,8),(4,8,8),
7:(1,5,1),(1,5,1),(1,4,1),(1,3,1),(1,2,1),(1,2,2),(1,1,2),(1,1,3),(1,1,4),(1,1,5),
8:(1,6,0),(2,6,0),(3,6,0),(4,6,0),(4,6,1),(4,6,2),(4,6,3),(4,6,4),(4,6,5),(4,7,5),
9:(1,7,0),(2,7,0),(3,7,0),(4,7,0),(5,7,0),(6,7,0),(7,7,0),(7,7,1),(8,7,1),(8,7,2),(8,7,3),(7,7,3),
10:(7,1,8),(6,1,8),(5,1,8),(5,2,8),(5,3,8),(5,4,8),(5,5,8),(5,6,8),(5,7,8),(5,8,8),(5,8,7),(5,8,6),(4,8,6),
11:(1,8,7),(2,8,7),(3,8,7),(4,8,7),(4,8,6),(4,7,6),(4,6,6),(4,5,6),
12:(1,0,7),(2,0,7),(3,0,7),(4,0,7),(4,0,6),(4,0,5),(4,0,4),(4,0,3),(4,0,2),(4,0,1),(4,0,0),
13:(1,4,4),(1,4,3),(1,4,2),(1,5,2),(0,5,2),(1,5,2),
14:(7,8,3),(7,8,4),
15:(4,1,6),(4,2,6),(4,3,6),(4,4,6),(4,5,6),(4,5,7),(4,6,7),(4,7,7),
16:(4,0,5),(3,0,5),(2,0,5),(1,0,5),(1,0,6),(1,1,6),(1,2,6),(1,3,6),(1,4,6),
17:(1,1,4),(2,1,4),(3,1,4),(4,1,4),(4,1,5),(4,1,6),(4,1,7),(4,2,7),(4,3,7),
18:(7,3,4),(7,3,3),(7,3,2),(7,3,1),(7,3,0),
19:(1,3,1),(2,3,1),(3,3,1),(4,3,1),(5,3,1),(6,3,1),(6,3,2),(6,4,2),(6,4,2),(6,4,3),(6,4,4),(6,4,5),(7,4,5),
20:(4,6,3),(5,6,3),(6,6,3),(6,6,4),(6,6,5),(6,6,6),(6,5,6),(6,4,6),(6,4,7),(6,3,7),(6,2,7),(7,2,7),
21:(7,2,8),(6,2,8),(5,2,8),(4,2,8),(3,2,8),(3,3,8),(3,4,8),(3,5,8),(3,6,8),(3,6,7),(3,6,6),(3,6,6),(2,6,6),(2,6,5),(2,6,4),(2,6,3),(2,6,2),(2,6,1),(2,6,0),(1,6,0),
22:(1,2,5),(2,2,5),(2,2,4),(2,2,4),(2,2,3),(2,2,2),(3,2,2),(3,2,1),(4,2,1),(5,2,1),(6,2,1),(6,2,0),(6,3,0),(6,4,0),(7,4,0),
23:(1,7,4),(1,7,3),(1,7,2),(1,7,1),(1,7,0),(1,6,0),(1,5,0),
24:(7,1,7),(6,1,7),(5,1,7),(5,2,7),(5,2,6),(5,2,5),(5,3,5),(5,4,5),(5,4,5),(5,5,5),(5,6,5),(4,6,5),
25:(4,4,1),(4,3,1),(4,2,1),(4,2,1),(5,2,1),(5,2,2),(5,1,2),(5,0,2),(5,0,3),(5,0,4),(5,0,5),(6,0,5),(6,0,6),(6,0,7),(7,0,7),
26:(4,5,8),(5,5,8),(6,5,8),(6,5,7),(6,6,7),(6,7,7),(6,7,6),(6,7,5),(6,7,4),(6,7,3),(6,7,2),(6,7,1),(7,7,1),
27:(1,4,3),(2,4,3),(3,4,3),(4,4,3),(4,4,2),(4,4,1),(4,4,0),(4,5,0),(4,6,0),(4,7,0),
28:(7,1,3),(6,1,3),(5,1,3),(4,1,3),(4,1,3),(4,1,2),(3,1,2),(3,2,2),(3,2,2),(3,3,2),(3,4,2),(3,5,2),(2,5,2),(2,6,2),(1,6,2),
29:(4,6,1),(5,6,1),(6,6,1),(7,6,1),(7,6,0),(7,7,0),(7,8,0),
30:(4,4,5),(3,4,5),(2,4,5),(1,4,5),(1,4,4),(1,4,3),(1,4,2),(1,3,2),(1,2,2),(1,1,2),(1,0,2),
31:(1,1,0),(1,1,1),(1,2,1),(2,2,1),(2,2,2),(3,2,2),(3,2,3),(3,2,3),(3,2,4),(3,2,5),(3,2,6),(3,1,6),(4,1,6),
32:(1,7,8),(1,7,7),(1,6,7),(1,5,7),(1,4,7),(1,3,7),(1,2,7),(1,1,7),(1,0,7),(0,0,7),(0,0,6),(0,0,5),(0,0,4),(0,0,3),(0,0,2),(0,0,1),(0,0,0),(1,0,0),
33:(1,2,0),(2,2,0),(3,2,0),(4,2,0),(5,2,0),(5,2,1),(5,2,2),(5,2,3),(5,2,4),(5,2,5),(5,3,5),(5,4,5),(5,5,5),(6,5,5),(6,6,5),(6,7,5),(7,7,5),
34:(4,6,4),(4,6,3),(4,6,2),(4,6,1),(3,6,1),(3,6,0),(3,5,0),(3,4,0),(3,3,0),(3,2,0),(3,1,0),(4,1,0),
35:(7,3,0),(7,3,1),(7,2,1),(7,2,2),(7,1,2),(7,0,2),
36:(4,8,4),(5,8,4),(6,8,4),(6,7,4),(6,6,4),(6,5,4),(6,4,4),(6,3,4),(6,2,4),(6,1,4),(6,0,4),(7,0,4),
37:(4,4,7),(4,4,8),
38:(1,8,0),(1,8,1),(1,8,2),(1,8,3),(1,8,4),(1,8,5),(1,8,6),(1,7,6),(0,7,6),(0,6,6),(0,5,6),(0,4,6),(0,3,6),(0,2,6),(1,2,6),
39:(7,5,8),(7,6,8),(7,7,8),
40:(4,7,7),(3,7,7),(2,7,7),(2,6,7),(2,5,7),(1,5,7),(1,4,7),(1,3,7),(1,2,7),(1,1,7),
41:(4,2,6),(5,2,6),(6,2,6),(7,2,6),(7,2,5),(7,2,4),(7,2,3),(7,2,2),(7,1,2),
42:(1,8,4),(2,8,4),(3,8,4),(4,8,4),(5,8,4),(6,8,4),(6,8,3),(7,8,3),(7,8,2),
43:(1,5,3),(2,5,3),(3,5,3),(3,4,3),(3,3,3),(3,3,2),(3,3,1),(3,3,0),(4,3,0),
44:(1,5,2),(2,5,2),(3,5,2),(3,5,3),(3,5,4),(3,5,5),(3,4,5),(3,3,5),(3,3,5),(4,3,5),
45:(4,3,1),(4,3,2),(4,4,2),(4,5,2),(4,6,2),(4,6,3),(4,6,4),(4,6,5),(4,7,5),(4,8,5),
46:(4,8,2),(5,8,2),(6,8,2),(7,8,2),(7,8,1),(7,7,1),(7,6,1),(7,5,1),(8,5,1),(8,4,1),(8,3,1),(8,3,1),(7,3,1),
47:(7,5,6),(6,5,6),(5,5,6),(4,5,6),(4,5,5),(4,5,4),(4,5,3),(4,5,2),(4,5,1),
48:(4,8,3),(3,8,3),(2,8,3),(2,7,3),(2,6,3),(2,5,3),(2,4,3),(2,3,3),(2,3,3),(2,3,3),(1,3,3),
49:(1,6,3),(1,6,4),(1,6,5),(1,5,5),(1,4,5),
50:(4,6,2),(5,6,2),(5,6,3),(6,6,3),(7,6,3),(7,6,4),(7,5,4),(7,4,4),
51:(1,3,5),(2,3,5),(3,3,5),(4,3,5),(5,3,5),(6,3,5),(6,3,4),(6,3,3),(6,3,2),(6,3,2),(7,3,2),
52:(7,5,5),(6,5,5),(5,5,5),(4,5,5),(4,5,4),(4,5,3),(4,5,2),(4,5,1),(4,5,0),
53:(4,1,2),(3,1,2),(2,1,2),(1,1,2),(1,1,3),(1,1,4),(1,2,4),(1,2,5),(1,2,6),(1,3,6),
54:(7,7,8),(6,7,8),(6,6,8),(6,6,8),(6,5,8),(6,4,8),(5,4,8),(5,3,8),(5,3,7),(5,3,6),(5,2,6),(5,2,5),(5,2,4),(4,2,4),
55:(4,8,1),(4,7,1),(4,6,1),(3,6,1),(3,6,2),(3,5,2),(3,5,3),(3,4,3),(3,3,3),(3,3,4),(3,2,4),(3,1,4),(2,1,4),(2,0,4),(1,0,4),
56:(7,4,5),(6,4,5),(5,4,5),(5,5,5),(5,6,5),(4,6,5),(3,6,5),(3,6,4),(3,6,4),(4,6,4),
57:(7,5,1),(6,5,1),(5,5,1),(5,6,1),(5,7,1),(4,7,1),(4,7,1),(4,7,2),(4,7,3),(4,7,4),
58:(7,3,6),(6,3,6),(5,3,6),(4,3,6),(3,3,6),(2,3,6),(1,3,6),(1,3,5),(1,2,5),(1,2,4),(1,1,4),
59:(4,5,2),(5,5,2),(6,5,2),(7,5,2),(7,5,3),(7,6,3),
60:(7,8,8),(6,8,8),(5,8,8),(5,8,7),(5,7,7),(5,7,6),(5,7,5),(5,6,5),(5,5,5),(5,5,4),(5,5,3),(5,5,2),(5,4,2),(5,3,2),(5,2,2),(5,1,2),(5,0,2),(4,0,2),
61:(1,6,5),(2,6,5),(3,6,5),(3,5,5),(3,5,6),(3,5,7),(3,4,7),(3,3,7),(3,2,7),(4,2,7),
62:(1,4,8),(1,5,8),(1,6,8),(1,7,8),(1,8,8),
63:(1,2,3),(2,2,3),(3,2,3),(4,2,3),(4,2,2),
64:(1,1,8),(2,1,8),(3,1,8),(3,1,7),(3,1,6),(3,1,5),(3,1,4),(3,1,4),(3,1,4),(4,1,4),
65:(4,2,5),(3,2,5),(3,2,6),(2,2,6),(1,2,6),(1,3,6),(1,4,6),(1,5,6),(1,6,6),(1,7,6),
66:(7,1,0),(7,1,1),(7,1,2),(7,1,3),(7,1,4),(7,1,5),(7,1,6),(7,1,7),(8,1,7),(8,2,7),(8,3,7),(8,4,7),(8,5,7),(8,6,7),(8,7,7),(8,8,7),(7,8,7),
67:(4,0,3),(3,0,3),(2,0,3),(1,0,3),(1,0,2),(1,0,1),
68:(7,3,7),(7,4,7),(7,4,6),(7,4,5),(7,5,5),
69:(1,3,4),(2,3,4),(3,3,4),(3,3,3),(3,2,3),(3,1,3),(3,0,3),(3,0,3),(4,0,3),
70:(4,5,7),(5,5,7),(5,5,8),(6,5,8),(6,4,8),(6,3,8),(6,2,8),(7,2,8),(7,1,8),
71:(1,7,2),(2,7,2),(2,7,3),(2,7,4),(3,7,4),(4,7,4),(5,7,4),(5,7,5),(5,7,6),(5,7,7),(6,7,7),(6,6,7),(6,6,7),(7,6,7),
72:(7,5,4),(7,5,3),(7,5,2),(7,5,1),(7,4,1),(7,3,1),(7,2,1),
73:(1,4,2),(1,3,2),(1,3,3),(1,3,4),(1,3,5),(1,2,5),(1,1,5),(1,1,6),(1,1,7),(1,0,7),
74:(7,2,5),(6,2,5),(5,2,5),(5,2,6),(4,2,6),(4,3,6),
75:(1,2,8),(2,2,8),(3,2,8),(3,2,7),(4,2,7),(5,2,7),(6,2,7),(6,1,7),(6,1,6),(6,1,5),(6,1,4),(6,1,3),(6,1,2),(6,1,1),(6,1,0),(7,1,0),
76:(1,1,7),(1,2,7),(1,3,7),(1,3,8),
77:(7,0,7),(7,1,7),(7,2,7),(7,3,7),(7,4,7),(7,4,7),(7,4,7),(7,4,8),
78:(1,3,3),(1,3,3),(1,4,3),(1,5,3),(1,6,3),(1,6,2),(1,6,2),(1,7,2),(1,8,2),
79:(4,7,8),(5,7,8),(5,7,7),(5,7,6),(5,7,5),(5,7,4),(5,6,4),(5,5,4),(5,4,4),(5,3,4),(5,2,4),(5,2,4),(6,2,4),(7,2,4),
80:(4,1,1),(5,1,1),(6,1,1),(6,1,2),(6,1,3),(7,1,3),(7,1,4),
81:(7,7,6),(6,7,6),(5,7,6),(4,7,6),(3,7,6),(2,7,6),(1,7,6),(1,7,7),(1,8,7),
82:(1,7,6),(1,7,5),(1,7,4),(1,6,4),(1,5,4),(1,5,3),(1,4,3),(1,4,2),(1,3,2),
83:(7,8,2),(6,8,2),(6,8,3),(5,8,3),(4,8,3),(3,8,3),(2,8,3),(2,7,3),(2,7,4),(2,6,4),(2,5,4),(2,5,4),(2,5,5),(2,5,6),(1,5,6),
84:(1,2,6),(1,2,5),(1,3,5),(0,3,5),(0,3,4),(0,3,3),(0,3,2),(0,3,1),(0,4,1),(0,5,1),(0,6,1),(1,6,1),
85:(1,8,5),(2,8,5),(3,8,5),(4,8,5),(5,8,5),(6,8,5),(6,8,4),(6,8,3),(6,8,2),(6,7,2),(6,6,2),(6,5,2),(7,5,2),
86:(4,3,8),(3,3,8),(2,3,8),(2,3,7),(1,3,7),(1,2,7),(1,1,7),(1,0,7),(1,0,6),(1,0,5),(1,0,4),(1,0,3),
87:(4,8,0),(5,8,0),(6,8,0),(6,7,0),(6,7,1),(6,6,1),(6,6,2),(7,6,2),
88:(1,4,6),(2,4,6),(3,4,6),(3,5,6),(3,6,6),(3,7,6),(3,7,6),(4,7,6),
89:(4,3,0),(3,3,0),(2,3,0),(1,3,0),(1,4,0),
90:(7,4,7),(6,4,7),(5,4,7),(4,4,7),(3,4,7),(2,4,7),(2,4,8),(1,4,8),
91:(1,5,8),(2,5,8),(2,5,7),(2,5,6),(2,5,5),(2,5,4),(3,5,4),(3,5,3),(3,5,2),(3,6,2),(4,6,2),
92:(1,8,8),(1,8,7),(1,7,7),(1,6,7),(1,6,6),(1,6,5),(1,6,4),(1,6,3),(1,6,2),(0,6,2),(0,5,2),(0,5,1),(0,4,1),(1,4,1),
93:(7,3,8),(6,3,8),(5,3,8),(5,3,7),(5,3,6),(5,3,5),(4,3,5),(4,3,4),(4,4,4),(4,4,3),
94:(7,0,3),(7,0,2),(7,0,1),
95:(1,0,0),(2,0,0),(3,0,0),(4,0,0),(5,0,0),(6,0,0),(6,0,1),(6,0,2),(6,0,3),(6,0,4),(6,0,5),(6,0,6),(6,0,7),(6,0,8),(7,0,8),
96:(1,6,4),(1,5,4),(1,4,4),(1,4,3),(1,4,2),(1,3,2),(1,2,2),(1,2,1),(1,2,0),
97:(7,3,5),(7,3,6),(7,3,7),(7,3,8),
98:(7,8,5),(6,8,5),(5,8,5),(5,8,4),(5,8,3),(5,8,2),(5,8,1),(4,8,1),(4,7,1),
99:(4,1,3),(3,1,3),(2,1,3),(2,1,4),(2,2,4),(2,2,5),(2,2,6),(2,2,7),(2,3,7),(2,3,7),(2,4,7),(2,5,7),(2,6,7),(1,6,7),
100:(4,3,2),(3,3,2),(2,3,2),(1,3,2),(1,3,1),(1,3,0),
101:(1,1,6),(2,1,6),(3,1,6),(3,1,5),(3,1,4),(4,1,4),(5,1,4),(5,2,4),(5,3,4),(6,3,4),(6,3,3),(6,4,3),(6,4,2),(6,4,1),(6,4,0),(6,5,0),(6,6,0),(7,6,0),
102:(7,7,0),(6,7,0),(5,7,0),(5,7,1),(4,7,1),(3,7,1),(2,7,1),(2,7,2),(2,7,3),(2,7,4),(2,6,4),(1,6,4),(1,5,4),(1,4,4),
103:(4,4,8),(5,4,8),(6,4,8),(6,4,7),(6,4,6),(7,4,6),(7,4,5),(7,3,5),
104:(7,6,4),(6,6,4),(5,6,4),(4,6,4),(3,6,4),(2,6,4),(2,5,4),(2,5,5),(2,4,5),(2,3,5),(2,3,5),(1,3,5),
105:(4,4,3),(3,4,3),(3,4,4),(2,4,4),(2,4,5),(2,3,5),(2,2,5),(2,1,5),(2,0,5),(2,0,5),(2,0,5),(1,0,5),
106:(4,2,2),(3,2,2),(2,2,2),(1,2,2),(1,1,2),(1,1,3),(1,1,4),(1,1,5),(1,1,6),(1,0,6),
107:(7,8,7),(6,8,7),(5,8,7),(5,8,6),(5,8,6),(5,8,5),(5,8,5),(4,8,5),(3,8,5),(2,8,5),(1,8,5),
108:(4,6,5),(3,6,5),(3,6,6),(2,6,6),(2,6,7),(2,6,8),(1,6,8),
109:(4,8,6),(3,8,6),(2,8,6),(2,8,5),(2,8,4),(2,8,3),(2,7,3),(2,6,3),(2,6,2),(2,5,2),(2,4,2),(2,3,2),(2,2,2),(2,2,1),(1,2,1),
110:(1,6,7),(1,6,6),(1,5,6),(1,4,6),(1,3,6),(1,3,5),(1,3,4),
111:(7,3,3),(6,3,3),(5,3,3),(5,3,2),(5,4,2),(5,4,1),(5,4,0),(5,5,0),(5,6,0),(4,6,0),
112:(7,7,7),(7,7,6),(7,6,6),(7,5,6),(7,4,6),(7,3,6),(7,2,6),
113:(4,1,5),(4,1,4),(4,1,3),(3,1,3),(2,1,3),(2,2,3),(2,3,3),(1,3,3),(1,4,3),(1,5,3),(1,6,3),
114:(4,0,2),(4,0,3),(4,0,4),(4,0,5),(5,0,5),(5,1,5),(5,2,5),(4,2,5),
115:(7,4,1),(7,4,0),(7,5,0),
116:(4,4,0),(3,4,0),(2,4,0),(2,4,1),(2,4,2),(2,4,3),(2,4,4),(2,4,5),(2,4,6),(2,4,7),(2,5,7),(2,6,7),(2,7,7),(1,7,7),
117:(1,5,0),(2,5,0),(3,5,0),(4,5,0),(4,4,0),(4,3,0),(4,2,0),
118:(1,0,1),(2,0,1),(3,0,1),(4,0,1),(4,0,1),(4,1,1),
119:(4,5,6),(4,5,5),(4,5,5),(4,5,4),(4,5,3),(4,5,2),(3,5,2),(2,5,2),(2,4,2),(2,3,2),(2,2,2),(1,2,2),
120:(1,7,3),(1,7,2),(1,6,2),(1,6,2),(1,5,2),(1,4,2),(1,4,1),(1,4,1),(1,4,2),
121:(4,3,5),(4,2,5),(4,2,5),(4,2,6),(4,1,6),(4,0,6),
122:(1,8,1),(2,8,1),(2,8,2),(3,8,2),(3,8,3),(3,8,4),(3,8,5),(3,8,6),(3,8,7),(3,8,8),(3,7,8),(3,6,8),(3,5,8),(3,4,8),(3,3,8),(4,3,8),
123:(7,5,0),(6,5,0),(5,5,0),(5,5,1),(4,5,1),(3,5,1),(2,5,1),(1,5,1),
124:(7,4,0),(7,5,0),(7,5,1),(6,5,1),(6,6,1),(6,6,2),(6,6,3),(6,6,4),(7,6,4),
125:(7,8,4),(6,8,4),(6,7,4),(5,7,4),(4,7,4),(4,7,3),(4,7,2),(4,6,2),(4,5,2),
126:(1,3,2),(2,3,2),(2,3,1),(3,3,1),(4,3,1),
127:(1,0,2),(1,0,3),(1,1,3),(1,2,3),
128:(1,4,5),(2,4,5),(2,4,4),(2,4,3),(3,4,3),(4,4,3),(5,4,3),(6,4,3),(6,3,3),(6,2,3),(6,2,2),(6,2,1),(6,2,0),(7,2,0),
129:(1,6,6),(2,6,6),(2,6,7),(3,6,7),(3,5,7),(3,4,7),(3,3,7),(3,2,7),(3,1,7),(4,1,7),
130:(4,7,2),(5,7,2),(6,7,2),(7,7,2),(7,7,1),(7,6,1),(7,5,1),(7,4,1),
131:(7,1,1),(6,1,1),(6,1,2),(5,1,2),(4,1,2),(3,1,2),(2,1,2),(2,2,2),(2,2,3),(2,2,4),(2,3,4),(2,4,4),(2,5,4),(2,5,4),(1,5,4),
132:(7,1,5),(6,1,5),(6,1,6),(6,1,7),(6,2,7),(6,3,7),(5,3,7),(5,4,7),(5,5,7),(5,5,7),(4,5,7),
133:(7,2,2),(6,2,2),(5,2,2),(5,2,3),(5,1,3),(4,1,3),
134:(4,4,4),(4,5,4),(4,5,4),(3,5,4),(3,4,4),(4,4,4),(4,5,4),
135:(4,2,7),(4,1,7),(4,1,6),(3,1,6),(3,1,5),(3,1,4),(3,1,3),(3,1,2),(4,1,2),
136:(4,8,5),(5,8,5),(5,8,6),(6,8,6),(7,8,6),(7,8,7),(7,8,8),
137:(7,5,3),(6,5,3),(5,5,3),(5,6,3),(5,6,2),(5,6,1),(4,6,1),
138:(7,8,0),(6,8,0),(6,8,1),(5,8,1),(4,8,1),(3,8,1),(2,8,1),(2,7,1),(2,7,2),(2,7,3),(2,6,3),(2,5,3),(2,4,3),(2,4,4),(2,3,4),(2,2,4),(1,2,4),
139:(7,0,5),(6,0,5),(5,0,5),(5,0,4),(4,0,4),(3,0,4),(2,0,4),(2,0,3),(2,0,2),(2,1,2),(2,1,2),(1,1,2),
140:(1,8,3),(1,8,4),(1,8,5),(1,7,5),
141:(1,5,4),(2,5,4),(3,5,4),(3,4,4),(4,4,4),(5,4,4),(5,4,5),(6,4,5),(6,3,5),(6,2,5),(7,2,5),
142:(4,8,7),(4,8,6),(4,8,5),(5,8,5),(6,8,5),(6,7,5),(6,7,4),(6,7,3),(6,7,2),(6,6,2),(6,5,2),(7,5,2),(7,4,2),
143:(4,0,0),(5,0,0),(6,0,0),(6,0,1),(6,0,2),(6,0,3),(6,0,4),(6,0,5),(6,1,5),(7,1,5),
144:(7,7,2),(6,7,2),(6,7,3),(5,7,3),(4,7,3),(3,7,3),(3,7,4),(2,7,4),(2,7,5),(2,7,6),(2,6,6),(2,5,6),(2,4,6),(2,3,6),(2,2,6),(2,1,6),(1,1,6),
145:(4,6,0),(5,6,0),(6,6,0),(6,6,1),(6,6,2),(6,6,3),(6,6,4),(6,6,5),(6,6,6),(6,7,6),(6,8,6),(7,8,6),
146:(7,6,1),(6,6,1),(6,6,2),(5,6,2),(5,5,2),(5,5,3),(5,5,4),(5,5,5),(5,5,6),(5,4,6),(5,4,7),(5,4,8),(5,3,8),(5,2,8),(5,1,8),(5,0,8),(4,0,8),
147:(1,1,2),(2,1,2),(2,1,1),(3,1,1),(3,2,1),(4,2,1),(5,2,1),(6,2,1),(6,3,1),(6,4,1),(6,5,1),(7,5,1),
148:(7,4,8),(6,4,8),(6,4,7),(5,4,7),(5,4,6),(4,4,6),(3,4,6),(2,4,6),(2,3,6),(2,2,6),(2,2,5),(2,2,4),(2,2,3),(2,1,3),(1,1,3),
149:(1,1,3),(1,1,4),(1,1,4),(1,2,4),(1,3,4),(1,4,4),(1,5,4),(1,5,5),(1,5,6),(1,6,6),
150:(4,7,5),(5,7,5),(5,7,4),(5,6,4),(5,6,3),(5,6,2),(5,6,1),(5,5,1),(5,4,1),(5,3,1),(5,2,1),(5,1,1),(6,1,1),(7,1,1),
151:(4,1,0),(4,1,1),(4,1,2),(4,2,2),(4,3,2),(4,4,2),(4,4,3),(4,5,3),(3,5,3),(3,5,4),(3,5,5),(3,5,6),(3,6,6),(4,6,6),
152:(1,0,3),(1,1,3),(1,2,3),(2,2,3),(2,3,3),(3,3,3),(4,3,3),(4,4,3),(4,4,3),(4,5,3),
153:(7,4,2),(6,4,2),(5,4,2),(4,4,2),(3,4,2),(2,4,2),(2,4,1),(2,4,0),(2,3,0),(2,2,0),(2,1,0),(1,1,0),
154:(7,6,8),(6,6,8),(5,6,8),(4,6,8),(3,6,8),(3,5,8),(2,5,8),(1,5,8),
155:(4,2,3),(5,2,3),(6,2,3),(6,3,3),(6,4,3),(6,5,3),(7,5,3),
156:(4,0,8),(4,0,7),(4,1,7),(4,2,7),(4,3,7),(5,3,7),(5,3,6),(5,3,5),(4,3,5),(4,3,4),
157:(1,1,1),(2,1,1),(3,1,1),(4,1,1),(5,1,1),(6,1,1),(6,2,1),(6,3,1),(6,4,1),(6,4,2),(6,4,3),(6,4,4),(6,4,5),(6,4,6),(6,4,7),(6,4,8),(6,5,8),(6,6,8),(7,6,8),
158:(4,7,3),(3,7,3),(3,7,4),(3,7,5),(3,6,5),(3,6,6),(3,6,7),(3,5,7),(3,4,7),(3,3,7),(2,3,7),(2,2,7),(1,2,7),
159:(1,4,1),(2,4,1),(2,4,2),(2,4,2),(2,4,3),(3,4,3),(3,4,4),(3,4,5),(3,4,6),(4,4,6),
160:(1,5,6),(2,5,6),(2,6,6),(2,7,6),(2,7,7),(3,7,7),(4,7,7),(5,7,7),(6,7,7),(7,7,7),
161:(7,7,5),(6,7,5),(5,7,5),(4,7,5),(4,6,5),(4,5,5),
162:(4,7,0),(5,7,0),(5,7,1),(6,7,1),(6,7,2),(7,7,2),
163:(1,8,6),(2,8,6),(2,8,5),(3,8,5),(4,8,5),(4,8,4),
164:(7,2,3),(7,2,4),(7,3,4),(7,4,4),(7,5,4),(8,5,4),(8,5,5),(8,6,5),(8,7,5),(8,8,5),(7,8,5),
165:(1,0,5),(2,0,5),(2,0,4),(3,0,4),(3,0,3),(4,0,3),(5,0,3),(6,0,3),(7,0,3),(7,0,3),(7,1,3),(7,2,3),
166:(1,2,7),(1,2,6),(1,2,5),(1,2,5),(1,2,4),(1,3,4),(1,3,3),(1,4,3),(1,5,3),(1,6,3),(1,7,3),(1,8,3),
167:(1,6,2),(2,6,2),(2,6,2),(2,7,2),(3,7,2),(4,7,2),(4,6,2),(4,6,3),
168:(7,7,1),(7,7,2),(7,7,3),(7,7,4),(6,7,4),(6,6,4),(6,6,5),(6,5,5),(6,4,5),(6,3,5),(6,2,5),(6,1,5),(6,0,5),(7,0,5),
169:(7,0,6),(6,0,6),(5,0,6),(5,0,5),(5,0,4),(5,0,3),(5,0,2),(5,0,1),(5,0,0),(5,1,0),(5,2,0),(5,3,0),(5,4,0),(4,4,0),
170:(1,7,1),(2,7,1),(3,7,1),(3,7,2),(3,7,3),(3,7,4),(3,7,5),(3,7,6),(3,7,7),(3,7,8),(3,6,8),(3,5,8),(4,5,8),
171:(1,3,0),(1,3,1),(1,3,2),(1,3,3),(1,3,3),(2,3,3),(3,3,3),(4,3,3),
172:(4,1,7),(4,1,6),(4,1,5),(5,1,5),(6,1,5),(6,1,4),(6,2,4),(6,2,4),(7,2,4),(7,2,4),(7,3,4),
173:(4,5,3),(5,5,3),(5,5,4),(6,5,4),(6,5,5),(6,5,6),(7,5,6),(7,6,6),
174:(4,4,2),(4,4,3),(4,5,3),(4,6,3),(4,6,4),(3,6,4),(2,6,4),(2,6,5),(2,6,6),(2,6,7),(1,6,7),(1,7,7),(1,7,8),
175:(7,0,1),(8,0,1),(8,0,2),(8,0,3),(8,0,4),(8,0,5),(8,0,6),(8,1,6),(8,2,6),(8,3,6),(8,4,6),(7,4,6),
176:(4,5,4),(3,5,4),(3,6,4),(2,6,4),(1,6,4),(1,6,4),(1,7,4),
177:(1,6,8),(2,6,8),(2,5,8),(3,5,8),(4,5,8),(5,5,8),(6,5,8),(7,5,8),
178:(7,4,4),(6,4,4),(5,4,4),(4,4,4),(4,4,5),
179:(4,4,6),(3,4,6),(3,5,6),(3,6,6),(2,6,6),(1,6,6),(1,6,5),(1,6,4),(1,6,3),(1,6,2),(1,6,1),(1,6,0),(1,7,0),
180:(1,0,4),(1,0,5),(1,0,6),(1,0,7),(1,1,7),(0,1,7),(0,2,7),(0,3,7),(1,3,7),
181:(4,5,0),(3,5,0),(3,5,1),(2,5,1),(1,5,1),(1,6,1),(1,7,1),(0,7,1),(1,7,1),(1,7,2),
182:(4,5,1),(5,5,1),(5,5,2),(5,5,3),(5,5,4),(5,5,5),(6,5,5),(6,5,6),(7,5,6),(7,5,7),
183:(4,2,1),(3,2,1),(2,2,1),(2,3,1),(2,4,1),(2,5,1),(2,5,2),(2,5,3),(2,5,4),(2,5,5),(2,6,5),(2,6,6),(2,7,6),(2,8,6),(1,8,6),
184:(1,7,5),(2,7,5),(3,7,5),(3,6,5),(3,5,5),(3,4,5),(3,3,5),(3,3,4),(4,3,4),(4,2,4),(4,2,3),
185:(1,5,7),(2,5,7),(3,5,7),(3,4,7),(3,4,6),(3,3,6),(3,2,6),(3,1,6),(3,1,5),(3,1,4),(3,1,3),(3,1,2),(3,1,1),(3,0,1),(4,0,1),
186:(7,5,2),(6,5,2),(6,5,3),(6,5,3),(6,5,4),(6,4,4),(5,4,4),(4,4,4),(3,4,4),(2,4,4),(2,4,5),(2,5,5),(1,5,5),
187:(4,7,6),(3,7,6),(2,7,6),(1,7,6),(1,7,7),(1,6,7),(1,5,7),
188:(7,0,2),(6,0,2),(5,0,2),(4,0,2),(3,0,2),(2,0,2),(1,0,2),(1,1,2),(1,1,1),(1,2,1),(1,3,1),
189:(1,2,4),(2,2,4),(3,2,4),(3,3,4),(4,3,4),(5,3,4),(5,3,4),(5,4,4),(6,4,4),(6,4,5),(6,4,6),(6,5,6),(7,5,6),
190:(4,6,6),(4,6,5),(4,6,4),(3,6,4),(3,6,3),(3,6,2),(3,6,1),(3,5,1),(3,4,1),(4,4,1),
191:(1,5,5),(2,5,5),(2,6,5),(2,7,5),(3,7,5),(3,8,5),(3,8,6),(4,8,6),(4,8,7),
192:(7,1,2),(6,1,2),(5,1,2),(5,1,3),(5,1,4),(5,0,4),(5,0,4),(4,0,4),
193:(4,0,7),(3,0,7),(3,0,6),(2,0,6),(2,0,5),(2,0,4),(2,0,3),(2,0,2),(2,0,1),(2,1,1),(2,2,1),(2,3,1),(2,4,1),(2,5,1),(2,6,1),(2,7,1),(2,8,1),(1,8,1),
194:(4,7,1),(4,7,2),(4,7,3),(3,7,3),(2,7,3),(2,7,4),(2,7,5),(2,7,5),(2,6,5),(1,6,5),
195:(7,6,7),(7,6,6),(7,5,6),(7,4,6),(7,3,6),(7,3,5),(7,3,5),(7,2,5),(7,1,5),(7,0,5),(7,0,4),(7,0,3),
196:(7,3,2),(7,4,2),(7,4,1),(7,4,0),(6,4,0),(6,5,0),(6,6,0),(7,6,0),(7,7,0),
197:(1,3,6),(2,3,6),(3,3,6),(3,3,5),(4,3,5),(4,3,4),(4,3,4),(5,3,4),(6,3,4),(6,3,3),(6,3,2),(6,3,2),(6,2,2),(7,2,2),
198:(1,4,7),(2,4,7),(3,4,7),(3,4,6),(3,4,5),(3,4,4),(3,3,4),(3,3,3),(3,3,2),(3,3,1),(3,2,1),(4,2,1),
199:(7,7,3),(7,6,3),(7,5,3),(7,4,3),(7,3,3),(7,3,2),(7,2,2),(7,1,2),(7,1,1),(7,1,0),(7,0,0),
200:(7,4,3),(7,4,4),(7,5,4),(7,6,4),(7,6,5),(6,6,5),(5,6,5),(5,6,4),(5,6,5),(4,6,5),(3,6,5),(2,6,5),(2,6,4),(1,6,4),
201:(4,8,8),(3,8,8),(2,8,8),(2,8,7),(2,8,6),(2,8,5),(2,8,4),(2,8,3),(2,8,2),(2,8,1),(1,8,1),(1,8,0),
202:(7,6,5),(7,5,5),(7,4,5),(6,4,5),(6,3,5),(6,3,6),(7,3,6),(7,3,7),(7,2,7),(7,1,7),
203:(4,0,6),(4,0,6),(4,0,7),(4,1,7),(3,1,7),(2,1,7),(2,2,7),(2,3,7),(2,4,7),(1,4,7),
204:(4,1,4),(3,1,4),(3,1,3),(2,1,3),(2,1,2),(2,1,1),(2,2,1),(2,3,1),(2,4,1),(2,5,1),(2,6,1),(2,7,1),(2,7,1),(1,7,1),
205:(7,1,4),(7,1,5),(7,2,5),(7,3,5),(8,3,5),(8,3,6),(8,3,6),(7,3,6),
206:(4,1,8),(4,2,8),(4,2,7),(4,3,7),(3,3,7),(2,3,7),(2,4,7),(2,5,7),(2,6,7),(2,7,7),(2,7,7),(2,7,6),(2,7,5),(2,7,4),(2,7,3),(1,7,3),
207:(7,0,4),(7,0,5),(7,0,6),(7,0,7),(7,1,7),(7,2,7),(7,3,7),(8,3,7),(8,4,7),(8,4,7),(7,4,7),
208:(1,6,1),(2,6,1),(3,6,1),(3,6,2),(3,5,2),(3,5,3),(3,4,3),(3,4,4),(3,4,5),(3,4,6),(3,4,7),(3,3,7),(3,2,7),(3,1,7),(3,0,7),(4,0,7),
209:(7,3,1),(6,3,1),(5,3,1),(5,2,1),(5,2,2),(5,2,3),(5,2,4),(5,2,5),(5,2,6),(4,2,6),
210:(4,6,7),(5,6,7),(6,6,7),(6,6,6),(6,5,6),(6,4,6),(6,3,6),(6,3,6),(6,2,6),(6,1,6),(6,0,6),(7,0,6),
211:(4,7,4),(4,7,5),(4,7,6),(3,7,6),(2,7,6),(2,7,7),(2,7,8),(2,6,8),(2,5,8),(2,4,8),(2,3,8),(2,2,8),(2,1,8),(1,1,8),
212:(1,4,0),(1,4,1),(1,3,1),(1,2,1),(0,2,1),(0,2,2),(0,2,3),(0,2,4),(0,2,5),(0,2,5),(1,2,5),
213:(1,3,7),(1,3,8),(1,2,8),
214:(7,6,0),(7,6,1),(7,6,2),(8,6,2),(8,6,3),(8,6,4),(8,6,5),(8,6,6),(8,6,7),(8,6,8),(8,5,8),(8,4,8),(8,3,8),(8,2,8),(7,2,8),
215:(1,0,8),(1,0,7),(1,1,7),(1,1,6),(1,1,5),(0,1,5),(0,1,4),(0,1,3),(0,2,3),(0,3,3),(0,4,3),(0,5,3),(1,5,3),
216:(7,8,6),(6,8,6),(6,8,5),(6,8,4),(6,8,3),(5,8,3),(5,8,2),(5,7,2),(5,6,2),(5,5,2),(5,4,2),(5,3,2),(4,3,2),
217:(4,2,8),(5,2,8),(5,2,7),(6,2,7),(6,3,7),(6,4,7),(6,5,7),(6,6,7),(6,6,7),(6,6,6),(6,6,5),(6,6,4),(6,6,3),(6,7,3),(6,8,3),(7,8,3),
218:(7,0,8),(7,0,7),(7,1,7),(7,2,7),(7,3,7),(7,3,7),(6,3,7),(6,3,7),(6,3,7),(7,3,7),
219:(4,0,1),(5,0,1),(6,0,1),(6,1,1),(6,2,1),(6,2,1),(6,3,1),(6,4,1),(6,5,1),(6,6,1),(6,7,1),(7,7,1),(7,8,1),
220:(4,3,3),(4,3,3),(4,3,2),(4,3,2),(4,3,3),(4,3,2),(4,4,2),
221:(1,8,2),(2,8,2),(3,8,2),(4,8,2),
222:(7,4,6),(6,4,6),(5,4,6),(5,4,5),(5,4,4),(5,4,3),(5,5,3),(5,6,3),(5,7,3),(5,7,2),(5,7,1),(5,8,1),(4,8,1),
223:(1,7,7),(1,7,6),(1,7,5),(1,7,4),(1,7,3),(1,6,3),(1,5,3),(0,5,3),(0,4,3),(0,4,3),(1,4,3),
224:(1,3,8),(2,3,8),(2,3,7),(2,3,6),(2,4,6),(3,4,6),(3,5,6),(3,6,6),(4,6,6),(5,6,6),(6,6,6),(6,7,6),(7,7,6),
225:(7,7,4),(6,7,4),(6,7,5),(6,7,6),(6,7,7),(5,7,7),(5,7,8),(4,7,8),
226:(7,6,6),(7,6,5),(7,6,4),(7,6,3),(7,6,2),(7,6,2),(7,6,2),(7,6,1),
227:(4,3,4),(4,4,4),(4,4,3),(5,4,3),(5,5,3),(5,6,3),(5,7,3),(5,8,3),(5,8,3),(4,8,3),
228:(1,2,2),(2,2,2),(2,2,3),(3,2,3),(4,2,3),(4,3,3),(5,3,3),(5,4,3),(6,4,3),(6,4,4),(6,4,5),(6,5,5),(6,6,5),(7,6,5),
229:(7,2,0),(6,2,0),(6,2,1),(6,2,2),(6,3,2),(5,3,2),(5,4,2),(5,4,2),(5,4,3),(5,4,4),(5,4,4),(4,4,4),
230:(4,2,4),(4,2,4),(4,1,4),(5,1,4),(4,1,4),(4,1,5),
231:(7,0,0),(6,0,0),(6,1,0),(6,2,0),(6,3,0),(6,4,0),(6,4,1),(6,5,1),(6,6,1),(5,6,1),(5,6,2),(5,7,2),(4,7,2),
232:(4,5,5),(4,4,5),(4,3,5),(5,3,5),(5,3,4),(5,3,3),(5,2,3),(5,1,3),(5,1,3),(6,1,3),(6,1,3),(7,1,3),
233:(1,2,1),(1,2,2),(0,2,2),(0,2,3),(0,2,4),(0,3,4),(0,4,4),(0,5,4),(0,6,4),(0,7,4),(0,8,4),(1,8,4),
234:(7,8,1),(7,8,2),(7,7,2),(7,6,2),(7,5,2),(7,5,3),(7,4,3),(7,3,3),
235:(7,2,1),(6,2,1),(5,2,1),(5,2,2),(5,3,2),(5,4,2),(5,5,2),(5,5,3),(5,6,3),(5,7,3),(4,7,3),
236:(7,2,6),(7,2,5),(7,2,4),(7,3,4),(7,4,4),(7,5,4),(8,5,4),(8,6,4),(8,7,4),(7,7,4),
237:(4,2,0),(4,2,1),(4,2,2),(3,2,2),(3,2,2),(3,2,3),(3,2,4),(3,2,5),(3,2,6),(3,2,7),(3,2,8),(4,2,8),
238:(4,0,4),(5,0,4),(6,0,4),(6,1,4),(6,2,4),(6,2,3),(6,3,3),(6,3,2),(7,3,2),(7,4,2),(7,4,3),
239:(4,3,6),(5,3,6),(5,2,6),(5,1,6),(5,0,6),(5,0,5),(4,0,5),
240:(7,6,3),(6,6,3),(7,6,3),(7,7,3),(6,7,3),(5,7,3),(5,7,2),(5,7,1),(5,7,0),(5,8,0),(4,8,0),
241:(7,2,7),(7,3,7),(7,4,7),(7,5,7),(6,5,7),(5,5,7),(4,5,7),(4,6,7),(3,6,7),(4,6,7),
242:(4,3,7),(3,3,7),(3,3,8),(2,3,8),(2,2,8),(2,1,8),(1,1,8),(1,0,8),
