soc=2369
lb_soc=1452
makespan=19
lb_makespan=13
comp_time=11564
highLevelExpanded=75
lowLevelExpanded=30003
solution=
0:(4,7,1),(4,7,2),(4,7,3),(4,6,3),(4,5,3),(4,4,3),(4,3,3),(4,2,3),
1:(7,2,7),(6,2,7),(5,2,7),(4,2,7),(4,2,6),(4,2,5),(4,3,5),(4,4,5),
2:(4,7,5),(5,7,5),(6,7,5),(7,7,5),(7,7,4),(7,7,3),(7,7,2),(7,6,2),(8,6,2),(8,5,2),(8,4,2),(8,3,2),(8,2,2),(8,1,2),(7,1,2),
3:(7,8,2),(6,8,2),(5,8,2),(4,8,2),(3,8,2),(2,8,2),(1,8,2),(1,8,1),(1,7,1),(0,7,1),(0,6,1),(0,5,1),(0,4,1),(0,3,1),(1,3,1),
4:(7,7,8),(6,7,8),(5,7,8),(4,7,8),(3,7,8),(2,7,8),(1,7,8),(1,6,8),
5:(7,1,0),(6,1,0),(6,1,1),(6,0,1),(6,0,2),(6,0,3),(6,0,4),(5,0,4),(5,0,5),(5,0,6),(4,0,6),(3,0,6),(2,0,6),(1,0,6),
6:(4,4,1),(3,4,1),(3,3,1),(3,2,1),(3,1,1),(3,1,2),(3,1,3),(3,1,4),(3,0,4),(3,0,4),(2,0,4),(1,0,4),
7:(1,7,2),(2,7,2),(3,7,2),(4,7,2),(5,7,2),(6,7,2),(6,7,3),(7,7,3),(7,7,4),(7,6,4),(7,5,4),
8:(7,2,6),(6,2,6),(5,2,6),(4,2,6),(3,2,6),(2,2,6),(1,2,6),(1,2,5),
9:(7,5,4),(6,5,4),(5,5,4),(5,4,4),(5,3,4),(4,3,4),
10:(4,7,7),(3,7,7),(2,7,7),(1,7,7),(1,7,6),(1,7,5),(1,7,4),(1,8,4),(1,8,3),(1,8,2),
11:(4,0,6),(5,0,6),(6,0,6),(7,0,6),
12:(4,7,2),(4,7,3),(4,7,4),(4,7,5),(4,7,6),(4,8,6),
13:(4,1,1),(4,1,2),(4,1,3),(4,1,4),(4,1,5),(4,1,6),(4,2,6),(4,3,6),(4,4,6),
14:(1,2,2),(1,2,3),(1,2,4),(1,2,5),(1,2,6),(1,2,7),(1,3,7),(1,4,7),(1,4,7),(0,4,7),(0,5,7),(0,6,7),(1,6,7),
15:(7,1,1),(6,1,1),(5,1,1),(4,1,1),(4,1,0),(4,2,0),(4,3,0),(4,4,0),(4,5,0),(4,6,0),
16:(1,7,8),(2,7,8),(3,7,8),(3,7,7),(4,7,7),(4,6,7),(4,5,7),(4,4,7),(4,3,7),(4,3,6),(4,3,5),
17:(4,6,3),(5,6,3),(6,6,3),(5,6,3),(5,6,3),(6,6,3),(6,6,4),(7,6,4),(7,6,5),(7,6,6),
18:(4,0,3),(5,0,3),(6,0,3),(7,0,3),(7,0,2),
19:(4,6,5),(3,6,5),(2,6,5),(2,6,6),(2,7,6),(1,7,6),(1,8,6),
20:(7,3,5),(7,3,4),(7,3,3),(7,3,2),(7,4,2),
21:(4,5,5),(4,5,4),(4,5,3),(4,5,2),(4,5,1),(4,5,0),(4,5,-1),(4,4,-1),(4,3,-1),(4,3,0),
22:(1,1,3),(1,1,4),(0,1,4),(0,2,4),(0,3,4),(0,4,4),(0,5,4),(0,6,4),(0,7,4),(0,7,5),(0,7,6),(0,7,7),(1,7,7),
23:(4,7,8),(3,7,8),(3,7,7),(2,7,7),(1,7,7),(1,6,7),(0,6,7),(0,6,6),(0,6,5),(0,6,4),(0,5,4),(1,5,4),
24:(7,8,7),(6,8,7),(5,8,7),(5,7,7),(5,7,6),(5,7,5),(5,7,4),(5,7,3),(5,6,3),(5,5,3),(5,4,3),(5,3,3),(5,2,3),(5,1,3),(4,1,3),
25:(1,0,7),(2,0,7),(2,0,6),(2,0,5),(2,0,4),(2,0,3),(3,0,3),(3,0,2),(3,0,1),(3,0,0),(3,1,0),(3,2,0),(3,3,0),(3,4,0),(4,4,0),
26:(7,1,6),(6,1,6),(5,1,6),(5,2,6),(5,3,6),(4,3,6),(4,4,6),(4,4,6),(4,4,7),
27:(1,3,5),(2,3,5),(3,3,5),(4,3,5),(5,3,5),(6,3,5),(7,3,5),(7,3,4),
28:(1,2,4),(1,2,5),(1,2,6),(1,3,6),(1,4,6),(1,5,6),
29:(7,8,3),(6,8,3),(6,8,2),(6,7,2),(6,6,2),(5,6,2),(5,5,2),(5,5,2),(5,5,1),(4,5,1),
30:(4,4,5),(5,4,5),(6,4,5),(7,4,5),(7,4,4),(7,4,3),(7,5,3),(8,5,3),(8,5,2),(8,5,1),(8,6,1),(8,7,1),(7,7,1),(7,8,1),
31:(1,4,2),(2,4,2),(3,4,2),(4,4,2),(4,4,3),(4,4,4),(4,4,5),(4,5,5),(4,6,5),(4,6,6),(4,6,7),(4,7,7),(4,8,7),
32:(1,5,8),(1,5,7),(1,5,6),(1,5,5),(1,5,4),(1,5,3),(1,5,2),(1,5,1),(1,6,1),
33:(1,7,3),(2,7,3),(3,7,3),(4,7,3),(5,7,3),(5,7,2),(5,7,1),(5,6,1),(5,6,1),(5,5,1),(5,4,1),(6,4,1),(6,3,1),(6,2,1),(6,1,1),(7,1,1),
34:(1,2,3),(1,1,3),(1,1,2),(1,0,2),
35:(4,5,7),(4,4,7),(4,3,7),(4,3,7),(4,2,7),(4,1,7),(4,0,7),(4,0,6),(4,0,5),
36:(4,5,1),(4,5,2),(4,6,2),
37:(4,4,7),(5,4,7),(6,4,7),(7,4,7),(7,3,7),(7,2,7),(7,1,7),(7,0,7),
38:(1,1,1),(1,0,1),
39:(1,4,4),(2,4,4),(3,4,4),(4,4,4),(5,4,4),(5,3,4),(5,2,4),(6,2,4),(6,1,4),(6,1,3),(6,1,2),(7,1,2),(7,1,1),(7,1,0),(7,0,0),
40:(1,4,7),(2,4,7),(3,4,7),(3,4,6),(3,4,5),(3,4,4),(3,4,3),(3,5,3),(3,5,3),(3,5,2),(3,5,1),(3,5,0),(4,5,0),
41:(7,5,2),(7,5,1),(7,4,1),(7,3,1),(7,2,1),(7,1,1),(7,0,1),
42:(1,2,5),(1,2,6),(1,2,7),(1,3,7),(1,4,7),(1,5,7),(1,6,7),(1,7,7),(1,7,8),
43:(7,1,7),(6,1,7),(5,1,7),(4,1,7),(4,1,8),(4,2,8),
44:(1,8,5),(2,8,5),(3,8,5),(4,8,5),(5,8,5),(5,8,4),(5,8,3),(6,8,3),(6,8,2),(7,8,2),
45:(1,6,3),(2,6,3),(3,6,3),(3,6,2),(3,6,1),(4,6,1),(5,6,1),(6,6,1),(7,6,1),
46:(7,3,0),(6,3,0),(5,3,0),(4,3,0),(3,3,0),(2,3,0),(2,2,0),(2,2,1),(2,1,1),(2,0,1),(2,0,2),(2,0,3),(1,0,3),
47:(4,8,6),(4,8,5),(4,8,4),(4,7,4),(4,6,4),
48:(4,4,3),(4,4,2),(4,5,2),(4,5,1),(4,6,1),(4,7,1),(4,7,2),(4,8,2),
49:(4,2,0),(3,2,0),(2,2,0),(2,3,0),(2,3,1),(2,3,2),(2,3,3),(2,3,4),(2,3,5),(2,3,6),(2,3,7),(2,3,8),(2,4,8),(2,5,8),(2,6,8),(2,7,8),(2,8,8),(1,8,8),
50:(1,2,8),(2,2,8),(3,2,8),(4,2,8),(5,2,8),(5,2,7),(5,3,7),(5,4,7),(5,5,7),(5,5,6),(5,5,5),(5,6,5),(5,7,5),(5,8,5),(6,8,5),(7,8,5),
51:(7,8,0),(6,8,0),(6,7,0),(6,7,1),(6,7,2),(6,7,3),(6,7,4),(6,6,4),(6,6,5),(5,6,5),(5,6,6),(5,6,7),(4,6,7),
52:(1,4,8),(2,4,8),(3,4,8),(3,5,8),(3,6,8),(3,7,8),(3,7,7),(4,7,7),(4,7,6),
53:(4,2,6),(5,2,6),(5,3,6),(6,3,6),(7,3,6),(7,3,7),(7,3,8),(7,4,8),(7,5,8),(7,6,8),
54:(7,4,2),(6,4,2),(5,4,2),(5,4,3),(5,3,3),(4,3,3),(3,3,3),(2,3,3),(2,3,4),(2,3,5),(2,3,6),(2,3,7),(2,2,7),(2,1,7),(1,1,7),
55:(7,7,1),(6,7,1),(5,7,1),(5,6,1),(5,6,2),(5,6,3),(5,6,4),(5,6,5),(5,6,6),(5,6,7),(5,5,7),(5,4,7),(5,3,7),(4,3,7),
56:(4,1,8),(3,1,8),(2,1,8),(2,2,8),(2,2,7),(2,3,7),(2,3,6),(2,3,6),(2,4,6),(2,5,6),(2,6,6),(2,7,6),(2,8,6),(2,8,5),(1,8,5),
57:(7,1,5),(6,1,5),(6,1,6),(6,1,7),(6,2,7),(6,2,8),(6,3,8),(5,3,8),(5,4,8),(5,5,8),(5,6,8),(4,6,8),
58:(7,0,4),(6,0,4),(5,0,4),(4,0,4),(3,0,4),(2,0,4),(2,1,4),(2,2,4),(2,2,4),(2,2,4),(1,2,4),
59:(7,7,5),(7,7,4),(7,7,3),(7,7,2),(7,7,1),(7,7,0),(7,6,0),
60:(1,8,8),(2,8,8),(3,8,8),(4,8,8),(5,8,8),(6,8,8),(7,8,8),(7,8,7),(7,7,7),(7,6,7),(7,5,7),
61:(7,4,4),(7,4,3),(7,4,3),(7,3,3),
62:(7,6,7),(6,6,7),(5,6,7),(5,6,7),(5,6,6),(4,6,6),(3,6,6),(3,6,5),(2,6,5),(1,6,5),(1,6,4),
63:(1,3,3),(2,3,3),(3,3,3),(4,3,3),(4,3,2),(5,3,2),(6,3,2),(7,3,2),(7,2,2),
64:(1,5,7),(2,5,7),(3,5,7),(3,4,7),(3,4,8),(3,3,8),(3,2,8),(3,1,8),(4,1,8),(5,1,8),(6,1,8),(6,0,8),(7,0,8),
65:(7,2,3),(6,2,3),(5,2,3),(5,2,4),(5,2,5),(5,2,6),(5,2,7),(5,3,7),(5,4,7),(5,5,7),(4,5,7),(4,6,7),(4,7,7),
66:(4,0,2),(5,0,2),(6,0,2),(7,0,2),(7,1,2),(7,2,2),(7,2,1),(7,3,1),
67:(7,0,2),(7,1,2),(7,1,3),(7,1,4),(7,1,5),(6,1,5),(5,1,5),(5,2,5),(5,2,5),(5,3,5),(5,4,5),(5,5,5),(4,5,5),
68:(1,6,8),(2,6,8),(3,6,8),(4,6,8),(5,6,8),(6,6,8),(7,6,8),(7,6,7),(7,5,7),(7,4,7),(7,4,6),
69:(4,6,8),(4,6,7),(4,6,6),(4,6,5),(4,7,5),(4,7,4),(4,7,3),(4,7,2),(5,7,2),(5,7,1),(5,7,0),(4,7,0),
70:(4,6,0),(3,6,0),(3,6,0),(3,5,0),(3,4,0),(3,3,0),(3,2,0),(3,2,1),(3,2,2),(3,2,3),(3,2,4),(3,2,5),(3,2,5),(2,2,5),(2,2,6),(1,2,6),
71:(4,6,6),(4,5,6),(4,4,6),(4,3,6),(4,3,5),(5,3,5),(5,3,4),(5,3,3),(5,3,2),(5,2,2),(4,2,2),(4,1,2),(4,0,2),
72:(4,1,0),(5,1,0),(5,2,0),(6,2,0),(6,2,1),(6,3,1),(6,4,1),(6,4,2),(6,5,2),(6,6,2),(7,6,2),
73:(4,5,0),(4,5,1),(4,6,1),(4,7,1),(4,7,2),(4,8,2),(4,8,2),(4,8,3),(4,8,4),
74:(4,5,6),(5,5,6),(5,5,5),(6,5,5),(6,5,4),(6,5,3),(6,4,3),(6,3,3),(6,2,3),(7,2,3),(7,1,3),(7,0,3),
75:(4,3,0),(5,3,0),(5,3,1),(6,3,1),(6,3,2),(6,3,3),(6,3,4),(6,3,5),(7,3,5),(7,4,5),(8,4,5),(8,5,5),(8,6,5),(7,6,5),
76:(1,5,1),(2,5,1),(3,5,1),(3,5,2),(4,5,2),(5,5,2),(6,5,2),(6,5,3),(6,4,3),(6,3,3),(6,2,3),(7,2,3),(7,1,3),
77:(4,2,7),(4,2,8),(4,3,8),(4,3,8),(4,4,8),
78:(7,5,7),(6,5,7),(5,5,7),(5,5,6),(5,5,5),(4,5,5),(3,5,5),(2,5,5),(2,5,4),(2,4,4),(1,4,4),(1,3,4),
79:(1,1,2),(2,1,2),(3,1,2),(4,1,2),(4,1,3),(5,1,3),(6,1,3),(6,1,4),(6,1,5),(6,1,6),(6,2,6),(6,3,6),(6,4,6),(6,5,6),(6,6,6),(6,7,6),(7,7,6),
80:(7,2,2),(6,2,2),(6,3,2),(6,4,2),(6,4,3),(5,4,3),(5,5,3),(5,6,3),(5,6,4),(5,7,4),(4,7,4),(3,7,4),(2,7,4),(1,7,4),
81:(7,7,4),(6,7,4),(5,7,4),(5,7,5),(5,6,5),(5,6,6),(5,5,6),(5,4,6),(5,3,6),(5,2,6),(5,2,6),(5,1,6),(5,0,6),(4,0,6),
82:(4,1,2),(5,1,2),(5,1,3),(5,1,4),(5,1,5),(5,2,5),(5,3,5),(5,4,5),(6,4,5),(6,4,5),(7,4,5),
83:(1,1,4),(1,2,4),(1,3,4),(1,3,3),(1,3,2),(1,3,1),(1,4,1),(1,4,0),
84:(7,0,7),(6,0,7),(6,1,7),(6,2,7),(6,2,6),(6,2,5),(6,3,5),(6,4,5),(6,4,4),(6,4,3),(6,5,3),(5,5,3),(5,6,3),(5,7,3),(4,7,3),
85:(4,8,1),(4,8,2),(4,8,3),(4,8,3),(4,8,4),(4,8,5),(5,8,5),(6,8,5),(6,8,6),(6,8,7),(6,8,8),(6,7,8),(7,7,8),
86:(1,5,6),(1,5,5),(1,5,4),(1,5,3),(1,4,3),(1,3,3),
87:(1,4,1),(2,4,1),(3,4,1),(4,4,1),
88:(4,0,7),(4,0,6),(4,1,6),(3,1,6),(3,1,5),(3,1,4),(3,2,4),(3,3,4),(3,4,4),(4,4,4),
89:(7,8,4),(6,8,4),(5,8,4),(4,8,4),(3,8,4),(2,8,4),(1,8,4),(1,8,3),(1,8,2),(1,8,1),(1,8,0),(1,7,0),
90:(7,8,5),(6,8,5),(5,8,5),(5,8,4),(5,8,3),(5,7,3),(5,6,3),(4,6,3),
91:(7,7,0),(6,7,0),(5,7,0),(5,6,0),(5,6,1),(5,5,1),(5,4,1),(5,3,1),(4,3,1),
92:(1,4,5),(2,4,5),(3,4,5),(4,4,5),(5,4,5),(6,4,5),(7,4,5),(7,3,5),(7,2,5),(7,1,5),(7,0,5),
93:(1,3,0),(1,3,1),(1,3,2),(1,2,2),(1,2,3),(1,2,4),(1,2,5),(0,2,5),(0,2,6),(1,2,6),(1,2,7),(1,2,8),
94:(1,5,0),(2,5,0),(3,5,0),(4,5,0),(5,5,0),(6,5,0),(6,5,1),(6,4,1),(6,3,1),(6,3,1),(6,2,1),(7,2,1),
95:(4,5,8),(3,5,8),(2,5,8),(2,5,7),(2,5,6),(2,5,5),(2,5,4),(2,5,3),(2,5,2),(2,5,1),(2,5,0),(2,4,0),(2,3,0),(1,3,0),
96:(4,6,1),(5,6,1),(6,6,1),(6,6,2),(6,6,3),(6,6,4),(6,6,5),(6,6,6),(6,6,7),(6,6,8),(6,5,8),(6,4,8),(7,4,8),(7,3,8),
97:(7,6,0),(6,6,0),(5,6,0),(4,6,0),(3,6,0),(2,6,0),(2,5,0),(2,4,0),(2,3,0),(2,2,0),(2,1,0),(2,1,0),(2,1,1),(1,1,1),
98:(7,8,6),(6,8,6),(5,8,6),(5,7,6),(5,7,5),(5,7,4),(5,7,3),(5,7,2),(5,6,2),(5,5,2),(5,4,2),(5,3,2),(5,2,2),(5,1,2),(4,1,2),
99:(4,6,4),(3,6,4),(2,6,4),(2,5,4),(2,4,4),(1,4,4),(1,3,4),(1,3,5),
100:(4,3,6),(5,3,6),(6,3,6),(6,4,6),(6,5,6),(6,6,6),(6,7,6),(7,7,6),(7,8,6),
101:(4,3,8),(5,3,8),(6,3,8),(7,3,8),(7,4,8),(7,4,7),(7,4,6),(7,4,5),(7,4,4),
102:(1,8,0),(1,8,1),(1,8,2),(1,7,2),(1,6,2),(0,6,2),(0,6,3),(0,5,3),(1,5,3),
103:(7,1,8),(6,1,8),(5,1,8),(4,1,8),(3,1,8),(2,1,8),(2,1,7),(2,1,6),(2,1,5),(2,1,4),(2,1,3),(2,2,3),(2,3,3),(2,4,3),(2,5,3),(2,6,3),(2,7,3),(2,8,3),(1,8,3),
104:(7,6,2),(6,6,2),(5,6,2),(5,5,2),(5,4,2),(4,4,2),(3,4,2),(2,4,2),(2,3,2),(1,3,2),
105:(4,1,3),(3,1,3),(2,1,3),(1,1,3),(1,1,4),(1,1,5),
106:(7,0,0),(6,0,0),(5,0,0),(4,0,0),(3,0,0),(2,0,0),(2,0,1),(2,0,2),(2,0,3),(2,0,4),(2,0,5),(2,1,5),(2,2,5),(2,3,5),(2,4,5),(2,5,5),(1,5,5),
107:(4,1,6),(4,1,5),(3,1,5),(3,1,5),(3,1,4),(4,1,4),
108:(4,8,4),(4,7,4),(4,6,4),(5,6,4),(6,6,4),(6,5,4),(6,4,4),(6,3,4),(6,2,4),(7,2,4),
109:(7,4,6),(6,4,6),(5,4,6),(4,4,6),(3,4,6),(2,4,6),(2,4,5),(2,4,4),(2,4,3),(2,4,2),(2,4,1),(2,5,1),(2,5,0),(1,5,0),
110:(1,4,3),(2,4,3),(3,4,3),(3,3,3),(3,3,4),(3,3,5),(3,3,6),(3,3,7),(3,3,8),(4,3,8),
111:(7,6,4),(6,6,4),(5,6,4),(5,6,5),(4,6,5),(3,6,5),(2,6,5),(2,6,6),(2,6,7),(2,6,8),(2,5,8),(1,5,8),(1,4,8),(1,3,8),
112:(1,0,4),(2,0,4),(3,0,4),(3,1,4),(3,2,4),(3,2,5),(3,3,5),(3,4,5),(3,5,5),(4,5,5),(4,6,5),
113:(1,1,7),(2,1,7),(3,1,7),(3,2,7),(3,3,7),(3,3,6),(3,4,6),(3,5,6),(3,6,6),(3,6,5),(3,7,5),(4,7,5),(4,8,5),
114:(4,0,0),(3,0,0),(2,0,0),(2,1,0),(2,1,1),(2,1,2),(2,1,3),(2,2,3),(2,3,3),(2,3,4),(2,3,5),(2,3,6),(2,3,7),(2,4,7),(2,5,7),(2,6,7),(2,7,7),(2,8,7),(1,8,7),
115:(4,7,3),(3,7,3),(3,7,4),(3,7,5),(3,7,6),(3,7,7),(3,6,7),(3,6,8),(3,5,8),(3,4,8),(3,3,8),(3,2,8),(3,1,8),(3,0,8),(2,0,8),(1,0,8),
116:(4,4,8),(5,4,8),(6,4,8),(7,4,8),(7,5,8),(7,6,8),(7,7,8),(7,8,8),
117:(1,7,1),(1,7,2),(1,7,3),(1,7,4),(1,7,5),(1,6,5),(1,5,5),(0,5,5),(0,5,6),(0,5,7),(0,5,8),(0,5,8),(1,5,8),
118:(1,1,8),(2,1,8),(2,1,7),(3,1,7),(3,1,6),(3,1,5),(3,2,5),(3,2,4),(3,2,3),(3,3,3),(3,4,3),(3,4,3),(4,4,3),
119:(7,5,3),(7,5,4),(7,5,5),(7,5,6),
120:(4,3,3),(5,3,3),(6,3,3),(6,3,2),(6,4,2),(6,5,2),(7,5,2),
121:(7,3,2),(7,3,1),(7,3,0),(7,4,0),(7,5,0),
122:(4,3,4),(4,3,3),(4,3,2),(4,3,1),(4,3,0),(4,4,0),(4,5,0),(4,6,0),(4,7,0),(4,8,0),
123:(7,7,7),(6,7,7),(5,7,7),(4,7,7),(4,6,7),(3,6,7),(2,6,7),(2,5,7),(2,4,7),(1,4,7),(1,3,7),
124:(7,5,0),(6,5,0),(5,5,0),(5,4,0),(5,3,0),(5,2,0),(4,2,0),(4,1,0),
125:(7,1,4),(6,1,4),(6,1,3),(6,1,2),(6,2,2),(6,3,2),(6,4,2),(5,4,2),(5,4,2),(4,4,2),
126:(7,4,1),(6,4,1),(5,4,1),(5,4,2),(5,4,3),(5,4,4),(4,4,4),(3,4,4),(3,4,5),(2,4,5),(2,4,6),(1,4,6),
127:(1,0,5),(1,0,4),(1,0,3),(1,0,3),(1,0,3),(1,1,3),(1,1,2),(1,2,2),(1,2,1),
128:(1,2,1),(1,2,2),(1,2,3),(1,2,4),(1,2,5),(1,3,5),(1,4,5),
129:(1,8,6),(1,8,5),(1,8,4),(1,8,4),(1,8,3),(1,8,2),(1,8,1),(1,8,0),(1,7,0),(1,6,0),
130:(7,6,1),(7,6,2),(7,6,3),
131:(4,7,6),(5,7,6),(6,7,6),(6,7,7),(6,7,8),(6,7,8),(6,6,8),(6,5,8),(6,5,8),(7,5,8),
132:(7,5,1),(6,5,1),(5,5,1),(5,4,1),(5,3,1),(4,3,1),(4,3,2),
133:(1,6,2),(2,6,2),(2,6,3),(2,6,4),(3,6,4),(3,5,4),(4,5,4),(5,5,4),(6,5,4),(6,5,5),(6,5,6),(6,5,7),(6,4,7),(7,4,7),
134:(4,6,7),(4,5,7),(4,4,7),(5,4,7),(6,4,7),(6,4,6),(6,3,6),(6,2,6),(6,2,5),(6,1,5),(7,1,5),
135:(1,0,6),(2,0,6),(2,1,6),(2,2,6),(2,3,6),(2,3,6),(2,4,6),(3,4,6),(3,5,6),(3,6,6),(4,6,6),
136:(1,7,5),(1,7,4),(1,6,4),(1,5,4),(1,4,4),(1,3,4),(1,2,4),(1,1,4),(2,1,4),(3,1,4),(3,0,4),(4,0,4),
137:(7,8,8),(7,8,7),(7,8,6),(7,8,5),(7,8,4),(7,7,4),(7,6,4),(7,5,4),(7,5,3),(6,5,3),(6,5,2),(6,5,1),(7,5,1),
138:(1,8,1),(2,8,1),(2,7,1),(2,6,1),(2,6,1),(3,6,1),(4,6,1),
139:(4,3,2),(5,3,2),(5,3,2),(5,3,1),(6,3,1),(7,3,1),(7,3,0),
140:(4,5,3),(5,5,3),(6,5,3),(6,6,3),(6,7,3),(6,8,3),(7,8,3),
141:(4,8,3),(5,8,3),(5,7,3),(5,7,4),(5,6,4),(5,5,4),(5,4,4),(5,3,4),(5,3,5),(4,3,5),(4,2,5),
142:(7,4,3),(7,3,3),(7,2,3),(7,2,4),(7,2,5),(7,2,6),
143:(1,1,6),(2,1,6),(3,1,6),(3,2,6),(3,2,7),(4,2,7),(4,2,7),(5,2,7),(6,2,7),(6,2,8),(6,2,8),(7,2,8),
144:(4,5,2),(4,5,3),(4,4,3),(4,4,3),(4,3,3),(4,2,3),(5,2,3),(5,2,4),(5,1,4),(5,1,5),(5,1,6),(5,1,7),(4,1,7),(4,1,8),
145:(4,2,5),(4,2,4),
146:(1,6,5),(1,6,4),(1,6,3),(1,7,3),
147:(7,7,2),(7,7,3),(8,7,3),(8,7,4),(8,6,4),(8,5,4),(8,4,4),(8,3,4),(8,2,4),(8,1,4),(7,1,4),
148:(7,5,6),(6,5,6),(5,5,6),(4,5,6),
149:(4,1,7),(4,1,6),(4,1,5),(4,0,5),(4,0,4),(4,0,3),(4,0,2),(4,1,2),(4,2,2),(4,2,1),(4,2,0),
150:(4,0,4),(3,0,4),(3,0,3),(3,1,3),(3,1,2),(3,2,2),(3,3,2),(3,4,2),(3,5,2),(2,5,2),(1,5,2),(1,6,2),
151:(1,5,4),(2,5,4),(3,5,4),(3,5,3),(3,4,3),(3,3,3),(3,3,4),(3,3,3),(4,3,3),
152:(1,1,0),(1,1,1),(0,1,1),(0,1,2),(0,1,3),(0,1,4),(0,1,5),(0,1,6),(1,1,6),(1,1,7),(1,1,7),(1,2,7),
153:(7,0,6),(6,0,6),(6,0,5),(5,0,5),(5,0,4),(5,0,3),(5,1,3),(5,2,3),(5,3,3),(5,4,3),(4,4,3),(4,5,3),
154:(7,3,6),(6,3,6),(6,3,7),(5,3,7),(5,2,7),(5,1,7),(4,1,7),(4,0,7),
155:(7,0,8),(7,0,7),(7,0,6),(7,0,5),(7,0,4),
156:(7,0,3),(6,0,3),(6,0,4),(5,0,4),(5,1,4),(5,1,5),(5,2,5),(5,3,5),(5,4,5),(5,5,5),(5,6,5),(5,7,5),(4,7,5),
157:(7,5,8),(6,5,8),(5,5,8),(4,5,8),(3,5,8),(2,5,8),(2,5,7),(2,5,6),(2,5,5),(2,5,4),(2,5,3),(2,4,3),(1,4,3),
158:(7,4,7),(7,4,6),(7,4,5),(7,5,5),
159:(7,2,4),(6,2,4),(5,2,4),(5,3,4),(4,3,4),(3,3,4),(2,3,4),(2,3,5),(2,4,5),(2,5,5),(2,6,5),(2,7,5),(2,7,5),(1,7,5),
160:(1,0,1),(1,0,2),(1,0,2),(0,0,2),(0,1,2),(0,2,2),(0,3,2),(0,4,2),(0,5,2),(1,5,2),(1,6,2),(1,7,2),
161:(7,1,2),(6,1,2),(5,1,2),(5,1,3),(5,2,3),(5,3,3),(5,4,3),(5,5,3),(4,5,3),(3,5,3),(3,5,4),(2,5,4),(2,6,4),(2,7,4),(2,8,4),(1,8,4),
162:(7,3,4),(6,3,4),(5,3,4),(5,3,3),(5,3,2),(5,3,1),(5,3,0),(4,3,0),(3,3,0),(2,3,0),(1,3,0),(1,2,0),
163:(1,5,2),(2,5,2),(2,6,2),(2,7,2),(3,7,2),(4,7,2),(5,7,2),(6,7,2),(7,7,2),
164:(7,6,6),(6,6,6),(5,6,6),(4,6,6),(3,6,6),(2,6,6),(2,5,6),(2,4,6),(1,4,6),(1,3,6),
165:(4,8,0),(5,8,0),(5,8,1),(6,8,1),(6,7,1),(6,6,1),(6,6,2),(6,6,3),(6,6,4),(6,6,5),(6,5,5),(6,4,5),(6,3,5),(6,2,5),(7,2,5),
166:(1,8,7),(2,8,7),(3,8,7),(3,8,6),(3,8,5),(3,8,4),(3,8,3),(3,8,2),(3,7,2),(3,6,2),(3,5,2),(4,5,2),
167:(4,4,0),(3,4,0),(3,3,0),(3,3,1),(3,2,1),(3,1,1),(3,1,2),(3,1,3),(3,1,4),(3,1,5),(2,1,5),(2,1,6),(2,1,7),(2,1,8),(2,1,8),(1,1,8),
168:(1,3,1),(1,4,1),(1,5,1),(1,6,1),(1,7,1),(2,7,1),(3,7,1),(4,7,1),
169:(4,0,5),(3,0,5),(2,0,5),(1,0,5),(1,1,5),(1,2,5),(1,3,5),(0,3,5),(0,3,4),(0,4,4),(0,4,4),(1,4,4),
170:(4,8,2),(5,8,2),(5,7,2),(5,6,2),(5,5,2),(5,4,2),(5,4,2),(5,4,1),(5,3,1),(5,2,1),(5,1,1),(5,0,1),(4,0,1),
171:(7,7,6),(6,7,6),(6,6,6),(5,6,6),(5,5,6),(5,4,6),(5,4,5),(5,4,4),(5,3,4),(5,3,3),(5,2,3),(5,1,3),(4,1,3),(3,1,3),(2,1,3),(1,1,3),
172:(4,7,4),(5,7,4),(5,7,5),(6,7,5),(7,7,5),
173:(1,7,4),(1,7,3),(0,7,3),(0,7,2),(0,7,1),(0,6,1),(0,5,1),(0,4,1),(1,4,1),
174:(7,2,5),(6,2,5),(5,2,5),(4,2,5),(3,2,5),(2,2,5),(2,3,5),(2,4,5),(2,4,4),(2,4,3),(2,4,2),(2,5,2),(1,5,2),
175:(7,4,8),(7,3,8),(7,2,8),(6,2,8),(6,1,8),(5,1,8),(4,1,8),(4,0,8),
176:(4,8,7),(4,8,6),(4,8,5),(5,8,5),(6,8,5),(6,8,4),(6,8,3),(6,8,2),(7,8,2),(7,8,1),(7,8,0),(7,7,0),
177:(4,2,4),(4,3,4),(4,3,5),(5,3,5),(6,3,5),(6,3,6),(6,3,7),(6,4,7),(6,5,7),(6,6,7),(6,6,7),(7,6,7),
178:(7,6,8),(6,6,8),(5,6,8),(5,7,8),(4,7,8),
179:(1,2,6),(2,2,6),(3,2,6),(3,2,5),(3,3,5),(3,4,5),(3,4,4),(3,4,3),(3,4,2),(3,4,1),(3,4,0),(4,4,0),(5,4,0),(6,4,0),(6,5,0),(6,6,0),(6,7,0),(6,8,0),(7,8,0),
180:(4,0,1),(5,0,1),(5,0,2),(5,0,3),(5,1,3),(5,2,3),(5,3,3),(5,4,3),(5,4,4),(6,4,4),(6,5,4),(6,6,4),(6,6,4),(6,7,4),(6,8,4),(7,8,4),
181:(1,1,5),(1,1,6),(1,1,7),(1,2,7),(1,3,7),(1,4,7),(1,5,7),
182:(7,2,8),(7,2,7),(7,2,6),(7,2,5),(7,3,5),(7,3,4),(7,3,4),(7,4,4),(7,4,3),
183:(7,3,1),(7,2,1),(7,2,2),(7,2,3),(7,2,4),(7,2,5),(8,2,5),(8,2,6),(8,2,7),(7,2,7),
184:(7,0,1),(6,0,1),(5,0,1),(4,0,1),(3,0,1),(2,0,1),(2,0,2),(2,0,3),(1,0,3),(1,1,3),(1,2,3),
185:(1,0,0),(2,0,0),(2,0,1),(3,0,1),(3,0,2),(4,0,2),(5,0,2),(6,0,2),(6,0,3),(6,0,4),(6,0,5),(6,0,6),(6,0,7),(6,1,7),(7,1,7),
186:(1,4,0),(2,4,0),(3,4,0),(4,4,0),(5,4,0),(6,4,0),(6,5,0),(6,5,1),(6,6,1),(6,7,1),(6,7,2),(6,7,3),(6,7,4),(6,7,5),(6,7,6),(6,7,7),(6,8,7),(7,8,7),
187:(4,7,0),(4,6,0),(4,5,0),(5,5,0),(5,5,1),(5,4,1),(5,3,1),(5,3,2),(5,2,2),(5,2,3),(5,2,4),(5,2,5),(5,2,6),(5,2,7),(5,1,7),(4,1,7),
188:(7,6,3),(7,5,3),(7,5,2),(7,5,1),(7,4,1),(7,4,1),(7,3,1),(6,3,1),(6,2,1),(6,2,1),(5,2,1),(5,2,1),(4,2,1),
189:(1,8,2),(0,8,2),(0,8,1),(0,8,0),(0,7,0),(0,6,0),(0,5,0),(0,4,0),(0,3,0),(0,2,0),(0,1,0),(0,0,0),(1,0,0),
190:(1,7,0),(1,6,0),(1,5,0),(1,4,0),(1,4,1),(1,4,2),
191:(1,3,4),(2,3,4),(3,3,4),(3,4,4),(3,5,4),(4,5,4),(5,5,4),(6,5,4),(6,5,3),(6,5,2),(6,5,1),(6,6,1),(6,7,1),(7,7,1),
192:(4,2,8),(4,3,8),(4,4,8),(4,4,7),(4,4,6),(4,4,5),(4,5,5),(4,6,5),(4,7,5),(4,7,4),(4,7,3),(4,7,2),
193:(1,8,4),(2,8,4),(3,8,4),(3,7,4),(4,7,4),(3,7,4),(4,7,4),(5,7,4),(6,7,4),(7,7,4),(7,6,4),
194:(4,6,2),(4,6,3),(5,6,3),(5,5,3),(5,5,4),(5,5,5),(5,5,5),(5,5,6),(5,4,6),(5,3,6),(4,3,6),(4,3,7),(4,2,7),
195:(4,8,8),(4,7,8),(4,7,8),(3,7,8),(2,7,8),(2,6,8),(2,5,8),(2,4,8),(2,4,8),(2,4,7),(2,4,7),(1,4,7),
196:(1,6,4),(1,6,3),(0,6,3),(1,6,3),
197:(1,4,6),(1,4,5),(1,4,4),(1,4,3),(0,4,3),(0,4,2),(0,5,2),(1,5,2),(1,5,1),
198:(7,3,3),(6,3,3),(6,2,3),(5,2,3),(4,2,3),(3,2,3),(2,2,3),(1,2,3),(1,1,3),(2,1,3),(1,1,3),(1,1,4),
199:(1,0,8),(2,0,8),(3,0,8),(4,0,8),(4,0,7),(4,0,6),(4,0,5),(4,0,4),(4,0,3),
200:(1,6,1),(2,6,1),(3,6,1),(3,5,1),(3,5,2),(3,5,1),(4,5,1),(5,5,1),(6,5,1),(7,5,1),(8,5,1),(8,5,2),(8,5,3),(7,5,3),
201:(1,0,2),(2,0,2),(3,0,2),(4,0,2),(4,0,1),(4,1,1),
202:(7,2,0),(7,3,0),(7,4,0),(7,4,1),(8,4,1),(8,4,2),(8,4,3),(8,4,4),(8,4,5),(8,4,6),(8,4,7),(8,4,8),(8,4,8),(8,4,8),(7,4,8),
203:(7,3,7),(7,3,6),(7,3,5),(7,3,4),(8,3,4),(8,3,3),(8,3,2),(8,3,2),(7,3,2),
204:(7,8,1),(6,8,1),(6,8,0),(5,8,0),(5,7,0),(5,6,0),(5,5,0),(5,4,0),(5,3,0),(5,2,0),(5,1,0),(5,0,0),(4,0,0),
205:(4,8,5),(4,7,5),(4,6,5),(4,6,4),(4,6,3),(4,6,3),(4,5,3),(4,5,4),(5,5,4),(5,4,4),(5,3,4),(6,3,4),(6,3,3),(6,2,3),(7,2,3),
206:(7,4,5),(6,4,5),(6,3,5),(6,2,5),(6,1,5),(6,0,5),(5,0,5),(4,0,5),(3,0,5),(2,0,5),(1,0,5),
207:(4,3,1),(3,3,1),(2,3,1),(1,3,1),(1,2,1),(1,1,1),(1,1,1),(1,1,2),
208:(1,6,6),(2,6,6),(3,6,6),(3,6,5),(3,7,5),(3,8,5),(3,8,4),(3,8,3),(3,8,2),(3,8,1),(4,8,1),
209:(1,0,3),(2,0,3),(2,0,4),(3,0,4),(3,0,5),(3,0,6),(4,0,6),(5,0,6),(6,0,6),(6,0,7),(6,1,7),(6,2,7),(6,3,7),(7,3,7),
210:(7,0,5),(7,1,5),(7,2,5),(7,3,5),(7,3,4),(7,4,4),(7,4,3),(6,4,3),(6,4,2),(6,4,1),(7,4,1),(7,4,0),
211:(7,4,0),(7,4,1),(7,4,2),(7,5,2),(7,6,2),(7,7,2),(8,7,2),(8,7,3),(7,7,3),
212:(7,2,1),(7,2,2),(7,3,2),(7,4,2),(7,5,2),(7,6,2),(7,6,2),(6,6,2),(6,6,3),(5,6,3),(5,6,4),(5,7,4),(4,7,4),
213:(4,5,4),(4,4,4),(4,4,5),(5,4,5),(5,4,6),(5,3,6),(5,2,6),(5,1,6),(4,1,6),
214:(4,3,5),(5,3,5),(5,4,5),(6,4,5),(6,5,5),(6,6,5),(6,7,5),(6,7,4),(6,8,4),(7,8,4),(7,7,4),
215:(4,4,2),(3,4,2),(3,3,2),(2,3,2),(2,2,2),(2,2,3),(2,2,2),(2,2,2),(1,2,2),
216:(4,2,1),(3,2,1),(2,2,1),(2,3,1),(2,3,2),(2,4,2),(2,5,2),(2,6,2),(2,6,3),(2,6,4),(2,6,4),(2,6,5),(1,6,5),
217:(1,3,6),(1,3,5),(1,3,5),(1,3,4),(1,3,3),(1,3,2),(1,3,1),(1,2,1),(1,2,0),(1,1,0),
218:(1,7,7),(2,7,7),(2,7,6),(2,7,5),(2,7,4),(2,7,3),(3,7,3),(4,7,3),(5,7,3),(6,7,3),(6,6,3),(6,6,2),(6,6,1),(6,5,1),(6,4,1),(6,4,0),(6,3,0),(6,2,0),(6,1,0),(7,1,0),
219:(1,5,3),(2,5,3),(2,5,4),(2,5,5),(3,5,5),(3,5,5),(3,5,6),(3,5,7),(3,4,7),(3,4,6),(3,3,6),(4,3,6),
220:(7,5,5),(6,5,5),(6,5,4),(6,6,4),(6,7,4),(6,7,4),(6,8,4),(5,8,4),(5,8,3),(4,8,3),
221:(1,6,7),(2,6,7),(3,6,7),(3,6,7),(3,7,7),(4,7,7),(5,7,7),(6,7,7),(6,7,7),(7,7,7),
222:(4,1,4),(3,1,4),(3,2,4),(3,3,4),(3,4,4),(3,4,3),(3,5,3),(3,5,4),(3,6,4),(3,7,4),(3,8,4),(3,8,5),(3,8,6),(3,8,7),(3,8,8),(4,8,8),
223:(1,3,7),(2,3,7),(2,3,6),(2,3,5),(2,2,5),(2,1,5),(3,1,5),(4,1,5),
224:(1,3,2),(2,3,2),(2,2,2),(3,2,2),(3,3,2),(4,3,2),(5,3,2),(6,3,2),(6,3,3),(6,3,4),(6,3,5),(7,3,5),
225:(1,7,6),(2,7,6),(3,7,6),(3,6,6),(3,5,6),(3,5,7),(3,5,8),(4,5,8),
226:(4,4,6),(3,4,6),(2,4,6),(2,5,6),(2,5,5),(2,5,4),(2,5,3),(2,5,2),(2,5,1),(2,6,1),(2,7,1),(1,7,1),
227:(7,1,3),(7,1,4),(7,1,5),(6,1,5),(6,1,6),(5,1,6),(4,1,6),(3,1,6),(2,1,6),(1,1,6),(1,0,6),(1,0,7),
228:(1,6,0),(2,6,0),(2,6,1),(3,6,1),(3,5,1),(3,4,1),(3,3,1),(3,3,2),(3,3,3),(3,3,4),(3,3,5),(3,3,6),(3,2,6),(3,2,6),(4,2,6),
229:(4,2,2),(4,2,3),(4,3,3),(4,3,2),(4,4,2),(4,5,2),(4,5,2),(4,5,3),(4,5,4),
230:(1,2,7),(2,2,7),(3,2,7),(3,2,8),(4,2,8),(5,2,8),(6,2,8),(7,2,8),(7,1,8),
231:(7,6,5),(7,6,6),(7,5,6),(7,4,6),(6,4,6),(7,4,6),(7,3,6),
232:(4,1,5),(5,1,5),(5,1,4),(6,1,4),(7,1,4),(7,1,3),(7,1,2),(7,1,1),(7,2,1),(8,2,1),(8,3,1),(8,4,1),(7,4,1),
233:(1,2,0),(1,2,1),(1,2,2),(1,2,3),(1,2,4),(0,2,4),(0,2,5),(0,2,6),(0,2,7),(0,2,8),(0,3,8),(0,4,8),(0,4,8),(0,4,8),(1,4,8),
234:(7,7,3),(7,6,3),(7,6,4),(7,6,5),(6,6,5),(5,6,5),(5,6,6),(5,6,7),(4,6,7),(3,6,7),(3,5,7),(4,5,7),
235:(1,5,5),(1,6,5),(1,6,6),
236:(7,3,8),(6,3,8),(6,2,8),(5,2,8),(5,1,8),(4,1,8),(3,1,8),(2,1,8),(2,1,7),(2,1,6),(1,1,6),
237:(4,0,8),(3,0,8),(3,1,8),(2,1,8),(2,1,7),(2,1,6),(2,1,5),(2,1,4),(2,1,3),(2,1,2),(2,1,1),(2,2,1),(2,3,1),(2,4,1),(2,5,1),(2,6,1),(2,7,1),(2,8,1),(1,8,1),
238:(4,4,4),(5,4,4),(6,4,4),(6,4,3),(6,3,3),(6,2,3),(6,2,2),(6,2,1),(6,2,0),(6,2,0),(7,2,0),
239:(1,8,3),(2,8,3),(3,8,3),(3,7,3),(3,6,3),(3,6,2),(3,5,2),(4,5,2),(5,5,2),(5,4,2),(5,3,2),(5,2,2),(4,2,2),
240:(4,2,3),(5,2,3),(5,3,3),(6,3,3),(6,3,4),(6,2,4),(7,2,4),(7,1,4),(7,1,5),(7,1,6),
241:(1,3,8),(1,4,8),(1,5,8),(1,6,8),(1,7,8),(1,7,8),(1,7,7),(1,7,6),
242:(4,3,7),(3,3,7),(2,3,7),(2,3,6),(2,3,5),(2,3,4),(2,4,4),(2,4,3),(2,4,2),(2,4,1),(2,5,1),(2,6,1),(2,6,0),(2,7,0),(2,8,0),(1,8,0),
