soc=2260
lb_soc=1384
makespan=19
lb_makespan=14
comp_time=11856
highLevelExpanded=80
lowLevelExpanded=22960
solution=
0:(7,1,5),(6,1,5),(5,1,5),(4,1,5),(3,1,5),(2,1,5),(2,2,5),(2,2,4),(2,3,4),(2,3,3),(2,4,3),(2,5,3),(2,6,3),(2,7,3),(1,7,3),
1:(1,0,1),(2,0,1),(3,0,1),(3,0,0),(3,1,0),(3,2,0),(3,3,0),(3,4,0),(4,4,0),(4,5,0),
2:(7,2,1),(6,2,1),(5,2,1),(4,2,1),(3,2,1),(2,2,1),(1,2,1),(1,2,2),(0,2,2),(0,2,3),(0,2,4),(0,2,5),(0,2,6),(0,2,7),(0,2,8),(0,3,8),(1,3,8),
3:(7,5,8),(6,5,8),(5,5,8),(5,6,8),(5,6,7),(5,6,6),(5,7,6),(5,8,6),(5,8,5),(5,8,4),(5,8,3),(4,8,3),
4:(4,4,1),(3,4,1),(2,4,1),(1,4,1),(1,3,1),
5:(1,3,4),(1,3,3),(1,3,2),(1,4,2),(1,5,2),(1,6,2),
6:(1,5,3),(2,5,3),(3,5,3),(4,5,3),(4,5,4),(4,5,5),
7:(7,6,7),(6,6,7),(5,6,7),(5,5,7),(5,5,6),(5,5,5),(5,4,5),(4,4,5),
8:(1,8,3),(1,8,2),(1,8,1),(1,7,1),
9:(7,1,0),(6,1,0),(5,1,0),(5,1,1),(5,2,1),(5,2,2),(5,3,2),(5,3,3),(5,3,3),(5,3,4),(5,3,5),(5,4,5),(5,4,6),(5,4,7),(4,4,7),
10:(7,4,2),(7,4,3),(7,3,3),(7,2,3),(7,2,4),(7,2,5),(8,2,5),(8,2,6),(8,2,7),(8,2,8),(7,2,8),
11:(4,3,2),(3,3,2),(2,3,2),(1,3,2),(1,2,2),(1,2,1),(1,1,1),
12:(4,3,6),(3,3,6),(2,3,6),(1,3,6),
13:(7,0,8),(6,0,8),(5,0,8),(4,0,8),(3,0,8),(2,0,8),(1,0,8),(1,1,8),
14:(7,7,1),(6,7,1),(6,6,1),(6,6,2),(6,5,2),(6,5,2),(6,5,2),(5,5,2),(4,5,2),
15:(1,7,4),(2,7,4),(3,7,4),(4,7,4),(5,7,4),(6,7,4),(6,7,5),(6,7,5),(6,7,6),(6,6,6),(6,5,6),(6,4,6),(6,3,6),(6,2,6),(6,2,7),(7,2,7),
16:(4,6,7),(3,6,7),(2,6,7),(1,6,7),(1,6,6),(1,6,5),(1,7,5),(1,7,4),
17:(4,7,8),(4,7,7),
18:(7,3,6),(6,3,6),(5,3,6),(4,3,6),(3,3,6),(2,3,6),(2,3,7),(1,3,7),(1,3,8),(1,4,8),
19:(1,3,5),(2,3,5),(2,2,5),(2,1,5),(2,1,6),(3,1,6),(4,1,6),(4,1,6),(5,1,6),(6,1,6),(6,1,7),(7,1,7),
20:(7,4,0),(6,4,0),(5,4,0),(4,4,0),(3,4,0),(2,4,0),(2,5,0),(2,5,1),(1,5,1),(0,5,1),(0,5,2),(0,5,3),(1,5,3),
21:(1,0,5),(1,1,5),(0,1,5),(0,2,5),(1,2,5),(1,3,5),(1,4,5),(1,4,4),(1,5,4),(1,5,3),(1,6,3),
22:(7,4,8),(7,4,7),(7,4,6),(7,3,6),(7,3,5),(7,3,4),(7,3,3),(7,2,3),(7,1,3),
23:(1,8,1),(2,8,1),(3,8,1),(4,8,1),(4,8,2),(4,7,2),
24:(4,4,4),(4,4,3),(4,3,3),(4,2,3),(4,1,3),
25:(4,5,4),(5,5,4),(6,5,4),(6,5,5),(6,4,5),(7,4,5),(7,3,5),
26:(7,7,5),(7,7,6),(7,7,7),(7,8,7),(6,8,7),(5,8,7),(5,8,8),(4,8,8),(3,8,8),(2,8,8),(1,8,8),(1,8,7),
27:(1,4,0),(1,4,1),(1,4,2),(1,5,2),(1,6,2),(1,7,2),(1,8,2),
28:(1,1,7),(2,1,7),(2,1,8),(2,2,8),(2,3,8),(3,3,8),(4,3,8),(4,3,8),(5,3,8),(5,4,8),(5,5,8),(5,6,8),(5,7,8),(6,7,8),(7,7,8),
29:(4,5,8),(4,5,7),(4,4,7),(4,3,7),(4,2,7),(3,2,7),(3,2,6),(3,1,6),(2,1,6),(2,0,6),(1,0,6),
30:(1,7,0),(2,7,0),(3,7,0),(3,6,0),(3,5,0),(3,4,0),(3,4,1),(3,3,1),(3,3,2),(3,3,3),(3,3,4),(3,2,4),(3,2,5),(3,2,6),(3,1,6),(4,1,6),
31:(4,3,5),(4,3,4),(4,2,4),(4,1,4),
32:(4,0,5),(4,1,5),(4,2,5),(4,2,6),(4,3,6),(3,3,6),(3,4,6),(3,5,6),(3,6,6),(3,6,5),(3,7,5),(4,7,5),
33:(7,7,7),(6,7,7),(5,7,7),(5,7,6),(4,7,6),(3,7,6),(2,7,6),(2,7,5),(2,7,4),(2,7,3),(2,7,2),(2,6,2),(2,6,1),(2,6,0),(2,5,0),(2,4,0),(1,4,0),
34:(7,0,1),(6,0,1),(5,0,1),(5,0,1),(4,0,1),
35:(1,7,8),(1,7,7),(1,7,6),(1,7,5),(1,8,5),
36:(1,1,8),(2,1,8),(3,1,8),(4,1,8),(5,1,8),(5,1,7),(5,1,6),(5,1,5),(5,1,4),(6,1,4),(6,1,3),(6,1,2),(6,2,2),(7,2,2),
37:(4,1,4),(5,1,4),(6,1,4),(6,1,5),(6,1,6),(6,2,6),(6,2,7),(6,3,7),(6,4,7),(6,5,7),(6,6,7),(6,6,7),(7,6,7),
38:(4,2,2),(3,2,2),(2,2,2),(1,2,2),(1,2,1),(1,2,0),
39:(1,1,3),(1,2,3),(1,2,4),(1,3,4),(1,3,5),(2,3,5),(2,3,6),(3,3,6),(3,4,6),(3,5,6),(4,5,6),
40:(1,6,6),(1,6,7),(1,5,7),(1,4,7),(1,3,7),(1,2,7),
41:(4,0,8),(5,0,8),(5,0,7),(6,0,7),(7,0,7),(7,0,6),(7,1,6),
42:(7,8,1),(7,8,2),(7,8,3),(7,8,4),(7,8,5),(7,8,6),(7,7,6),(7,6,6),(7,5,6),
43:(4,2,1),(4,2,2),(4,3,2),
44:(4,2,8),(3,2,8),(2,2,8),(1,2,8),(1,2,7),(1,1,7),
45:(7,7,6),(6,7,6),(5,7,6),(5,7,5),(5,6,5),(5,6,4),(5,6,3),(5,6,2),(5,6,1),(4,6,1),(4,6,0),
46:(1,1,6),(2,1,6),(3,1,6),(3,1,5),(3,1,4),(3,1,3),(3,2,3),(3,2,2),(4,2,2),(4,2,1),(5,2,1),(5,2,0),(5,3,0),(6,3,0),(7,3,0),
47:(7,5,4),(6,5,4),(6,5,5),(5,5,5),(4,5,5),(3,5,5),(2,5,5),(1,5,5),(1,5,6),
48:(7,4,7),(7,3,7),(7,2,7),(7,1,7),(7,1,7),(7,0,7),(7,0,7),(7,0,6),
49:(7,5,6),(6,5,6),(5,5,6),(4,5,6),(4,6,6),(4,6,5),(4,6,4),(4,7,4),(4,7,3),
50:(1,5,5),(1,4,5),(1,3,5),(1,2,5),(1,2,6),(1,1,6),(1,0,6),(1,0,7),(1,0,8),
51:(7,0,5),(6,0,5),(5,0,5),(4,0,5),(3,0,5),(2,0,5),(1,0,5),(1,0,6),(1,0,7),
52:(1,7,6),(2,7,6),(2,7,5),(2,7,4),(2,7,3),(2,7,2),(2,6,2),(3,6,2),(3,6,1),(3,6,1),(4,6,1),
53:(7,6,1),(7,6,2),(7,6,3),(7,6,4),(7,7,4),(7,8,4),
54:(4,5,7),(5,5,7),(6,5,7),(6,5,6),(6,5,5),(6,5,4),(6,5,3),(6,5,2),(6,5,1),(6,4,1),(6,3,1),(6,2,1),(6,1,1),(7,1,1),
55:(7,7,8),(6,7,8),(5,7,8),(4,7,8),(3,7,8),(2,7,8),(2,7,7),(1,7,7),
56:(7,7,2),(7,7,1),(7,7,0),(7,6,0),(7,5,0),(7,4,0),(7,3,0),(7,2,0),(7,1,0),
57:(7,5,3),(7,5,2),(7,5,1),(7,6,1),(7,7,1),(7,7,0),
58:(7,8,7),(6,8,7),(5,8,7),(5,7,7),(5,7,6),(4,7,6),(3,7,6),(3,7,5),(3,6,5),(3,5,5),(3,4,5),(3,3,5),(2,3,5),(1,3,5),(1,2,5),
59:(1,2,0),(2,2,0),(3,2,0),(4,2,0),(5,2,0),(6,2,0),(6,3,0),(6,3,1),(6,3,2),(6,4,2),(6,5,2),(6,5,3),(6,6,3),(6,6,4),(6,6,5),(7,6,5),
60:(4,4,3),(4,5,3),(4,6,3),(4,7,3),(4,8,3),(4,8,2),(4,8,1),
61:(4,1,6),(5,1,6),(6,1,6),(6,2,6),(6,3,6),(6,4,6),(6,5,6),(6,5,5),(6,5,4),(6,6,4),(6,7,4),(6,7,3),(6,7,2),(7,7,2),
62:(7,7,0),(6,7,0),(5,7,0),(5,7,1),(5,7,2),(5,6,2),(5,5,2),(5,5,3),(5,4,3),(4,4,3),
63:(1,7,2),(1,7,3),(1,7,4),(1,7,4),(1,7,5),(1,7,6),
64:(1,6,5),(1,6,4),(1,5,4),(1,4,4),(1,3,4),(1,2,4),(1,1,4),
65:(7,0,3),(7,0,4),(7,1,4),(7,2,4),(7,3,4),(7,4,4),(7,4,5),(7,4,6),(8,4,6),(8,5,6),(8,6,6),(8,7,6),(8,8,6),(7,8,6),
66:(1,8,6),(2,8,6),(3,8,6),(3,7,6),(3,7,5),(3,7,4),(3,6,4),(3,6,3),(3,6,2),(3,5,2),(3,5,1),(3,4,1),(3,3,1),(3,2,1),(4,2,1),
67:(4,6,4),(4,6,3),(4,6,2),(4,6,1),(4,5,1),(4,4,1),(4,3,1),(4,2,1),(4,2,0),
68:(4,8,1),(3,8,1),(3,7,1),(2,7,1),(2,6,1),(1,6,1),
69:(7,8,0),(6,8,0),(6,8,1),(6,7,1),(6,6,1),(6,5,1),(5,5,1),(5,4,1),(5,4,2),(5,3,2),(5,2,2),(5,1,2),(5,0,2),(4,0,2),
70:(4,2,0),(5,2,0),(6,2,0),(6,3,0),(6,3,1),(6,4,1),(6,5,1),(6,6,1),(6,6,2),(6,6,3),(6,6,4),(6,6,5),(7,6,5),(7,7,5),
71:(1,2,5),(1,2,6),(1,3,6),(1,4,6),(1,5,6),(1,5,7),(1,6,7),
72:(1,8,8),(2,8,8),(3,8,8),(3,8,7),(3,7,7),(3,6,7),(3,6,6),(3,6,5),(3,6,4),(4,6,4),(4,6,3),(5,6,3),(5,5,3),(6,5,3),(7,5,3),
73:(7,3,4),(6,3,4),(6,4,4),(6,5,4),(6,6,4),(6,6,5),(5,6,5),(5,7,5),(4,7,5),(4,8,5),
74:(1,6,0),(2,6,0),(2,5,0),(2,4,0),(2,4,1),(2,3,1),(3,3,1),(3,2,1),(3,1,1),(3,1,2),(3,1,3),(3,0,3),(4,0,3),
75:(7,1,3),(6,1,3),(5,1,3),(4,1,3),(3,1,3),(2,1,3),(2,1,4),(2,1,5),(2,2,5),(2,3,5),(2,4,5),(2,5,5),(2,6,5),(2,7,5),(1,7,5),
76:(1,5,7),(2,5,7),(3,5,7),(4,5,7),(4,4,7),(4,3,7),(4,2,7),
77:(7,5,2),(6,5,2),(5,5,2),(4,5,2),(3,5,2),(2,5,2),(2,5,3),(2,5,4),(2,5,5),(2,5,6),(2,5,7),(1,5,7),
78:(1,7,1),(1,6,1),(1,5,1),(1,5,1),(1,4,1),(1,4,2),(1,3,2),(1,3,2),(1,2,2),(1,1,2),(1,0,2),
79:(1,5,8),(1,5,7),(1,5,6),(1,5,5),(1,5,4),(1,5,3),(1,5,2),(1,4,2),(1,3,2),(1,2,2),(1,2,1),
80:(4,0,6),(4,0,5),(4,1,5),(4,2,5),(5,2,5),(5,2,4),(5,2,3),(5,2,2),(5,2,1),(5,2,0),(5,3,0),(5,4,0),(5,5,0),(5,6,0),(5,7,0),(5,8,0),(4,8,0),
81:(4,6,6),(4,6,5),(4,6,4),(4,5,4),(4,4,4),(4,3,4),(4,3,4),(4,3,3),
82:(4,3,1),(5,3,1),(6,3,1),(6,3,2),(6,2,2),(6,1,2),(7,1,2),
83:(7,2,3),(6,2,3),(5,2,3),(5,2,2),(4,2,2),(3,2,2),(2,2,2),(2,2,1),(2,3,1),(2,4,1),(2,5,1),(1,5,1),
84:(7,0,2),(7,0,3),(7,0,4),(7,0,5),(7,0,6),(7,1,6),(7,2,6),(7,2,6),(7,3,6),
85:(7,0,7),(7,0,6),(7,1,6),(7,2,6),(7,3,6),(7,4,6),(7,5,6),(8,5,6),(8,5,5),(8,6,5),(7,6,5),(7,7,5),(7,8,5),
86:(7,2,4),(7,2,5),(7,2,6),(7,2,7),(7,3,7),(7,4,7),(7,5,7),(7,6,7),(7,6,6),(7,7,6),
87:(7,2,2),(7,2,3),(7,2,4),(7,2,5),(7,2,6),(7,2,7),(7,3,7),(7,4,7),(7,4,8),(7,5,8),
88:(1,3,1),(1,3,1),(1,4,1),(0,4,1),(0,4,1),(1,4,1),
89:(7,4,5),(7,4,4),(7,4,3),(7,4,2),(7,4,1),(7,3,1),(7,3,1),(7,3,0),(7,2,0),
90:(4,6,5),(4,6,4),(4,5,4),(4,4,4),(4,4,3),(4,4,2),(3,4,2),(3,4,1),(3,4,0),(4,4,0),
91:(4,4,6),(3,4,6),(2,4,6),(2,4,5),(1,4,5),(1,4,4),(1,3,4),
92:(1,7,5),(2,7,5),(3,7,5),(3,7,4),(3,7,3),(3,7,2),(3,7,1),(3,6,1),(3,5,1),(3,4,1),(3,3,1),(4,3,1),
93:(4,0,4),(4,0,4),(4,0,5),(4,0,6),(4,1,6),(4,2,6),(4,3,6),
94:(7,0,0),(6,0,0),(5,0,0),(4,0,0),(3,0,0),(2,0,0),(2,0,1),(2,0,2),(2,0,3),(2,0,4),(2,0,5),(2,1,5),(2,2,5),(2,3,5),(2,3,5),(1,3,5),
95:(1,4,4),(1,4,3),
96:(1,1,5),(1,2,5),(0,2,5),(0,2,4),(0,2,3),(0,3,3),(0,4,3),(0,5,3),(1,5,3),(2,5,3),(3,5,3),(3,6,3),(4,6,3),
97:(1,0,2),(2,0,2),(3,0,2),(4,0,2),(5,0,2),(6,0,2),(6,1,2),(6,1,3),(6,1,4),(6,1,5),(6,1,6),(6,1,7),(6,2,7),(6,3,7),(6,4,7),(6,5,7),(6,6,7),(6,7,7),(6,8,7),(7,8,7),
98:(4,8,3),(4,8,4),(4,8,5),(4,8,6),(4,9,6),(4,9,7),(4,9,8),(4,9,9),(4,8,9),(4,7,9),(4,6,9),(4,5,9),(4,4,9),(4,3,9),(4,2,9),(4,1,9),(4,1,8),
99:(1,1,1),(2,1,1),(3,1,1),(4,1,1),(5,1,1),(6,1,1),(6,2,1),(6,2,2),(6,2,3),(6,2,4),(6,3,4),(6,4,4),(6,5,4),(6,5,4),(6,6,4),(7,6,4),
100:(1,5,2),(2,5,2),(3,5,2),(3,6,2),(4,6,2),
101:(4,3,8),(4,3,7),(4,2,7),(3,2,7),(3,2,6),(3,2,5),(3,2,4),(3,2,3),(3,2,2),(3,2,1),(3,2,0),(3,1,0),(4,1,0),
102:(1,1,2),(1,1,3),(1,1,4),(0,1,4),(0,1,5),(0,1,6),(0,2,6),(0,3,6),(0,4,6),(1,4,6),
103:(4,6,3),(5,6,3),(6,6,3),(6,5,3),(6,5,4),(6,4,4),(6,4,5),(6,4,6),(6,3,6),(6,3,7),(6,3,8),(6,2,8),(6,1,8),(6,0,8),(7,0,8),
104:(4,1,3),(3,1,3),(3,2,3),(2,2,3),(2,2,3),(1,2,3),
105:(4,5,5),(3,5,5),(2,5,5),(2,5,4),(2,5,3),(2,4,3),(2,4,2),(2,4,2),(2,4,2),(1,4,2),
106:(7,8,5),(6,8,5),(5,8,5),(4,8,5),(3,8,5),(2,8,5),(2,8,4),(2,7,4),(2,7,3),(2,7,2),(2,6,2),(2,5,2),(2,4,2),(2,3,2),(2,2,2),(1,2,2),
107:(1,1,4),(1,2,4),(1,3,4),(2,3,4),(2,4,4),(2,5,4),(2,6,4),(3,6,4),(4,6,4),(5,6,4),(5,6,4),(6,6,4),(7,6,4),(7,7,4),
108:(1,8,7),(2,8,7),(3,8,7),(3,8,6),(4,8,6),(5,8,6),(6,8,6),(6,7,6),(6,6,6),(6,5,6),(6,4,6),(6,3,6),(6,2,6),(7,2,6),
109:(1,3,2),(0,3,2),(0,3,3),(0,3,4),(0,3,5),(0,2,5),(1,2,5),(2,2,5),(3,2,5),(3,2,6),(4,2,6),
110:(1,5,4),(2,5,4),(3,5,4),(3,5,3),(4,5,3),(5,5,3),(5,5,3),(6,5,3),(7,5,3),(7,5,2),(7,6,2),
111:(4,1,2),(5,1,2),(6,1,2),(6,1,1),(6,2,1),(6,3,1),(6,4,1),(7,4,1),(7,5,1),(7,6,1),(7,7,1),
112:(1,4,8),(1,4,7),(1,3,7),(1,2,7),(0,2,7),(0,2,6),(1,2,6),
113:(7,8,8),(6,8,8),(5,8,8),(5,8,7),(5,8,6),(5,8,5),(4,8,5),(3,8,5),(2,8,5),(2,8,4),(1,8,4),(1,8,3),(1,7,3),(1,7,2),
114:(1,0,8),(2,0,8),(3,0,8),(3,1,8),(4,1,8),(5,1,8),(5,2,8),(5,3,8),(5,4,8),(6,4,8),(6,5,8),(6,6,8),(6,6,8),(7,6,8),
115:(4,1,7),(3,1,7),(3,2,7),(2,2,7),(2,2,6),(2,2,5),(2,2,4),(2,2,3),(2,2,2),(2,3,2),(1,3,2),
116:(1,2,2),(2,2,2),(2,2,3),(2,2,4),(2,3,4),(3,3,4),(3,3,4),(4,3,4),
117:(7,1,7),(6,1,7),(5,1,7),(5,1,6),(5,1,5),(4,1,5),(3,1,5),(3,1,4),(2,1,4),(2,1,3),(2,1,2),(2,1,1),(2,1,0),(2,2,0),(2,3,0),(1,3,0),
118:(1,2,1),(1,2,2),(1,2,3),(1,2,4),(1,2,4),(1,2,5),(1,3,5),(1,4,5),
119:(4,6,0),(3,6,0),(2,6,0),(2,6,1),(2,6,2),(2,6,3),(2,6,3),(2,6,4),(2,6,5),(2,5,5),(1,5,5),
120:(4,3,4),(3,3,4),(2,3,4),(2,3,3),(2,4,3),(2,4,2),(2,4,1),(2,4,0),(2,5,0),(2,6,0),(2,7,0),(2,8,0),(1,8,0),
121:(7,8,6),(6,8,6),(6,8,7),(6,7,7),(5,7,7),(5,6,7),(5,6,8),(4,6,8),(4,6,7),
122:(1,3,6),(2,3,6),(2,3,7),(3,3,7),(4,3,7),(4,3,8),(4,4,8),(4,5,8),
123:(4,1,8),(5,1,8),(6,1,8),(6,1,7),(6,2,7),(6,3,7),(6,3,6),(6,3,5),(6,3,4),(6,3,3),(6,3,2),(6,3,1),(7,3,1),
124:(4,7,1),(5,7,1),(5,7,2),(6,7,2),(6,7,3),(6,6,3),(6,6,4),(6,6,5),(6,5,5),(6,4,5),(6,3,5),(6,2,5),(6,1,5),(6,1,6),(6,1,7),(6,0,7),(7,0,7),
125:(7,5,0),(7,5,1),(7,6,1),(7,6,2),(7,6,3),(7,7,3),
126:(4,6,8),(4,7,8),(4,8,8),(4,8,7),
127:(1,7,3),(1,6,3),(1,6,2),(1,6,1),(1,6,0),(1,5,0),
128:(4,8,7),(5,8,7),(5,8,6),(6,8,6),(6,8,5),(6,8,4),(6,8,3),(7,8,3),
129:(7,1,6),(6,1,6),(6,1,5),(5,1,5),(4,1,5),(3,1,5),(2,1,5),(2,1,6),(1,1,6),
130:(1,0,4),(1,0,5),(1,1,5),(1,1,6),(1,1,7),(1,1,8),(1,2,8),(1,3,8),(1,4,8),(1,5,8),(0,5,8),(0,6,8),(0,7,8),(0,8,8),(1,8,8),
131:(4,8,8),(4,8,7),(4,8,6),(5,8,6),(6,8,6),(6,7,6),(6,6,6),(6,5,6),(6,4,6),(7,4,6),
132:(1,2,3),(2,2,3),(2,2,4),(2,2,5),(3,2,5),(4,2,5),(5,2,5),(6,2,5),(6,1,5),(6,0,5),(7,0,5),
133:(1,2,8),(2,2,8),(2,2,7),(2,2,6),(2,2,5),(2,2,4),(2,2,3),(2,1,3),(3,1,3),(3,0,3),(4,0,3),(5,0,3),(6,0,3),(7,0,3),(7,0,2),
134:(1,2,6),(1,1,6),(1,0,6),(1,0,5),(1,0,4),(1,0,3),
135:(4,0,7),(5,0,7),(6,0,7),(6,0,6),(6,0,5),(6,0,4),(6,0,3),(6,0,2),(6,1,2),(6,2,2),(6,2,2),(6,3,2),(6,3,1),(6,4,1),(6,4,0),(6,5,0),(6,6,0),(7,6,0),
136:(7,3,8),(7,2,8),(7,1,8),
137:(7,8,3),(7,7,3),(7,7,3),(7,6,3),(7,5,3),(7,4,3),(7,4,3),(7,4,4),
138:(7,6,6),(7,6,5),(7,5,5),
139:(4,6,1),(4,5,1),(4,4,1),(4,3,1),(4,2,1),(4,1,1),
140:(4,1,0),(3,1,0),(2,1,0),(2,1,1),(2,1,2),(2,0,2),(2,0,3),(2,0,4),(1,0,4),
141:(1,3,0),(2,3,0),(2,3,1),(2,3,2),(2,3,3),(2,3,4),(2,3,5),(3,3,5),(3,3,6),(3,3,7),(4,3,7),
142:(7,3,5),(6,3,5),(5,3,5),(5,3,6),(5,3,7),(5,4,7),(4,4,7),(3,4,7),(2,4,7),(1,4,7),
143:(4,4,0),(3,4,0),(2,4,0),(2,3,0),(2,3,1),(2,3,2),(2,3,3),(2,3,4),(2,3,5),(2,3,6),(2,3,7),(2,3,8),(2,2,8),(2,2,8),(2,2,8),(1,2,8),
144:(4,7,4),(4,7,5),(4,7,6),(4,6,6),(4,6,7),(4,5,7),(4,5,7),(4,4,7),(4,4,8),(4,3,8),(4,2,8),(4,1,8),(4,0,8),
145:(1,7,7),(2,7,7),(3,7,7),(3,6,7),(3,5,7),(3,5,6),(3,5,5),(3,4,5),(3,3,5),(3,2,5),(4,2,5),
146:(4,2,5),(4,3,5),(4,4,5),(4,4,5),(4,4,5),(4,4,4),
147:(4,2,7),(3,2,7),(3,2,6),(3,3,6),(2,3,6),(2,4,6),(1,4,6),(1,5,6),(1,6,6),
148:(4,5,6),(3,5,6),(2,5,6),(2,5,7),(2,5,8),(1,5,8),(1,6,8),
149:(4,5,1),(4,5,0),(4,4,0),(4,3,0),
150:(1,6,2),(1,5,2),(1,5,3),(1,5,4),(1,4,4),(1,3,4),(1,2,4),
151:(7,2,8),(6,2,8),(5,2,8),(4,2,8),(3,2,8),(2,2,8),(2,2,7),(2,2,6),(2,3,6),(2,4,6),(2,5,6),(2,6,6),(2,7,6),(2,8,6),(1,8,6),
152:(1,2,4),(2,2,4),(2,1,4),(2,1,3),(2,1,3),(2,1,2),(3,1,2),(4,1,2),
153:(4,8,2),(5,8,2),(6,8,2),(7,8,2),
154:(4,0,2),(3,0,2),(3,1,2),(3,2,2),(3,3,2),(3,4,2),(3,5,2),(2,5,2),(1,5,2),
155:(1,4,5),(1,3,5),(1,2,5),(1,1,5),
156:(7,5,5),(7,5,4),(7,5,3),(7,5,2),(7,4,2),
157:(4,3,0),(4,3,1),(3,3,1),(3,3,2),(3,4,2),(3,5,2),(3,6,2),(3,7,2),(3,8,2),(4,8,2),
158:(4,0,0),(3,0,0),(2,0,0),(2,0,1),(2,0,2),(2,0,3),(2,0,4),(2,1,4),(2,2,4),(2,3,4),(2,4,4),(1,4,4),
159:(7,2,6),(6,2,6),(6,2,5),(6,2,5),(6,1,5),(5,1,5),(4,1,5),(3,1,5),(2,1,5),(2,1,4),(2,1,3),(2,1,2),(1,1,2),
160:(1,0,0),(2,0,0),(2,0,1),(3,0,1),(3,0,2),(3,1,2),(3,2,2),(3,3,2),(3,3,3),(3,3,4),(3,3,5),(3,3,6),(3,3,7),(3,3,8),(3,4,8),(3,5,8),(3,6,8),(3,7,8),(3,8,8),(4,8,8),
161:(7,3,2),
162:(7,4,3),(6,4,3),(5,4,3),(4,4,3),(3,4,3),(3,5,3),(3,5,4),(3,5,5),(3,5,6),(3,5,7),(3,5,8),(2,5,8),(1,5,8),
163:(7,3,0),(6,3,0),(5,3,0),(5,3,1),(5,3,2),(5,3,3),(5,3,4),(5,3,5),(5,3,6),(5,3,7),(5,3,8),(4,3,8),(4,4,8),
164:(7,1,1),(7,2,1),(7,2,2),(8,2,2),(8,2,3),(8,2,4),(8,3,4),(8,3,5),(8,3,6),(8,3,7),(8,4,7),(8,5,7),(7,5,7),
165:(1,5,0),(2,5,0),(3,5,0),(4,5,0),(5,5,0),(6,5,0),(6,4,0),(6,4,1),(6,4,2),(6,4,3),(6,3,3),(6,2,3),(6,1,3),(6,0,3),(6,0,3),(7,0,3),
166:(1,8,2),(2,8,2),(3,8,2),(4,8,2),(5,8,2),(6,8,2),(6,7,2),(6,6,2),(6,6,3),(6,5,3),(6,4,3),(6,3,3),(7,3,3),
167:(4,6,2),(4,5,2),(4,4,2),(5,4,2),(5,4,3),(5,4,4),(5,4,4),(5,4,5),(5,3,5),(5,2,5),(5,1,5),(4,1,5),(4,0,5),
168:(7,8,4),(7,8,3),(6,8,3),(6,8,2),(6,8,1),(7,8,1),(7,8,0),
169:(7,6,0),(7,5,0),(7,4,0),(6,4,0),(6,4,1),(6,4,2),(6,4,3),(6,4,4),(6,4,5),(7,4,5),
170:(1,8,5),(2,8,5),(3,8,5),(3,7,5),(4,7,5),(4,7,5),(4,6,5),
171:(4,1,1),(3,1,1),(3,2,1),(3,3,1),(3,4,1),(2,4,1),(2,5,1),(2,6,1),(2,6,2),(2,6,3),(2,6,4),(2,6,5),(1,6,5),
172:(1,3,7),(2,3,7),(3,3,7),(3,4,7),(3,4,6),(3,4,5),(3,4,4),(3,4,3),(3,5,3),(3,6,3),(3,6,2),(3,6,1),(3,7,1),(4,7,1),
173:(4,5,3),(3,5,3),(3,4,3),(3,4,3),(3,3,3),(2,3,3),(1,3,3),
174:(1,0,7),(2,0,7),(3,0,7),(3,0,6),(3,1,6),(3,2,6),(3,2,5),(3,2,4),(3,3,4),(3,4,4),(3,5,4),(3,6,4),(3,7,4),(4,7,4),
175:(4,7,2),(4,7,3),(4,7,4),(4,8,4),(4,8,5),(4,8,6),(4,7,6),
176:(4,2,4),(5,2,4),(6,2,4),(6,2,3),(6,3,3),(6,3,2),(6,3,1),(7,3,1),(7,4,1),(7,5,1),(7,5,0),
177:(4,2,3),(5,2,3),(5,2,4),(5,3,4),(5,4,4),(5,4,5),(5,4,6),(5,4,7),(5,5,7),(5,5,8),(5,6,8),(5,7,8),(6,7,8),(6,8,8),(7,8,8),
178:(4,2,6),(3,2,6),(2,2,6),(2,1,6),(2,0,6),(2,0,6),(2,0,5),(1,0,5),
179:(7,4,4),(6,4,4),(5,4,4),(5,4,3),(5,3,3),(5,2,3),(5,2,2),(5,1,2),(5,0,2),(4,0,2),(3,0,2),(2,0,2),(2,0,1),(2,0,0),(1,0,0),
180:(7,6,8),(7,5,8),(7,4,8),(7,3,8),(7,2,8),(7,2,8),(7,2,8),(7,2,7),(7,2,6),(7,2,5),(7,1,5),(7,1,5),(7,1,4),
181:(1,4,3),(2,4,3),(2,4,4),(3,4,4),(3,4,5),(3,3,5),(3,3,6),(3,2,6),(4,2,6),(5,2,6),(6,2,6),(7,2,6),(7,2,5),
182:(4,4,7),(5,4,7),(6,4,7),(7,4,7),(8,4,7),(8,4,6),(8,4,5),(8,4,4),(8,4,3),(7,4,3),
183:(7,1,4),(6,1,4),(6,1,3),(5,1,3),(5,1,2),(5,0,2),(4,0,2),(3,0,2),(2,0,2),(1,0,2),(1,0,1),
184:(7,2,0),(6,2,0),(6,1,0),(5,1,0),(4,1,0),(3,1,0),(2,1,0),(2,1,1),(2,1,2),(2,1,2),(1,1,2),(1,1,3),
185:(4,0,1),(4,0,2),(4,0,3),(4,0,4),(4,0,5),(4,0,6),(4,0,7),
186:(4,0,3),(4,1,3),(4,1,3),(3,1,3),(3,2,3),(3,3,3),(3,4,3),(3,5,3),(3,5,4),(3,6,4),(4,6,4),
187:(1,6,4),(2,6,4),(2,6,5),(2,6,6),(2,6,6),(3,6,6),(4,6,6),
188:(7,0,6),(6,0,6),(5,0,6),(5,0,5),(5,0,5),(4,0,5),(3,0,5),(3,0,4),(3,1,4),(3,2,4),(2,2,4),(2,3,4),(2,4,4),(2,5,4),(2,6,4),(2,7,4),(2,8,4),(1,8,4),
189:(1,4,1),(2,4,1),(2,5,1),(3,5,1),(3,6,1),(3,6,2),(3,7,2),(3,7,3),(3,7,4),(4,7,4),(5,7,4),(6,7,4),(6,7,5),(6,7,6),(6,7,7),(7,7,7),
190:(7,5,1),(6,5,1),(5,5,1),(4,5,1),(4,5,2),(4,5,3),
191:(4,3,3),(3,3,3),(3,3,2),(3,4,2),(4,4,2),(4,5,2),(4,5,2),(3,5,2),(2,5,2),(2,5,1),(2,6,1),(2,7,1),(2,8,1),(1,8,1),
192:(4,4,2),(4,4,2),(3,4,2),(3,5,2),(3,5,3),(3,6,3),(3,7,3),(3,7,4),(3,7,5),(3,7,6),(3,8,6),(4,8,6),
193:(7,2,5),(6,2,5),(5,2,5),(5,2,6),(5,2,7),(5,2,8),(5,3,8),(5,4,8),(5,5,8),(5,6,8),(5,7,8),(4,7,8),
194:(7,5,7),(6,5,7),(6,5,6),(5,5,6),(4,5,6),(4,5,6),(3,5,6),(2,5,6),(2,6,6),(2,6,5),(2,5,5),(2,5,4),(1,5,4),
195:(7,6,2),(7,6,3),(7,6,4),(6,6,4),(6,6,5),(6,6,6),(5,6,6),(5,6,7),(5,6,8),(4,6,8),
196:(1,5,6),(2,5,6),(2,6,6),(2,6,7),(3,6,7),(4,6,7),(5,6,7),(6,6,7),(7,6,7),(7,6,7),(7,6,6),
197:(1,5,1),(2,5,1),(3,5,1),(3,5,0),(4,5,0),(5,5,0),(6,5,0),(7,5,0),(7,4,0),
198:(7,4,1),(6,4,1),(5,4,1),(5,5,1),(5,6,1),(5,7,1),(4,7,1),(3,7,1),(2,7,1),(2,8,1),(2,8,2),(2,8,3),(1,8,3),
199:(7,6,3),(6,6,3),(6,6,2),(5,6,2),(5,5,2),(5,5,1),(5,4,1),(4,4,1),
200:(4,5,2),(5,5,2),(5,5,3),(5,5,4),(5,6,4),(6,6,4),(6,6,5),(6,6,6),(6,5,6),(6,4,6),(6,4,7),(7,4,7),
201:(4,3,7),(4,3,6),(4,3,5),
202:(1,0,3),(2,0,3),(3,0,3),(4,0,3),(5,0,3),(6,0,3),(7,0,3),(7,0,4),(7,0,4),(7,1,4),(7,2,4),
203:(1,3,8),(2,3,8),(3,3,8),(4,3,8),(4,2,8),(4,2,7),(4,1,7),
204:(1,4,2),(2,4,2),(2,5,2),(2,5,1),(3,5,1),(4,5,1),
205:(7,1,8),(7,1,7),(7,0,7),(7,0,6),(6,0,6),(6,0,5),(6,0,4),(6,0,3),(7,0,3),(7,0,2),(7,0,1),
206:(4,8,6),(4,8,5),(4,7,5),(4,6,5),(4,6,4),(4,5,4),
207:(1,8,0),(2,8,0),(3,8,0),(3,7,0),(4,7,0),(5,7,0),(6,7,0),(6,6,0),(7,6,0),(7,6,0),(7,6,1),
208:(7,2,7),(6,2,7),(5,2,7),(5,3,7),(5,4,7),(5,5,7),(5,5,7),(4,5,7),
209:(4,7,3),(4,7,4),(5,7,4),(5,7,4),(5,7,5),(5,6,5),(5,5,5),(5,5,6),(5,4,6),(5,4,7),(5,4,8),(5,3,8),(5,2,8),(4,2,8),
210:(7,8,2),(6,8,2),(6,7,2),(6,7,3),(5,7,3),(5,7,4),(5,7,5),(5,7,6),(5,6,6),(5,5,6),(5,4,6),(5,3,6),(5,2,6),(5,1,6),(4,1,6),(4,0,6),
211:(1,0,6),(2,0,6),(3,0,6),(3,0,5),(3,0,4),(4,0,4),(5,0,4),(6,0,4),(6,0,3),(6,0,2),(6,1,2),(6,2,2),(6,3,2),(6,3,1),(6,4,1),(7,4,1),
212:(4,8,0),(5,8,0),(5,8,1),(5,8,2),(5,8,3),(5,8,4),(5,7,4),(5,6,4),(5,5,4),(5,4,4),(5,3,4),(5,3,4),(6,3,4),(7,3,4),
213:(7,1,2),(7,1,1),(7,2,1),
214:(4,5,0),(4,4,0),(4,3,0),(5,3,0),(5,3,1),(5,3,2),(5,3,3),(5,3,4),(5,3,4),(5,3,5),(5,3,6),(5,3,7),(5,3,8),(4,3,8),
215:(1,8,4),(2,8,4),(3,8,4),(3,8,5),(3,8,6),(3,8,7),(3,8,8),(3,7,8),(3,6,8),(3,5,8),(3,4,8),(4,4,8),(5,4,8),(6,4,8),(6,3,8),(7,3,8),
216:(7,6,5),(6,6,5),(6,7,5),(6,8,5),(5,8,5),(4,8,5),(4,8,4),
217:(1,4,6),(2,4,6),(2,4,7),(2,3,7),(3,3,7),(3,3,7),(4,3,7),(5,3,7),(6,3,7),(7,3,7),
218:(4,8,5),(5,8,5),(5,8,4),(6,8,4),(7,8,4),(8,8,4),(8,7,4),(8,6,4),(8,5,4),(8,4,4),(8,3,4),(8,2,4),(8,1,4),(8,0,4),(7,0,4),
219:(7,3,1),(6,3,1),(6,4,1),(5,4,1),(4,4,1),(4,4,0),(4,5,0),(4,6,0),(4,7,0),
220:(4,4,8),(5,4,8),(6,4,8),(6,4,7),(6,4,6),(6,4,5),(6,5,5),(6,5,4),(6,5,3),(7,5,3),(7,6,3),
221:(4,7,0),(4,7,1),(4,8,1),(5,8,1),(5,8,1),(6,8,1),(7,8,1),
222:(1,4,7),(2,4,7),(3,4,7),(4,4,7),(4,4,6),
223:(4,4,5),(5,4,5),(6,4,5),(6,4,4),(6,4,3),(6,3,3),(6,2,3),(6,2,3),(7,2,3),
224:(7,4,6),(7,4,5),(7,4,4),(7,5,4),
225:(7,0,4),(7,0,5),(7,1,5),(7,1,5),(7,2,5),(7,2,6),(7,2,7),(7,3,7),(7,3,8),(7,4,8),
226:(1,6,3),(2,6,3),(2,6,2),(2,5,2),(2,5,1),(3,5,1),(3,5,0),(4,5,0),(5,5,0),(6,5,0),(6,4,0),(6,3,0),(6,2,0),(6,1,0),(6,0,0),(7,0,0),
227:(1,6,1),(1,6,2),(1,5,2),(1,5,3),(1,5,3),(2,5,3),(2,4,3),(2,3,3),(2,2,3),(3,2,3),(3,2,4),(3,2,5),(3,1,5),(4,1,5),
228:(7,7,3),(6,7,3),(5,7,3),(5,7,2),(5,6,2),(5,5,2),(5,4,2),(4,4,2),(3,4,2),(2,4,2),(2,4,1),(2,3,1),(2,2,1),(2,1,1),(2,1,0),(1,1,0),
229:(1,1,0),(1,1,1),(1,2,1),(1,3,1),(1,3,2),(0,3,2),(0,3,3),(0,3,4),(0,3,5),(0,3,6),(0,3,7),(1,3,7),
230:(7,6,4),(6,6,4),(6,6,4),(6,6,3),(6,6,2),(6,6,1),(5,6,1),(4,6,1),(4,6,0),(3,6,0),(2,6,0),(1,6,0),
231:(7,3,3),(6,3,3),(5,3,3),(4,3,3),(4,2,3),
232:(4,1,5),(4,1,4),(5,1,4),(5,2,4),(4,2,4),
233:(1,6,7),(2,6,7),(2,5,7),(3,5,7),(3,5,6),(3,4,6),(3,4,5),(3,4,4),(3,4,3),(3,4,2),(4,4,2),
234:(7,3,7),(6,3,7),(6,3,6),(6,3,5),(6,3,4),(6,2,4),(6,2,4),(5,2,4),(5,2,3),(5,2,2),(4,2,2),
235:(7,7,4),(7,6,4),(7,5,4),(8,5,4),(8,4,4),(8,3,4),(7,3,4),(6,3,4),(6,2,4),(5,2,4),(5,1,4),(5,0,4),(4,0,4),
236:(1,6,8),(2,6,8),(3,6,8),(4,6,8),(5,6,8),(5,5,8),(5,5,8),(5,5,7),(5,5,6),(5,5,5),(6,5,5),(6,5,4),(6,5,3),(7,5,3),(7,5,2),
237:(4,7,6),(3,7,6),(2,7,6),(1,7,6),(1,7,7),(1,7,8),
238:(4,7,7),(4,7,6),(4,6,6),(5,6,6),(6,6,6),(7,6,6),(8,6,6),(8,6,5),(8,6,4),(8,6,3),(8,6,2),(8,6,1),(8,5,1),(7,5,1),
239:(4,7,5),(3,7,5),(3,6,5),(2,6,5),(1,6,5),(1,6,4),
240:(1,2,7),(2,2,7),(2,1,7),(2,1,7),(3,1,7),(4,1,7),(5,1,7),(5,1,6),(5,1,5),(5,1,5),(6,1,5),(6,1,5),(7,1,5),
241:(4,8,4),(3,8,4),(3,8,3),(2,8,3),(1,8,3),(1,8,2),(1,8,1),(1,8,0),(1,7,0),
242:(1,3,3),(2,3,3),(3,3,3),(3,2,3),(3,2,2),(3,2,1),(4,2,1),(4,2,0),(4,1,0),(4,0,0),
