soc=2344
lb_soc=1410
makespan=20
lb_makespan=14
comp_time=11255
highLevelExpanded=74
lowLevelExpanded=20710
solution=
0:(4,6,0),(3,6,0),(2,6,0),(1,6,0),(1,6,1),(1,6,2),(1,6,3),(1,6,4),(1,6,5),(0,6,5),(0,6,6),(0,6,7),(0,5,7),(0,4,7),(1,4,7),
1:(1,2,8),(1,3,8),(1,4,8),(1,4,9),(1,5,9),(1,5,8),(1,6,8),(1,7,8),
2:(1,7,0),(2,7,0),(3,7,0),(4,7,0),(5,7,0),(6,7,0),(6,7,1),(6,7,2),(6,7,3),(7,7,3),
3:(7,1,4),(7,2,4),(7,3,4),(7,4,4),(6,4,4),(6,5,4),(6,6,4),(6,7,4),(6,8,4),(5,8,4),(5,8,3),(4,8,3),(3,8,3),(2,8,3),(2,8,4),(1,8,4),
4:(1,2,7),(1,2,6),(1,2,5),(1,2,4),(1,2,3),(0,2,3),(0,3,3),(0,4,3),(0,4,2),(0,5,2),(0,6,2),(0,7,2),(1,7,2),
5:(7,5,6),(6,5,6),(5,5,6),(4,5,6),(3,5,6),(2,5,6),(2,6,6),(2,7,6),(1,7,6),(1,7,7),
6:(4,3,1),(3,3,1),(2,3,1),(1,3,1),(1,2,1),(1,1,1),(1,1,2),
7:(1,5,4),(2,5,4),(3,5,4),(4,5,4),(4,5,3),(4,5,2),(4,5,1),(4,5,0),(4,6,0),(4,7,0),
8:(1,4,1),(1,4,2),(1,4,3),(1,4,4),(1,5,4),(1,6,4),(1,6,5),(0,6,5),(0,6,6),(0,6,7),(0,6,8),(1,6,8),
9:(7,1,2),(6,1,2),(5,1,2),(4,1,2),(4,1,1),
10:(4,8,1),(4,7,1),(4,7,2),(5,7,2),(5,6,2),(5,5,2),(5,5,3),(5,5,4),(5,5,5),(5,5,6),(6,5,6),(6,5,7),(6,4,7),(6,3,7),(6,2,7),(6,1,7),(7,1,7),
11:(1,5,8),(2,5,8),(3,5,8),(4,5,8),(4,6,8),
12:(7,0,7),(7,0,6),(7,0,5),(7,0,4),(7,1,4),(7,2,4),(8,2,4),(8,2,3),(8,3,3),(8,4,3),(8,5,3),(8,6,3),(7,6,3),
13:(7,6,7),(6,6,7),(5,6,7),(4,6,7),(4,6,6),(4,6,5),(4,6,4),(4,6,3),(4,6,2),(4,6,1),(4,6,0),
14:(7,5,7),(6,5,7),(5,5,7),(4,5,7),(4,5,6),(4,5,5),(4,5,4),(4,5,3),(4,5,2),(4,5,1),(4,6,1),
15:(1,5,0),(2,5,0),(3,5,0),(3,5,1),(3,5,2),(3,5,3),(3,5,4),(3,5,5),(4,5,5),
16:(4,1,1),(5,1,1),(6,1,1),(6,1,0),(6,2,0),(7,2,0),(7,3,0),(7,4,0),
17:(1,1,5),(2,1,5),(3,1,5),(3,1,4),(3,0,4),(3,0,3),(3,0,2),(3,0,1),(3,0,0),(4,0,0),
18:(1,8,6),(1,8,5),(1,8,4),(1,8,3),(1,8,2),(1,7,2),(1,6,2),(1,5,2),
19:(4,2,2),(5,2,2),(6,2,2),(7,2,2),(7,3,2),(7,3,3),(7,3,4),(7,3,5),(7,3,6),(7,3,7),(6,3,7),(6,3,8),(6,4,8),(6,5,8),(6,6,8),(7,6,8),
20:(4,1,6),(5,1,6),(6,1,6),(7,1,6),(7,1,5),
21:(4,7,7),(5,7,7),(6,7,7),(6,7,6),(6,6,6),(6,5,6),(6,5,6),(6,5,5),(6,4,5),(6,3,5),(7,3,5),(7,3,4),(7,2,4),
22:(7,4,1),(6,4,1),(5,4,1),(4,4,1),(3,4,1),(2,4,1),(1,4,1),(1,4,0),(1,3,0),(1,2,0),
23:(4,0,6),(4,0,5),(4,0,4),(4,0,3),(4,1,3),(4,2,3),(4,3,3),(3,3,3),(3,4,3),(3,5,3),(3,6,3),(4,6,3),
24:(1,5,2),(2,5,2),(3,5,2),(4,5,2),(5,5,2),(6,5,2),(7,5,2),(7,4,2),
25:(7,4,8),(6,4,8),(5,4,8),(4,4,8),(3,4,8),(2,4,8),(2,5,8),(2,6,8),(2,7,8),(2,8,8),(1,8,8),
26:(4,5,1),(3,5,1),(3,4,1),(3,3,1),(3,2,1),(3,1,1),(3,1,2),(3,1,3),(3,1,4),(3,1,5),(3,1,6),(4,1,6),
27:(7,7,3),(6,7,3),(5,7,3),(4,7,3),(4,7,2),(4,7,1),(4,8,1),
28:(1,7,8),(1,6,8),(1,5,8),(1,4,8),
29:(7,0,0),(7,1,0),
30:(4,2,6),(4,2,5),(4,2,4),(4,3,4),(4,3,4),(4,4,4),
31:(1,1,6),(2,1,6),(3,1,6),(4,1,6),(5,1,6),(5,1,5),(5,2,5),(5,2,4),(5,2,3),(5,2,2),(5,2,1),(5,2,0),(5,3,0),(5,4,0),(5,5,0),(5,6,0),(6,6,0),(6,7,0),(6,8,0),(7,8,0),
32:(1,1,2),(0,1,2),(0,2,2),(0,2,3),(0,2,4),(0,2,5),(0,2,6),(0,2,7),(0,3,7),(1,3,7),
33:(7,5,1),(6,5,1),(6,5,1),(6,5,2),(6,6,2),(5,6,2),(5,7,2),(5,7,3),(5,7,4),(5,7,5),(5,7,6),(4,7,6),
34:(4,5,3),(3,5,3),(2,5,3),(2,4,3),(2,4,2),(2,3,2),(2,3,1),(2,3,0),(2,3,0),(1,3,0),
35:(4,5,0),(4,5,1),(4,5,2),(4,5,3),(4,4,3),(4,3,3),(4,3,4),(4,3,5),(5,3,5),(5,2,5),(5,2,6),(5,2,7),(5,2,8),(4,2,8),
36:(7,5,4),(6,5,4),(5,5,4),(5,5,3),(5,4,3),(4,4,3),
37:(7,7,4),(6,7,4),(5,7,4),(4,7,4),(3,7,4),(2,7,4),(1,7,4),(1,7,3),(1,6,3),(1,5,3),
38:(1,0,8),(2,0,8),(3,0,8),(3,0,7),(3,0,6),(3,0,5),(3,0,4),(3,0,3),(3,0,2),(3,1,2),(3,2,2),(3,3,2),(3,4,2),(3,5,2),(3,4,2),(3,5,2),(4,5,2),
39:(1,8,3),(1,8,4),(1,7,4),(1,7,5),(1,6,5),(1,5,5),(1,4,5),(1,3,5),(1,2,5),(1,1,5),(1,0,5),
40:(4,4,2),(3,4,2),(2,4,2),(2,5,2),(2,6,2),(2,7,2),(1,7,2),(1,7,2),(1,7,3),
41:(7,7,0),(6,7,0),(5,7,0),(5,7,1),(4,7,1),(3,7,1),(2,7,1),(1,7,1),(1,8,1),
42:(4,2,0),(3,2,0),(2,2,0),(2,3,0),(2,4,0),(2,5,0),(2,5,1),(2,5,2),(2,6,2),(2,7,2),(2,8,2),(1,8,2),
43:(4,2,4),(3,2,4),(3,2,5),(4,2,5),
44:(7,7,1),(6,7,1),(5,7,1),(4,7,1),(3,7,1),(2,7,1),(1,7,1),(1,6,1),(1,6,2),(1,6,3),
45:(4,8,5),(4,7,5),(4,6,5),(4,5,5),(3,5,5),(3,5,4),(3,4,4),(3,3,4),(3,3,5),(3,2,5),(3,2,4),(3,1,4),(3,0,4),(4,0,4),
46:(7,8,6),(6,8,6),(5,8,6),(4,8,6),(3,8,6),(2,8,6),(2,8,5),(2,8,4),(2,8,3),(2,8,2),(2,8,1),(2,8,0),(2,7,0),(2,6,0),(2,5,0),(1,5,0),
47:(4,3,3),(3,3,3),(2,3,3),(2,3,4),(1,3,4),(1,4,4),
48:(1,0,7),(1,1,7),(1,2,7),(1,3,7),(1,4,7),(0,4,7),(0,5,7),(0,6,7),(0,7,7),(0,7,6),(1,7,6),
49:(4,2,1),(4,2,2),(4,2,3),(4,2,4),(3,2,4),(3,2,5),(3,3,5),(3,3,6),(3,4,6),(3,5,6),(3,6,6),(3,7,6),(3,7,7),(4,7,7),(4,8,7),
50:(7,2,1),(6,2,1),(5,2,1),(5,3,1),(5,3,2),(5,3,3),(5,3,4),(5,4,4),(5,5,4),(4,5,4),
51:(4,6,1),(5,6,1),(6,6,1),(6,5,1),(6,5,0),(6,4,0),(6,3,0),(6,3,0),(7,3,0),
52:(1,4,5),(1,4,6),
53:(4,3,2),(5,3,2),(6,3,2),(7,3,2),(7,3,3),(7,3,4),(7,2,4),(7,1,4),
54:(4,6,8),(4,6,7),(4,6,6),(4,6,5),(4,6,4),(4,6,3),(4,6,2),(4,5,2),(5,5,2),(5,4,2),(5,3,2),(4,3,2),
55:(4,1,3),(4,1,2),(4,1,1),(4,1,0),(4,2,0),(4,3,0),(4,4,0),(3,4,0),(3,5,0),(3,6,0),(3,7,0),(3,8,0),(4,8,0),
56:(1,7,1),(2,7,1),(3,7,1),(3,7,2),(3,7,3),(4,7,3),(4,7,4),
57:(1,8,1),(2,8,1),(3,8,1),(3,8,2),(3,8,3),(3,8,4),(3,8,5),(3,8,6),(3,8,7),(3,7,7),(3,6,7),(3,5,7),(3,4,7),(3,3,7),(3,2,7),(3,1,7),(4,1,7),
58:(7,3,1),(7,2,1),(7,1,1),
59:(7,0,5),(7,1,5),(7,1,6),(7,2,6),(7,3,6),(7,4,6),(8,4,6),(8,5,6),(8,6,6),(8,7,6),(8,8,6),(7,8,6),
60:(1,4,3),(2,4,3),(3,4,3),(3,4,2),(4,4,2),
61:(7,0,2),(6,0,2),(5,0,2),(4,0,2),(3,0,2),(2,0,2),(2,1,2),(2,1,3),(2,1,4),(2,1,5),(2,1,6),(2,1,7),(2,2,7),(2,3,7),(2,3,8),(2,4,8),(2,5,8),(1,5,8),
62:(4,7,4),(3,7,4),(2,7,4),(1,7,4),(1,7,5),(1,6,5),(1,5,5),(1,4,5),(1,3,5),(1,2,5),(1,1,5),
63:(4,8,0),(4,7,0),(4,6,0),(5,6,0),(5,5,0),(5,4,0),(5,4,1),(5,3,1),(5,3,1),(5,3,2),(5,3,3),(5,3,4),(6,3,4),(7,3,4),
64:(4,0,1),(5,0,1),(6,0,1),(6,1,1),(6,2,1),(6,3,1),(6,4,1),(6,5,1),(7,5,1),(7,5,2),(8,5,2),(8,5,3),(8,5,4),(8,6,4),(7,6,4),
65:(1,5,5),(1,5,6),(1,5,7),
66:(7,5,3),(6,5,3),(5,5,3),(5,4,3),(5,4,4),(5,4,5),(5,4,6),(5,4,6),(5,4,7),(5,4,6),(5,4,7),(4,4,7),
67:(1,7,6),(2,7,6),(2,6,6),(2,6,7),(2,5,7),(2,5,8),(3,5,8),(3,4,8),(3,3,8),(3,2,8),(4,2,8),(4,1,8),
68:(1,6,5),(2,6,5),(2,5,5),(2,4,5),(2,3,5),(2,2,5),(2,1,5),(3,1,5),(3,0,5),(4,0,5),(5,0,5),(6,0,5),(6,0,4),(6,0,3),(7,0,3),
69:(7,1,0),(6,1,0),(5,1,0),(5,1,1),(5,1,2),(4,1,2),
70:(7,5,2),(7,5,3),(7,5,4),(7,5,5),(7,5,6),(7,5,7),(7,4,7),(7,3,7),(7,3,7),(7,2,7),
71:(1,3,3),(1,3,4),(1,3,5),(1,3,5),(1,3,5),(1,3,5),(1,3,5),(0,3,5),(0,3,5),(1,3,5),
72:(1,4,7),(2,4,7),(3,4,7),(4,4,7),(5,4,7),(6,4,7),(6,4,6),(7,4,6),(7,4,5),
73:(4,5,4),(3,5,4),(3,5,5),(2,5,5),(2,5,6),(2,5,7),(2,4,7),(2,3,7),(2,2,7),(1,2,7),
74:(7,8,5),(6,8,5),(5,8,5),(4,8,5),(4,8,4),
75:(1,3,0),(2,3,0),(3,3,0),(3,2,0),(3,1,0),(3,1,0),(3,1,1),(3,1,2),(3,1,3),(3,1,4),(4,1,4),
76:(7,6,6),(6,6,6),(7,6,6),(7,7,6),(6,7,6),(5,7,6),(5,8,6),(4,8,6),
77:(1,8,2),(2,8,2),(2,8,1),(2,7,1),(2,6,1),(2,5,1),(2,4,1),(2,3,1),(3,3,1),(3,2,1),(4,2,1),
78:(7,4,7),(7,4,6),(7,4,5),(7,3,5),(7,2,5),
79:(1,4,8),(2,4,8),(3,4,8),(3,4,7),(4,4,7),(5,4,7),(6,4,7),(6,5,7),(6,5,6),(6,5,5),(6,5,4),(6,5,3),(6,5,2),(6,5,1),(6,6,1),(6,7,1),(7,7,1),
80:(4,4,3),(4,4,2),(4,3,2),(4,2,2),(4,1,2),(4,0,2),
81:(7,3,6),(6,3,6),(5,3,6),(4,3,6),(3,3,6),(2,3,6),(2,3,5),(2,3,4),(2,3,3),(2,3,2),(2,3,1),(1,3,1),(1,4,1),(1,5,1),(1,6,1),
82:(7,3,2),(7,3,1),(7,3,0),(7,4,0),(7,5,0),(7,6,0),(7,6,0),(7,7,0),
83:(4,1,2),(3,1,2),(2,1,2),(1,1,2),(1,1,3),(1,1,4),(1,1,5),(1,1,6),(1,1,7),(1,1,8),(1,2,8),
84:(4,1,7),(3,1,7),(2,1,7),(2,2,7),(2,3,7),(2,4,7),(2,4,6),(2,4,6),(2,5,6),(2,6,6),(2,7,6),(2,7,5),(2,8,5),(1,8,5),
85:(1,3,8),(1,3,7),(1,3,6),(1,2,6),(1,2,5),(1,1,5),(1,0,5),(1,0,4),
86:(4,6,7),(4,6,6),(3,6,6),(3,6,5),(3,6,4),(3,6,3),(3,6,2),(3,6,1),(3,5,1),(3,5,1),(4,5,1),
87:(7,6,1),(6,6,1),(6,6,2),(5,6,2),(4,6,2),(3,6,2),(2,6,2),(2,6,3),(2,6,4),(2,6,5),(2,6,5),(1,6,5),
88:(1,2,6),(1,3,6),(0,3,6),(0,4,6),(0,5,6),(1,5,6),(1,6,6),
89:(7,7,2),(7,7,3),(7,8,3),
90:(4,3,6),(3,3,6),(3,4,6),(3,5,6),(3,6,6),(3,7,6),(3,8,6),(2,8,6),(1,8,6),
91:(4,7,2),(5,7,2),(6,7,2),(7,7,2),(7,7,3),(7,6,3),(7,5,3),(7,4,3),
92:(7,5,8),(6,5,8),(5,5,8),(5,5,7),(4,5,7),(3,5,7),(2,5,7),(2,5,6),(2,5,5),(2,4,5),(2,3,5),(2,2,5),(1,2,5),
93:(4,3,8),(3,3,8),(2,3,8),(2,4,8),(2,4,7),(2,4,6),(2,4,5),(2,4,4),(2,4,3),(1,4,3),(1,4,2),
94:(7,5,5),(7,5,4),(7,4,4),(7,4,3),(7,4,2),(7,4,1),(7,3,1),
95:(1,0,6),(2,0,6),(2,1,6),(2,1,5),(2,1,4),(2,1,3),(2,2,3),(2,2,3),(2,2,3),(3,2,3),(4,2,3),
96:(1,6,7),(2,6,7),(3,6,7),(3,6,8),(3,5,8),(4,5,8),
97:(1,8,0),(2,8,0),(3,8,0),(3,7,0),(3,6,0),(3,5,0),(3,5,1),(3,5,2),(3,5,3),(3,5,4),(3,5,5),(3,5,6),(3,5,7),(3,5,8),(3,4,8),(4,4,8),
98:(4,3,0),(3,3,0),(3,3,1),(2,3,1),(1,3,1),(1,2,1),(1,2,2),(1,2,3),
99:(4,0,0),(3,0,0),(2,0,0),(2,0,1),(2,1,1),(2,1,1),(1,1,1),
100:(7,1,1),(6,1,1),(6,1,2),(5,1,2),(5,1,3),(5,1,4),(5,1,5),(5,1,6),(5,2,6),(5,3,6),(5,4,6),(5,5,6),(4,5,6),
101:(4,4,8),(5,4,8),(5,3,8),(6,3,8),(7,3,8),(7,2,8),(7,1,8),
102:(1,0,3),(2,0,3),(3,0,3),(3,0,2),(3,0,1),(4,0,1),(4,0,0),(4,1,0),(4,2,0),(4,3,0),(4,4,0),
103:(7,4,2),(6,4,2),(5,4,2),(5,3,2),(5,3,3),(5,3,4),(5,3,5),(5,3,6),(4,3,6),(4,3,5),(3,3,5),(2,3,5),(2,3,6),(1,3,6),
104:(1,0,2),(2,0,2),(3,0,2),(3,1,2),(3,1,3),(4,1,3),(5,1,3),(6,1,3),(6,1,4),(6,1,5),(6,2,5),(6,3,5),(6,4,5),(6,5,5),(6,6,5),(6,7,5),(6,8,5),(7,8,5),
105:(1,3,6),(1,3,5),(0,3,5),(0,3,4),(0,3,3),(0,3,2),(0,2,2),(0,2,1),(0,2,0),(0,1,0),(1,1,0),(1,0,0),
106:(7,3,0),(6,3,0),(5,3,0),(5,4,0),(5,4,1),(5,4,2),(5,4,3),(5,5,3),(5,6,3),(5,6,4),(5,6,5),(5,6,6),(5,6,7),(5,6,8),(5,7,8),(4,7,8),
107:(1,3,5),(2,3,5),(3,3,5),(4,3,5),(4,3,6),(4,4,6),
108:(4,6,6),(5,6,6),(6,6,6),(7,6,6),(7,6,6),(7,5,6),
109:(4,5,6),(5,5,6),(5,5,5),(6,5,5),(6,5,4),(6,5,3),(6,4,3),(6,3,3),(6,3,3),(7,3,3),
110:(4,6,2),(4,6,3),(4,6,4),(5,6,4),(5,6,5),(5,5,5),(5,4,5),(5,3,5),(5,2,5),(5,1,5),(5,1,5),(5,0,5),(4,0,5),
111:(1,0,4),(1,1,4),(1,2,4),(1,3,4),(1,4,4),(1,5,4),(1,6,4),(1,7,4),
112:(4,7,6),(3,7,6),(3,7,5),(2,7,5),(2,6,5),(2,5,5),(2,5,5),(1,5,5),(0,5,5),(0,4,5),(1,4,5),
113:(4,5,7),(5,5,7),(5,4,7),(6,4,7),(7,4,7),(7,3,7),(7,2,7),(7,1,7),(7,0,7),
114:(4,4,6),(4,5,6),(4,5,7),(3,5,7),(3,6,7),(3,7,7),(4,7,7),(4,7,8),(4,8,8),
115:(4,4,1),(4,4,1),(4,4,2),(5,4,2),(6,4,2),(6,4,3),(6,4,4),(6,4,5),(6,4,6),(7,4,6),(7,4,7),
116:(7,3,8),(6,3,8),(6,3,7),(5,3,7),(4,3,7),(3,3,7),(2,3,7),(2,2,7),(1,2,7),(1,1,7),(1,0,7),
117:(7,6,8),(6,6,8),(5,6,8),(4,6,8),(3,6,8),(2,6,8),(2,6,7),(2,6,6),(2,6,5),(2,5,5),(2,5,4),(2,5,3),(2,4,3),(2,3,3),(2,2,3),(2,1,3),(1,1,3),
118:(4,2,8),(3,2,8),(3,3,8),(3,3,7),(3,4,7),(3,4,6),(3,4,5),(2,4,5),(2,4,4),(3,4,4),(3,5,4),(2,5,4),(1,5,4),
119:(1,5,7),(2,5,7),(3,5,7),(3,6,7),(4,6,7),(5,6,7),(6,6,7),(6,6,6),(6,6,5),(6,6,4),(6,6,3),(6,6,2),(6,6,1),(6,7,1),(7,7,1),(7,8,1),
120:(7,6,0),(7,6,1),(7,7,1),(7,7,1),(7,7,2),(7,7,2),(7,8,2),
121:(1,3,7),(2,3,7),(3,3,7),(3,3,6),(3,3,5),(3,3,4),(3,3,3),(3,3,2),(3,4,2),(3,5,2),(3,6,2),(3,6,2),(3,7,2),(4,7,2),
122:(4,2,7),(4,2,6),(4,1,6),(4,1,5),(4,1,5),(4,1,4),(4,1,3),
123:(7,5,0),(7,5,1),(7,5,2),(7,5,3),(7,5,4),(7,5,5),(6,5,5),(5,5,5),(5,5,6),(4,5,6),(4,5,6),(4,5,7),
124:(4,4,5),(4,4,4),(4,5,4),(4,6,4),(4,6,3),(5,6,3),(5,6,2),(4,6,2),(4,7,2),(4,8,2),
125:(1,1,4),(1,1,3),(1,0,3),
126:(7,8,3),(7,8,2),(7,7,2),(8,7,2),(8,7,2),(8,7,2),(7,7,2),
127:(7,2,2),(7,2,3),(7,2,4),(7,2,5),(7,2,6),(7,3,6),(7,4,6),(7,4,7),(7,5,7),(7,6,7),
128:(4,1,0),(3,1,0),(2,1,0),(1,1,0),(1,1,1),(1,1,2),(1,1,3),(1,1,4),(1,1,5),(1,1,6),
129:(4,0,5),(3,0,5),(2,0,5),(2,0,4),(2,0,3),(2,0,3),(2,0,2),(1,0,2),
130:(4,1,8),(5,1,8),(6,1,8),(6,2,8),(6,3,8),(6,4,8),(6,5,8),(6,6,8),(6,6,7),(6,6,6),(6,6,5),(6,6,4),(6,7,4),(6,8,4),(7,8,4),
131:(7,4,0),(7,4,1),(7,4,2),(7,5,2),(7,5,3),(7,5,4),(7,5,5),(8,5,5),(8,5,6),(8,5,7),(7,5,7),
132:(1,0,1),(2,0,1),(3,0,1),(4,0,1),(5,0,1),(6,0,1),(6,1,1),(6,1,2),(6,1,3),(6,1,4),(6,1,5),(6,1,6),(6,1,7),(6,1,8),(6,2,8),(6,3,8),(6,4,8),(6,5,8),(6,6,8),(6,7,8),(7,7,8),
133:(1,6,6),(2,6,6),(2,6,7),(2,7,7),(3,7,7),(4,7,7),(5,7,7),(6,7,7),(7,7,7),
134:(4,6,4),(3,6,4),(2,6,4),(2,6,3),(2,5,3),(2,5,2),(2,4,2),(2,4,2),(2,3,2),(2,2,2),(1,2,2),
135:(7,3,4),(6,3,4),(5,3,4),(5,3,3),(4,3,3),(3,3,3),(2,3,3),(2,3,2),(2,3,1),(2,3,0),(2,2,0),(2,1,0),(1,1,0),
136:(4,0,4),(5,0,4),(6,0,4),(6,0,5),(6,0,6),(6,0,7),(6,1,7),(6,2,7),(6,3,7),(6,4,7),(6,5,7),(6,6,7),(6,7,7),(6,8,7),(7,8,7),
137:(4,7,3),(5,7,3),(5,6,3),(6,6,3),(7,6,3),(7,6,4),(7,5,4),
138:(7,7,7),(6,7,7),(6,7,6),(5,7,6),(5,7,5),(4,7,5),(4,6,5),(4,6,4),(4,6,3),(4,6,2),
139:(7,4,3),(6,4,3),(5,4,3),(5,4,4),(5,4,5),(5,4,6),(5,4,7),(4,4,7),(3,4,7),(2,4,7),(2,4,8),(2,3,8),(2,2,8),(2,1,8),(1,1,8),
140:(1,6,0),(2,6,0),(2,6,1),(3,6,1),(4,6,1),(5,6,1),(6,6,1),(6,6,2),(6,6,3),(6,5,3),(6,4,3),(6,4,4),(7,4,4),
141:(1,5,6),(2,5,6),(3,5,6),(3,5,5),(3,5,4),(4,5,4),(5,5,4),(6,5,4),(6,5,3),(6,5,2),(6,5,1),(6,5,0),(7,5,0),(7,6,0),
142:(7,0,4),(6,0,4),(6,1,4),(5,1,4),(5,2,4),(4,2,4),(3,2,4),(2,2,4),(1,2,4),(1,3,4),
143:(4,8,8),(4,8,7),(4,8,6),(4,7,6),(3,7,6),(3,7,5),(3,7,4),(3,7,3),(3,6,3),(3,6,2),(3,6,1),(3,6,0),(3,5,0),(3,4,0),(3,3,0),(3,2,0),(4,2,0),
144:(7,3,5),(7,4,5),(8,4,5),(8,4,4),(8,4,3),(8,5,3),(8,6,3),(7,6,3),(7,5,3),
145:(1,6,4),(1,6,3),(1,7,3),(1,7,3),(1,8,3),
146:(4,8,7),(4,8,6),(4,8,5),(3,8,5),(4,8,5),
147:(1,2,1),(2,2,1),(3,2,1),(3,1,1),(3,1,1),(3,0,1),(4,0,1),
148:(4,0,7),(5,0,7),(6,0,7),(7,0,7),(7,0,6),(7,1,6),
149:(1,2,4),(2,2,4),(3,2,4),(3,2,3),(4,2,3),(4,2,2),(4,2,1),(4,2,0),(4,3,0),(4,4,0),(4,5,0),
150:(1,1,0),(2,1,0),(2,1,1),(2,1,2),(3,1,2),(3,2,2),(3,3,2),(4,3,2),(5,3,2),(6,3,2),(7,3,2),
151:(4,5,8),(4,5,7),(4,4,7),(4,4,6),(5,4,6),(6,4,6),(6,3,6),(6,2,6),(6,1,6),(6,0,6),(7,0,6),(7,0,5),
152:(1,7,3),(2,7,3),(3,7,3),(3,7,4),(3,7,5),(3,6,5),(3,6,6),(4,6,6),(5,6,6),(5,6,6),(6,6,6),(7,6,6),
153:(1,3,1),(1,3,2),(1,3,3),
154:(7,6,4),(7,6,3),(7,6,2),(7,6,2),(7,5,2),(7,4,2),(7,3,2),(7,2,2),(7,1,2),
155:(4,8,3),(3,8,3),(2,8,3),(2,7,3),(1,7,3),(1,6,3),(1,5,3),(1,4,3),(1,4,2),(1,4,1),(1,3,1),(1,2,1),
156:(4,5,2),(5,5,2),(6,5,2),(6,5,3),(6,4,3),(6,4,4),(6,4,5),(6,4,6),(6,4,7),(7,4,7),(7,4,8),
157:(4,0,2),(5,0,2),(5,0,1),(6,0,1),(7,0,1),(7,0,0),
158:(4,3,5),(5,3,5),(6,3,5),(6,3,4),(6,3,3),(6,2,3),(6,1,3),(7,1,3),(7,0,3),(7,0,2),
159:(1,8,5),(2,8,5),(3,8,5),(3,7,5),(4,7,5),(4,7,6),(5,7,6),(6,7,6),(6,7,5),(7,7,5),(7,6,5),
160:(1,2,0),(1,2,1),(1,2,2),(1,3,2),
161:(1,1,3),(2,1,3),(2,2,3),(2,2,2),(3,2,2),(3,2,1),(3,3,1),(4,3,1),
162:(1,5,1),(2,5,1),(3,5,1),(3,5,2),(3,4,2),(3,3,2),(4,3,2),(4,3,3),
163:(7,1,7),(6,1,7),(5,1,7),(4,1,7),(3,1,7),(2,1,7),(2,2,7),(2,2,6),(2,2,5),(2,2,4),(2,2,3),(2,2,2),(2,2,1),(2,3,1),(1,3,1),(1,4,1),
164:(1,6,8),(2,6,8),(3,6,8),(3,5,8),(4,5,8),(4,4,8),(4,3,8),
165:(7,3,3),(7,4,3),(7,5,3),(7,6,3),(7,6,2),
166:(7,0,6),(6,0,6),(5,0,6),(5,0,5),(5,0,4),(5,0,3),(5,0,2),(5,0,1),(5,0,0),(5,1,0),(4,1,0),
167:(4,7,8),(3,7,8),(2,7,8),(2,6,8),(2,6,7),(2,6,6),(2,6,5),(2,6,4),(2,5,4),(2,4,4),(2,3,4),(2,2,4),(1,2,4),
168:(1,2,2),(2,2,2),(3,2,2),(3,2,1),(4,2,1),(5,2,1),(6,2,1),(6,1,1),(6,0,1),(7,0,1),
169:(1,6,1),(2,6,1),(3,6,1),(4,6,1),(5,6,1),(6,6,1),(6,6,2),(6,6,3),(6,6,4),(6,5,4),(6,4,4),(6,4,5),(6,4,6),(6,3,6),(6,2,6),(6,1,6),(6,0,6),(7,0,6),
170:(4,8,4),(5,8,4),(6,8,4),(6,8,5),(6,7,5),(6,6,5),(7,6,5),(7,5,5),
171:(4,2,3),(4,2,4),(4,3,4),(5,3,4),(5,3,5),(5,3,6),(4,3,6),(4,3,7),
172:(7,8,7),(6,8,7),(5,8,7),(4,8,7),(3,8,7),(3,8,8),(3,7,8),(3,6,8),(3,5,8),(3,4,8),(3,3,8),(3,2,8),(3,1,8),(3,0,8),(2,0,8),(1,0,8),
173:(1,4,2),(2,4,2),(2,4,3),(3,4,3),(3,3,3),(3,2,3),(4,2,3),(5,2,3),(6,2,3),(6,1,3),(7,1,3),
174:(1,3,2),(2,3,2),(3,3,2),(3,3,3),(3,3,4),(3,2,4),(3,2,5),(3,2,6),(3,3,6),(4,3,6),
175:(7,1,5),(7,1,6),(7,1,7),(7,2,7),(7,3,7),(8,3,7),(7,3,7),(7,3,8),
176:(7,2,5),(7,2,5),(7,3,5),(7,3,4),(7,4,4),(7,4,3),(7,4,2),(7,4,1),
177:(7,7,6),(7,6,6),(7,5,6),(6,5,6),(6,4,6),(6,3,6),(6,2,6),(6,1,6),(6,0,6),(5,0,6),(4,0,6),
178:(7,8,8),(6,8,8),(5,8,8),(5,7,8),(5,6,8),(5,5,8),(5,5,7),(5,4,7),(5,3,7),(5,2,7),(4,2,7),
179:(7,2,0),(6,2,0),(5,2,0),(4,2,0),(4,3,0),(4,4,0),(4,5,0),(4,6,0),(4,6,1),(4,7,1),
180:(1,3,4),(2,3,4),(2,2,4),(2,2,3),(2,2,2),(2,2,1),(3,2,1),(4,2,1),(5,2,1),(6,2,1),(7,2,1),
181:(4,5,5),(4,4,5),(4,3,5),(5,3,5),(5,2,5),(5,2,4),(4,2,4),
182:(7,2,4),(6,2,4),(6,2,5),(6,2,6),(6,2,7),(6,2,8),(6,3,8),(6,4,8),(7,4,8),(7,5,8),(7,6,8),(7,7,8),(7,8,8),
183:(1,8,8),(1,8,7),(1,8,6),(1,8,5),(1,8,4),(1,7,4),(1,7,3),(1,6,3),(2,6,3),(2,6,2),(1,6,2),(1,6,1),(1,6,0),
184:(1,2,3),(1,2,2),(1,3,2),(1,4,2),(1,4,1),(1,4,0),(1,5,0),(1,6,0),(0,6,0),(0,7,0),(0,8,0),(1,8,0),
185:(4,1,4),(5,1,4),(5,2,4),(5,2,4),(5,3,4),(5,4,4),(5,4,4),(5,4,3),(5,5,3),(5,6,3),(5,7,3),(4,7,3),(4,8,3),
186:(1,7,4),(1,6,4),(1,5,4),(2,5,4),(2,4,4),(3,4,4),(3,3,4),(3,2,4),(3,2,3),(3,1,3),(3,0,3),(4,0,3),
187:(4,8,2),(4,8,1),(4,7,1),(3,7,1),(3,6,1),(3,5,1),(3,4,1),(4,4,1),
188:(7,2,8),(6,2,8),(5,2,8),(4,2,8),(4,1,8),(4,0,8),
189:(1,7,5),(1,6,5),(1,5,5),(1,5,5),(0,5,5),(0,5,4),(1,5,4),(1,5,4),(1,5,5),
190:(1,8,7),(1,7,7),(1,6,7),(1,6,7),(1,6,7),(2,6,7),(3,6,7),(4,6,7),
191:(7,7,5),(7,6,5),(7,5,5),(7,4,5),(6,4,5),(6,3,5),(6,3,4),(5,3,4),(5,3,4),(4,3,4),
192:(7,8,4),(6,8,4),(6,7,4),(5,7,4),(4,7,4),(4,7,4),(4,7,5),
193:(7,4,6),(6,4,6),(5,4,6),(5,3,6),(5,2,6),(4,2,6),(3,2,6),(3,1,6),(2,1,6),(2,0,6),(1,0,6),
194:(1,7,2),(2,7,2),(3,7,2),(4,7,2),(5,7,2),(5,7,3),(5,7,4),(5,7,5),(5,7,6),(6,7,6),(7,7,6),
195:(7,8,1),(6,8,1),(6,7,1),(6,7,2),(6,7,3),(6,7,4),(6,7,5),(6,6,5),(5,6,5),(5,5,5),(5,4,5),(5,3,5),(4,3,5),
196:(7,6,3),(7,6,2),(7,6,1),(6,6,1),(6,6,0),(5,6,0),(4,6,0),(3,6,0),(2,6,0),(1,6,0),(1,5,0),(1,4,0),
197:(7,1,6),(6,1,6),(6,1,5),(6,1,4),(6,1,3),(6,1,2),(6,2,2),(6,2,1),(6,3,1),(5,3,1),(5,4,1),(5,5,1),(5,5,2),(4,5,2),(3,5,2),(2,5,2),(2,5,1),(1,5,1),
198:(4,6,5),(4,5,5),(4,4,5),(4,4,4),(3,4,4),(3,4,3),(3,4,2),(3,4,1),(3,4,0),(3,3,0),(4,3,0),
199:(4,4,0),(3,4,0),(2,4,0),(1,4,0),(1,3,0),(1,3,1),(0,3,1),(0,3,2),(0,3,3),(0,3,4),(0,3,5),(0,3,6),(0,3,7),(0,3,8),(1,3,8),
200:(1,0,5),(1,0,6),(1,0,7),(1,1,7),(1,1,7),(1,1,7),(1,1,7),(1,1,7),(0,1,7),(0,1,7),(1,1,7),
201:(7,6,2),(7,5,2),(8,5,2),(8,5,3),(8,5,4),(8,5,5),(8,5,6),(8,5,7),(8,5,8),(8,4,8),(8,3,8),(8,2,8),(7,2,8),
202:(4,4,4),(5,4,4),(6,4,4),(6,5,4),(6,6,4),(6,6,3),(7,6,3),(7,7,3),(7,7,3),(7,7,4),
203:(1,5,3),(2,5,3),(2,5,4),(3,5,4),(4,5,4),(5,5,4),(6,5,4),(6,4,4),(6,3,4),(6,2,4),(6,1,4),(6,0,4),(7,0,4),
204:(1,4,6),(1,4,7),(0,4,7),(0,5,7),(0,6,7),(1,6,7),(1,7,7),(1,8,7),
205:(7,1,8),(6,1,8),(6,1,7),(5,1,7),(4,1,7),(4,1,6),(4,2,6),
206:(4,3,4),(4,3,5),(4,3,6),(4,3,7),(4,3,8),(5,3,8),(5,4,8),(5,5,8),(6,5,8),(6,5,8),(7,5,8),
207:(4,0,8),(5,0,8),(6,0,8),(6,0,7),(6,1,7),(6,2,7),(6,3,7),(6,3,6),(6,3,5),(6,3,4),(6,3,3),(6,3,2),(6,3,1),(6,3,0),(6,4,0),(6,5,0),(6,5,0),(7,5,0),
208:(4,8,6),(5,8,6),(5,7,6),(5,7,5),(5,7,4),(5,6,4),(5,6,3),(5,6,2),(6,6,2),(6,6,1),(7,6,1),(7,5,1),
209:(1,6,3),(2,6,3),(3,6,3),(4,6,3),(5,6,3),(5,5,3),(6,5,3),(6,4,3),(6,4,4),(6,4,5),(6,3,5),(7,3,5),
210:(1,8,4),(2,8,4),(3,8,4),(4,8,4),(5,8,4),(6,8,4),(6,8,3),(6,8,2),(6,8,1),(7,8,1),(7,7,1),(7,6,1),
211:(4,4,7),(4,4,6),(4,4,6),(4,4,5),
212:(7,2,7),(6,2,7),(6,2,6),(6,3,6),(6,3,5),(6,3,4),(6,3,3),(5,3,3),(5,4,3),(5,5,3),(4,5,3),
213:(4,2,5),(5,2,5),(5,2,5),(6,2,5),(6,2,4),(6,2,4),(6,2,3),(6,2,2),(7,2,2),
214:(4,6,3),(4,5,3),(4,4,3),(4,4,2),(4,3,2),(5,3,2),(5,2,2),(4,2,2),
215:(1,4,0),(2,4,0),(2,4,1),(3,4,1),(3,5,1),(3,5,2),(3,5,3),(3,5,4),(4,5,4),(4,6,4),(4,6,5),
216:(7,2,3),(6,2,3),(5,2,3),(5,1,3),(5,1,4),(5,0,4),(4,0,4),(3,0,4),(2,0,4),(2,1,4),(1,1,4),
217:(7,1,3),(6,1,3),(6,2,3),(6,3,3),(6,3,2),(6,4,2),(5,4,2),(5,5,2),(5,6,2),(5,7,2),(4,7,2),(3,7,2),(2,7,2),(2,7,3),(2,7,4),(2,6,4),(1,6,4),
218:(1,6,2),(1,6,1),(1,6,0),(1,7,0),
219:(1,0,0),(2,0,0),(2,0,1),(2,0,2),(2,1,2),(3,1,2),(3,1,3),(3,2,3),(3,3,3),(3,4,3),(3,5,3),(3,5,4),(3,5,5),(3,5,6),(3,6,6),(4,6,6),
220:(4,1,5),(3,1,5),(3,1,4),(2,1,4),(2,2,4),(2,3,4),(2,4,4),(2,4,3),(2,4,2),(2,5,2),(2,6,2),(1,6,2),
221:(1,1,8),(2,1,8),(3,1,8),(4,1,8),(5,1,8),(5,1,7),(5,1,6),(5,2,6),(6,2,6),(6,3,6),(6,4,6),(6,5,6),(6,5,5),(6,6,5),(6,7,5),(7,7,5),
222:(7,2,6),(6,2,6),(5,2,6),(4,2,6),(3,2,6),(2,2,6),(2,2,5),(2,3,5),(2,3,4),(2,3,3),(2,4,3),(1,4,3),
223:(4,7,1),(5,7,1),(5,6,1),(5,5,1),(6,5,1),(6,4,1),(6,4,2),(6,3,2),(6,2,2),(6,2,3),(6,2,4),(6,2,5),(6,2,6),(6,2,7),(6,1,7),(6,1,8),(6,0,8),(7,0,8),
224:(1,7,7),(2,7,7),(3,7,7),(3,7,8),(4,7,8),(5,7,8),(5,6,8),(5,6,7),(5,5,7),(5,4,7),(5,3,7),(6,3,7),(7,3,7),
225:(1,4,4),(2,4,4),(3,4,4),(3,4,5),(3,4,6),(3,5,6),(4,5,6),(5,5,6),(5,4,6),(6,4,6),(7,4,6),(7,3,6),(7,2,6),
226:(7,8,2),(6,8,2),(5,8,2),(5,8,3),(5,7,3),(5,7,4),(5,7,5),(5,7,6),(5,7,7),(5,6,7),(5,5,7),(5,4,7),(5,3,7),(5,2,7),(5,1,7),(4,1,7),(4,0,7),
227:(4,0,3),(4,0,4),(3,0,4),(3,0,4),(3,0,5),(3,1,5),(4,1,5),
228:(7,0,8),(7,0,7),(7,0,6),(7,0,5),(7,0,4),(7,1,4),(8,1,4),(8,1,3),(8,1,2),(8,2,2),(8,3,2),(8,4,2),(8,5,2),(8,5,2),(7,5,2),
229:(4,7,5),(3,7,5),(2,7,5),(2,7,4),(2,7,3),(2,6,3),(2,5,3),(1,5,3),(1,4,3),(1,4,2),(1,4,1),(0,4,1),(0,3,1),(0,3,1),(0,3,1),(1,3,1),
230:(4,3,7),(3,3,7),(3,3,6),(3,3,5),(3,4,5),(3,5,5),(3,6,5),(2,6,5),(2,7,5),(1,7,5),
231:(7,0,1),(6,0,1),(6,0,2),(5,0,2),(5,0,3),(5,1,3),(5,1,4),(5,1,5),(5,1,6),(5,2,6),(5,3,6),(5,4,6),(5,5,6),(5,5,7),(5,6,7),(5,7,7),(4,7,7),
232:(1,1,1),(1,1,2),(1,1,3),(1,1,4),(1,1,5),(1,1,6),(1,2,6),
233:(7,4,4),(7,3,4),(7,3,3),(7,2,3),
234:(1,1,7),(1,2,7),(1,3,7),(1,4,7),(0,4,7),(0,4,6),(0,5,6),(1,5,6),
235:(7,8,0),(7,7,0),(7,6,0),(7,6,1),(7,5,1),(7,5,2),(8,5,2),(8,5,3),(8,5,4),(8,5,5),(8,5,6),(8,4,6),(7,4,6),(7,3,6),
236:(7,7,8),(6,7,8),(5,7,8),(5,7,7),(5,7,6),(5,7,5),(5,6,5),(4,6,5),(3,6,5),(3,6,4),(2,6,4),(2,6,3),(2,6,2),(2,6,1),(2,5,1),(2,4,1),(2,3,1),(2,2,1),(2,1,1),(2,0,1),(1,0,1),
237:(1,2,5),(1,2,4),(1,2,3),(1,2,2),(1,2,2),(2,2,2),(3,2,2),(3,2,1),(4,2,1),(5,2,1),(6,2,1),(6,2,0),(7,2,0),
238:(7,3,7),(6,3,7),(5,3,7),(5,4,7),(5,5,7),(4,5,7),(3,5,7),(2,5,7),(2,6,7),(1,6,7),
239:(4,7,0),(5,7,0),(5,6,0),(5,5,0),(5,5,1),(6,5,1),(6,5,2),(6,5,3),(6,4,3),(6,4,4),(7,4,4),(8,4,4),(8,4,5),(8,4,6),(7,4,6),
240:(7,0,3),(7,1,3),(7,2,3),(8,2,3),(8,3,3),(8,4,3),(8,5,3),(8,6,3),(7,6,3),(6,6,3),(5,6,3),(5,7,3),(4,7,3),
241:(7,6,5),(6,6,5),(6,6,4),(6,6,4),(5,6,4),(4,6,4),(3,6,4),(3,6,3),(3,6,2),(3,6,1),(2,6,1),(2,6,1),(1,6,1),(1,7,1),
242:(7,4,5),(6,4,5),(6,5,5),(6,6,5),(6,6,5),(6,6,4),(5,6,4),(5,6,4),(4,6,4),(4,6,3),(4,6,3),(4,6,4),
