soc=5766
lb_soc=4564
makespan=31
lb_makespan=26
comp_time=111763
highLevelExpanded=129
lowLevelExpanded=113703
solution=
0:(13,5,0),(12,5,0),(11,5,0),(10,5,0),(9,5,0),(8,5,0),(7,5,0),(6,5,0),(5,5,0),(4,5,0),(3,5,0),(3,5,1),(2,5,1),(2,6,1),
1:(12,6,4),(11,6,4),(10,6,4),(9,6,4),(8,6,4),(7,6,4),(6,6,4),(5,6,4),(4,6,4),(3,6,4),(3,6,3),(3,6,2),(3,5,2),(3,4,2),
2:(6,7,2),(5,7,2),(4,7,2),(3,7,2),(2,7,2),(1,7,2),(1,7,1),(1,8,1),(1,9,1),(1,10,1),(1,11,1),
3:(13,6,5),(12,6,5),(11,6,5),(10,6,5),(9,6,5),(9,7,5),
4:(14,4,1),(13,4,1),(12,4,1),(11,4,1),(10,4,1),(9,4,1),(8,4,1),(7,4,1),(6,4,1),(5,4,1),(5,4,2),(5,4,3),(5,4,4),(5,3,4),(5,2,4),(5,1,4),(5,0,4),
5:(12,9,2),(11,9,2),(10,9,2),(9,9,2),(8,9,2),(7,9,2),(6,9,2),(6,9,3),(6,9,4),(6,9,5),
6:(3,12,1),(4,12,1),(5,12,1),(6,12,1),(7,12,1),(8,12,1),(9,12,1),(10,12,1),(11,12,1),(11,12,0),(11,11,0),(11,10,0),(11,9,0),(11,8,0),(11,7,0),(11,6,0),(11,5,0),
7:(12,8,3),(11,8,3),(11,7,3),(11,7,3),(11,6,3),(11,5,3),(10,5,3),(9,5,3),(8,5,3),(8,4,3),(8,3,3),(7,3,3),(7,2,3),(7,1,3),(7,1,2),(7,1,1),
8:(10,13,4),(10,12,4),(10,11,4),(10,10,4),(10,9,4),(11,9,4),(11,8,4),(11,7,4),(11,7,3),(11,6,3),(11,6,2),(11,5,2),(11,4,2),(11,4,2),(12,4,2),(12,4,1),
9:(10,11,0),(9,11,0),(8,11,0),(7,11,0),(6,11,0),(5,11,0),(4,11,0),(4,10,0),(4,10,1),(4,10,2),(4,9,2),(3,9,2),(3,8,2),(3,7,2),(3,6,2),(3,5,2),
10:(8,3,4),(7,3,4),(6,3,4),(5,3,4),(4,3,4),(3,3,4),(2,3,4),(2,3,3),(1,3,3),(1,3,2),(1,2,2),(1,1,2),(1,0,2),
11:(11,2,0),(10,2,0),(9,2,0),(8,2,0),(7,2,0),(6,2,0),(6,3,0),(6,4,0),(6,5,0),(6,6,0),(6,6,1),(6,7,1),(6,8,1),(6,8,0),(6,9,0),(6,10,0),
12:(0,5,3),(1,5,3),(2,5,3),(3,5,3),(3,5,4),(3,5,5),(3,6,5),(3,7,5),(3,8,5),(4,8,5),(4,9,5),(5,9,5),(5,10,5),(6,10,5),(7,10,5),(7,11,5),(7,12,5),
13:(1,10,0),(1,10,0),(1,9,0),(2,9,0),(2,8,0),(2,7,0),(3,7,0),(3,6,0),(3,5,0),(3,4,0),(3,3,0),(3,2,0),(3,1,0),(4,1,0),(5,1,0),(6,1,0),(7,1,0),(8,1,0),(9,1,0),
14:(7,8,3),(8,8,3),(9,8,3),(9,8,2),(9,8,1),(9,8,0),(9,7,0),(9,6,0),(9,5,0),(9,4,0),(10,4,0),(10,3,0),(10,2,0),(10,1,0),(11,1,0),(11,0,0),
15:(0,12,1),(0,12,0),(0,11,0),(0,10,0),(0,9,0),(0,8,0),(0,7,0),
16:(11,11,5),(10,11,5),(9,11,5),(8,11,5),(7,11,5),(6,11,5),(5,11,5),(4,11,5),(3,11,5),(2,11,5),(2,11,4),(2,10,4),(2,9,4),(2,8,4),
17:(10,9,1),(11,9,1),(11,9,0),(11,8,0),(11,7,0),(11,6,0),(11,5,0),(11,4,0),(11,3,0),(11,2,0),
18:(6,2,0),(5,2,0),(4,2,0),(4,2,1),(4,1,1),
19:(6,14,2),(5,14,2),(4,14,2),(3,14,2),(2,14,2),(1,14,2),(1,14,3),(1,13,3),(1,12,3),(1,11,3),(1,10,3),(1,9,3),(1,8,3),(1,7,3),(1,6,3),
20:(11,7,3),(10,7,3),(9,7,3),(8,7,3),(7,7,3),(6,7,3),(5,7,3),(4,7,3),(3,7,3),(2,7,3),(2,7,2),(2,6,2),(2,5,2),(2,4,2),(2,4,1),(2,3,1),
21:(10,12,5),(9,12,5),(8,12,5),(7,12,5),(6,12,5),(5,12,5),(4,12,5),(3,12,5),(2,12,5),(1,12,5),(1,12,4),(1,12,3),(1,12,2),
22:(10,14,0),(9,14,0),(8,14,0),(7,14,0),(6,14,0),(5,14,0),(4,14,0),(3,14,0),(2,14,0),(1,14,0),(1,13,0),(1,12,0),(1,11,0),(1,10,0),(1,9,0),(1,8,0),(1,7,0),(1,6,0),(1,5,0),(1,4,0),(1,4,1),(1,3,1),(1,2,1),(0,2,1),(0,1,1),
23:(6,4,2),(5,4,2),(4,4,2),(3,4,2),(2,4,2),(1,4,2),(0,4,2),(0,4,3),(0,4,4),(0,5,4),(0,6,4),(0,7,4),(0,8,4),(0,9,4),(0,10,4),(0,11,4),(0,11,5),(0,12,5),
24:(14,2,1),(13,2,1),(12,2,1),(11,2,1),(10,2,1),(9,2,1),(8,2,1),(7,2,1),(6,2,1),(5,2,1),(4,2,1),(3,2,1),(3,2,0),(3,3,0),
25:(5,3,2),(4,3,2),(3,3,2),(3,3,3),(3,3,4),(3,4,4),(3,5,4),(3,6,4),(3,7,4),(3,8,4),(3,9,4),(3,10,4),(3,11,4),(3,12,4),
26:(4,4,3),(4,3,3),(4,2,3),(4,1,3),
27:(0,9,4),(1,9,4),(2,9,4),(3,9,4),(4,9,4),(5,9,4),(6,9,4),(7,9,4),(8,9,4),(9,9,4),(10,9,4),(11,9,4),(12,9,4),(13,9,4),(13,9,3),(14,9,3),(14,8,3),
28:(7,4,1),(8,4,1),(8,4,2),(8,4,3),(8,4,4),(8,4,5),(8,5,5),(8,6,5),(8,7,5),(8,8,5),(8,9,5),(8,10,5),
29:(2,5,1),(3,5,1),(4,5,1),(5,5,1),(6,5,1),(7,5,1),(8,5,1),(9,5,1),(10,5,1),(10,5,2),(10,5,3),(10,4,3),(10,3,3),(10,3,4),(10,2,4),(10,1,4),(11,1,4),(12,1,4),(13,1,4),(13,0,4),
30:(7,5,4),(8,5,4),(9,5,4),(10,5,4),(11,5,4),
31:(9,8,4),(10,8,4),(10,9,4),(10,9,3),(10,9,2),(10,9,1),
32:(11,8,5),(10,8,5),(9,8,5),(8,8,5),(7,8,5),(7,8,4),(7,8,3),(7,7,3),(7,6,3),
33:(2,9,5),(1,9,5),(1,9,4),(1,10,4),(1,11,4),(1,12,4),(1,13,4),(1,14,4),
34:(13,3,3),(12,3,3),(11,3,3),(10,3,3),(9,3,3),(8,3,3),(8,3,2),(8,3,1),(7,3,1),(6,3,1),(6,3,0),(6,4,0),(6,5,0),(5,5,0),(4,5,0),(4,6,0),(4,7,0),(4,8,0),
35:(7,3,4),(6,3,4),(5,3,4),(4,3,4),(4,3,3),(3,3,3),(2,3,3),(1,3,3),(0,3,3),(0,3,2),(0,4,2),(0,4,1),(0,5,1),(0,6,1),(0,7,1),
36:(10,0,5),(9,0,5),(8,0,5),(7,0,5),(6,0,5),(5,0,5),(4,0,5),(3,0,5),(2,0,5),(1,0,5),(0,0,5),(0,0,4),(0,1,4),(0,2,4),(0,3,4),(0,4,4),(0,5,4),(0,6,4),(0,7,4),(0,8,4),(0,9,4),(0,10,4),(0,11,4),(0,12,4),(0,13,4),
37:(10,11,3),(9,11,3),(8,11,3),(7,11,3),(6,11,3),(5,11,3),(4,11,3),(3,11,3),(2,11,3),(2,11,4),(2,10,4),(2,9,4),(2,8,4),(2,7,4),(2,6,4),(2,5,4),(2,4,4),(2,3,4),(2,2,4),(2,1,4),
38:(13,7,5),(12,7,5),(11,7,5),(10,7,5),(9,7,5),(8,7,5),(7,7,5),(6,7,5),(5,7,5),(5,7,4),(5,7,3),(5,8,3),(5,9,3),(5,10,3),(5,11,3),(5,12,3),(5,13,3),
39:(3,12,0),(4,12,0),(5,12,0),(6,12,0),(7,12,0),(8,12,0),(9,12,0),(9,11,0),(9,10,0),(9,9,0),(9,8,0),(9,7,0),(9,6,0),(9,5,0),(9,4,0),(10,4,0),(11,4,0),(12,4,0),(13,4,0),(13,3,0),(13,2,0),(13,2,1),(13,1,1),(13,0,1),(13,0,0),
40:(7,2,5),(8,2,5),(9,2,5),(10,2,5),(11,2,5),(12,2,5),(12,3,5),(12,4,5),(12,5,5),(12,6,5),(12,7,5),(12,8,5),(12,9,5),(11,9,5),(11,10,5),(11,11,5),(12,11,5),
41:(2,6,1),(3,6,1),(4,6,1),(5,6,1),(6,6,1),(7,6,1),(8,6,1),(9,6,1),(9,5,1),(9,4,1),(9,3,1),
42:(8,13,5),(9,13,5),(10,13,5),(10,13,4),(10,13,3),(10,13,2),(10,12,2),(10,11,2),(10,10,2),(10,9,2),(10,8,2),(10,8,1),(10,7,1),(10,6,1),
43:(6,2,1),(7,2,1),(8,2,1),(9,2,1),(9,2,2),(10,2,2),(10,2,3),(10,2,4),(10,3,4),(10,4,4),
44:(11,5,3),(10,5,3),(9,5,3),(8,5,3),(7,5,3),(6,5,3),(6,5,4),(5,5,4),(4,5,4),(4,6,4),(4,7,4),(4,8,4),
45:(7,14,4),(8,14,4),(9,14,4),(10,14,4),(11,14,4),(12,14,4),(13,14,4),(14,14,4),(14,14,3),(14,14,2),(14,13,2),(14,12,2),(14,11,2),(14,10,2),(14,9,2),(14,8,2),
46:(14,0,2),(13,0,2),(12,0,2),(11,0,2),(10,0,2),(9,0,2),(8,0,2),(7,0,2),(6,0,2),(5,0,2),(4,0,2),(3,0,2),(2,0,2),(2,1,2),(1,1,2),(0,1,2),(0,2,2),(0,3,2),(0,4,2),(0,4,1),(0,4,0),
47:(13,2,2),(14,2,2),(14,2,3),(14,2,4),(14,2,5),(14,3,5),(14,4,5),(14,5,5),(14,6,5),(14,7,5),(14,8,5),
48:(13,1,4),(12,1,4),(11,1,4),(11,1,3),(11,1,2),(11,1,1),(11,2,1),(11,3,1),(11,4,1),(10,4,1),(10,5,1),(10,6,1),(10,6,0),(10,7,0),(10,8,0),(10,9,0),(10,10,0),(10,11,0),
49:(12,12,2),(13,12,2),(13,12,3),(13,12,4),(13,11,4),(13,10,4),(13,9,4),(13,8,4),(13,7,4),(13,6,4),(13,5,4),(13,4,4),(13,3,4),
50:(10,5,2),(11,5,2),(12,5,2),(12,6,2),(12,7,2),(12,8,2),(12,9,2),(12,10,2),(12,11,2),(12,12,2),(12,13,2),
51:(13,9,4),(13,8,4),(13,7,4),(12,7,4),(12,6,4),(12,5,4),(12,4,4),(11,4,4),(11,3,4),(10,3,4),(9,3,4),(8,3,4),(7,3,4),(6,3,4),(5,3,4),(5,2,4),(4,2,4),(4,2,3),(4,2,2),(4,1,2),(4,0,2),
52:(14,13,0),(13,13,0),(12,13,0),(11,13,0),(10,13,0),(9,13,0),(8,13,0),(7,13,0),(6,13,0),(5,13,0),(4,13,0),(4,13,1),(4,13,2),(4,14,2),
53:(9,10,5),(8,10,5),(7,10,5),(6,10,5),(5,10,5),(5,9,5),(5,8,5),(5,7,5),(4,7,5),(4,6,5),(3,6,5),(2,6,5),(2,5,5),(2,4,5),(2,4,4),(2,3,4),(2,3,3),(1,3,3),(1,2,3),(1,1,3),(1,0,3),
54:(3,7,1),(4,7,1),(5,7,1),(6,7,1),(7,7,1),(8,7,1),(9,7,1),(10,7,1),(10,7,2),(11,7,2),(11,7,3),(11,6,3),(11,5,3),(11,4,3),(11,3,3),
55:(5,6,4),(6,6,4),(7,6,4),(8,6,4),(8,6,3),(9,6,3),(10,6,3),(11,6,3),(11,6,2),(11,6,2),(11,7,2),
56:(13,12,3),(12,12,3),(12,12,2),(12,12,1),(12,12,0),(12,11,0),(12,10,0),(12,9,0),(12,8,0),(12,7,0),(12,6,0),(12,5,0),(12,4,0),(12,3,0),(12,3,-1),(12,2,-1),(12,1,-1),(12,1,0),(12,0,0),
57:(11,14,5),(10,14,5),(9,14,5),(8,14,5),(7,14,5),(6,14,5),(5,14,5),(4,14,5),(4,14,4),(4,14,3),(4,13,3),(4,12,3),(4,11,3),
58:(13,11,2),(12,11,2),(11,11,2),(10,11,2),(9,11,2),(8,11,2),(7,11,2),(6,11,2),(5,11,2),(4,11,2),(3,11,2),(2,11,2),(1,11,2),(1,10,2),(1,10,1),(1,10,0),(1,9,0),
59:(9,14,4),(9,13,4),(8,13,4),(7,13,4),(7,13,4),(7,12,4),(7,11,4),(7,10,4),(7,9,4),(7,9,5),(7,8,5),(6,8,5),(6,7,5),(6,6,5),(6,5,5),(6,4,5),(6,3,5),(6,3,4),(6,2,4),(5,2,4),(5,1,4),
60:(4,6,3),(3,6,3),(2,6,3),(2,7,3),(2,8,3),(1,8,3),(1,9,3),(1,9,2),(1,10,2),(1,11,2),(1,12,2),(1,13,2),(1,13,1),(2,13,1),
61:(9,2,0),(8,2,0),(7,2,0),(6,2,0),(5,2,0),(5,3,0),(5,4,0),(4,4,0),(4,5,0),(4,6,0),(3,6,0),(3,7,0),(3,8,0),(3,8,1),(3,8,2),(3,9,2),(2,9,2),(2,10,2),(2,11,2),(2,11,3),(2,12,3),(2,13,3),
62:(6,11,1),(5,11,1),(4,11,1),(4,11,2),(4,10,2),(4,9,2),(4,8,2),(4,7,2),
63:(4,0,0),(5,0,0),(6,0,0),(7,0,0),(7,1,0),(7,2,0),(7,3,0),(7,4,0),(7,5,0),(7,6,0),(7,6,0),(7,6,1),
64:(3,8,5),(4,8,5),(5,8,5),(6,8,5),(6,8,4),(6,8,3),(6,8,2),(7,8,2),(8,8,2),(8,8,1),(8,8,0),(8,8,-1),(8,7,-1),(8,6,-1),(8,6,0),(8,5,0),(8,4,0),
65:(12,5,0),(11,5,0),(10,5,0),(10,5,1),(10,5,2),(10,5,3),(10,4,3),(10,3,3),(10,2,3),(10,2,4),(10,2,5),(10,1,5),
66:(2,9,2),(3,9,2),(4,9,2),(5,9,2),(6,9,2),(6,9,1),(7,9,1),(8,9,1),(9,9,1),(9,10,1),(10,10,1),(11,10,1),(12,10,1),(13,10,1),(14,10,1),
67:(11,9,0),(12,9,0),(12,9,1),
68:(11,8,3),(11,7,3),(12,7,3),(12,6,3),(12,5,3),(12,4,3),(12,3,3),(12,2,3),(12,1,3),
69:(10,14,3),(9,14,3),(8,14,3),(7,14,3),(6,14,3),(5,14,3),(4,14,3),(3,14,3),(2,14,3),(2,14,4),(2,13,4),(1,13,4),(1,12,4),(1,11,4),(1,10,4),(1,9,4),
70:(0,1,1),(0,1,2),(0,2,2),(0,3,2),(0,4,2),(0,5,2),(0,6,2),(0,7,2),
71:(10,8,5),(9,8,5),(8,8,5),(7,8,5),(6,8,5),(6,8,4),(6,8,3),(6,8,2),(6,9,2),
72:(13,3,0),(12,3,0),(11,3,0),(10,3,0),(9,3,0),(8,3,0),(8,3,1),(7,3,1),(6,3,1),(5,3,1),(4,3,1),(4,3,2),(3,3,2),(2,3,2),(1,3,2),(0,3,2),(0,3,3),(0,4,3),
73:(14,13,3),(14,13,2),(14,13,1),(14,12,1),
74:(13,6,1),(13,6,0),(13,7,0),(13,8,0),(13,9,0),(13,10,0),
75:(6,6,3),(5,6,3),(4,6,3),(4,6,4),(4,6,5),(4,7,5),(4,8,5),(4,9,5),(4,10,5),(4,11,5),(4,12,5),(4,13,5),
76:(7,6,1),(8,6,1),(9,6,1),(10,6,1),(10,5,1),(10,4,1),(10,3,1),(10,2,1),(10,1,1),
77:(7,7,3),(8,7,3),(8,7,2),(9,7,2),(10,7,2),(11,7,2),(11,7,1),(11,7,0),(11,6,0),(11,5,0),(11,4,0),(11,4,1),
78:(4,5,1),(5,5,1),(6,5,1),(7,5,1),(8,5,1),(8,5,2),(8,6,2),(8,6,3),(8,7,3),(9,7,3),(9,8,3),(10,8,3),(11,8,3),(11,8,4),(11,8,5),(11,9,5),(11,10,5),
79:(7,0,0),(8,0,0),(9,0,0),(9,0,1),(9,0,2),(9,0,3),(9,0,4),(9,1,4),(9,2,4),(9,3,4),(9,4,4),(9,5,4),(9,6,4),
80:(4,10,4),(5,10,4),(6,10,4),(7,10,4),(8,10,4),(9,10,4),(10,10,4),(11,10,4),(12,10,4),(13,10,4),(14,10,4),(14,10,3),(14,11,3),(14,11,3),(14,11,2),
81:(8,11,1),(7,11,1),(6,11,1),(5,11,1),(4,11,1),(4,10,1),(4,9,1),(4,8,1),
82:(3,5,5),(2,5,5),(2,5,4),(2,5,3),(2,5,2),(2,5,1),(2,5,0),(2,4,0),(2,3,0),
83:(12,10,1),(11,10,1),(10,10,1),(9,10,1),(8,10,1),(8,10,0),(8,9,0),(8,8,0),(8,7,0),(8,6,0),(8,5,0),(7,5,0),(7,4,0),(7,3,0),(7,2,0),(7,1,0),(7,0,0),
84:(13,4,5),(12,4,5),(11,4,5),(10,4,5),(10,4,4),(10,5,4),(10,6,4),(10,7,4),(10,8,4),(10,9,4),(10,10,4),(10,11,4),(10,12,4),
85:(5,7,0),(6,7,0),(7,7,0),(8,7,0),(9,7,0),(10,7,0),(11,7,0),(12,7,0),(12,7,1),
86:(2,7,3),(3,7,3),(4,7,3),(5,7,3),(6,7,3),(6,7,2),(7,7,2),(8,7,2),(9,7,2),(10,7,2),(10,7,1),(10,7,0),(11,7,0),(12,7,0),(13,7,0),(14,7,0),(14,8,0),(14,9,0),
87:(0,14,1),(1,14,1),(2,14,1),(3,14,1),(4,14,1),(5,14,1),(6,14,1),(7,14,1),(8,14,1),(8,13,1),(8,12,1),(8,12,0),(8,11,0),(8,10,0),(8,9,0),(8,9,1),(8,8,1),(8,7,1),(8,6,1),(8,5,1),(9,5,1),(10,5,1),(10,4,1),(10,3,1),(11,3,1),(12,3,1),(12,2,1),(12,1,1),(12,0,1),
88:(2,12,4),(1,12,4),(0,12,4),(0,12,3),(0,12,2),(0,12,1),
89:(8,8,0),(7,8,0),(6,8,0),(5,8,0),(4,8,0),(3,8,0),(2,8,0),(2,7,0),(2,6,0),(2,5,0),
90:(8,5,0),(9,5,0),(9,4,0),(10,4,0),(11,4,0),(12,4,0),(12,3,0),(12,2,0),
91:(10,12,0),(11,12,0),(11,12,1),(11,12,2),(11,12,3),(11,12,4),(11,12,5),(11,11,5),(11,10,5),(11,9,5),(11,8,5),(11,7,5),
92:(2,10,2),(2,9,2),(2,8,2),(2,7,2),(2,6,2),(3,6,2),(4,6,2),(4,5,2),(4,4,2),(4,3,2),(5,3,2),(6,3,2),(7,3,2),(8,3,2),(9,3,2),(10,3,2),(10,3,1),(10,3,0),
93:(4,2,3),(5,2,3),(6,2,3),(6,2,2),(6,3,2),(6,4,2),(6,5,2),(6,6,2),
94:(6,12,2),(7,12,2),(8,12,2),(9,12,2),(10,12,2),(11,12,2),(11,11,2),(11,11,3),(11,11,4),(11,10,4),(11,9,4),(11,8,4),(11,7,4),(12,7,4),
95:(5,3,1),(6,3,1),(7,3,1),(8,3,1),(9,3,1),(10,3,1),(11,3,1),(12,3,1),(12,3,2),
96:(10,8,1),(10,8,0),(10,7,0),(10,6,0),(10,5,0),
97:(5,11,0),(6,11,0),(7,11,0),(7,11,1),(8,11,1),(8,10,1),(8,9,1),(8,8,1),(8,7,1),(8,6,1),(8,5,1),(9,5,1),(9,4,1),(10,4,1),(10,3,1),(10,2,1),(9,2,1),
98:(10,11,2),(11,11,2),(11,11,3),(11,10,3),(11,9,3),
99:(11,10,3),(10,10,3),(9,10,3),(8,10,3),(7,10,3),(7,11,3),(7,12,3),
100:(14,10,2),(13,10,2),(12,10,2),(11,10,2),(10,10,2),(9,10,2),(8,10,2),(8,9,2),(7,9,2),(7,10,2),(6,10,2),(6,10,1),(5,10,1),(4,10,1),(3,10,1),(2,10,1),(1,10,1),(1,9,1),(0,9,1),(0,8,1),
101:(1,6,4),(2,6,4),(3,6,4),(3,6,5),(3,5,5),(4,5,5),(5,5,5),(6,5,5),(7,5,5),(8,5,5),(9,5,5),(9,4,5),(9,3,5),
102:(0,1,0),(1,1,0),(2,1,0),(3,1,0),(4,1,0),(5,1,0),(6,1,0),(6,2,0),(6,3,0),(6,4,0),(6,5,0),(6,6,0),(7,6,0),(8,6,0),(9,6,0),(9,7,0),(9,8,0),
103:(0,14,3),(1,14,3),(2,14,3),(3,14,3),(4,14,3),(4,14,4),(5,14,4),(6,14,4),(7,14,4),(8,14,4),(8,13,4),(8,12,4),(8,11,4),(9,11,4),(10,11,4),(10,10,4),(10,9,4),(11,9,4),(12,9,4),(12,9,5),(12,8,5),(13,8,5),(13,7,5),(14,7,5),(14,6,5),(14,5,5),(14,4,5),(14,3,5),
104:(14,7,2),(13,7,2),(13,8,2),(13,9,2),(13,10,2),
105:(5,8,2),(6,8,2),(7,8,2),(8,8,2),(8,8,2),(8,8,3),
106:(5,0,2),(6,0,2),(7,0,2),(8,0,2),(8,0,3),(8,0,4),(8,0,5),(8,1,5),(8,2,5),(8,3,5),(8,4,5),
107:(2,11,4),(3,11,4),(4,11,4),(5,11,4),(6,11,4),(7,11,4),(8,11,4),(9,11,4),(10,11,4),(11,11,4),(12,11,4),(12,11,3),(12,11,2),(12,11,1),(12,10,1),(13,10,1),(13,9,1),(13,8,1),(13,7,1),(13,6,1),(13,5,1),(14,5,1),(14,4,1),(14,3,1),
108:(7,10,1),(6,10,1),(6,10,2),(6,10,3),(5,10,3),(4,10,3),(4,10,4),(4,10,5),(4,11,5),(4,12,5),(4,13,5),(4,14,5),
109:(14,9,3),(13,9,3),(13,9,4),(13,8,4),(13,7,4),(12,7,4),(12,6,4),(12,5,4),(12,4,4),(12,3,4),(11,3,4),(10,3,4),(9,3,4),(9,2,4),(8,2,4),(7,2,4),(6,2,4),(5,2,4),(4,2,4),(3,2,4),
110:(7,11,3),(8,11,3),(8,11,2),(9,11,2),(9,10,2),(9,9,2),(10,9,2),(11,9,2),(12,9,2),(13,9,2),(13,8,2),
111:(13,14,3),(12,14,3),(12,13,3),(12,12,3),(12,11,3),(11,11,3),(10,11,3),(10,10,3),(10,9,3),(10,8,3),(10,7,3),(10,6,3),(10,5,3),(10,4,3),(10,3,3),(10,2,3),
112:(4,9,1),(5,9,1),(6,9,1),(7,9,1),(7,10,1),(7,11,1),(7,12,1),(7,12,2),(7,12,1),(8,12,1),(9,12,1),(9,12,2),
113:(1,7,0),(2,7,0),(3,7,0),(4,7,0),(5,7,0),(6,7,0),(7,7,0),(8,7,0),(9,7,0),(10,7,0),(10,8,0),(10,9,0),(10,10,0),(11,10,0),(11,11,0),(11,11,1),(12,11,1),(12,12,1),(13,12,1),(13,13,1),(14,13,1),
114:(7,10,0),(8,10,0),(8,10,1),(8,10,2),(8,11,2),(8,12,2),
115:(6,10,5),(7,10,5),(7,10,4),(8,10,4),(9,10,4),(10,10,4),(11,10,4),(12,10,4),(12,10,3),(12,10,2),(12,10,1),(12,10,0),(12,11,0),(12,12,0),(12,13,0),(12,14,0),
116:(9,9,3),(8,9,3),(7,9,3),(6,9,3),(5,9,3),(4,9,3),(3,9,3),(2,9,3),(2,9,2),(2,9,1),(2,8,1),
117:(10,13,2),(9,13,2),(8,13,2),(7,13,2),(6,13,2),(5,13,2),(4,13,2),(3,13,2),(2,13,2),(1,13,2),(1,13,1),(1,13,0),(1,12,0),(1,11,0),(1,10,0),(1,9,0),(1,8,0),(1,7,0),(1,6,0),(1,5,0),(1,4,0),(1,3,0),(1,2,0),(1,2,-1),(1,1,-1),(1,0,-1),(1,0,0),
118:(12,9,0),(13,9,0),(13,9,1),(13,8,1),(13,8,2),(13,8,3),
119:(4,7,5),(3,7,5),(3,8,5),(3,9,5),(3,10,5),
120:(3,4,0),(4,4,0),(5,4,0),(6,4,0),(6,4,1),(6,5,1),
121:(9,12,1),(8,12,1),(8,11,1),(8,10,1),(8,9,1),(8,8,1),(8,7,1),(8,6,1),(8,6,2),(8,6,3),(8,5,3),(8,4,3),(8,3,3),(8,3,4),
122:(14,6,4),(13,6,4),(12,6,4),(11,6,4),(10,6,4),(9,6,4),(9,6,5),(9,5,5),(9,5,6),(8,5,6),(7,5,6),(6,5,6),(5,5,6),(4,5,6),(3,5,6),(2,5,6),(2,5,5),(2,5,4),(1,5,4),
123:(7,7,4),(8,7,4),(9,7,4),(10,7,4),(11,7,4),(11,7,3),(11,7,2),(11,7,1),
124:(4,9,4),(5,9,4),(6,9,4),(7,9,4),(8,9,4),(8,9,3),(8,9,2),(9,9,2),(10,9,2),(11,9,2),(12,9,2),(13,9,2),(14,9,2),(14,9,1),(14,8,1),(14,7,1),(14,6,1),
125:(14,12,1),(13,12,1),(12,12,1),(11,12,1),(10,12,1),(10,12,2),(10,12,3),(10,11,3),(10,10,3),(10,9,3),(10,8,3),(10,7,3),(10,6,3),(10,5,3),(10,4,3),(10,3,3),
126:(12,2,5),(11,2,5),(10,2,5),(10,2,4),(9,2,4),(8,2,4),(7,2,4),(6,2,4),(5,2,4),(4,2,4),(3,2,4),(3,2,3),(3,3,3),(3,4,3),
127:(14,5,4),(13,5,4),(12,5,4),(11,5,4),(11,5,3),(11,5,2),(11,6,2),(11,7,2),(11,8,2),(10,8,2),(10,8,1),(9,8,1),(9,9,1),(8,9,1),(8,10,1),(8,11,1),(8,11,0),(7,11,0),(6,11,0),(5,11,0),(5,11,1),(4,11,1),(4,12,1),
128:(11,7,2),(10,7,2),(9,7,2),(9,7,3),(8,7,3),(7,7,3),(6,7,3),(5,7,3),(4,7,3),(3,7,3),(2,7,3),
129:(3,12,4),(4,12,4),(5,12,4),(6,12,4),(7,12,4),(8,12,4),(9,12,4),(10,12,4),(10,12,3),(10,11,3),(10,10,3),(10,9,3),(10,8,3),(11,8,3),(11,7,3),
130:(12,10,2),(12,9,2),(12,9,2),(12,9,3),(12,8,3),(12,7,3),(12,7,4),(12,6,4),(12,5,4),(12,5,4),(12,5,5),
131:(4,0,1),(4,0,1),(4,1,1),(4,1,0),(4,2,0),(4,3,0),(4,4,0),(4,5,0),(4,6,0),(4,7,0),(4,8,0),(4,9,0),(5,9,0),(5,10,0),(5,10,1),(5,11,1),(5,11,2),(5,11,3),(5,11,4),(5,12,4),
132:(3,1,1),(4,1,1),(5,1,1),(6,1,1),(7,1,1),(8,1,1),(9,1,1),(10,1,1),(10,1,2),(10,2,2),(10,3,2),(10,4,2),
133:(4,10,3),(5,10,3),(5,10,2),(5,10,1),(5,9,1),(5,9,0),(6,9,0),(6,8,0),(6,7,0),
134:(1,12,5),(2,12,5),(2,12,4),(2,11,4),(2,10,4),(2,9,4),(2,8,4),(2,7,4),(2,6,4),(2,5,4),(3,5,4),(4,5,4),(4,4,4),
135:(0,10,1),(0,10,2),(0,10,3),(0,11,3),(0,12,3),(0,13,3),(0,14,3),(0,14,3),(1,14,3),
136:(13,4,2),(12,4,2),(11,4,2),(10,4,2),(9,4,2),(8,4,2),(7,4,2),(6,4,2),(5,4,2),(4,4,2),(4,4,3),(4,4,4),(4,4,5),(4,5,5),(4,6,5),
137:(13,12,5),(12,12,5),(11,12,5),(11,12,4),(11,11,4),(11,10,4),(11,10,3),(11,10,2),(11,10,2),(10,10,2),(10,9,2),(9,9,2),(8,9,2),(7,9,2),(7,8,2),(6,8,2),(5,8,2),(5,7,2),(5,7,1),(5,6,1),
138:(4,12,1),(5,12,1),(6,12,1),(7,12,1),(8,12,1),(9,12,1),(9,11,1),
139:(6,0,4),(7,0,4),(7,0,3),(7,0,2),(7,1,2),(7,2,2),(7,3,2),(7,4,2),(7,4,1),(7,5,1),
140:(7,7,5),(8,7,5),(9,7,5),(9,8,5),(10,8,5),(11,8,5),(12,8,5),(13,8,5),(14,8,5),(14,9,5),(14,10,5),(14,11,5),(14,12,5),(14,12,4),
141:(13,11,5),(12,11,5),(11,11,5),(10,11,5),(9,11,5),(8,11,5),(7,11,5),(6,11,5),(5,11,5),(5,10,5),(5,9,5),(5,8,5),(4,8,5),(4,7,5),(4,7,4),(4,7,3),(4,6,3),(4,6,2),(3,6,2),(2,6,2),(2,5,2),(2,4,2),(1,4,2),(1,3,2),(1,2,2),
142:(5,6,3),(4,6,3),(3,6,3),(3,6,2),(3,7,2),(3,8,2),(3,9,2),(3,10,2),
143:(8,12,3),(7,12,3),(7,12,2),(7,11,2),(7,10,2),(7,10,2),(7,10,1),
144:(11,4,3),(10,4,3),(9,4,3),(9,5,3),(8,5,3),(7,5,3),(6,5,3),(6,6,3),(5,6,3),(4,6,3),(4,7,3),(3,7,3),(3,8,3),(3,9,3),(2,9,3),(1,9,3),(1,10,3),(1,11,3),
145:(8,9,2),(7,9,2),(6,9,2),(6,9,1),(6,10,1),(5,10,1),(4,10,1),(3,10,1),(3,10,0),(3,11,0),
146:(11,11,4),(10,11,4),(9,11,4),(8,11,4),(7,11,4),(7,10,4),(6,10,4),(5,10,4),(5,9,4),(5,9,3),(4,9,3),(4,9,2),(3,9,2),(2,9,2),(2,8,2),
147:(2,4,5),(3,4,5),(4,4,5),(4,5,5),(4,5,6),(4,6,6),(4,7,6),(4,8,6),(4,9,6),(4,10,6),(4,11,6),(4,12,6),(4,12,5),(4,12,4),
148:(7,2,2),(8,2,2),(9,2,2),(10,2,2),(11,2,2),(12,2,2),(13,2,2),(13,2,3),(13,3,3),(13,4,3),(13,5,3),
149:(3,9,3),(4,9,3),(5,9,3),(5,8,3),(5,8,2),(5,8,1),
150:(10,12,1),(9,12,1),(9,12,0),(9,11,0),(9,10,0),(9,9,0),(9,8,0),(9,7,0),(9,6,0),(9,5,0),(9,4,0),(8,4,0),(8,4,0),(7,4,0),(6,4,0),
151:(11,11,0),(10,11,0),(9,11,0),(8,11,0),(7,11,0),(6,11,0),(6,11,1),(6,11,1),(6,11,2),(6,11,3),(6,11,4),
152:(2,13,1),(3,13,1),(4,13,1),(4,13,2),(4,13,3),(4,13,4),(4,12,4),(4,11,4),(4,11,4),(4,11,4),(4,11,5),
153:(11,8,1),(10,8,1),(9,8,1),(8,8,1),(7,8,1),(6,8,1),(6,7,1),(5,7,1),(5,6,1),(5,5,1),(5,4,1),(5,3,1),
154:(4,4,1),(5,4,1),(6,4,1),(7,4,1),(8,4,1),(8,3,1),(9,3,1),(10,3,1),(11,3,1),(11,3,2),(11,3,3),(11,3,4),(11,2,4),(11,1,4),(11,0,4),(11,0,5),
155:(0,1,5),(0,2,5),(0,3,5),(0,4,5),(0,5,5),(1,5,5),(1,6,5),(2,6,5),(2,7,5),(2,8,5),(2,9,5),(2,10,5),(2,11,5),(3,11,5),(3,11,6),(4,11,6),(5,11,6),(6,11,6),(6,11,5),
156:(13,14,0),(12,14,0),(11,14,0),(10,14,0),(9,14,0),(8,14,0),(7,14,0),(6,14,0),(5,14,0),(4,14,0),(4,14,-1),(3,14,-1),(3,13,-1),(3,12,-1),(3,11,-1),(3,10,-1),(3,10,0),(3,9,0),(3,8,0),(3,7,0),(3,6,0),
157:(7,13,4),(8,13,4),(8,13,3),(9,13,3),(9,12,3),(10,12,3),(11,12,3),(11,12,2),(12,12,2),(13,12,2),
158:(2,2,5),(3,2,5),(4,2,5),(5,2,5),(6,2,5),(6,1,5),
159:(1,1,4),(1,1,4),(1,2,4),(1,3,4),(1,4,4),(2,4,4),(3,4,4),(3,5,4),(3,6,4),(3,7,4),(3,8,4),(3,9,4),(4,9,4),(5,9,4),(6,9,4),(6,9,3),(6,10,3),(6,11,3),(6,12,3),(6,13,3),
160:(13,0,5),(12,0,5),(11,0,5),(10,0,5),(9,0,5),(9,1,5),(9,2,5),(9,3,5),(9,3,4),(9,4,4),(9,5,4),(9,6,4),(9,7,4),(9,8,4),(9,9,4),(8,9,4),
161:(11,3,0),(11,2,0),(12,2,0),(13,2,0),(13,1,0),
162:(11,4,0),(10,4,0),(10,4,1),(9,4,1),(9,5,1),(9,5,2),(9,5,3),(9,5,4),(9,6,4),(9,7,4),(8,7,4),(8,7,5),(8,8,5),(7,8,5),(6,8,5),(5,8,5),(4,8,5),(3,8,5),(2,8,5),
163:(2,7,4),(2,7,4),(2,6,4),(2,5,4),(2,4,4),(2,3,4),(2,2,4),(2,2,3),(2,1,3),(2,0,3),
164:(13,1,3),(12,1,3),(11,1,3),(10,1,3),(9,1,3),(9,1,2),(9,2,2),(9,3,2),(9,4,2),(8,4,2),(7,4,2),(6,4,2),(5,4,2),(4,4,2),(4,5,2),(4,5,1),(4,6,1),(3,6,1),
165:(4,14,5),(5,14,5),(6,14,5),(7,14,5),(7,14,4),(8,14,4),(9,14,4),(10,14,4),(10,13,4),
166:(4,2,2),(5,2,2),(6,2,2),(7,2,2),(8,2,2),(9,2,2),(10,2,2),(11,2,2),(12,2,2),(12,2,1),(12,3,1),(12,4,1),(12,5,1),
167:(13,10,5),(12,10,5),(12,11,5),(12,12,5),
168:(7,7,0),(8,7,0),(9,7,0),(10,7,0),(10,7,1),(10,7,2),(10,7,3),(10,6,3),(10,6,4),(10,6,5),
169:(8,3,2),(7,3,2),(6,3,2),(6,4,2),(6,5,2),(6,6,2),(6,6,1),(6,7,1),(6,8,1),(6,9,1),(6,10,1),(6,11,1),(6,12,1),(6,12,2),(6,13,2),(6,14,2),(6,14,1),
170:(4,1,4),(5,1,4),(6,1,4),(6,1,3),(6,2,3),(6,3,3),(6,4,3),(6,5,3),(6,6,3),(6,7,3),(6,8,3),(6,9,3),(6,10,3),(6,11,3),(6,12,3),(6,13,3),(6,14,3),
171:(14,5,3),(14,6,3),(14,6,2),(14,6,1),(14,6,0),(14,7,0),(13,7,0),(13,8,0),(13,9,0),(12,9,0),(12,9,-1),(11,9,-1),(10,9,-1),(9,9,-1),(8,9,-1),(7,9,-1),(6,9,-1),(5,9,-1),(4,9,-1),(3,9,-1),(2,9,-1),(1,9,-1),(0,9,-1),(0,9,0),
172:(14,7,1),(13,7,1),(12,7,1),(11,7,1),(11,8,1),(10,8,1),(9,8,1),(9,8,0),(8,8,0),(7,8,0),(6,8,0),(6,9,0),(6,10,0),(6,11,0),(5,11,0),(4,11,0),(4,12,0),(3,12,0),(3,12,-1),(2,12,-1),(1,12,-1),(0,12,-1),(0,12,0),
173:(10,3,0),(11,3,0),(11,4,0),(11,5,0),(11,5,1),(12,5,1),(12,6,1),(12,7,1),(12,8,1),(11,8,1),(11,9,1),(11,9,2),(11,10,2),(11,10,3),(11,11,3),(11,11,4),(11,11,5),(11,12,5),(11,13,5),(11,14,5),
174:(12,0,3),(11,0,3),(10,0,3),(9,0,3),(9,0,3),(8,0,3),(7,0,3),(6,0,3),(5,0,3),(5,1,3),(5,2,3),(5,3,3),(5,4,3),(5,5,3),(5,6,3),(4,6,3),(4,6,2),(3,6,2),(3,7,2),(3,8,2),(3,9,2),(2,9,2),(2,10,2),(2,11,2),(2,12,2),(2,12,3),(1,12,3),(1,13,3),
175:(3,6,3),(2,6,3),(1,6,3),(0,6,3),(0,6,2),(0,6,1),(0,6,0),(0,5,0),(0,4,0),(0,3,0),
176:(11,11,3),(10,11,3),(9,11,3),(8,11,3),(7,11,3),(6,11,3),(5,11,3),(4,11,3),(3,11,3),(2,11,3),(1,11,3),(0,11,3),(0,10,3),(0,9,3),(0,8,3),(0,7,3),(0,6,3),(0,6,2),(-1,6,2),(-1,5,2),(-1,4,2),(0,4,2),(0,3,2),(0,2,2),(0,1,2),
177:(1,11,3),(2,11,3),(3,11,3),(4,11,3),(5,11,3),(5,11,4),(5,10,4),(5,9,4),(5,8,4),
178:(0,0,2),(1,0,2),(2,0,2),(3,0,2),(3,1,2),(3,2,2),(3,3,2),(3,4,2),(3,4,2),(3,5,2),(4,5,2),(5,5,2),(5,6,2),(5,7,2),(6,7,2),(7,7,2),(7,8,2),(8,8,2),(8,8,1),(8,9,1),(8,10,1),(8,11,1),(8,12,1),(9,12,1),(9,13,1),
179:(2,11,3),(3,11,3),(4,11,3),(5,11,3),(5,11,2),(6,11,2),(6,10,2),(7,10,2),(8,10,2),(9,10,2),(10,10,2),(11,10,2),(11,10,1),
180:(1,13,5),(2,13,5),(3,13,5),(3,13,4),(3,13,3),(3,12,3),(3,11,3),(3,10,3),(3,9,3),(3,9,2),(3,8,2),(3,7,2),(3,6,2),(3,6,1),(3,5,1),
181:(11,6,4),(11,6,3),(11,6,2),(11,6,1),
182:(4,11,5),(4,11,4),(4,10,4),(4,10,3),(4,9,3),(4,8,3),(4,7,3),(4,6,3),(4,6,2),(4,6,1),(4,5,1),(4,4,1),
183:(13,13,3),(12,13,3),(11,13,3),(10,13,3),(9,13,3),(8,13,3),(7,13,3),(6,13,3),(5,13,3),(4,13,3),(3,13,3),(2,13,3),(2,12,3),(2,12,4),(2,11,4),(2,10,4),(2,9,4),
184:(0,9,0),(1,9,0),(2,9,0),(3,9,0),(4,9,0),(4,8,0),(4,7,0),(4,6,0),(4,6,1),(4,5,1),(4,4,1),(4,4,2),(4,4,3),(5,4,3),(5,4,4),(5,3,4),
185:(2,3,4),(3,3,4),(4,3,4),(4,3,3),(5,3,3),(5,2,3),(6,2,3),(7,2,3),(8,2,3),(9,2,3),(10,2,3),(11,2,3),(12,2,3),(12,3,3),
186:(12,2,0),(13,2,0),(13,3,0),(13,4,0),(13,5,0),
187:(0,1,2),(0,2,2),(0,3,2),(0,4,2),(0,5,2),(0,6,2),(0,7,2),(0,8,2),(0,9,2),(0,10,2),(0,11,2),(0,12,2),(0,13,2),(1,13,2),(1,13,1),(1,14,1),(2,14,1),
188:(12,1,1),(12,2,1),(12,3,1),(12,4,1),(12,5,1),(12,6,1),(12,7,1),(12,8,1),(11,8,1),(11,9,1),(11,10,1),(12,10,1),(12,11,1),(12,12,1),(12,13,1),(12,14,1),
189:(14,4,3),(13,4,3),(12,4,3),(11,4,3),(10,4,3),(9,4,3),(8,4,3),(7,4,3),(6,4,3),(5,4,3),(5,5,3),(5,6,3),(5,7,3),(4,7,3),(4,8,3),(4,8,2),(4,9,2),(4,10,2),(4,11,2),(4,11,1),(4,11,0),(4,12,0),
190:(5,14,4),(6,14,4),(7,14,4),(8,14,4),(9,14,4),(9,14,3),(9,13,3),(9,12,3),(9,11,3),(9,11,2),(10,11,2),(10,10,2),(10,9,2),(10,8,2),(10,8,1),(10,7,1),(10,7,0),
191:(7,0,5),(7,1,5),(7,2,5),(8,2,5),(8,3,5),(8,3,5),(8,4,5),(8,5,5),(8,6,5),(8,7,5),(8,8,5),(9,8,5),(9,9,5),(9,10,5),(10,10,5),(11,10,5),(11,10,4),(12,10,4),(13,10,4),(13,10,3),(14,10,3),(14,11,3),(14,12,3),(14,13,3),
192:(12,8,1),(11,8,1),(11,8,2),(11,8,3),(11,8,4),(11,7,4),(11,6,4),
193:(10,7,4),(9,7,4),(9,8,4),(9,8,3),(9,8,2),(9,8,1),(9,9,1),(9,10,1),(9,10,1),(8,10,1),(8,11,1),(8,12,1),(7,12,1),(6,12,1),
194:(0,2,4),(1,2,4),(2,2,4),(3,2,4),(4,2,4),(5,2,4),(6,2,4),(6,2,5),(7,2,5),(7,3,5),(7,4,5),(7,5,5),(8,5,5),(9,5,5),(9,6,5),(9,6,6),(9,7,6),(9,8,6),(9,8,5),(9,9,5),(9,10,5),
195:(1,3,1),(2,3,1),(3,3,1),(4,3,1),(5,3,1),(6,3,1),(7,3,1),(7,3,2),(8,3,2),(9,3,2),(9,2,2),(10,2,2),(11,2,2),(11,1,2),(11,0,2),
196:(1,1,1),(2,1,1),(3,1,1),(4,1,1),(5,1,1),(6,1,1),(7,1,1),(8,1,1),(9,1,1),(9,1,2),(9,1,3),(9,2,3),(9,3,3),(9,4,3),(9,5,3),(10,5,3),(10,5,4),(10,6,4),(10,7,4),(11,7,4),(11,8,4),(11,9,4),(12,9,4),(13,9,4),(13,10,4),
197:(4,14,2),(4,14,1),(5,14,1),(6,14,1),(7,14,1),(7,14,0),(7,13,0),(7,12,0),(7,11,0),(7,10,0),
198:(3,14,5),(4,14,5),(5,14,5),(6,14,5),(6,14,4),(7,14,4),(8,14,4),(9,14,4),(10,14,4),(11,14,4),(12,14,4),(13,14,4),(13,14,3),(13,14,2),(13,14,1),(13,14,0),
199:(5,14,3),(5,13,3),(5,12,3),(5,12,4),(5,11,4),(5,10,4),(5,9,4),(6,9,4),(6,8,4),(6,7,4),(5,7,4),(5,6,4),(5,6,3),(6,6,3),(6,5,3),(6,4,3),
200:(7,8,5),(6,8,5),(6,8,4),(5,8,4),(4,8,4),(3,8,4),(3,9,4),(3,10,4),(3,11,4),(3,12,4),(2,12,4),(2,13,4),
201:(6,7,1),(6,7,2),(6,7,3),(6,7,4),(6,7,5),(6,8,5),(6,9,5),(6,10,5),(6,11,5),(6,12,5),(5,12,5),
202:(2,12,1),(3,12,1),(4,12,1),(5,12,1),(6,12,1),(7,12,1),(8,12,1),(9,12,1),(9,12,2),(9,12,3),(10,12,3),(10,11,3),(10,10,3),(10,10,4),(10,9,4),(10,8,4),
203:(12,14,1),(11,14,1),(10,14,1),(9,14,1),(8,14,1),(7,14,1),(7,14,1),(7,14,0),(6,14,0),(5,14,0),(5,14,0),(4,14,0),
204:(10,1,5),(9,1,5),(8,1,5),(7,1,5),(7,2,5),(6,2,5),(6,3,5),(6,4,5),(6,5,5),(6,5,4),(6,5,3),(6,6,3),(6,7,3),(6,8,3),(6,9,3),(5,9,3),(5,9,2),(5,9,1),(5,9,0),
205:(14,10,4),(13,10,4),(13,10,3),(12,10,3),(11,10,3),(10,10,3),(10,10,2),(10,10,1),(10,10,0),(10,11,0),(9,11,0),(9,12,0),
206:(10,4,5),(9,4,5),(8,4,5),(7,4,5),(6,4,5),(5,4,5),(4,4,5),(3,4,5),(2,4,5),(2,3,5),
207:(14,2,4),(13,2,4),(12,2,4),(11,2,4),(10,2,4),(10,2,3),(10,1,3),
208:(11,0,2),(11,1,2),(11,2,2),(11,2,3),(11,2,4),(11,2,5),(11,3,5),(11,4,5),
209:(3,9,1),(4,9,1),(4,10,1),(4,11,1),(4,12,1),(5,12,1),(6,12,1),(7,12,1),(8,12,1),(9,12,1),(10,12,1),(11,12,1),(12,12,1),(13,12,1),(13,11,1),
210:(9,3,3),(9,4,3),(9,4,4),(9,5,4),(9,6,4),(9,7,4),(9,7,3),(9,8,3),(9,9,3),
211:(5,13,5),(6,13,5),(7,13,5),(8,13,5),(9,13,5),(10,13,5),(11,13,5),(12,13,5),(13,13,5),(13,12,5),(13,11,5),(13,10,5),(14,10,5),(14,10,5),(14,10,4),
212:(8,7,4),(8,6,4),(9,6,4),(9,6,3),(10,6,3),(11,6,3),(12,6,3),(12,5,3),(12,4,3),(12,3,3),(13,3,3),(13,2,3),
213:(14,10,3),(13,10,3),(12,10,3),(12,10,4),(11,10,4),(11,10,5),(10,10,5),(9,10,5),(8,10,5),(7,10,5),(7,11,5),(7,12,5),(7,13,5),(6,13,5),(6,14,5),
214:(4,2,5),(4,2,4),(3,2,4),(3,3,4),(2,3,4),(1,3,4),
215:(11,1,2),(12,1,2),(12,1,3),(12,1,4),(12,2,4),
216:(0,11,5),(1,11,5),(2,11,5),(3,11,5),(4,11,5),(5,11,5),(5,11,4),(6,11,4),(7,11,4),(8,11,4),(9,11,4),(9,11,3),(10,11,3),(10,10,3),
217:(5,2,1),(6,2,1),(6,2,0),(6,3,0),(6,4,0),(6,5,0),(6,6,0),(7,6,0),(7,7,0),(7,7,0),(8,7,0),
218:(9,3,0),(8,3,0),(7,3,0),(7,3,1),(6,3,1),(6,3,2),(5,3,2),(5,3,3),(5,4,3),(5,5,3),(5,6,3),(5,7,3),(5,8,3),(5,9,3),(5,10,3),
219:(8,7,5),(9,7,5),(10,7,5),(10,8,5),(11,8,5),(12,8,5),(13,8,5),(14,8,5),(14,9,5),(14,10,5),(14,11,5),(14,11,4),(14,12,4),(14,13,4),(14,14,4),
220:(8,2,3),(8,3,3),(8,3,2),(8,4,2),(8,5,2),(8,6,2),(9,6,2),(9,7,2),(9,8,2),(9,9,2),(9,10,2),(9,11,2),(9,11,2),(9,11,3),(9,12,3),(9,12,3),(9,13,3),(9,13,2),(9,14,2),
221:(12,13,1),(12,12,1),(12,11,1),(11,11,1),(11,11,2),(11,10,2),(11,9,2),(11,8,2),(11,8,3),(11,7,3),(11,6,3),(11,5,3),(11,4,3),(11,3,3),(11,2,3),(11,1,3),(11,0,3),(11,0,4),(10,0,4),(9,0,4),(8,0,4),(8,0,3),
222:(9,1,4),(8,1,4),(8,1,3),
223:(8,12,5),(7,12,5),(6,12,5),(5,12,5),(4,12,5),(3,12,5),(3,12,4),(3,12,3),(3,12,2),(3,12,1),(3,12,0),(2,12,0),
224:(6,11,5),(6,10,5),(6,9,5),(7,9,5),(7,9,5),(7,8,5),(7,8,4),(7,7,4),(7,6,4),(7,5,4),(7,5,3),(7,4,3),(7,3,3),(7,2,3),
225:(5,2,0),(4,2,0),(3,2,0),(2,2,0),(2,2,1),(2,2,2),
226:(6,3,0),(5,3,0),(4,3,0),(3,3,0),(2,3,0),(1,3,0),(0,3,0),(0,3,1),
227:(12,3,4),(11,3,4),(11,2,4),(11,1,4),(10,1,4),(9,1,4),(8,1,4),(7,1,4),(6,1,4),(5,1,4),(4,1,4),(3,1,4),(3,1,3),
228:(0,2,0),(1,2,0),(2,2,0),(2,2,1),(3,2,1),(4,2,1),(5,2,1),(6,2,1),(6,2,2),(6,2,3),(7,2,3),(8,2,3),(9,2,3),(9,3,3),(9,4,3),(10,4,3),(10,5,3),(10,5,4),(10,6,4),(10,7,4),(11,7,4),(11,8,4),(11,9,4),(12,9,4),(12,10,4),(12,11,4),(12,12,4),(12,13,4),(12,14,4),(13,14,4),(13,14,5),(14,14,5),
229:(2,11,2),(3,11,2),(4,11,2),(5,11,2),(6,11,2),(7,11,2),(7,11,3),(8,11,3),
230:(12,2,3),(12,2,4),(12,3,4),(11,3,4),(10,3,4),(9,3,4),(8,3,4),(7,3,4),(6,3,4),(5,3,4),(4,3,4),(3,3,4),(2,3,4),(2,4,4),(2,5,4),(2,5,5),(2,6,5),(2,7,5),
231:(1,6,1),(2,6,1),(3,6,1),(4,6,1),(5,6,1),(5,6,2),(5,6,3),(5,5,3),(5,5,4),(5,5,5),(6,5,5),(6,4,5),(6,3,5),(7,3,5),(7,2,5),(7,1,5),
232:(13,12,2),(13,11,2),(12,11,2),(11,11,2),(10,11,2),(9,11,2),(8,11,2),(8,10,2),(8,10,1),(8,10,0),(8,9,0),(7,9,0),
233:(6,5,0),(7,5,0),(8,5,0),(9,5,0),(9,6,0),(9,7,0),(10,7,0),(10,8,0),(10,9,0),(10,10,0),(9,10,0),
234:(4,3,2),(4,2,2),(5,2,2),(5,1,2),(6,1,2),(7,1,2),(8,1,2),(9,1,2),(9,1,3),(9,1,4),(10,1,4),(11,1,4),(11,1,5),
235:(5,2,3),(5,2,4),(5,2,5),(5,3,5),(5,4,5),(5,5,5),(5,6,5),
236:(3,6,1),(4,6,1),(5,6,1),(5,7,1),(5,8,1),(5,8,0),
237:(8,4,2),(7,4,2),(6,4,2),(5,4,2),(4,4,2),(3,4,2),(2,4,2),(1,4,2),(1,4,3),
238:(1,9,0),(2,9,0),(3,9,0),(4,9,0),(5,9,0),(6,9,0),(7,9,0),(8,9,0),(9,9,0),(9,8,0),(9,7,0),(9,6,0),(9,5,0),(9,4,0),(9,4,1),(9,4,2),(9,4,3),(9,3,3),(9,3,4),(10,3,4),(10,2,4),(10,1,4),
239:(14,2,2),(14,2,3),(13,2,3),(12,2,3),(11,2,3),(11,2,4),(10,2,4),(9,2,4),(8,2,4),(7,2,4),(6,2,4),(5,2,4),(4,2,4),(3,2,4),(3,2,5),(3,3,5),(3,4,5),(3,5,5),
240:(4,8,0),(5,8,0),(5,8,-1),(6,8,-1),(7,8,-1),(8,8,-1),(9,8,-1),(10,8,-1),(11,8,-1),(12,8,-1),(12,8,0),
241:(4,11,2),(5,11,2),(5,11,3),(5,10,3),(5,10,4),(5,10,5),(5,9,5),(5,8,5),(6,8,5),(6,7,5),(6,6,5),(6,5,5),(6,4,5),(6,3,5),(6,2,5),
242:(9,4,1),(10,4,1),(11,4,1),(11,4,2),(12,4,2),(13,4,2),(13,4,3),(13,5,3),(13,6,3),(13,7,3),(14,7,3),(14,8,3),(14,9,3),(13,9,3),(13,10,3),(13,11,3),(13,12,3),(13,12,4),
243:(1,2,5),(2,2,5),(3,2,5),(4,2,5),(4,2,5),(4,2,4),(4,2,3),(4,2,2),(4,2,1),(4,2,0),
244:(6,14,0),(7,14,0),(7,13,0),(8,13,0),(9,13,0),(9,12,0),(10,12,0),(11,12,0),(11,11,0),(11,10,0),(11,9,0),(11,8,0),(11,8,0),(11,7,0),(12,7,0),(12,6,0),
245:(3,12,5),(3,12,4),(3,12,3),(2,12,3),(2,12,2),(2,11,2),(2,10,2),(2,9,2),(2,8,2),(2,8,1),(2,8,0),
246:(11,14,2),(10,14,2),(9,14,2),(8,14,2),(7,14,2),(6,14,2),(5,14,2),(5,13,2),(5,12,2),(5,11,2),(5,10,2),
247:(13,2,1),(13,3,1),(13,4,1),(13,5,1),(13,6,1),(13,7,1),(13,8,1),(13,9,1),(13,10,1),(12,10,1),(12,11,1),(11,11,1),(10,11,1),(10,12,1),(9,12,1),(8,12,1),(8,13,1),
248:(1,11,4),(2,11,4),(3,11,4),(4,11,4),(4,11,3),(4,11,2),(5,11,2),(5,11,1),(6,11,1),(6,11,0),(6,12,0),
249:(10,14,4),(10,13,4),(10,12,4),(10,11,4),(10,10,4),(10,9,4),(9,9,4),(8,9,4),(8,8,4),(8,7,4),(7,7,4),(6,7,4),(5,7,4),(4,7,4),(3,7,4),(3,6,4),(2,6,4),(2,6,4),(2,5,4),
250:(3,3,3),(3,3,2),(3,2,2),(3,2,1),(4,2,1),(5,2,1),(5,1,1),
251:(12,5,2),(12,5,3),(11,5,3),(11,5,3),(10,5,3),(9,5,3),(8,5,3),(8,4,3),(7,4,3),(7,3,3),(7,3,3),(7,2,3),(6,2,3),
252:(4,7,0),(3,7,0),(3,7,1),(2,7,1),
253:(11,14,4),(10,14,4),(10,13,4),(9,13,4),
254:(4,3,3),(5,3,3),(5,4,3),(5,5,3),(5,6,3),(5,7,3),(5,8,3),(6,8,3),(6,9,3),(6,9,3),(6,9,3),(6,10,3),(7,10,3),(8,10,3),(9,10,3),
255:(12,14,4),(11,14,4),(10,14,4),(10,14,3),(9,14,3),(8,14,3),(7,14,3),(6,14,3),(6,14,2),(6,14,1),(6,13,1),
256:(8,11,5),(7,11,5),(6,11,5),(6,11,4),(6,10,4),(6,10,3),(5,10,3),(4,10,3),(3,10,3),(3,9,3),(3,9,2),(3,9,1),
257:(11,1,3),(11,1,4),(11,1,5),(12,1,5),(13,1,5),(13,2,5),(13,3,5),(13,4,5),(13,5,5),(13,6,5),(13,7,5),(13,8,5),(13,9,5),(14,9,5),(14,10,5),(14,11,5),(14,12,5),
258:(9,4,5),(8,4,5),(8,5,5),(8,6,5),(8,7,5),(8,8,5),(8,9,5),(8,10,5),(8,10,4),(8,10,3),(8,10,3),(8,10,2),(8,10,1),(8,11,1),(8,12,1),(7,12,1),
259:(14,0,4),(13,0,4),(12,0,4),(11,0,4),(11,0,3),(10,0,3),(9,0,3),(8,0,3),(7,0,3),(6,0,3),(6,0,2),
260:(8,11,2),(7,11,2),(6,11,2),(6,11,3),(6,12,3),(5,12,3),(4,12,3),(4,12,4),(3,12,4),(2,12,4),(2,12,5),(1,12,5),(1,11,5),
261:(4,3,4),(5,3,4),(5,3,3),(6,3,3),(7,3,3),(7,2,3),(7,2,3),(7,2,2),
262:(2,14,1),(3,14,1),(4,14,1),(4,14,1),(4,13,1),(4,13,2),(4,13,3),(4,12,3),(4,11,3),(4,10,3),(5,10,3),(5,10,4),(5,9,4),(6,9,4),(6,8,4),(6,8,5),(6,7,5),(6,6,5),(6,5,5),(6,4,5),(6,3,5),(7,3,5),(8,3,5),(8,2,5),(9,2,5),(9,1,5),
263:(8,12,4),(8,11,4),(8,10,4),(9,10,4),(9,9,4),(9,8,4),(10,8,4),(11,8,4),(11,7,4),(12,7,4),(12,6,4),(13,6,4),
264:(5,14,2),(4,14,2),(4,14,3),(4,13,3),(4,12,3),(4,11,3),(4,10,3),(4,9,3),(4,8,3),(3,8,3),(3,7,3),(3,6,3),(3,6,3),(3,5,3),
265:(8,0,0),(8,0,1),(7,0,1),(6,0,1),(5,0,1),(4,0,1),(3,0,1),(3,1,1),(3,2,1),(3,3,1),
266:(6,9,4),(7,9,4),(8,9,4),(9,9,4),(9,9,3),(9,8,3),(10,8,3),(11,8,3),(12,8,3),
267:(9,1,2),(10,1,2),(11,1,2),(12,1,2),(12,2,2),(12,3,2),(12,4,2),(12,5,2),(12,6,2),(12,7,2),(12,8,2),(12,9,2),(12,10,2),(12,10,1),(12,10,0),(12,11,0),(13,11,0),(13,12,0),(13,12,0),(14,12,0),
268:(14,7,3),(13,7,3),(13,7,2),(13,7,1),(13,7,0),(13,6,0),
269:(0,7,3),(1,7,3),(2,7,3),(3,7,3),(4,7,3),(4,7,2),(5,7,2),(5,6,2),(5,5,2),(5,4,2),(6,4,2),(6,5,2),
270:(5,4,0),(5,4,0),(5,4,1),(4,4,1),(3,4,1),(2,4,1),(1,4,1),(1,3,1),(1,3,2),(1,2,2),(1,2,3),(1,2,4),(1,2,5),
271:(8,9,1),(7,9,1),(7,8,1),(6,8,1),(6,7,1),(5,7,1),(5,6,1),(5,6,1),(5,6,2),(5,6,3),(4,6,3),(4,6,3),(4,6,3),(3,6,3),
272:(6,7,0),(7,7,0),(8,7,0),(9,7,0),(10,7,0),(11,7,0),(11,8,0),(11,9,0),(11,9,1),(11,10,1),(11,10,2),(11,10,3),(11,10,4),(11,11,4),(11,12,4),(11,13,4),(11,14,4),
273:(11,12,3),(11,11,3),(11,10,3),(11,9,3),(11,8,3),(11,8,3),(11,7,3),(10,7,3),(10,6,3),(10,5,3),(9,5,3),(8,5,3),(7,5,3),(6,5,3),(6,5,4),(6,4,4),
274:(6,0,0),(7,0,0),(8,0,0),(9,0,0),(10,0,0),(11,0,0),(11,0,1),(11,0,2),(11,1,2),(11,2,2),(11,3,2),(11,4,2),(12,4,2),(12,5,2),(12,6,2),(12,7,2),(12,8,2),(12,9,2),(12,9,3),(12,9,4),(12,10,4),(12,11,4),(12,12,4),(12,13,4),(12,13,5),
275:(1,13,1),(2,13,1),(3,13,1),(4,13,1),(4,13,2),(4,12,2),(4,11,2),(4,10,2),(4,10,3),(4,10,4),(4,10,5),(4,9,5),
276:(0,4,3),(1,4,3),(2,4,3),(3,4,3),(4,4,3),(5,4,3),(5,4,2),(5,3,2),(6,3,2),(7,3,2),(8,3,2),(9,3,2),(10,3,2),(11,3,2),(11,4,2),(12,4,2),(13,4,2),(13,5,2),(13,6,2),
277:(10,8,2),(9,8,2),(8,8,2),(8,9,2),(7,9,2),(6,9,2),(5,9,2),(4,9,2),(3,9,2),(2,9,2),(1,9,2),(0,9,2),
278:(12,7,5),(11,7,5),(11,7,4),(11,8,4),(10,8,4),(10,8,5),(9,8,5),(8,8,5),(8,8,5),(8,8,4),
279:(3,2,2),(3,2,3),(3,2,3),(4,2,3),(5,2,3),(6,2,3),(6,3,3),(6,3,4),(6,4,4),(7,4,4),(7,4,4),(7,4,5),
280:(2,5,2),(3,5,2),(4,5,2),(5,5,2),(5,4,2),(5,3,2),(5,2,2),(6,2,2),(6,1,2),(7,1,2),(8,1,2),(9,1,2),
281:(12,6,1),(11,6,1),(11,5,1),(11,5,2),(11,4,2),(10,4,2),(9,4,2),(8,4,2),(8,4,3),(8,3,3),(8,3,4),(7,3,4),(6,3,4),(6,2,4),(6,1,4),(6,1,4),(5,1,4),(4,1,4),(3,1,4),(3,0,4),(2,0,4),(1,0,4),(0,0,4),
282:(8,5,3),(9,5,3),(9,5,2),(10,5,2),(11,5,2),(12,5,2),(13,5,2),(14,5,2),(14,5,1),(14,5,0),(14,6,0),(14,7,0),(14,8,0),(14,9,0),(14,10,0),
283:(8,13,1),(8,13,2),(8,13,1),(9,13,1),(10,13,1),(11,13,1),(12,13,1),(13,13,1),(14,13,1),(14,13,2),(14,12,2),(14,11,2),(14,10,2),(14,9,2),(14,8,2),(14,7,2),(14,6,2),(14,5,2),(14,4,2),(14,3,2),(14,2,2),(14,1,2),(14,0,2),
284:(9,6,0),(8,6,0),(7,6,0),(7,6,1),(7,6,2),(7,6,3),(6,6,3),(6,6,4),
285:(10,9,2),(9,9,2),(8,9,2),(7,9,2),(7,9,1),(7,8,1),(7,7,1),(7,6,1),(6,6,1),(5,6,1),(4,6,1),(3,6,1),(2,6,1),(1,6,1),(1,6,0),(1,5,0),(1,4,0),(1,3,0),(1,2,0),(1,1,0),
286:(1,1,5),(2,1,5),(3,1,5),(4,1,5),(5,1,5),(5,1,4),(6,1,4),(6,0,4),(7,0,4),(8,0,4),(9,0,4),(10,0,4),(11,0,4),(12,0,4),(13,0,4),(14,0,4),(14,0,3),
287:(10,13,0),(11,13,0),(11,13,1),(12,13,1),(13,13,1),(13,13,2),(13,13,3),(13,13,4),(13,12,4),(13,11,4),
288:(10,3,1),(9,3,1),(8,3,1),(8,3,0),(7,3,0),(6,3,0),(5,3,0),(4,3,0),(4,4,0),(4,4,-1),(4,5,-1),(4,6,-1),(4,7,-1),(4,8,-1),(4,9,-1),(4,10,-1),(4,11,-1),(4,11,0),(4,12,0),(4,13,0),
289:(9,1,5),(9,2,5),(9,3,5),(10,3,5),(10,4,5),(10,5,5),(10,6,5),(10,7,5),(10,7,6),(10,8,6),(10,9,6),(10,10,6),(10,10,5),(10,11,5),(10,12,5),(10,13,5),(10,14,5),
290:(12,3,1),(11,3,1),(10,3,1),(9,3,1),(9,4,1),(8,4,1),(7,4,1),(6,4,1),(5,4,1),(5,4,0),
291:(2,5,4),(3,5,4),(4,5,4),(5,5,4),(6,5,4),(7,5,4),(7,5,5),(7,6,5),(7,7,5),
292:(5,12,0),(5,11,0),(4,11,0),(3,11,0),(2,11,0),(1,11,0),(0,11,0),(0,11,1),(0,10,1),(0,9,1),(0,8,1),(0,7,1),(0,6,1),(0,6,2),(0,5,2),
293:(12,14,2),(11,14,2),(10,14,2),(9,14,2),(8,14,2),(7,14,2),(6,14,2),(5,14,2),(4,14,2),(3,14,2),(2,14,2),(1,14,2),(0,14,2),(0,14,3),(0,13,3),(0,12,3),(0,11,3),(0,10,3),(0,9,3),(0,8,3),(0,7,3),(0,6,3),(0,5,3),
294:(7,2,3),(8,2,3),(9,2,3),(9,2,2),(9,3,2),(9,4,2),(9,5,2),(9,6,2),(9,6,1),(9,7,1),(9,8,1),(9,9,1),(9,10,1),
295:(5,9,1),(5,9,2),(5,8,2),(4,8,2),(3,8,2),(2,8,2),(1,8,2),(1,7,2),(1,6,2),(1,5,2),
296:(4,9,0),(3,9,0),(3,9,1),(3,9,2),(3,9,3),(3,9,4),(3,9,5),
297:(1,4,2),(2,4,2),(3,4,2),(3,3,2),(4,3,2),(4,2,2),(4,1,2),(5,1,2),
298:(7,9,4),(8,9,4),(9,9,4),(9,9,5),(10,9,5),(11,9,5),(11,8,5),(11,7,5),(11,6,5),(11,5,5),
299:(6,6,1),(7,6,1),(8,6,1),(9,6,1),(10,6,1),(10,5,1),(11,5,1),(12,5,1),(13,5,1),(13,5,2),(13,4,2),(13,3,2),(13,2,2),(13,1,2),(13,1,3),(13,1,4),(13,0,4),(13,0,5),
300:(0,4,0),(1,4,0),(2,4,0),(3,4,0),(4,4,0),(4,4,1),(4,4,2),(4,4,3),(4,4,4),(5,4,4),(6,4,4),(7,4,4),(7,5,4),(8,5,4),(9,5,4),(9,4,4),
301:(1,0,3),(2,0,3),(3,0,3),(4,0,3),(5,0,3),(5,0,4),(5,0,5),(5,1,5),(5,2,5),(5,3,5),
302:(13,9,0),(13,9,1),(13,8,1),(12,8,1),(12,7,1),(11,7,1),(10,7,1),(10,6,1),(10,6,1),(9,6,1),
303:(14,0,5),(13,0,5),(12,0,5),(11,0,5),(10,0,5),(10,0,4),(10,0,3),(9,0,3),(8,0,3),(7,0,3),(6,0,3),(5,0,3),(4,0,3),(4,0,2),(3,0,2),(2,0,2),(2,0,1),(1,0,1),(0,0,1),(0,0,0),
304:(2,6,5),(3,6,5),(4,6,5),(5,6,5),(6,6,5),(7,6,5),(8,6,5),(9,6,5),(10,6,5),(11,6,5),(12,6,5),(12,7,5),(12,7,4),(12,7,3),(12,7,2),(12,8,2),(12,9,2),(12,10,2),(12,10,1),(12,10,0),(12,11,0),(13,11,0),(14,11,0),
305:(2,14,3),(3,14,3),(3,14,2),(3,13,2),(3,13,1),(4,13,1),(5,13,1),(5,12,1),(5,11,1),(5,10,1),(5,9,1),(6,9,1),(7,9,1),(7,8,1),(7,8,1),(8,8,1),(8,7,1),(8,6,1),(8,5,1),(9,5,1),(10,5,1),(10,4,1),(10,4,0),(11,4,0),(12,4,0),(12,3,0),
306:(5,7,5),(4,7,5),(3,7,5),(2,7,5),(2,8,5),(2,9,5),(2,10,5),(2,10,4),(2,10,3),(2,10,2),(2,11,2),(2,12,2),(2,13,2),(2,14,2),
307:(11,2,3),(10,2,3),(10,2,2),(10,3,2),(10,4,2),(10,5,2),(10,6,2),(10,6,2),(9,6,2),(8,6,2),(8,7,2),
308:(9,0,1),(10,0,1),(11,0,1),(11,1,1),(11,2,1),(11,3,1),(11,4,1),(11,5,1),
309:(2,14,0),(1,14,0),(0,14,0),(0,14,1),(0,14,2),(0,14,3),(0,14,4),(0,14,5),(0,13,5),
310:(1,12,4),(1,12,3),(2,12,3),(2,12,2),(2,11,2),(2,10,2),(2,9,2),(2,8,2),(3,8,2),(4,8,2),(5,8,2),(6,8,2),(7,8,2),(8,8,2),(8,8,1),(8,7,1),(8,6,1),(8,5,1),(9,5,1),(10,5,1),(10,4,1),(10,3,1),(11,3,1),(11,2,1),(11,1,1),
311:(5,11,1),(5,10,1),(5,9,1),(5,8,1),(6,8,1),(6,8,2),(6,7,2),(7,7,2),(8,7,2),(8,7,3),(8,6,3),
312:(2,12,3),(2,12,4),(2,11,4),(2,10,4),(2,9,4),(2,8,4),(2,7,4),(2,6,4),(2,5,4),(3,5,4),(4,5,4),(4,5,5),(5,5,5),(5,4,5),(6,4,5),(6,3,5),(7,3,5),(7,2,5),
313:(9,2,3),(9,2,2),(9,3,2),(8,3,2),(8,3,1),(8,3,2),(8,4,2),(8,4,1),
314:(2,11,5),(2,10,5),(2,10,4),(2,9,4),(2,8,4),(2,7,4),(2,6,4),(2,5,4),(3,5,4),(4,5,4),(4,4,4),(4,3,4),
315:(10,12,3),(9,12,3),(9,12,2),(9,12,1),(9,12,0),(9,11,0),(9,10,0),(9,9,0),(9,8,0),(9,7,0),(9,6,0),(8,6,0),(8,5,0),(7,5,0),(7,4,0),
316:(0,14,5),(1,14,5),(2,14,5),(3,14,5),(4,14,5),(5,14,5),(5,13,5),(6,13,5),(7,13,5),(8,13,5),(9,13,5),(9,12,5),(9,12,4),(9,12,3),(10,12,3),(10,11,3),
317:(1,4,1),(2,4,1),(2,4,2),(2,4,3),(2,5,3),(2,5,4),(2,5,5),(3,5,5),(3,6,5),(3,7,5),
318:(0,7,1),(1,7,1),(1,6,1),(1,5,1),
319:(0,4,4),(1,4,4),(2,4,4),(3,4,4),(4,4,4),(4,5,4),(4,6,4),(4,7,4),(5,7,4),(5,7,3),(5,8,3),(4,8,3),(4,8,3),(4,8,3),(5,8,3),
320:(6,4,0),(7,4,0),(8,4,0),(8,4,1),(8,4,2),(8,4,3),(8,4,4),
321:(2,6,3),(2,6,2),(3,6,2),(4,6,2),(5,6,2),(5,7,2),(5,7,1),(4,7,1),(5,7,1),(6,7,1),(7,7,1),
322:(9,13,1),(8,13,1),(7,13,1),
323:(2,6,2),(3,6,2),(3,7,2),(3,8,2),(3,9,2),(3,10,2),(4,10,2),(5,10,2),(6,10,2),(6,10,3),(6,11,3),(6,12,3),(6,13,3),(7,13,3),(8,13,3),(9,13,3),(9,14,3),
324:(3,10,4),(3,10,3),(3,10,2),(3,10,1),(3,10,0),(3,11,0),(3,12,0),(3,13,0),(3,14,0),
325:(0,3,0),(1,3,0),(2,3,0),(2,3,1),(3,3,1),(4,3,1),(5,3,1),(5,2,1),(5,2,2),(5,2,3),(6,2,3),(6,1,3),(5,1,3),
326:(10,11,1),(9,11,1),(9,11,2),(9,11,3),(8,11,3),(8,11,4),(8,12,4),(7,12,4),(6,12,4),(6,12,4),(6,12,5),
327:(5,7,4),(6,7,4),(7,7,4),(8,7,4),(9,7,4),(10,7,4),(10,7,5),(10,8,5),
328:(5,10,5),(5,9,5),(5,9,4),(6,9,4),(7,9,4),(7,9,3),(7,9,2),(7,9,1),(7,8,1),(7,7,1),(8,7,1),(8,6,1),(8,5,1),(9,5,1),(9,5,0),
329:(9,10,2),(8,10,2),(7,10,2),(6,10,2),(6,10,3),(5,10,3),(5,9,3),(5,8,3),(5,8,3),(4,8,3),(3,8,3),(3,8,4),(3,7,4),(3,6,4),(3,5,4),(3,4,4),(3,3,4),(3,3,5),(3,2,5),(2,2,5),
330:(5,2,5),(4,2,5),(4,3,5),(3,3,5),(2,3,5),(1,3,5),(1,4,5),(1,5,5),(1,6,5),(1,7,5),(1,8,5),(1,9,5),(1,9,4),(1,9,3),(1,10,3),(1,11,3),(1,12,3),(1,13,3),(1,13,2),(1,13,1),(1,14,1),
331:(6,10,1),(6,10,2),(6,10,3),(6,10,4),(6,10,5),(6,10,6),(5,10,6),(4,10,6),(3,10,6),(2,10,6),(1,10,6),(0,10,6),(0,10,5),
332:(2,11,0),(2,10,0),
333:(0,6,1),(0,7,1),(0,8,1),(0,9,1),(0,10,1),(0,10,0),
334:(7,3,5),(8,3,5),(8,3,4),(9,3,4),(9,4,4),(9,5,4),(9,6,4),(10,6,4),(10,7,4),(10,8,4),(10,8,4),(10,9,4),(11,9,4),(12,9,4),(13,9,4),(13,9,3),(13,10,3),(13,11,3),
335:(5,3,3),(5,4,3),(4,4,3),(4,4,4),(4,4,5),(3,4,5),(2,4,5),(1,4,5),(0,4,5),(0,5,5),(0,6,5),
336:(11,7,4),(12,7,4),(12,8,4),
337:(2,8,3),(3,8,3),(4,8,3),(4,8,3),(5,8,3),(5,9,3),(6,9,3),(7,9,3),
338:(11,10,0),(10,10,0),(9,10,0),(8,10,0),(8,9,0),(8,8,0),(8,7,0),(8,6,0),(8,5,0),(8,4,0),(8,3,0),(8,2,0),
339:(11,1,1),(10,1,1),(9,1,1),(8,1,1),(8,1,0),(7,1,0),(7,2,0),(7,3,0),(7,4,0),(7,5,0),(7,5,0),(7,6,0),(7,7,0),(7,8,0),(6,8,0),(6,9,0),(5,9,0),(5,10,0),(5,11,0),(5,12,0),(5,13,0),(5,14,0),
340:(4,5,5),(4,6,5),(4,7,5),(4,8,5),(4,9,5),(4,9,4),(4,9,3),(5,9,3),(5,10,3),(5,11,3),(5,11,3),(5,11,2),(5,11,1),(5,12,1),(5,13,1),(5,14,1),
341:(7,1,1),(7,1,2),(7,1,3),(7,2,3),(7,2,4),(7,3,4),(7,4,4),(7,5,4),(6,5,4),(6,5,3),(6,6,3),(6,7,3),(6,8,3),(6,9,3),(6,10,3),(6,11,3),(6,12,3),(6,13,3),(7,13,3),
342:(2,1,5),(3,1,5),(4,1,5),(5,1,5),(6,1,5),(7,1,5),(8,1,5),(9,1,5),(9,2,5),(9,2,4),(9,2,3),(9,3,3),(9,4,3),(9,5,3),(10,5,3),(10,5,2),(10,6,2),(10,7,2),(10,8,2),(11,8,2),(11,8,1),(11,8,0),(11,9,0),(11,10,0),
343:(7,4,4),(8,4,4),(8,4,3),(8,3,3),(8,3,2),(8,2,2),
344:(13,7,0),(12,7,0),(11,7,0),(11,6,0),(10,6,0),(9,6,0),(8,6,0),(8,5,0),(8,4,0),(7,4,0),(6,4,0),(6,4,1),(5,4,1),(5,4,2),(4,4,2),(4,4,3),(4,3,3),(3,3,3),(2,3,3),(2,3,4),
345:(11,5,5),(12,5,5),(13,5,5),(14,5,5),(14,5,4),
346:(5,12,3),(6,12,3),(7,12,3),(8,12,3),(8,12,4),(9,12,4),(9,11,4),(9,10,4),(9,9,4),(9,8,4),(9,7,4),(10,7,4),(10,6,4),(10,6,3),(11,6,3),(11,5,3),(11,4,3),(11,4,4),(11,3,4),(11,2,4),
347:(2,0,1),(3,0,1),(4,0,1),(5,0,1),(5,0,2),(6,0,2),(7,0,2),(7,0,1),(8,0,1),(9,0,1),(9,0,2),
348:(5,4,2),(5,5,2),(6,5,2),(7,5,2),
349:(6,1,0),(6,1,1),(6,2,1),(6,2,1),(6,2,2),(6,2,2),(6,3,2),(6,3,3),
350:(11,6,1),(10,6,1),(10,6,2),(10,6,3),(10,7,3),(10,8,3),(10,9,3),(10,9,4),(10,9,5),
351:(14,13,5),(13,13,5),(12,13,5),(11,13,5),(10,13,5),(10,13,4),(10,13,3),(9,13,3),(8,13,3),(7,13,3),(6,13,3),(5,13,3),(4,13,3),(3,13,3),(3,12,3),(3,12,2),(3,12,1),(3,11,1),(3,10,1),(2,10,1),(2,9,1),
352:(8,1,1),(8,1,2),(8,2,2),(8,2,3),(8,2,4),(8,2,5),(8,3,5),(8,4,5),(8,5,5),(8,6,5),(8,7,5),(8,8,5),(9,8,5),(9,9,5),(9,10,5),(10,10,5),(10,11,5),(11,11,5),(11,12,5),(11,13,5),
353:(9,4,3),(8,4,3),(8,5,3),(8,6,3),(9,6,3),(9,7,3),(9,8,3),(9,9,3),(9,10,3),(9,11,3),(9,12,3),(9,13,3),(9,13,2),(9,14,2),(10,14,2),
354:(9,5,0),(9,5,1),(9,5,1),(9,5,2),(9,6,2),(9,6,2),(9,6,3),
355:(2,1,0),(3,1,0),(4,1,0),(4,2,0),(4,3,0),(4,4,0),(4,4,1),(4,4,2),(4,4,3),(4,4,3),(5,4,3),(6,4,3),(6,4,3),(7,4,3),(7,5,3),(7,5,3),(8,5,3),
356:(8,3,0),(7,3,0),(7,4,0),(7,5,0),(7,5,0),(7,6,0),(7,6,1),(6,6,1),(6,7,1),(6,7,2),(6,7,3),(6,8,3),(6,9,3),(6,10,3),(6,10,4),(5,10,4),(5,11,4),(5,12,4),(5,13,4),(4,13,4),
357:(2,10,0),(3,10,0),(4,10,0),(5,10,0),(6,10,0),(6,10,1),(6,9,1),(6,9,1),(7,9,1),(8,9,1),(8,8,1),(8,7,1),(8,6,1),(8,5,1),(9,5,1),(10,5,1),(10,4,1),(10,3,1),(11,3,1),(12,3,1),(13,3,1),
358:(1,14,2),(2,14,2),(2,14,2),(2,14,3),(3,14,3),(4,14,3),(4,14,4),(5,14,4),(6,14,4),(7,14,4),(8,14,4),(9,14,4),(10,14,4),(11,14,4),(12,14,4),(13,14,4),(13,13,4),
359:(6,13,4),(7,13,4),(7,13,3),(8,13,3),(8,13,2),(9,13,2),(10,13,2),
360:(9,1,0),(10,1,0),(10,1,1),(10,1,2),(10,2,2),(10,3,2),(10,3,3),(10,3,4),(10,3,5),
361:(3,1,3),(4,1,3),(5,1,3),(5,1,4),(6,1,4),(7,1,4),(7,0,4),(8,0,4),(9,0,4),(10,0,4),(11,0,4),(12,0,4),(13,0,4),(13,0,5),(13,1,5),
362:(8,4,3),(8,4,2),(8,5,2),(8,5,1),(8,6,1),(9,6,1),(10,6,1),(10,6,0),(10,7,0),(10,8,0),(10,9,0),(10,10,0),(10,11,0),(10,12,0),(10,13,0),
363:(9,6,2),(8,6,2),(7,6,2),(7,6,3),(7,6,4),(7,7,4),(8,7,4),(8,8,4),(7,8,4),
364:(12,13,2),(11,13,2),(10,13,2),(9,13,2),(9,12,2),(9,12,3),(9,11,3),(9,10,3),(8,10,3),(7,10,3),(6,10,3),(5,10,3),(4,10,3),(4,9,3),(3,9,3),(2,9,3),(2,10,3),
365:(10,14,1),(10,13,1),(10,12,1),(10,11,1),(9,11,1),(8,11,1),(7,11,1),(7,11,1),(7,11,1),(6,11,1),(5,11,1),(4,11,1),(3,11,1),(3,10,1),(2,10,1),(1,10,1),(1,9,1),(0,9,1),(0,8,1),(0,8,2),(0,8,3),
366:(13,8,2),(12,8,2),(12,8,3),(12,7,3),(11,7,3),(10,7,3),(10,7,4),(9,7,4),(8,7,4),(7,7,4),(6,7,4),(6,7,5),(6,6,5),(6,5,5),(5,5,5),(4,5,5),(4,4,5),(4,3,5),(4,2,5),(4,1,5),
367:(3,3,0),(4,3,0),(4,3,1),(5,3,1),(5,3,2),(5,2,2),(6,2,2),(6,3,2),(7,3,2),(8,3,2),(9,3,2),(10,3,2),(11,3,2),(11,2,2),(12,2,2),(13,2,2),(14,2,2),(14,2,3),
368:(3,13,0),(2,13,0),(1,13,0),(1,13,1),(1,12,1),
369:(1,8,5),(2,8,5),(2,8,4),(3,8,4),(3,8,3),(3,7,3),(3,7,2),(3,6,2),(3,5,2),(4,5,2),(4,4,2),(5,4,2),(5,3,2),(5,2,2),(5,2,1),(5,2,0),(5,1,0),
370:(2,12,0),(3,12,0),(4,12,0),(5,12,0),(6,12,0),(6,12,1),(6,12,2),(6,12,3),(6,13,3),(6,13,4),(7,13,4),
371:(5,10,2),(5,10,2),(5,10,1),(4,10,1),(4,9,1),(4,8,1),(4,7,1),(4,6,1),(4,5,1),(4,4,1),(4,4,0),(4,3,0),
372:(7,12,5),(7,12,4),(8,12,4),(9,12,4),(10,12,4),(10,12,4),(10,13,4),(10,13,3),
373:(4,10,0),(4,10,1),(3,10,1),(2,10,1),(2,10,2),(2,10,3),(2,10,4),(2,11,4),(2,11,5),(2,12,5),(2,13,5),
374:(5,7,3),(6,7,3),(6,6,3),(6,5,3),(6,4,3),(7,4,3),(7,4,3),(7,3,3),(7,3,3),(7,2,3),(7,1,3),(7,1,2),(8,1,2),
375:(8,12,0),(9,12,0),(10,12,0),(11,12,0),(11,12,1),(12,12,1),(13,12,1),(13,11,1),(13,11,1),(13,10,1),(13,9,1),(13,8,1),(13,7,1),(13,6,1),(13,5,1),(13,4,1),(13,3,1),(13,2,1),(13,1,1),(14,1,1),(14,0,1),
376:(0,3,1),(1,3,1),(2,3,1),(3,3,1),(4,3,1),(5,3,1),(6,3,1),(6,3,0),(7,3,0),(7,3,1),
377:(7,1,3),(7,1,4),(7,1,5),(7,2,5),(7,3,5),(6,3,5),(5,3,5),(5,4,5),(5,5,5),(4,5,5),(4,6,5),(4,7,5),(5,7,5),(5,8,5),(5,9,5),(5,10,5),
378:(12,2,2),(12,2,2),(12,1,2),(12,0,2),(11,0,2),(10,0,2),(9,0,2),(8,0,2),(7,0,2),(6,0,2),(5,0,2),(4,0,2),(3,0,2),(3,0,1),
379:(8,14,5),(9,14,5),(9,13,5),(9,12,5),(9,12,4),(9,11,4),(9,10,4),(9,9,4),(9,8,4),(9,8,3),(9,8,2),(9,7,2),(9,6,2),(9,5,2),
380:(10,7,0),(9,7,0),(9,6,0),(8,6,0),(7,6,0),(6,6,0),(5,6,0),(5,5,0),(5,4,0),(5,3,0),(5,3,1),(5,3,2),(4,3,2),(5,3,2),(5,3,3),
381:(3,1,4),(4,1,4),(5,1,4),(6,1,4),(7,1,4),(8,1,4),(8,2,4),(8,2,3),(9,2,3),(9,3,3),(9,4,3),(9,4,2),(9,5,2),(10,5,2),(10,6,2),(10,7,2),(10,8,2),(11,8,2),(11,8,1),(11,9,1),
382:(14,5,5),(13,5,5),(13,6,5),(13,7,5),(13,8,5),(13,9,5),(12,9,5),(11,9,5),(11,9,6),(10,9,6),(9,9,6),(8,9,6),(7,9,6),(6,9,6),(5,9,6),(5,9,5),(5,9,4),(4,9,4),
383:(4,13,1),(5,13,1),(5,13,2),(5,12,2),(5,12,2),(5,11,2),(5,10,2),(5,9,2),(5,8,2),(6,8,2),(6,7,2),(7,7,2),(7,6,2),(8,6,2),(9,6,2),(10,6,2),(11,6,2),(12,6,2),(12,5,2),
384:(8,9,3),(7,9,3),(6,9,3),(5,9,3),(5,9,2),(5,9,1),(5,9,1),(4,9,1),(3,9,1),(3,8,1),(3,7,1),
385:(8,7,1),(9,7,1),(10,7,1),(10,7,2),(11,7,2),(12,7,2),(13,7,2),(13,7,3),(13,7,3),(13,7,4),(13,8,4),
386:(7,12,0),(6,12,0),(6,11,0),(6,11,1),(6,11,1),(6,11,1),(6,11,2),(6,12,2),(6,12,2),(6,11,2),
387:(5,1,4),(6,1,4),(7,1,4),(8,1,4),(9,1,4),(9,2,4),(9,3,4),(9,4,4),(9,5,4),(9,6,4),(9,6,4),(9,7,4),(9,8,4),(9,9,4),(9,10,4),(9,11,4),
388:(1,0,0),(2,0,0),(3,0,0),(4,0,0),(4,0,1),(4,0,2),(4,0,3),(4,0,4),
389:(14,14,3),(13,14,3),(13,14,2),(13,14,1),(13,14,0),(13,13,0),
390:(13,11,3),(12,11,3),(12,11,3),(11,11,3),(10,11,3),(10,11,3),(10,10,3),(10,9,3),(10,8,3),(10,7,3),(9,7,3),(8,7,3),(7,7,3),(6,7,3),(5,7,3),(5,6,3),(5,5,3),(5,4,3),(4,4,3),(4,3,3),(3,3,3),(2,3,3),(1,3,3),(0,3,3),(0,2,3),(0,1,3),(0,0,3),
391:(5,5,3),(6,5,3),(7,5,3),(7,5,4),(8,5,4),(8,4,4),(9,4,4),(10,4,4),(11,4,4),(12,4,4),(13,4,4),(14,4,4),(14,4,5),(14,3,5),(14,2,5),(14,1,5),
392:(1,5,4),(1,6,4),(1,7,4),(2,7,4),(2,7,3),(2,7,2),(2,8,2),(2,8,1),(2,9,1),(2,10,1),(2,11,1),
393:(1,5,2),(1,4,2),(1,4,3),(1,4,4),(1,4,5),(2,4,5),(2,4,6),(3,4,6),(4,4,6),(5,4,6),(6,4,6),(7,4,6),(8,4,6),(9,4,6),(10,4,6),(11,4,6),(12,4,6),(13,4,6),(13,4,5),
394:(14,6,5),(13,6,5),(12,6,5),(12,7,5),(12,8,5),(12,9,5),(11,9,5),(11,9,4),(11,10,4),(11,10,3),(11,11,3),(11,11,2),(11,11,1),(11,12,1),(11,13,1),
395:(6,1,4),(6,1,5),(6,2,5),(6,3,5),(5,3,5),(4,3,5),(3,3,5),(3,3,6),(3,4,6),(3,5,6),(3,6,6),(3,7,6),(3,8,6),(3,9,6),(3,10,6),(3,11,6),(3,11,5),(3,12,5),
396:(10,1,4),(9,1,4),(9,1,3),(9,2,3),(9,2,3),(9,3,3),(9,3,2),(9,4,2),(9,5,2),(9,6,2),(9,7,2),(9,7,1),(8,7,1),(8,8,1),(8,8,0),(8,9,0),(8,10,0),(8,11,0),(8,12,0),(8,13,0),
397:(10,5,4),(10,4,4),(10,3,4),(10,3,4),(9,3,4),(8,3,4),(7,3,4),(7,2,4),(6,2,4),(5,2,4),(4,2,4),(3,2,4),(2,2,4),(1,2,4),(1,2,3),(1,2,2),(1,2,1),(1,1,1),
398:(14,6,3),(13,6,3),(12,6,3),(11,6,3),(11,6,2),(10,6,2),(10,7,2),(10,8,2),(10,8,1),(9,8,1),(9,9,1),(8,9,1),(8,9,1),(7,9,1),(7,9,1),(7,8,1),
399:(13,0,2),(13,1,2),(13,2,2),(12,2,2),(12,3,2),(11,3,2),(10,3,2),(10,4,2),(10,5,2),(10,6,2),(10,7,2),(10,8,2),(9,8,2),(9,9,2),(8,9,2),(7,9,2),(7,10,2),(6,10,2),(6,10,3),(6,11,3),(5,11,3),(5,11,2),(4,11,2),(4,12,2),(4,13,2),
400:(14,11,2),(14,11,3),(13,11,3),(12,11,3),(11,11,3),(11,11,4),(10,11,4),(10,10,4),(9,10,4),(8,10,4),(7,10,4),(6,10,4),(5,10,4),(4,10,4),(3,10,4),(3,9,4),(3,8,4),(3,7,4),(3,6,4),(3,6,5),
401:(0,4,5),(1,4,5),(2,4,5),(2,5,5),(2,6,5),(3,6,5),(4,6,5),(4,6,6),(5,6,6),(6,6,6),(7,6,6),(8,6,6),(9,6,6),(10,6,6),(11,6,6),(12,6,6),(13,6,6),(14,6,6),(14,6,5),(14,6,4),
402:(6,4,4),(5,4,4),(4,4,4),(4,5,4),(4,5,4),(4,5,3),
403:(7,8,0),(6,8,0),(5,8,0),(5,7,0),(5,6,0),(5,6,0),(5,5,0),(5,4,0),(5,3,0),(5,2,0),(5,2,1),(4,2,1),
404:(11,0,3),(11,1,3),(11,2,3),(11,3,3),(11,3,2),(11,4,2),(11,5,2),(11,6,2),(11,7,2),(11,8,2),(11,8,2),(11,8,2),(10,8,2),(9,8,2),
405:(6,11,4),(6,10,4),(6,10,5),(6,9,5),(6,9,4),(6,9,4),(6,8,4),(7,8,4),(7,7,4),(7,7,3),(7,7,2),(7,6,2),(8,6,2),(8,5,2),(8,4,2),(8,3,2),(8,3,1),(8,2,1),(8,1,1),(8,1,0),
406:(0,6,2),(1,6,2),(2,6,2),(2,5,2),(3,5,2),(4,5,2),(5,5,2),(6,5,2),(6,4,2),(6,4,1),(7,4,1),(7,4,2),(7,4,2),(7,4,2),(7,4,3),
407:(10,10,3),(10,10,4),(11,10,4),(11,10,5),(12,10,5),
408:(13,4,0),(12,4,0),(12,5,0),(12,5,1),(12,5,2),(12,5,3),(11,5,3),(10,5,3),(9,5,3),(8,5,3),(8,5,4),(7,5,4),(7,5,5),(7,6,5),(6,6,5),(6,7,5),(5,7,5),(5,8,5),
409:(5,9,3),(5,9,3),(5,9,2),(6,9,2),(6,10,2),(6,10,2),(7,10,2),(7,11,2),
410:(2,7,1),(3,7,1),(4,7,1),(4,7,1),(5,7,1),(5,6,1),(5,5,1),(5,4,1),(5,3,1),(5,3,2),(6,3,2),(6,3,1),(6,2,1),
411:(12,5,1),(12,6,1),(12,6,1),(12,7,1),(11,7,1),(10,7,1),(10,8,1),(9,8,1),(8,8,1),(7,8,1),(6,8,1),(6,8,1),(6,8,2),(5,8,2),(4,8,2),(3,8,2),(3,8,3),(3,9,3),(2,9,3),
412:(14,10,5),(14,10,4),(14,9,4),
413:(3,7,0),(3,6,0),(3,5,0),(3,5,0),(3,4,0),(3,3,0),(4,3,0),(4,2,0),(5,2,0),(5,1,0),(5,0,0),(5,0,1),(5,0,2),
414:(9,0,2),(8,0,2),(8,0,3),(7,0,3),(6,0,3),(5,0,3),(5,1,3),(5,2,3),(4,2,3),(3,2,3),(3,3,3),(3,4,3),(3,5,3),(2,5,3),(2,6,3),(2,6,2),(2,7,2),(1,7,2),(1,8,2),(1,9,2),(2,9,2),(2,10,2),(2,11,2),(2,11,3),
415:(6,7,3),(7,7,3),(7,7,3),(7,7,4),(7,7,5),(7,7,5),(7,8,5),(7,9,5),(7,10,5),(7,11,5),(7,12,5),(7,13,5),(7,14,5),
416:(9,4,2),(10,4,2),(10,4,3),(10,4,4),(11,4,4),(12,4,4),(13,4,4),(13,5,4),(13,5,4),(13,5,5),(13,6,5),(13,7,5),(13,8,5),(13,9,5),
417:(8,9,4),(8,8,4),(7,8,4),(6,8,4),(5,8,4),(4,8,4),(4,9,4),(4,10,4),(3,10,4),(3,10,3),
418:(5,1,0),(6,1,0),(7,1,0),(8,1,0),(9,1,0),(10,1,0),(10,2,0),(10,3,0),(10,4,0),(10,4,-1),(10,5,-1),(10,6,-1),(10,7,-1),(10,8,-1),(10,8,-1),(10,8,0),(10,8,1),
419:(4,11,4),(4,11,3),(4,10,3),(3,10,3),(2,10,3),(2,9,3),(2,8,3),(2,7,3),(2,6,3),(2,5,3),(2,4,3),
420:(7,4,3),(7,5,3),(7,6,3),(7,7,3),(7,7,4),(6,7,4),(5,7,4),(5,8,4),(4,8,4),(4,9,4),(4,10,4),(4,11,4),(4,11,4),(3,11,4),(3,11,3),(2,11,3),(1,11,3),(0,11,3),
421:(0,3,3),(1,3,3),(1,3,2),(1,4,2),(1,5,2),(2,5,2),(2,6,2),(2,7,2),(3,7,2),(3,8,2),(4,8,2),(4,8,2),(4,9,2),(4,10,2),(4,10,1),
422:(4,14,0),(5,14,0),(6,14,0),(6,13,0),(7,13,0),(8,13,0),(8,13,1),(8,12,1),(8,11,1),(8,11,2),(8,10,2),(8,9,2),(8,9,3),
423:(4,6,1),(5,6,1),(6,6,1),(6,6,2),(6,6,3),(6,6,4),(6,6,5),(6,6,5),(7,6,5),(7,6,5),(8,6,5),
424:(7,14,0),(8,14,0),(8,14,1),(8,13,1),(8,13,1),(8,13,2),(8,13,3),(8,13,4),(8,12,4),(8,12,4),(8,11,4),(8,10,4),
425:(11,9,3),(11,9,4),(11,9,5),(11,8,5),(11,7,5),(11,6,5),(11,5,5),(10,5,5),(9,5,5),(9,4,5),(9,3,5),(8,3,5),(7,3,5),(7,2,5),(7,1,5),(7,0,5),(6,0,5),(5,0,5),(4,0,5),(3,0,5),(2,0,5),(1,0,5),(0,0,5),
426:(6,1,3),(5,1,3),(5,0,3),(5,0,4),(4,0,4),(3,0,4),(3,0,3),
427:(2,10,5),(3,10,5),(4,10,5),(5,10,5),(5,9,5),(6,9,5),(7,9,5),(8,9,5),(9,9,5),(9,8,5),(9,8,4),(10,8,4),(10,7,4),(10,7,3),(10,6,3),(11,6,3),(12,6,3),(13,6,3),(14,6,3),(14,6,2),(14,5,2),
428:(9,8,2),(8,8,2),(8,8,3),(7,8,3),(6,8,3),(5,8,3),(4,8,3),(3,8,3),(2,8,3),(1,8,3),(0,8,3),(0,8,2),(0,8,1),(0,9,1),(0,10,1),
429:(12,5,3),(11,5,3),(10,5,3),(10,5,3),(9,5,3),(8,5,3),(8,5,4),(8,6,4),
430:(1,8,1),(2,8,1),(3,8,1),(3,8,0),(3,9,0),(4,9,0),(5,9,0),(6,9,0),(7,9,0),(8,9,0),(8,9,1),(8,8,1),(9,8,1),(10,8,1),(11,8,1),(12,8,1),(13,8,1),(14,8,1),(14,7,1),(14,7,2),(14,6,2),
431:(7,11,1),(7,12,1),(8,12,1),(8,12,2),(8,12,3),(8,11,3),(8,11,3),(9,11,3),(10,11,3),(11,11,3),(12,11,3),(13,11,3),(13,11,3),(13,11,3),(14,11,3),(14,11,4),
432:(13,8,0),(12,8,0),(11,8,0),(11,7,0),(11,6,0),(10,6,0),(9,6,0),(9,6,-1),(8,6,-1),(7,6,-1),(6,6,-1),(6,6,-1),(6,6,0),
433:(2,7,5),(2,7,5),(2,8,5),(3,8,5),(4,8,5),(5,8,5),(6,8,5),(6,9,5),(7,9,5),(8,9,5),(9,9,5),(9,9,4),(10,9,4),(11,9,4),(11,10,4),(11,10,3),(11,10,2),(11,11,2),(11,12,2),
434:(13,4,4),(14,4,4),(14,4,3),(14,4,2),(14,4,1),(14,3,1),(14,2,1),
435:(7,1,4),(7,2,4),(6,2,4),(5,2,4),(5,2,4),(5,2,5),(4,2,5),(3,2,5),(2,2,5),(1,2,5),(0,2,5),
436:(9,3,4),(8,3,4),(7,3,4),(6,3,4),(5,3,4),(4,3,4),(3,3,4),(2,3,4),(2,4,4),(2,4,4),(2,5,4),(2,6,4),(2,7,4),(1,7,4),(2,7,4),
437:(3,4,4),(3,4,3),(3,5,3),(3,6,3),(3,6,2),(3,7,2),(3,8,2),(3,8,2),(4,8,2),(5,8,2),(6,8,2),(7,8,2),(8,8,2),(8,9,2),(8,9,1),(9,9,1),(9,9,2),(10,9,2),(11,9,2),
438:(8,13,2),(8,13,3),(8,12,3),(8,12,4),(8,11,4),(8,10,4),(7,10,4),(7,10,5),(7,10,6),(7,9,6),(7,8,6),(7,7,6),(7,6,6),(7,5,6),(7,5,5),(7,5,4),(7,4,4),(7,3,4),(7,2,4),
439:(2,14,5),(3,14,5),(4,14,5),(5,14,5),(6,14,5),(6,14,4),(7,14,4),(7,13,4),(7,12,4),(7,11,4),(7,11,3),(7,10,3),(8,10,3),(8,10,2),
440:(14,10,0),(13,10,0),(12,10,0),(11,10,0),(10,10,0),(9,10,0),(8,10,0),(8,11,0),(8,11,0),(7,11,0),(7,11,1),
441:(11,7,5),(10,7,5),(10,7,4),(10,7,3),(9,7,3),(8,7,3),(7,7,3),(6,7,3),(5,7,3),(5,8,3),(5,9,3),(5,9,2),(5,9,1),(5,9,0),(5,9,0),(4,9,0),(4,9,0),(4,9,0),(3,9,0),
442:(5,13,4),(4,13,4),(4,13,3),(4,12,3),(4,12,2),(4,12,1),(4,12,0),(4,11,0),(4,10,0),
443:(14,11,3),(14,10,3),(14,9,3),(14,8,3),(14,7,3),(14,6,3),(14,5,3),(14,4,3),(14,4,2),(14,4,1),(14,4,0),(14,3,0),(14,2,0),
444:(4,2,4),(4,2,3),(5,2,3),(6,2,3),(7,2,3),(8,2,3),(9,2,3),(10,2,3),(11,2,3),(12,2,3),(12,3,3),(12,4,3),
445:(8,14,2),(7,14,2),(6,14,2),(5,14,2),(4,14,2),(4,14,1),(4,13,1),(4,12,1),(4,11,1),(4,10,1),(4,9,1),
446:(12,8,0),(12,8,1),(12,8,2),(12,8,3),(12,7,3),(12,6,3),(12,5,3),(11,5,3),(11,4,3),(11,3,3),(11,2,3),(11,1,3),(11,0,3),(10,0,3),
447:(2,1,3),(2,1,3),(3,1,3),(3,1,4),(4,1,4),(4,1,5),(5,1,5),(5,2,5),(6,2,5),(7,2,5),(8,2,5),(9,2,5),(10,2,5),(10,2,5),(11,2,5),(12,2,5),(13,2,5),(13,3,5),
448:(5,6,2),(4,6,2),(4,6,2),(4,6,3),(3,6,3),(2,6,3),(2,7,3),(1,7,3),(2,7,3),(2,8,3),
449:(13,12,4),(12,12,4),(12,12,3),(12,12,2),(12,11,2),(11,11,2),(10,11,2),(9,11,2),(8,11,2),(8,10,2),(7,10,2),(6,10,2),(6,10,1),(6,9,1),(6,8,1),(6,7,1),(6,6,1),
