soc=5661
lb_soc=4464
makespan=28
lb_makespan=23
comp_time=97383
highLevelExpanded=130
lowLevelExpanded=105578
solution=
0:(10,6,4),(9,6,4),(8,6,4),(7,6,4),(6,6,4),(5,6,4),(4,6,4),(3,6,4),(3,6,5),
1:(8,3,1),(8,3,2),(8,3,3),(8,3,4),(8,4,4),(8,5,4),(8,6,4),(8,7,4),(8,8,4),
2:(10,6,1),(9,6,1),(8,6,1),(7,6,1),(6,6,1),(5,6,1),(4,6,1),(3,6,1),(3,7,1),(3,8,1),(3,9,1),(3,9,2),(3,9,3),(3,9,4),(3,10,4),(3,11,4),
3:(6,2,2),(5,2,2),(4,2,2),(4,2,1),(4,3,1),(4,4,1),(4,5,1),(4,6,1),(4,7,1),(4,8,1),(4,9,1),(4,10,1),(4,11,1),(4,12,1),(4,13,1),(4,14,1),
4:(4,10,1),(3,10,1),(2,10,1),(1,10,1),(1,10,0),(1,9,0),(1,8,0),
5:(5,12,1),(6,12,1),(7,12,1),(8,12,1),(9,12,1),(10,12,1),(11,12,1),(12,12,1),(12,12,2),(12,11,2),(12,10,2),
6:(2,8,2),(1,8,2),(0,8,2),(0,8,1),(0,8,0),(0,9,0),
7:(5,11,4),(6,11,4),(7,11,4),(8,11,4),(9,11,4),(9,11,3),(9,11,2),(9,12,2),(9,13,2),
8:(3,2,5),(4,2,5),(5,2,5),(5,2,4),(5,2,3),(6,2,3),(6,2,2),(6,3,2),(6,4,2),(6,5,2),(6,6,2),(6,7,2),(6,7,1),(6,7,1),(7,7,1),(7,8,1),(7,9,1),(8,9,1),
9:(5,2,3),(5,3,3),(5,4,3),(5,5,3),(5,6,3),(5,6,2),(5,7,2),(4,7,2),(3,7,2),(3,7,2),(3,7,1),(3,8,1),(3,9,1),(2,9,1),(2,9,0),
10:(14,1,1),(13,1,1),(12,1,1),(11,1,1),(10,1,1),(9,1,1),(8,1,1),(7,1,1),(6,1,1),(6,0,1),
11:(8,5,1),(7,5,1),(6,5,1),(5,5,1),(5,5,2),(5,5,3),(5,5,4),(5,5,5),(5,6,5),(5,7,5),(5,8,5),(5,9,5),
12:(10,7,2),(9,7,2),(8,7,2),(7,7,2),(6,7,2),(5,7,2),(4,7,2),(3,7,2),(2,7,2),(2,7,3),(2,7,4),(2,7,5),(2,6,5),(2,5,5),(2,4,5),
13:(7,1,3),(6,1,3),(5,1,3),(5,1,4),(4,1,4),(3,1,4),(2,1,4),
14:(1,0,3),(2,0,3),(3,0,3),(4,0,3),(5,0,3),(5,0,3),(5,1,3),(5,2,3),(5,3,3),(5,4,3),(5,5,3),(6,5,3),(6,5,2),(6,5,2),(7,5,2),(7,6,2),(7,7,2),(7,8,2),(7,9,2),(8,9,2),(8,10,2),(9,10,2),(10,10,2),(10,11,2),(10,12,2),(10,13,2),(11,13,2),(11,13,3),
15:(6,10,4),(5,10,4),(4,10,4),(3,10,4),(2,10,4),(1,10,4),(1,10,3),(1,10,2),(1,11,2),(1,12,2),(1,13,2),
16:(10,9,1),(9,9,1),(8,9,1),(7,9,1),(6,9,1),(5,9,1),(4,9,1),(3,9,1),(3,8,1),(3,8,0),(3,7,0),(3,6,0),(3,5,0),(3,5,1),(3,5,2),(3,4,2),
17:(7,10,5),(8,10,5),(8,10,4),(8,10,3),(8,9,3),(8,8,3),(8,7,3),(8,6,3),(8,5,3),(8,4,3),(8,3,3),
18:(9,7,4),(10,7,4),(11,7,4),(12,7,4),(13,7,4),(13,7,3),(13,7,2),(13,7,1),(13,7,0),(13,6,0),
19:(10,12,1),(9,12,1),(8,12,1),(8,12,2),(7,12,2),(6,12,2),(7,12,2),(7,13,2),(6,13,2),(5,13,2),(4,13,2),(3,13,2),(2,13,2),(2,12,2),(1,12,2),(0,12,2),
20:(4,2,2),(4,1,2),(4,1,3),
21:(0,2,0),(1,2,0),(2,2,0),(3,2,0),(4,2,0),(5,2,0),(6,2,0),(7,2,0),(8,2,0),(9,2,0),(10,2,0),(11,2,0),(11,2,1),(11,2,2),(11,2,3),
22:(3,6,0),(4,6,0),(5,6,0),(6,6,0),(7,6,0),(7,6,1),(7,7,1),(7,8,1),(7,9,1),(7,10,1),(7,11,1),(7,12,1),
23:(1,6,5),(2,6,5),(3,6,5),(4,6,5),(4,6,4),(4,6,3),(4,6,2),(4,5,2),(4,5,1),(4,4,1),(4,3,1),
24:(5,4,3),(6,4,3),(7,4,3),(8,4,3),(9,4,3),(10,4,3),(11,4,3),(12,4,3),(13,4,3),(14,4,3),(14,4,4),(14,4,5),(14,3,5),(14,2,5),(14,1,5),
25:(8,6,3),(9,6,3),(9,6,4),(9,7,4),(9,8,4),
26:(4,12,0),(3,12,0),(2,12,0),(2,12,1),(2,11,1),(2,10,1),(2,9,1),(2,8,1),
27:(3,2,1),(4,2,1),(5,2,1),(6,2,1),(7,2,1),(8,2,1),(9,2,1),(9,3,1),
28:(13,8,2),(12,8,2),(11,8,2),(10,8,2),(9,8,2),(8,8,2),(7,8,2),(6,8,2),(5,8,2),(4,8,2),(4,8,3),(3,8,3),(3,8,4),(2,8,4),(1,8,4),(0,8,4),(0,8,5),
29:(4,1,4),(5,1,4),(5,0,4),(5,0,3),(5,0,2),(5,0,1),(5,0,0),
30:(9,10,4),(8,10,4),(7,10,4),(6,10,4),(5,10,4),(4,10,4),(3,10,4),(2,10,4),(1,10,4),(0,10,4),(0,10,3),(0,9,3),(0,8,3),(0,8,2),(0,7,2),(0,7,1),(0,6,1),
31:(9,0,1),(8,0,1),(7,0,1),(6,0,1),(5,0,1),(4,0,1),(3,0,1),(3,1,1),(3,2,1),(3,3,1),(3,4,1),(3,5,1),(3,6,1),(3,7,1),(3,8,1),(3,9,1),(3,10,1),(3,11,1),(3,12,1),
32:(4,8,5),(5,8,5),(6,8,5),(7,8,5),(8,8,5),(8,9,5),(8,10,5),
33:(5,8,2),(6,8,2),(7,8,2),(8,8,2),(8,8,3),(9,8,3),(9,7,3),(9,7,4),(9,6,4),(9,5,4),(10,5,4),(10,4,4),(10,3,4),(9,3,4),(9,2,4),(9,1,4),
34:(5,5,3),(6,5,3),(7,5,3),(8,5,3),(9,5,3),(10,5,3),(11,5,3),(12,5,3),(12,6,3),(12,7,3),(12,7,4),
35:(4,6,4),(5,6,4),(6,6,4),(6,6,3),(7,6,3),(8,6,3),(9,6,3),(10,6,3),(11,6,3),(12,6,3),(13,6,3),(13,6,2),(13,6,1),(13,5,1),(13,5,0),(13,4,0),(13,3,0),
36:(4,10,2),(3,10,2),(2,10,2),(1,10,2),(0,10,2),(0,10,3),(0,10,4),(0,11,4),
37:(2,2,1),(3,2,1),(3,2,2),(3,2,3),(4,2,3),(4,2,4),(4,2,5),
38:(0,10,2),(1,10,2),(1,10,1),(1,9,1),(2,9,1),(2,8,1),(2,7,1),(2,6,1),(2,5,1),(2,4,1),(2,3,1),(3,3,1),(3,2,1),(4,2,1),(4,1,1),(5,1,1),(6,1,1),(7,1,1),(7,0,1),(7,-1,1),(8,-1,1),(9,-1,1),(10,-1,1),(11,-1,1),(11,0,1),
39:(7,4,5),(6,4,5),(5,4,5),(4,4,5),(4,4,4),(4,5,4),
40:(10,8,4),(9,8,4),(8,8,4),(7,8,4),(6,8,4),(6,8,5),
41:(1,2,5),(2,2,5),(3,2,5),(4,2,5),(5,2,5),(6,2,5),(7,2,5),(8,2,5),(9,2,5),(9,3,5),(9,4,5),(9,5,5),(9,6,5),(9,7,5),(9,8,5),
42:(4,5,5),(3,5,5),(2,5,5),(1,5,5),(1,4,5),(1,3,5),(1,2,5),(1,1,5),(1,0,5),
43:(7,13,0),(8,13,0),(9,13,0),(10,13,0),(10,12,0),(10,11,0),(11,11,0),(11,11,1),(11,11,2),(11,10,2),(11,9,2),(11,8,2),(11,7,2),(11,6,2),(11,5,2),(11,4,2),
44:(2,11,4),(3,11,4),(4,11,4),(4,10,4),(4,9,4),(5,9,4),(5,8,4),(5,7,4),(5,6,4),(5,5,4),(5,4,4),(5,3,4),(5,3,5),(5,2,5),(5,1,5),(5,0,5),(5,0,4),
45:(7,1,4),(8,1,4),(9,1,4),(10,1,4),(11,1,4),(11,1,3),(11,1,2),(11,1,1),(11,2,1),(11,3,1),(11,4,1),(11,5,1),
46:(0,3,5),(1,3,5),(2,3,5),(3,3,5),(4,3,5),(5,3,5),(5,3,4),(5,3,3),(5,3,2),(5,4,2),(5,4,1),(5,4,0),(6,4,0),(6,4,-1),(6,5,-1),(7,5,-1),(7,5,0),
47:(4,10,4),(4,9,4),(5,9,4),(6,9,4),(7,9,4),(7,8,4),(7,8,4),(7,7,4),(7,7,3),(7,7,2),(7,7,1),(7,6,1),(7,5,1),(7,4,1),(7,3,1),(8,3,1),(8,3,0),(8,2,0),(9,2,0),(10,2,0),(11,2,0),(11,2,1),(11,1,1),
48:(5,1,3),(5,2,3),(6,2,3),(7,2,3),(7,3,3),(7,4,3),(7,4,3),(8,4,3),(8,4,4),(8,5,4),(8,6,4),(9,6,4),(9,7,4),(9,7,3),
49:(13,5,2),(13,5,1),(13,4,1),(13,3,1),(13,2,1),
50:(2,11,0),(3,11,0),(4,11,0),(5,11,0),(5,11,1),(5,11,2),(5,11,3),(5,11,4),(5,10,4),
51:(14,3,2),(13,3,2),(12,3,2),(12,4,2),(12,5,2),(12,6,2),(11,6,2),(11,7,2),(11,8,2),(11,9,2),(10,9,2),(9,9,2),(8,9,2),(7,9,2),(7,10,2),(6,10,2),(5,10,2),(4,10,2),
52:(4,12,4),(4,12,3),(4,12,2),
53:(13,13,2),(13,13,1),(13,14,1),
54:(10,4,2),(9,4,2),(9,5,2),(9,6,2),(9,7,2),(9,8,2),(9,9,2),(9,9,3),(9,9,4),(9,10,4),(9,11,4),(9,11,3),(9,12,3),(9,13,3),(9,13,4),
55:(9,3,0),(8,3,0),(7,3,0),(6,3,0),(5,3,0),(4,3,0),(4,4,0),
56:(2,12,5),(3,12,5),(4,12,5),(5,12,5),(6,12,5),(7,12,5),(8,12,5),(8,11,5),(8,11,4),(9,11,4),(10,11,4),(11,11,4),(11,10,4),(12,10,4),(13,10,4),(14,10,4),(14,10,3),
57:(9,14,1),(9,13,1),(9,12,1),(9,11,1),(8,11,1),(8,10,1),(8,9,1),(8,8,1),(8,7,1),(7,7,1),(6,7,1),(6,6,1),(6,5,1),(6,4,1),(6,3,1),(6,2,1),
58:(14,2,4),(13,2,4),(12,2,4),(12,2,5),(12,3,5),(12,4,5),
59:(13,5,3),(12,5,3),(11,5,3),(10,5,3),(10,5,4),(9,5,4),(8,5,4),(7,5,4),(7,6,4),(7,7,4),(7,8,4),(7,9,4),(7,10,4),(7,11,4),
60:(14,1,0),(13,1,0),(12,1,0),(11,1,0),(11,2,0),(11,3,0),(11,4,0),(11,5,0),(11,6,0),(11,7,0),(10,7,0),(9,7,0),(8,7,0),(8,8,0),(7,8,0),(7,9,0),(6,9,0),(5,9,0),(4,9,0),(4,10,0),(4,10,1),
61:(6,6,4),(6,6,3),(5,6,3),(5,6,2),(5,6,1),(5,6,0),
62:(14,5,3),(13,5,3),(12,5,3),(12,4,3),(12,3,3),(11,3,3),(10,3,3),(9,3,3),(8,3,3),(8,3,3),(7,3,3),(7,2,3),(7,1,3),
63:(6,6,3),(7,6,3),(7,6,3),(7,5,3),(8,5,3),(9,5,3),(9,4,3),(10,4,3),(11,4,3),(12,4,3),(13,4,3),(13,3,3),(13,2,3),(14,2,3),
64:(13,2,2),(14,2,2),(14,2,1),(14,2,0),(14,1,0),
65:(10,14,0),(9,14,0),(8,14,0),(8,13,0),(8,12,0),(8,11,0),(8,10,0),(8,9,0),(8,8,0),(8,7,0),(8,6,0),
66:(11,0,3),(11,0,4),(11,0,5),(11,1,5),(11,2,5),(11,3,5),(11,4,5),
67:(5,0,2),(4,0,2),(3,0,2),(2,0,2),(2,1,2),(2,2,2),(2,2,3),(2,3,3),(2,4,3),(2,5,3),(2,6,3),(2,7,3),(2,8,3),(2,9,3),
68:(2,1,1),(3,1,1),(4,1,1),(5,1,1),(5,1,2),(5,2,2),(5,3,2),(5,4,2),(5,5,2),(5,6,2),(5,7,2),(5,8,2),(5,9,2),
69:(7,13,1),(8,13,1),(9,13,1),(10,13,1),(10,13,2),(10,13,3),(10,13,4),(10,13,5),(10,12,5),(10,11,5),(10,10,5),(10,10,6),(10,9,6),(10,8,6),(10,7,6),(10,6,6),(10,6,5),(10,5,5),
70:(5,0,1),(4,0,1),(3,0,1),(2,0,1),(1,0,1),(0,0,1),(0,0,2),(0,1,2),(0,2,2),(0,3,2),
71:(0,0,4),(1,0,4),(2,0,4),(3,0,4),(4,0,4),(5,0,4),(6,0,4),(7,0,4),(8,0,4),(9,0,4),(10,0,4),(10,1,4),(10,2,4),(10,2,3),(10,3,3),(11,3,3),(12,3,3),(12,4,3),(12,5,3),(12,5,2),(13,5,2),(13,6,2),(13,6,3),(13,7,3),
72:(13,0,5),(13,1,5),(13,2,5),(13,3,5),(13,4,5),(13,5,5),(13,6,5),(13,6,4),(13,7,4),(12,7,4),(12,8,4),(12,9,4),(11,9,4),(11,9,3),(10,9,3),(9,9,3),(9,10,3),(9,11,3),(9,12,3),(9,13,3),
73:(9,5,5),(8,5,5),(8,5,4),(8,4,4),(8,4,3),(8,3,3),(8,2,3),(8,1,3),(8,0,3),
74:(1,14,1),(2,14,1),(3,14,1),(4,14,1),(4,13,1),(4,12,1),(4,11,1),(4,10,1),(5,10,1),(5,9,1),(5,8,1),(5,7,1),(5,6,1),(5,5,1),(6,5,1),(6,4,1),(6,4,0),(6,3,0),(6,2,0),(6,1,0),(7,1,0),
75:(0,14,5),(1,14,5),(2,14,5),(2,13,5),(2,13,4),(2,12,4),(2,11,4),(2,11,3),(2,10,3),(2,9,3),(2,8,3),(2,8,2),(2,7,2),(2,7,1),(3,7,1),(3,6,1),(3,6,0),(3,5,0),(3,4,0),(3,3,0),(4,3,0),(4,2,0),(4,1,0),(5,1,0),
76:(0,5,1),(1,5,1),(2,5,1),(3,5,1),(4,5,1),(5,5,1),(6,5,1),(7,5,1),(8,5,1),(8,5,2),(8,5,3),(8,6,3),(8,7,3),(8,8,3),(8,9,3),(8,9,4),(8,10,4),(8,11,4),(8,11,5),(8,12,5),(8,13,5),
77:(0,11,3),(1,11,3),(2,11,3),(3,11,3),(4,11,3),(5,11,3),(6,11,3),(7,11,3),(8,11,3),(9,11,3),(10,11,3),(11,11,3),(11,11,4),(11,11,5),
78:(8,9,3),(7,9,3),(6,9,3),(5,9,3),(4,9,3),(3,9,3),(2,9,3),(1,9,3),(0,9,3),(0,8,3),(0,7,3),(0,6,3),(0,5,3),(0,4,3),(0,3,3),
79:(12,6,4),(12,6,4),(12,6,3),(12,5,3),(12,4,3),(12,3,3),(11,3,3),(11,2,3),(11,1,3),(10,1,3),(9,1,3),(8,1,3),(8,1,2),(7,1,2),(6,1,2),(5,1,2),(5,0,2),(4,0,2),(3,0,2),(2,0,2),
80:(1,4,0),(2,4,0),(3,4,0),(4,4,0),(5,4,0),(6,4,0),(6,4,1),(6,5,1),(6,6,1),(6,7,1),(6,8,1),
81:(7,2,2),(8,2,2),(9,2,2),(10,2,2),(11,2,2),(12,2,2),(12,2,1),(12,2,0),(12,3,0),(12,4,0),(12,5,0),(12,6,0),(12,7,0),(12,8,0),(12,9,0),(12,10,0),(12,11,0),(12,12,0),(12,13,0),
82:(13,1,5),(12,1,5),(11,1,5),(10,1,5),(9,1,5),(8,1,5),(8,2,5),(8,3,5),(8,4,5),(8,5,5),(8,6,5),(7,6,5),(7,7,5),(7,8,5),(7,7,5),(6,7,5),(5,7,5),(5,8,5),
83:(0,3,4),(1,3,4),(2,3,4),(3,3,4),(4,3,4),(5,3,4),(6,3,4),(7,3,4),(8,3,4),(9,3,4),(10,3,4),(10,3,3),(11,3,3),(11,3,2),(11,3,1),(11,3,0),(11,2,0),(11,1,0),(11,0,0),
84:(12,11,4),(12,11,3),(12,11,2),(12,10,2),(12,9,2),(12,9,1),(11,9,1),(11,9,1),(10,9,1),(10,9,0),(10,8,0),(9,8,0),(8,8,0),(7,8,0),(6,8,0),
85:(7,8,3),(8,8,3),(9,8,3),(10,8,3),(11,8,3),(12,8,3),(12,9,3),(12,10,3),(12,11,3),(12,12,3),
86:(10,2,3),(9,2,3),(8,2,3),(8,2,4),(8,3,4),(8,4,4),(8,4,3),(8,5,3),(8,5,4),(8,6,4),(8,7,4),(8,7,3),(7,7,3),(7,8,3),(7,8,4),(7,9,4),
87:(9,0,2),(9,0,1),(9,0,0),(9,1,0),(9,2,0),(9,3,0),(9,4,0),(9,5,0),(9,6,0),(9,7,0),(9,8,0),(9,8,-1),(9,9,-1),(9,10,-1),(9,11,-1),(9,12,-1),(9,13,-1),(9,13,0),
88:(14,7,0),(13,7,0),(12,7,0),(12,7,1),(12,7,2),(12,7,3),(12,7,4),(12,6,4),
89:(6,6,2),(7,6,2),(7,5,2),(7,4,2),(7,3,2),(7,2,2),(7,2,3),(7,2,3),(8,2,3),
90:(7,4,0),(8,4,0),(9,4,0),(10,4,0),(11,4,0),(11,4,1),(11,4,2),(11,3,2),(11,2,2),(11,2,3),(11,2,4),
91:(5,13,1),(6,13,1),(7,13,1),(8,13,1),(9,13,1),(10,13,1),(10,13,2),(10,12,2),(10,11,2),(11,11,2),(11,10,2),(11,9,2),(11,8,2),(11,7,2),(11,6,2),(11,5,2),(10,5,2),(10,4,2),(10,4,3),(10,3,3),(10,2,3),(10,1,3),(11,1,3),
92:(2,1,5),(3,1,5),(4,1,5),(5,1,5),(6,1,5),(6,1,4),(6,1,3),(6,1,2),(6,2,2),(6,3,2),(6,4,2),(6,5,2),(6,6,2),(6,6,1),(6,7,1),(6,7,0),
93:(5,6,4),(6,6,4),(6,6,3),(6,7,3),(6,8,3),(6,9,3),(6,10,3),(6,11,3),(6,12,3),(6,12,2),(6,12,1),(6,12,0),(6,13,0),
94:(8,3,4),(7,3,4),(6,3,4),(5,3,4),(5,3,3),(5,2,3),(4,2,3),(3,2,3),(3,1,3),(2,1,3),(1,1,3),(0,1,3),(0,1,2),(0,0,2),
95:(0,13,0),(1,13,0),(2,13,0),(3,13,0),(4,13,0),(4,12,0),(4,11,0),(4,10,0),(4,9,0),(4,8,0),(4,7,0),(4,6,0),(4,6,1),(4,6,2),(4,5,2),(4,4,2),(4,4,3),(5,4,3),(5,3,3),
96:(3,3,2),(4,3,2),(4,4,2),(4,5,2),(4,6,2),(4,7,2),(4,7,3),(4,7,4),(4,8,4),
97:(7,3,5),(8,3,5),(9,3,5),(10,3,5),(10,3,4),(10,3,3),(10,4,3),(10,5,3),(10,6,3),(10,7,3),(10,8,3),(10,9,3),(10,10,3),(10,11,3),(10,12,3),
98:(11,3,4),(10,3,4),(10,4,4),(10,5,4),(10,6,4),(10,7,4),(10,8,4),(10,9,4),(10,10,4),(10,10,4),(9,10,4),
99:(5,1,2),(6,1,2),(7,1,2),(8,1,2),(9,1,2),(10,1,2),(10,1,3),(10,2,3),(10,3,3),(10,4,3),(10,5,3),(10,6,3),(11,6,3),(11,7,3),(11,8,3),(11,9,3),(12,9,3),(12,10,3),(12,11,3),(12,11,3),(13,11,3),(14,11,3),
100:(0,6,4),(1,6,4),(2,6,4),(3,6,4),(3,6,3),(3,6,2),(3,7,2),(3,8,2),
101:(3,6,1),(4,6,1),(5,6,1),(6,6,1),(6,6,0),(6,5,0),
102:(11,8,1),(10,8,1),(9,8,1),(8,8,1),(8,8,0),(8,7,0),(8,6,0),(8,5,0),(8,4,0),(8,3,0),(8,2,0),(8,1,0),(8,0,0),
103:(12,7,4),(13,7,4),(13,7,3),(13,6,3),(13,5,3),
104:(4,14,3),(4,13,3),(4,12,3),(4,11,3),(4,10,3),(4,9,3),(4,8,3),(4,7,3),(4,6,3),(4,5,3),
105:(9,13,1),(10,13,1),(10,12,1),(9,12,1),(9,11,1),(8,11,1),(7,11,1),(6,11,1),(5,11,1),(5,10,1),(5,9,1),(5,8,1),(5,7,1),(5,6,1),(5,5,1),(4,5,1),(4,4,1),(4,4,2),(4,3,2),(4,2,2),(5,2,2),(5,2,1),
106:(1,5,5),(2,5,5),(2,5,6),(3,5,6),(4,5,6),(5,5,6),(6,5,6),(6,4,6),(7,4,6),(7,4,5),(7,4,4),(8,4,4),(8,4,3),(9,4,3),(9,5,3),
107:(14,12,5),(13,12,5),(12,12,5),(11,12,5),(10,12,5),(10,12,4),(10,12,3),(10,13,3),(10,13,2),(10,13,1),
108:(13,1,2),(12,1,2),(11,1,2),(10,1,2),(10,1,3),(9,1,3),(8,1,3),(7,1,3),(7,1,4),(7,2,4),(7,3,4),(7,4,4),(7,5,4),
109:(12,11,0),(11,11,0),(10,11,0),(9,11,0),(9,10,0),(9,10,1),(9,10,2),(9,9,2),(9,8,2),(9,7,2),(9,6,2),(9,5,2),(9,5,3),(9,5,4),(9,5,5),(9,4,5),
110:(2,7,0),(3,7,0),(3,7,1),(3,7,2),(3,7,3),(3,7,4),(3,7,5),(3,8,5),(3,9,5),(3,10,5),(3,11,5),(3,12,5),(3,13,5),(3,14,5),
111:(11,4,2),(12,4,2),(13,4,2),(13,4,3),(13,4,4),(13,4,5),(13,5,5),(13,6,5),(13,7,5),(13,8,5),(13,9,5),(13,10,5),(13,11,5),(13,12,5),
112:(11,6,4),(10,6,4),(10,5,4),(9,5,4),(8,5,4),(7,5,4),(7,4,4),(6,4,4),(6,3,4),(6,2,4),(6,1,4),(6,0,4),
113:(12,1,4),(12,1,3),(12,1,2),(12,2,2),(12,3,2),
114:(10,4,1),(9,4,1),(8,4,1),(7,4,1),(6,4,1),(5,4,1),(4,4,1),(3,4,1),(2,4,1),(1,4,1),(1,4,2),(1,3,2),
115:(9,14,4),(8,14,4),(7,14,4),(6,14,4),(5,14,4),(5,14,3),(5,14,2),(5,14,1),(5,13,1),(5,12,1),(5,11,1),(5,10,1),(5,9,1),(5,8,1),(5,7,1),(5,6,1),(5,5,1),
116:(10,13,0),(9,13,0),(9,12,0),(8,12,0),(7,12,0),(6,12,0),(5,12,0),(4,12,0),(4,12,1),(3,12,1),(2,12,1),(2,12,2),(1,12,2),(1,12,3),(1,12,4),(1,11,4),(1,10,4),(1,9,4),(1,8,4),(1,7,4),(1,6,4),
117:(13,9,2),(12,9,2),(11,9,2),(10,9,2),(9,9,2),(8,9,2),(8,10,2),(8,11,2),
118:(4,6,1),(4,7,1),(4,7,0),(3,7,0),(2,7,0),(1,7,0),(0,7,0),(0,8,0),
119:(3,11,0),(4,11,0),(4,10,0),(4,9,0),(4,8,0),(4,7,0),(4,6,0),(4,5,0),(5,5,0),(5,4,0),(6,4,0),(6,4,1),(6,3,1),(6,3,2),(6,3,3),(6,3,4),(6,2,4),
120:(3,14,4),(4,14,4),(5,14,4),(5,14,3),(6,14,3),(7,14,3),(8,14,3),(9,14,3),(10,14,3),(10,13,3),(10,12,3),(10,11,3),(11,11,3),(12,11,3),(12,10,3),(12,9,3),(12,9,2),(12,8,2),(12,7,2),(12,7,3),
121:(8,1,3),(7,1,3),(6,1,3),(5,1,3),(5,1,4),(4,1,4),(3,1,4),(3,2,4),(3,3,4),(3,4,4),(3,5,4),(3,6,4),(3,7,4),(3,8,4),
122:(13,14,0),(14,14,0),(14,14,1),(14,13,1),(14,12,1),(14,12,2),(14,12,3),(14,11,3),(14,10,3),(14,9,3),(14,8,3),(14,7,3),(14,6,3),(14,5,3),(14,4,3),(15,4,3),(15,3,3),(15,2,3),(15,1,3),(14,1,3),(14,0,3),
123:(14,8,5),(13,8,5),(12,8,5),(11,8,5),(10,8,5),(9,8,5),(8,8,5),(7,8,5),(7,8,4),(6,8,4),(5,8,4),(5,8,3),(4,8,3),(3,8,3),(2,8,3),(1,8,3),(1,8,2),(1,8,1),(1,9,1),(1,10,1),(1,11,1),(1,11,0),(1,12,0),(1,13,0),
124:(14,6,0),(13,6,0),(12,6,0),(11,6,0),(10,6,0),(10,5,0),(10,5,1),(10,5,2),(10,5,3),(9,5,3),(9,5,4),(8,5,4),(8,5,5),(8,4,5),(7,4,5),(6,4,5),(6,3,5),
125:(8,8,4),(8,8,5),(9,8,5),(9,9,5),(9,10,5),(9,11,5),(9,12,5),
126:(2,5,2),(3,5,2),(4,5,2),(4,6,2),(4,7,2),(4,8,2),(5,8,2),(5,9,2),(6,9,2),(6,10,2),(6,11,2),
127:(0,5,5),(1,5,5),(1,4,5),(2,4,5),(3,4,5),(4,4,5),(5,4,5),(6,4,5),(7,4,5),(8,4,5),(8,3,5),
128:(0,13,4),(1,13,4),(2,13,4),(3,13,4),(4,13,4),(5,13,4),(6,13,4),(7,13,4),(7,12,4),(7,12,3),(8,12,3),(9,12,3),(10,12,3),(10,12,2),(10,11,2),(11,11,2),(11,10,2),(11,9,2),
129:(13,4,1),(12,4,1),(11,4,1),(10,4,1),(9,4,1),(8,4,1),(7,4,1),(6,4,1),(5,4,1),(5,5,1),(4,5,1),(4,6,1),(4,7,1),(4,8,1),(4,8,1),(3,8,1),
130:(4,7,0),(4,7,0),(3,7,0),(3,7,1),(3,6,1),(3,5,1),(3,5,2),(3,4,2),(3,3,2),(3,2,2),(3,1,2),
131:(10,14,4),(11,14,4),(11,14,5),(11,13,5),(11,12,5),(11,11,5),(11,10,5),(11,9,5),(11,8,5),(11,7,5),(11,6,5),
132:(0,11,1),(1,11,1),(2,11,1),(3,11,1),(4,11,1),(4,11,0),(4,10,0),(4,9,0),(4,8,0),(4,7,0),(4,6,0),(4,5,0),(5,5,0),(5,4,0),(5,3,0),
133:(6,5,5),(7,5,5),(8,5,5),(9,5,5),(10,5,5),(11,5,5),(12,5,5),(13,5,5),(13,5,4),(13,6,4),(13,7,4),(13,7,3),(13,7,2),
134:(12,9,4),(11,9,4),(10,9,4),(9,9,4),(8,9,4),(7,9,4),(6,9,4),(5,9,4),(4,9,4),(3,9,4),(3,8,4),(2,8,4),(1,8,4),(1,7,4),(1,6,4),(1,5,4),(2,5,4),(2,4,4),(2,3,4),(1,3,4),(1,2,4),
135:(13,6,0),(12,6,0),(11,6,0),(10,6,0),(9,6,0),(8,6,0),(7,6,0),(7,6,1),(7,6,2),(6,6,2),(6,6,3),(6,6,4),(6,5,4),
136:(9,6,4),(8,6,4),(7,6,4),(7,6,3),(7,7,3),(7,8,3),(7,9,3),(7,9,2),(7,10,2),(7,11,2),(7,12,2),
137:(6,13,3),(7,13,3),(8,13,3),(9,13,3),(10,13,3),(11,13,3),(12,13,3),(12,13,2),(12,13,1),(12,12,1),
138:(12,4,5),(11,4,5),(10,4,5),(9,4,5),(8,4,5),(7,4,5),(6,4,5),(6,5,5),(5,5,5),(5,6,5),
139:(0,7,0),(1,7,0),(2,7,0),(2,8,0),(3,8,0),(4,8,0),(5,8,0),(6,8,0),(7,8,0),(8,8,0),(8,9,0),(8,10,0),(8,11,0),(8,11,0),(9,11,0),(10,11,0),
140:(13,12,0),(12,12,0),(11,12,0),(10,12,0),(9,12,0),(8,12,0),(7,12,0),(7,11,0),(7,10,0),(7,10,0),(7,10,1),(7,9,1),(7,8,1),(7,7,1),(7,6,1),(6,6,1),(6,6,2),(6,5,2),(6,4,2),
141:(5,4,5),(5,5,5),(6,5,5),(7,5,5),(8,5,5),(9,5,5),(10,5,5),(11,5,5),(12,5,5),(13,5,5),(14,5,5),(14,6,5),(14,7,5),(14,8,5),(14,9,5),
142:(9,1,2),(8,1,2),(8,1,3),(7,1,3),(6,1,3),(5,1,3),(5,1,4),(4,1,4),(4,2,4),(4,3,4),(4,3,5),(4,4,5),(4,5,5),(4,6,5),(4,7,5),(4,8,5),(4,9,5),
143:(14,9,3),(13,9,3),(12,9,3),(11,9,3),(10,9,3),(10,9,4),(10,10,4),(10,11,4),(10,12,4),(10,13,4),(9,13,4),(9,13,5),(8,13,5),(7,13,5),(6,13,5),(6,14,5),(5,14,5),(4,14,5),
144:(8,12,5),(7,12,5),(7,12,4),(7,12,3),(7,13,3),
145:(3,10,1),(2,10,1),(2,9,1),(2,8,1),(1,8,1),(0,8,1),
146:(14,9,2),(13,9,2),(12,9,2),(11,9,2),(10,9,2),(9,9,2),(8,9,2),(8,9,1),(8,9,0),(7,9,0),(6,9,0),(5,9,0),(4,9,0),(3,9,0),(3,10,0),(2,10,0),(2,10,1),(2,11,1),(2,12,1),(2,12,0),(2,13,0),
147:(9,2,4),(10,2,4),(10,2,3),(10,2,3),(10,2,2),
148:(9,7,1),(10,7,1),(10,7,2),(10,7,3),(10,8,3),(10,9,3),(10,10,3),(10,11,3),(10,12,3),(10,12,4),(10,12,5),(10,13,5),(10,14,5),
149:(2,14,0),(3,14,0),(4,14,0),(5,14,0),(6,14,0),(7,14,0),(8,14,0),(8,14,1),(8,14,2),(8,14,3),(8,13,3),(8,12,3),(8,11,3),(9,11,3),(9,10,3),(10,10,3),(11,10,3),
150:(14,11,0),(13,11,0),(12,11,0),(11,11,0),(10,11,0),(10,10,0),(10,9,0),(10,8,0),(10,7,0),(10,6,0),(9,6,0),(9,5,0),(8,5,0),(8,4,0),(8,3,0),(7,3,0),(6,3,0),(6,3,-1),(5,3,-1),(4,3,-1),(3,3,-1),(2,3,-1),(1,3,-1),(0,3,-1),(0,3,0),
151:(7,6,1),(8,6,1),(8,6,2),(8,6,3),(9,6,3),(10,6,3),(11,6,3),(12,6,3),(13,6,3),(14,6,3),(14,6,4),(14,7,4),
152:(12,3,4),(13,3,4),(13,3,3),(13,3,2),(13,3,1),(13,4,1),(13,5,1),(13,6,1),(13,7,1),(13,8,1),(13,9,1),(13,10,1),(13,11,1),(13,12,1),
153:(11,8,5),(10,8,5),(10,7,5),(9,7,5),(8,7,5),(7,7,5),(6,7,5),(5,7,5),(4,7,5),(4,6,5),(4,5,5),(3,5,5),
154:(11,10,0),(10,10,0),(9,10,0),(8,10,0),(8,9,0),(8,8,0),(8,7,0),(8,6,0),(8,5,0),(8,4,0),(8,3,0),(8,3,1),(8,3,2),(7,3,2),(7,3,3),(7,3,4),(7,3,5),
155:(0,12,4),(1,12,4),(2,12,4),(3,12,4),(4,12,4),(4,11,4),(4,10,4),(4,10,5),(4,9,5),(4,8,5),(4,7,5),(5,7,5),(6,7,5),(7,7,5),(7,6,5),(8,6,5),(8,5,5),(8,5,4),(9,5,4),(10,5,4),(11,5,4),(12,5,4),(12,5,5),(13,5,5),
156:(6,11,2),(5,11,2),(4,11,2),(3,11,2),(2,11,2),(1,11,2),(0,11,2),(0,11,3),(0,10,3),(0,9,3),(0,8,3),(0,8,4),(0,8,5),(0,7,5),(0,6,5),(0,5,5),(0,4,5),(-1,4,5),(-1,3,5),(-1,2,5),(0,2,5),(0,1,5),
157:(6,3,5),(7,3,5),(8,3,5),(8,4,5),(8,4,6),(8,5,6),(8,6,6),(8,7,6),(8,8,6),(8,9,6),(8,9,5),(8,9,4),(9,9,4),(9,9,3),(9,9,2),
158:(6,13,4),(7,13,4),(8,13,4),
159:(8,10,5),(8,9,5),(8,8,5),(8,7,5),(8,6,5),(8,6,5),(7,6,5),(7,5,5),(6,5,5),(5,5,5),(5,5,4),(5,4,4),(5,3,4),(5,3,3),(5,3,2),(5,2,2),(5,1,2),
160:(0,6,0),(1,6,0),(2,6,0),(2,6,1),(2,6,2),(2,6,3),(2,6,4),(2,5,4),(2,4,4),(2,3,4),(2,2,4),
161:(14,10,1),(13,10,1),(12,10,1),(11,10,1),(11,9,1),(11,9,2),(11,9,3),(11,9,4),(11,9,5),(11,8,5),(10,8,5),(10,7,5),
162:(14,13,0),(13,13,0),(12,13,0),(11,13,0),(11,12,0),(10,12,0),(9,12,0),(9,11,0),(9,10,0),(9,9,0),
163:(2,7,2),(3,7,2),(4,7,2),(5,7,2),(5,7,3),(5,8,3),(5,9,3),(6,9,3),(6,10,3),(6,11,3),
164:(7,1,1),(6,1,1),(5,1,1),(5,1,2),(4,1,2),(3,1,2),(2,1,2),(2,1,3),(2,2,3),(2,3,3),(2,4,3),(2,4,4),(2,5,4),(2,5,4),(2,5,4),(2,5,5),(2,6,5),
165:(4,1,1),(4,1,1),(4,2,1),(3,2,1),(2,2,1),(1,2,1),(0,2,1),
166:(13,5,5),(12,5,5),(11,5,5),(10,5,5),(10,6,5),(9,6,5),(8,6,5),(7,6,5),(7,7,5),(6,7,5),(5,7,5),(5,8,5),(4,8,5),(3,8,5),(3,9,5),(3,9,4),(3,9,3),(3,9,2),(2,9,2),
167:(3,11,2),(4,11,2),(4,10,2),(5,10,2),(6,10,2),(7,10,2),(7,9,2),(8,9,2),(8,8,2),(8,7,2),(8,6,2),(9,6,2),(9,5,2),(9,4,2),(8,4,2),(8,3,2),(8,2,2),(8,1,2),(8,1,3),
168:(7,9,5),(6,9,5),(5,9,5),(5,9,4),(5,8,4),(5,7,4),(5,6,4),(5,5,4),(5,4,4),(5,3,4),(4,3,4),(4,2,4),(4,1,4),(4,1,4),(5,1,4),
169:(11,1,2),(11,1,3),(11,1,4),(11,2,4),(11,3,4),(11,4,4),(11,5,4),(11,6,4),(11,6,5),(12,6,5),(12,7,5),(12,8,5),(12,9,5),(12,10,5),(12,11,5),(12,12,5),
170:(11,5,2),(10,5,2),(10,5,3),(9,5,3),(9,5,4),(9,4,4),(8,4,4),(7,4,4),(6,4,4),(5,4,4),(5,3,4),(4,3,4),(4,2,4),(3,2,4),(3,3,4),(2,3,4),(1,3,4),(0,3,4),
171:(12,9,5),(11,9,5),(10,9,5),(10,9,4),(9,9,4),(8,9,4),(7,9,4),(6,9,4),(5,9,4),(4,9,4),(3,9,4),(3,10,4),(3,11,4),(3,12,4),
172:(3,8,5),(4,8,5),(5,8,5),(6,8,5),(7,8,5),(8,8,5),(8,8,4),(8,8,3),(9,8,3),(10,8,3),(11,8,3),(11,9,3),(12,9,3),(13,9,3),(13,9,2),(13,10,2),(13,11,2),(13,12,2),(13,13,2),(13,13,1),
173:(8,11,2),(9,11,2),(10,11,2),(11,11,2),(12,11,2),(13,11,2),(13,11,3),(13,11,4),(13,10,4),(13,9,4),(13,8,4),(13,7,4),(13,6,4),
174:(7,3,2),(6,3,2),(5,3,2),(4,3,2),(3,3,2),(2,3,2),(1,3,2),(1,4,2),(1,4,1),(1,5,1),(1,6,1),(1,6,2),(1,7,2),(1,8,2),(1,9,2),(1,10,2),
175:(7,14,2),(8,14,2),(9,14,2),(10,14,2),(11,14,2),
176:(5,3,5),(6,3,5),(7,3,5),(8,3,5),(9,3,5),(10,3,5),(11,3,5),(12,3,5),(13,3,5),(13,3,4),(13,3,3),(13,3,2),(13,3,1),(13,4,1),(13,5,1),
177:(11,2,1),(10,2,1),(10,2,2),(10,3,2),(10,4,2),(10,5,2),(10,5,3),(10,5,4),(10,6,4),(10,7,4),(10,8,4),(10,8,3),(10,9,3),(10,9,3),(10,10,3),(10,10,4),
178:(1,2,3),(2,2,3),(2,2,2),(3,2,2),(4,2,2),(4,2,1),(5,2,1),(6,2,1),(7,2,1),(7,2,0),(7,3,0),(8,3,0),(9,3,0),(10,3,0),(11,3,0),(11,4,0),(11,5,0),(11,6,0),(11,7,0),(11,8,0),(11,9,0),(11,10,0),(11,11,0),(11,12,0),(11,13,0),(11,14,0),
179:(7,5,0),(6,5,0),(6,6,0),(6,7,0),(6,8,0),(6,9,0),(6,10,0),(5,10,0),(4,10,0),(4,10,1),(4,10,2),(4,10,3),(4,10,4),(4,11,4),
180:(6,9,5),(6,9,4),(7,9,4),(8,9,4),(8,8,4),(8,7,4),(9,7,4),(10,7,4),(10,7,3),(10,7,2),(10,7,1),(10,7,0),
181:(3,8,3),(4,8,3),(5,8,3),(6,8,3),(7,8,3),(7,9,3),(7,10,3),(7,10,4),(7,11,4),(7,12,4),(7,13,4),(7,14,4),
182:(11,10,4),(10,10,4),(9,10,4),(8,10,4),(8,10,3),(8,9,3),(8,8,3),(8,8,2),(8,7,2),(8,6,2),(8,5,2),
183:(11,10,1),(12,10,1),(12,10,2),(12,9,2),(12,8,2),(12,8,2),(12,8,3),
184:(12,4,1),(11,4,1),(10,4,1),(9,4,1),(8,4,1),(7,4,1),(7,4,2),(6,4,2),(5,4,2),(4,4,2),(3,4,2),(3,4,3),(2,4,3),(1,4,3),(0,4,3),(0,4,4),(0,5,4),(0,5,5),(0,6,5),
185:(13,10,2),(12,10,2),(11,10,2),(11,10,2),(11,10,1),(11,9,1),(11,8,1),
186:(13,5,4),(12,5,4),(11,5,4),(11,4,4),(10,4,4),(10,3,4),(9,3,4),(8,3,4),(8,2,4),(8,2,4),(7,2,4),(6,2,4),(6,2,3),(5,2,3),(4,2,3),(3,2,3),(2,2,3),(2,2,2),(2,2,1),(1,2,1),(1,1,1),
187:(1,3,1),(2,3,1),(3,3,1),(4,3,1),(5,3,1),(6,3,1),(7,3,1),(7,4,1),(7,4,2),(7,4,3),(8,4,3),(9,4,3),(10,4,3),(10,4,4),(10,5,4),(10,6,4),(10,7,4),
188:(3,8,2),(4,8,2),(5,8,2),(6,8,2),(7,8,2),(7,8,1),(8,8,1),(9,8,1),(10,8,1),(10,8,0),(11,8,0),(12,8,0),(13,8,0),(14,8,0),
189:(2,0,0),(3,0,0),(4,0,0),(5,0,0),(5,1,0),(5,1,1),(5,1,2),(5,1,3),(5,1,4),(5,2,4),
190:(12,11,1),(11,11,1),(10,11,1),(10,11,2),(9,11,2),(8,11,2),(7,11,2),(6,11,2),(5,11,2),(4,11,2),(3,11,2),(2,11,2),(1,11,2),(1,12,2),(1,12,3),(1,12,4),(1,13,4),(1,13,5),
191:(0,6,2),(1,6,2),(2,6,2),(3,6,2),(3,5,2),(4,5,2),(5,5,2),(6,5,2),(7,5,2),(7,5,1),(7,4,1),(7,3,1),(8,3,1),(8,2,1),(9,2,1),(10,2,1),(11,2,1),(12,2,1),(12,3,1),
192:(2,12,1),(3,12,1),(4,12,1),(5,12,1),(6,12,1),(7,12,1),(8,12,1),(9,12,1),(10,12,1),(10,11,1),(10,10,1),(10,9,1),(10,8,1),(10,7,1),(11,7,1),(12,7,1),(13,7,1),(13,6,1),(13,6,2),(13,5,2),(13,4,2),(13,4,1),(13,3,1),
193:(6,1,5),(6,2,5),(6,3,5),(5,3,5),(5,4,5),(5,5,5),(4,5,5),(4,6,5),(4,6,4),(3,6,4),(3,7,4),(3,8,4),(3,9,4),(3,10,4),(2,10,4),(2,11,4),(2,12,4),
194:(4,7,2),(5,7,2),(6,7,2),(6,7,1),(7,7,1),(8,7,1),(8,6,1),
195:(2,12,4),(3,12,4),(4,12,4),(5,12,4),(6,12,4),(7,12,4),(7,11,4),(8,11,4),(8,10,4),(8,9,4),(9,9,4),(9,9,5),(9,8,5),(9,8,6),(9,7,6),(9,7,5),(9,6,5),(9,5,5),
196:(10,7,1),(10,7,2),(9,7,2),(8,7,2),(7,7,2),(6,7,2),(6,8,2),(6,9,2),(6,10,2),(6,11,2),(6,12,2),(6,12,3),(6,13,3),
197:(11,9,1),(10,9,1),(9,9,1),(8,9,1),(7,9,1),(6,9,1),(5,9,1),(4,9,1),(3,9,1),(2,9,1),(2,9,2),(2,9,3),(2,10,3),(2,10,4),(2,11,4),(2,12,4),(1,12,4),(1,11,4),
198:(13,3,2),(13,3,1),(14,3,1),(14,4,1),(14,5,1),(14,6,1),
199:(11,11,5),(12,11,5),(12,10,5),(12,9,5),(12,8,5),(12,7,5),(12,6,5),(12,5,5),(13,5,5),(13,4,5),(13,4,4),(13,4,3),
200:(2,2,4),(3,2,4),(3,3,4),(3,3,3),(3,4,3),(3,4,2),(3,4,1),(3,5,1),(3,6,1),(3,7,1),(3,8,1),(3,9,1),(3,10,1),(3,11,1),(3,12,1),(3,13,1),(3,14,1),
201:(14,7,1),(13,7,1),(13,7,2),(13,7,3),(13,6,3),(13,6,4),(13,5,4),(13,4,4),(13,3,4),(13,2,4),
202:(3,3,3),(4,3,3),(5,3,3),(6,3,3),(6,4,3),(6,5,3),(6,6,3),(6,7,3),(6,8,3),(6,9,3),(6,10,3),(7,10,3),(8,10,3),(8,11,3),(8,12,3),(8,12,2),(8,13,2),
203:(8,11,5),(9,11,5),(10,11,5),(10,10,5),(10,9,5),(10,8,5),(10,7,5),(10,6,5),(10,5,5),(10,5,4),(10,4,4),(10,4,3),(10,4,2),(10,3,2),(10,3,1),(10,3,0),(10,2,0),(10,1,0),
204:(12,14,0),(11,14,0),(10,14,0),(9,14,0),(8,14,0),(8,14,1),(7,14,1),(7,13,1),(7,12,1),(7,12,2),(7,12,3),(7,11,3),(7,10,3),(6,10,3),(6,10,4),(6,10,5),(5,10,5),
205:(11,7,0),(12,7,0),(12,8,0),(13,8,0),(14,8,0),(14,9,0),(14,10,0),(14,11,0),
206:(5,1,5),(6,1,5),(7,1,5),(8,1,5),(8,1,4),(9,1,4),(10,1,4),(10,1,3),(10,2,3),(10,3,3),(10,4,3),(10,5,3),(10,6,3),(10,7,3),(10,8,3),(10,9,3),(10,9,2),(10,10,2),(11,10,2),
207:(0,2,2),(1,2,2),(1,2,3),(1,3,3),(2,3,3),(3,3,3),(3,4,3),(4,4,3),(5,4,3),(6,4,3),(7,4,3),(8,4,3),(9,4,3),(10,4,3),(10,5,3),
208:(7,2,5),(8,2,5),(8,2,4),(8,2,5),(8,3,5),(8,4,5),(8,5,5),(8,6,5),(8,6,4),(8,6,3),(8,7,3),(8,8,3),(8,9,3),(8,10,3),(8,11,3),(8,12,3),(8,12,2),
209:(13,10,3),(12,10,3),(11,10,3),(10,10,3),(10,10,2),(10,9,2),(10,8,2),(9,8,2),(9,7,2),(9,6,2),(9,5,2),(9,4,2),(8,4,2),(7,4,2),(6,4,2),(5,4,2),(4,4,2),(4,3,2),(3,3,2),(2,3,2),
210:(13,9,0),(12,9,0),(11,9,0),(10,9,0),(9,9,0),(8,9,0),(7,9,0),(6,9,0),(5,9,0),(4,9,0),(3,9,0),(3,8,0),(3,7,0),(3,6,0),(2,6,0),(2,5,0),(2,4,0),(2,3,0),
211:(7,1,2),(7,0,2),(8,0,2),(9,0,2),(10,0,2),(11,0,2),(11,0,3),(12,0,3),(12,0,4),
212:(14,4,0),(13,4,0),(12,4,0),(11,4,0),(11,5,0),(11,6,0),(10,6,0),(9,6,0),(8,6,0),(7,6,0),(7,6,1),(7,6,2),(7,7,2),(7,8,2),(6,8,2),(5,8,2),(5,8,3),(5,9,3),(5,10,3),(5,11,3),(5,12,3),(5,13,3),(4,13,3),
213:(1,12,4),(1,12,3),(1,11,3),(1,10,3),(1,9,3),(1,8,3),(1,7,3),(1,6,3),
214:(8,13,4),(8,13,3),(8,12,3),(8,11,3),(7,11,3),(6,11,3),(6,11,2),(5,11,2),(5,10,2),(5,9,2),(5,8,2),(6,8,2),(6,7,2),(6,6,2),(6,5,2),(6,4,2),(5,4,2),(5,3,2),
215:(4,5,2),(5,5,2),(6,5,2),(7,5,2),(8,5,2),(9,5,2),(10,5,2),(11,5,2),(12,5,2),(12,5,2),(12,5,1),(12,5,0),(12,6,0),
216:(6,13,5),(7,13,5),(8,13,5),(9,13,5),(10,13,5),(11,13,5),(12,13,5),(13,13,5),(13,13,4),(13,12,4),(13,11,4),
217:(11,5,4),(10,5,4),(9,5,4),(9,6,4),(9,7,4),(9,7,5),(9,8,5),(9,9,5),(9,10,5),(9,11,5),(8,11,5),(7,11,5),(6,11,5),(6,12,5),(6,12,4),(6,13,4),(5,13,4),(4,13,4),(3,13,4),
218:(5,14,3),(5,14,2),(5,13,2),(5,12,2),(5,11,2),(4,11,2),(4,10,2),(4,9,2),
219:(8,6,2),(8,6,2),(7,6,2),(6,6,2),(5,6,2),(4,6,2),(3,6,2),(2,6,2),(2,6,3),(2,6,3),(2,6,2),(2,5,2),(2,5,3),(2,6,3),
220:(6,0,1),(7,0,1),(7,0,0),(7,1,0),(7,2,0),(7,3,0),(7,4,0),(7,5,0),(7,6,0),(7,7,0),(7,8,0),(7,9,0),(7,10,0),(7,11,0),
221:(6,9,1),(7,9,1),(7,9,2),(8,9,2),(8,8,2),(8,7,2),(9,7,2),(10,7,2),(11,7,2),(11,6,2),(11,5,2),(12,5,2),(12,5,3),(12,4,3),(12,3,3),(12,2,3),(12,1,3),(12,0,3),
222:(8,7,0),(9,7,0),(10,7,0),(11,7,0),(11,8,0),(11,9,0),(11,10,0),(11,10,1),
223:(6,7,5),(5,7,5),(4,7,5),(3,7,5),(2,7,5),(2,7,4),(2,7,3),(2,7,2),(2,7,1),(2,7,0),(2,8,0),(2,9,0),(2,10,0),(2,11,0),
224:(4,4,4),(3,4,4),(2,4,4),(1,4,4),(0,4,4),(0,4,3),(0,5,3),(0,6,3),(0,7,3),(0,7,2),(0,8,2),(0,9,2),(0,10,2),(0,11,2),(0,11,1),(0,12,1),
225:(1,1,2),(2,1,2),(2,1,3),(2,1,4),(3,1,4),(3,2,4),(3,3,4),(3,4,4),(3,5,4),(3,5,4),(3,6,4),(4,6,4),(4,7,4),(4,7,5),(4,8,5),(4,9,5),(4,9,4),(5,9,4),(6,9,4),
226:(10,14,5),(9,14,5),(8,14,5),(7,14,5),(7,14,4),(7,13,4),(7,12,4),(7,12,3),(7,11,3),(7,11,3),(7,11,3),(7,11,2),
227:(5,0,0),(6,0,0),(6,0,1),(6,0,2),(7,0,2),(8,0,2),(9,0,2),(10,0,2),(10,0,3),
228:(3,4,1),(4,4,1),(5,4,1),(6,4,1),(6,4,2),(7,4,2),(8,4,2),(9,4,2),(10,4,2),(11,4,2),(11,3,2),(11,2,2),(12,2,2),(12,1,2),
229:(12,6,2),(11,6,2),(10,6,2),(10,6,3),(10,5,3),(10,5,4),(10,4,4),(10,4,5),(10,3,5),(10,2,5),(9,2,5),(8,2,5),(7,2,5),(7,1,5),(7,0,5),(6,0,5),
230:(11,5,1),(10,5,1),(9,5,1),(8,5,1),(8,5,1),(8,5,1),(8,4,1),
231:(14,1,4),(13,1,4),(12,1,4),(11,1,4),(11,2,4),(11,3,4),
232:(8,14,3),(9,14,3),(10,14,3),(11,14,3),(12,14,3),(13,14,3),(14,14,3),(14,14,2),(14,14,1),(14,13,1),(14,12,1),(14,11,1),
233:(2,10,0),(1,10,0),(1,11,0),(1,11,1),(1,12,1),
234:(12,6,5),(11,6,5),(10,6,5),(9,6,5),(9,6,5),(9,6,4),(9,6,4),(9,6,3),
235:(5,9,5),(5,9,6),(6,9,6),(7,9,6),(7,8,6),(7,7,6),(7,6,6),(7,5,6),(7,5,5),
236:(3,13,3),(2,13,3),(1,13,3),(0,13,3),(0,12,3),(0,11,3),(0,10,3),(0,9,3),(0,9,4),
237:(0,0,5),(1,0,5),(2,0,5),(2,1,5),(2,2,5),(2,3,5),(2,4,5),(2,5,5),(2,6,5),(2,7,5),(3,7,5),(3,7,4),(3,7,3),(3,7,2),(3,7,2),(4,7,2),(5,7,2),
238:(0,8,5),(1,8,5),(2,8,5),(2,8,4),(2,8,3),(2,8,2),(2,9,2),(2,10,2),
239:(4,0,3),(4,1,3),(4,2,3),(4,2,2),(4,3,2),(4,4,2),(4,5,2),(4,5,1),(4,6,1),(4,7,1),(4,8,1),(4,9,1),(4,10,1),(4,10,2),(4,11,2),
240:(12,14,1),(11,14,1),(10,14,1),(9,14,1),(8,14,1),(7,14,1),(6,14,1),(6,14,2),(6,14,3),(5,14,3),(5,13,3),(5,12,3),(5,11,3),(5,10,3),(5,9,3),(5,8,3),(4,8,3),(4,7,3),(4,7,4),(4,7,5),(4,6,5),(4,5,5),
241:(10,2,1),(9,2,1),(8,2,1),(7,2,1),(7,2,2),(6,2,2),(5,2,2),(4,2,2),(3,2,2),(2,2,2),(1,2,2),(1,2,3),(1,2,4),(1,2,5),(1,2,6),(1,3,6),(1,4,6),(1,4,5),(1,5,5),
242:(8,0,3),(7,0,3),(6,0,3),(6,0,4),(5,0,4),(5,1,4),(4,1,4),(3,1,4),(3,1,5),(3,2,5),
243:(5,3,2),(5,3,2),(4,3,2),(3,3,2),(3,3,3),(3,2,3),(3,1,3),(3,1,3),(3,1,4),
244:(1,3,3),(1,3,2),(1,3,1),(1,4,1),(1,5,1),(1,6,1),(1,7,1),(1,8,1),(1,9,1),(1,10,1),(1,11,1),(1,11,0),(1,12,0),(1,13,0),(1,14,0),(1,14,1),
245:(9,12,1),(8,12,1),(8,12,2),(7,12,2),(6,12,2),(5,12,2),(5,11,2),(5,10,2),(5,9,2),(5,8,2),(4,8,2),(4,8,3),(4,7,3),(4,7,4),(4,6,4),(4,6,5),(4,5,5),(4,4,5),
246:(7,5,1),(7,5,2),(8,5,2),(9,5,2),(10,5,2),(10,6,2),(10,6,3),(10,6,4),(10,7,4),(10,8,4),(10,9,4),
247:(7,6,2),(7,7,2),(7,7,3),(8,7,3),(9,7,3),(9,7,4),(9,7,5),(9,8,5),(9,9,5),(9,10,5),
248:(7,2,4),(8,2,4),(9,2,4),(9,2,3),(9,2,2),(9,2,1),(9,1,1),
249:(12,12,3),(11,12,3),(10,12,3),(9,12,3),(8,12,3),(8,12,2),(8,11,2),(8,11,1),(8,10,1),(8,9,1),(7,9,1),(7,8,1),(7,7,1),(7,6,1),(7,5,1),(6,5,1),(6,4,1),(6,4,0),(6,3,0),(6,2,0),(5,2,0),
250:(10,10,5),(9,10,5),(8,10,5),(7,10,5),(7,9,5),
251:(10,14,3),(10,14,2),(10,14,2),(10,14,1),(9,14,1),(9,14,1),(8,14,1),(7,14,1),(6,14,1),(6,14,1),(5,14,1),
252:(3,13,4),(2,13,4),(2,13,5),(2,12,5),
253:(5,14,1),(6,14,1),(7,14,1),(8,14,1),(8,13,1),(9,13,1),(9,12,1),(9,11,1),(9,10,1),(9,9,1),(9,8,1),(9,7,1),(9,6,1),(9,5,1),(9,5,2),(10,5,2),(10,4,2),(10,3,2),(10,3,1),
254:(14,6,5),(13,6,5),(12,6,5),(11,6,5),(11,6,4),(11,7,4),(11,7,3),(11,8,3),(11,9,3),(11,10,3),(11,11,3),(11,11,2),(11,11,1),(11,12,1),
255:(8,7,2),(8,7,3),(8,7,4),(7,7,4),(7,7,5),(7,6,5),(7,5,5),(7,4,5),(7,3,5),(6,3,5),(6,3,5),(5,3,5),(4,3,5),
256:(9,6,0),(8,6,0),(7,6,0),(7,7,0),(6,7,0),(5,7,0),(4,7,0),(3,7,0),(2,7,0),(1,7,0),(1,7,1),(1,8,1),(1,9,1),(1,10,1),(1,11,1),(1,11,2),(1,12,2),(1,12,3),(1,12,4),
257:(10,10,0),(10,10,1),(11,10,1),(11,11,1),(11,11,2),(11,12,2),
258:(3,14,5),(4,14,5),(5,14,5),(6,14,5),(7,14,5),(8,14,5),(9,14,5),(10,14,5),(11,14,5),(12,14,5),(12,13,5),(12,12,5),(12,12,5),(12,12,4),
259:(3,11,1),(2,11,1),(2,11,2),(2,11,3),(2,11,4),(2,10,4),(2,9,4),
260:(10,3,2),(10,4,2),(10,5,2),(10,6,2),(10,7,2),(10,7,3),(10,8,3),(10,8,3),(10,9,3),(9,9,3),(8,9,3),(7,9,3),(6,9,3),(5,9,3),(4,9,3),(4,10,3),(4,10,4),(4,10,5),(3,10,5),(3,11,5),
261:(9,13,3),(9,12,3),(9,12,3),(8,12,3),(7,12,3),(6,12,3),(5,12,3),(5,11,3),(4,11,3),(4,10,3),(4,10,3),(4,9,3),(4,9,3),(4,8,3),(4,8,2),
262:(11,3,5),(10,3,5),(10,3,4),(10,3,3),(10,2,3),(10,2,3),(9,2,3),(9,2,2),
263:(2,7,1),(3,7,1),(4,7,1),(5,7,1),(6,7,1),(6,8,1),(6,9,1),(6,10,1),(6,10,0),
264:(14,14,3),(13,14,3),(12,14,3),(12,14,2),(12,14,1),(11,14,1),(10,14,1),(9,14,1),(8,14,1),(7,14,1),(6,14,1),(6,14,0),(5,14,0),(5,13,0),(5,12,0),(4,12,0),(4,11,0),(3,11,0),(3,10,0),(3,9,0),(3,8,0),
265:(1,5,0),(1,5,0),(1,5,1),(1,5,2),(1,5,3),
266:(4,3,1),(5,3,1),(6,3,1),(7,3,1),(8,3,1),(9,3,1),(10,3,1),(11,3,1),(11,4,1),(11,5,1),(11,5,1),(12,5,1),(12,5,2),(12,6,2),(12,7,2),(12,8,2),(13,8,2),(13,9,2),(13,10,2),(14,10,2),(14,11,2),(14,12,2),(14,12,3),
267:(14,13,1),(14,13,2),(13,13,2),(12,13,2),(11,13,2),(10,13,2),(9,13,2),(8,13,2),(7,13,2),(6,13,2),(6,13,1),(5,13,1),
268:(0,10,4),(0,9,4),(0,8,4),(0,7,4),(0,6,4),(0,5,4),(0,4,4),(1,4,4),(1,3,4),(1,3,4),(2,3,4),(3,3,4),(4,3,4),(4,2,4),(4,1,4),
269:(3,11,5),(2,11,5),(2,11,4),(2,10,4),(2,9,4),(2,8,4),(2,7,4),(2,6,4),
270:(11,3,1),(10,3,1),(9,3,1),(9,2,1),(9,1,1),(9,1,2),(9,1,3),(9,0,3),
271:(7,1,0),(8,1,0),(9,1,0),(10,1,0),(10,2,0),(10,3,0),(10,4,0),(10,4,1),
272:(12,8,3),(11,8,3),(10,8,3),(10,9,3),(10,10,3),(10,10,3),(10,10,2),(9,10,2),(8,10,2),(7,10,2),(6,10,2),(5,10,2),(4,10,2),(3,10,2),(3,11,2),(2,11,2),(2,12,2),
273:(1,1,3),(2,1,3),(3,1,3),(3,1,2),(3,2,2),(3,3,2),(3,4,2),(4,4,2),(4,5,2),(5,5,2),
274:(3,5,2),(4,5,2),(5,5,2),(6,5,2),(7,5,2),(7,6,2),(7,6,2),(7,6,2),(7,6,3),
275:(11,11,4),(11,10,4),(11,9,4),(11,8,4),(11,7,4),(11,7,3),(11,7,2),(11,7,1),(10,7,1),(9,7,1),(8,7,1),(7,7,1),(7,6,1),(7,5,1),(7,4,1),(7,3,1),(7,2,1),
276:(7,9,1),(8,9,1),(8,10,1),(8,11,1),(8,12,1),(9,12,1),(10,12,1),(11,12,1),(12,12,1),(13,12,1),(13,13,1),(14,13,1),
277:(11,2,3),(10,2,3),(9,2,3),(9,1,3),(9,1,4),(9,1,5),
278:(5,10,2),(5,10,1),(5,9,1),(5,8,1),(5,7,1),(5,7,1),(6,7,1),(7,7,1),(7,7,1),(7,6,1),(7,5,1),(7,4,1),(7,3,1),(8,3,1),(8,2,1),
279:(4,0,5),(5,0,5),(6,0,5),(7,0,5),(8,0,5),(9,0,5),(10,0,5),(11,0,5),(11,1,5),(11,1,4),(11,1,3),(11,1,2),(11,1,1),(11,2,1),(11,2,1),(11,3,1),
280:(10,3,5),(10,2,5),(10,2,4),(10,2,4),(10,1,4),(11,1,4),(12,1,4),
281:(12,5,3),(12,6,3),(12,7,3),(12,8,3),(12,8,4),(11,8,4),(11,8,5),(10,8,5),(9,8,5),(8,8,5),(7,8,5),(7,8,4),(6,8,4),(5,8,4),(5,9,4),(4,9,4),(3,9,4),(3,10,4),
282:(14,9,4),(13,9,4),(12,9,4),(11,9,4),(10,9,4),(9,9,4),(9,9,3),(9,10,3),(9,10,2),(9,10,1),(9,10,0),(9,10,0),(8,10,0),
283:(9,14,0),(8,14,0),(7,14,0),(7,13,0),(7,13,-1),(7,12,-1),(7,11,-1),(7,10,-1),(7,9,-1),(7,8,-1),(7,7,-1),(7,6,-1),(7,6,0),(7,5,0),(7,5,0),(7,5,1),(6,5,1),(6,4,1),
284:(1,12,5),(2,12,5),(3,12,5),(4,12,5),(5,12,5),(6,12,5),(6,11,5),(6,11,4),
285:(10,10,2),(9,10,2),(8,10,2),(7,10,2),(7,9,2),(6,9,2),(5,9,2),(5,9,3),(5,8,3),(5,7,3),(5,6,3),(5,5,3),(5,4,3),(4,4,3),(3,4,3),(2,4,3),(1,4,3),(1,3,3),(1,2,3),(1,1,3),(1,1,4),
286:(2,7,4),(3,7,4),(4,7,4),(5,7,4),(6,7,4),(6,7,5),(6,6,5),
287:(2,10,3),(3,10,3),(4,10,3),(5,10,3),(6,10,3),(7,10,3),(8,10,3),(8,11,3),(9,11,3),(10,11,3),(10,11,2),(10,12,2),(10,13,2),(10,13,2),(11,13,2),(12,13,2),(12,13,1),
288:(11,7,2),(11,8,2),(10,8,2),(9,8,2),(9,8,1),(8,8,1),(8,8,2),(7,8,2),(6,8,2),(6,9,2),(5,9,2),(5,9,2),(5,10,2),(5,11,2),(5,11,3),(4,11,3),(3,11,3),
289:(2,14,5),(3,14,5),(4,14,5),(5,14,5),(6,14,5),(7,14,5),(7,13,5),(7,12,5),(7,11,5),(7,11,4),(7,10,4),(8,10,4),(8,9,4),(9,9,4),(9,9,3),(9,8,3),(10,8,3),(10,7,3),(10,6,3),(10,6,4),
290:(9,3,3),(10,3,3),(11,3,3),(12,3,3),(13,3,3),(14,3,3),(14,3,2),(14,4,2),(14,5,2),(14,6,2),(14,7,2),(14,8,2),(14,9,2),
291:(9,0,3),(9,0,4),(9,0,4),(9,1,4),(9,2,4),(9,3,4),(9,4,4),
292:(12,4,2),(12,3,2),(11,3,2),(11,3,1),(10,3,1),(10,2,1),(10,2,1),(9,2,1),(8,2,1),(7,2,1),(6,2,1),(6,1,1),(5,1,1),(4,1,1),(3,1,1),(2,1,1),(1,1,1),(1,0,1),
293:(1,1,0),(2,1,0),(3,1,0),(4,1,0),(4,1,1),(4,1,2),(4,2,2),(4,2,3),(5,2,3),(6,2,3),(6,3,3),(6,4,3),(6,5,3),(6,6,3),(6,6,4),
294:(9,11,2),(9,11,3),(8,11,3),(7,11,3),(6,11,3),(6,10,3),(5,10,3),(5,10,3),(5,9,3),(5,8,3),(5,7,3),(5,6,3),(5,5,3),(5,4,3),(4,4,3),(3,4,3),(2,4,3),(1,4,3),(1,3,3),(1,2,3),(1,1,3),(0,1,3),(0,1,4),(0,0,4),
295:(4,12,2),(3,12,2),(2,12,2),(1,12,2),(1,11,2),(1,10,2),(1,9,2),(1,8,2),(1,7,2),(1,7,1),(0,7,1),(0,7,0),(0,6,0),(0,5,0),
296:(6,1,3),(5,1,3),(5,2,3),(4,2,3),(4,3,3),
297:(0,7,3),(0,8,3),(0,9,3),(0,9,2),(0,9,1),(0,10,1),(0,11,1),(0,12,1),(0,13,1),(1,13,1),
298:(3,10,4),(3,10,5),(3,9,5),(3,8,5),(3,7,5),(3,6,5),(3,5,5),(4,5,5),(4,4,5),(5,4,5),(6,4,5),(7,4,5),(8,4,5),(9,4,5),(10,4,5),(10,3,5),(11,3,5),(12,3,5),(12,2,5),(12,1,5),(12,0,5),
299:(0,11,4),(1,11,4),(1,10,4),(1,9,4),(1,8,4),(1,7,4),(1,6,4),(1,5,4),(2,5,4),(2,4,4),(3,4,4),(3,4,5),(4,4,5),(5,4,5),(6,4,5),(6,4,4),(7,4,4),(8,4,4),(8,4,3),(9,4,3),(10,4,3),(11,4,3),(12,4,3),(12,4,2),(12,4,1),
300:(3,2,0),(3,3,0),(3,3,0),(3,4,0),(3,5,0),(3,6,0),(3,7,0),(3,8,0),(3,9,0),(3,10,0),(4,10,0),(4,11,0),(4,12,0),(4,13,0),
301:(1,9,1),(2,9,1),(3,9,1),(4,9,1),(5,9,1),(5,8,1),(6,8,1),(6,7,1),(6,7,0),(6,6,0),(7,6,0),(7,5,0),(7,5,0),(8,5,0),(9,5,0),(9,4,0),(9,3,0),
302:(10,6,5),(10,5,5),(10,5,5),(10,4,5),(9,4,5),(9,3,5),(9,2,5),(9,2,4),(9,2,3),(9,1,3),(9,1,2),(9,0,2),(9,0,1),(9,0,0),
303:(4,0,0),(5,0,0),(6,0,0),(7,0,0),(8,0,0),(9,0,0),(10,0,0),(10,1,0),(10,2,0),(10,3,0),(10,4,0),(10,5,0),(10,5,0),(10,5,1),
304:(6,13,2),(6,12,2),(6,11,2),(6,10,2),(6,9,2),(6,8,2),(6,8,3),(6,8,4),(6,7,4),
305:(7,10,2),(8,10,2),(8,9,2),(9,9,2),(9,9,1),(10,9,1),(10,8,1),(10,8,2),
306:(0,3,1),(1,3,1),(1,4,1),(1,4,2),(1,5,2),
307:(8,2,3),(7,2,3),(7,2,2),(6,2,2),(5,2,2),(5,2,1),(5,3,1),(5,4,1),(5,5,1),(5,6,1),(4,6,1),(4,7,1),(4,8,1),(4,9,1),
308:(8,4,5),(7,4,5),(6,4,5),(5,4,5),(4,4,5),(4,5,5),(4,6,5),(4,6,4),(4,7,4),(4,7,3),(4,7,2),(4,8,2),(4,7,2),(4,7,1),(4,7,1),(4,8,1),
309:(12,5,2),(13,5,2),(14,5,2),(14,5,3),(14,5,4),(14,6,4),(14,7,4),(14,8,4),(14,9,4),
310:(10,4,4),(9,4,4),(8,4,4),(7,4,4),(6,4,4),(5,4,4),(5,4,3),(5,5,3),(5,6,3),(5,6,3),(5,6,4),(5,6,4),(5,6,3),
311:(8,8,2),(9,8,2),(9,9,2),(9,9,1),(10,9,1),(10,9,0),(11,9,0),(12,9,0),(13,9,0),
312:(4,5,0),(3,5,0),(2,5,0),(1,5,0),(0,5,0),(0,5,1),(0,5,2),(0,5,3),(0,4,3),(0,3,3),(0,2,3),
313:(10,3,3),(10,3,2),(9,3,2),(8,3,2),(8,4,2),(8,5,2),(8,6,2),(8,7,2),(7,7,2),(7,8,2),(7,9,2),(7,10,2),(7,10,2),(6,10,2),(5,10,2),(4,10,2),(3,10,2),
314:(12,6,3),(11,6,3),(11,7,3),(11,7,4),(10,7,4),(10,8,4),(10,9,4),(10,9,5),
315:(1,4,4),(0,4,4),(0,4,3),(0,4,2),(0,5,2),(0,6,2),
316:(8,10,1),(7,10,1),(7,10,2),(7,10,3),(7,10,4),(8,10,4),(8,9,4),(8,9,5),(8,8,5),(8,7,5),
317:(7,14,1),(8,14,1),(8,14,2),(8,13,2),(8,12,2),(8,12,1),(8,11,1),(8,10,1),(8,9,1),(8,9,2),(8,8,2),
318:(7,9,2),(7,8,2),(7,7,2),(7,6,2),(8,6,2),(9,6,2),(9,5,2),(8,5,2),(8,4,2),(8,3,2),(8,2,2),(8,1,2),(9,1,2),(10,1,2),
319:(6,0,2),(6,0,3),(6,0,4),(6,1,4),(6,2,4),(6,3,4),(6,4,4),(6,5,4),(6,6,4),(5,6,4),(5,7,4),
320:(3,5,3),(4,5,3),(5,5,3),(6,5,3),(7,5,3),
321:(4,2,5),(5,2,5),(6,2,5),(7,2,5),(8,2,5),(9,2,5),(9,2,4),(9,2,3),(9,3,3),(9,4,3),(9,4,2),(9,4,1),(9,4,0),(9,5,0),(9,6,0),(9,7,0),(9,8,0),
322:(10,13,5),(11,13,5),(12,13,5),(12,12,5),(12,11,5),(12,10,5),(12,9,5),(12,8,5),(12,7,5),(12,7,5),(13,7,5),(13,6,5),(13,5,5),(13,4,5),
323:(6,12,0),(6,11,0),(6,10,0),(5,10,0),(5,9,0),(5,8,0),(5,8,1),(5,7,1),(5,6,1),(6,6,1),(5,6,1),(5,5,1),(5,4,1),
324:(12,10,2),(11,10,2),(10,10,2),(9,10,2),(9,10,1),(9,9,1),(9,8,1),(9,7,1),(9,6,1),(9,5,1),(9,4,1),(9,4,0),(8,4,0),(8,3,0),(8,2,0),(8,1,0),(8,1,1),(8,0,1),
325:(12,13,3),(11,13,3),(10,13,3),(10,13,2),(9,13,2),(8,13,2),(7,13,2),(6,13,2),(5,13,2),(4,13,2),(3,13,2),(2,13,2),(2,13,1),(2,12,1),(2,11,1),(2,10,1),(2,9,1),
326:(1,7,4),(2,7,4),(3,7,4),(4,7,4),(5,7,4),(6,7,4),(7,7,4),(7,7,5),(8,7,5),(9,7,5),(10,7,5),(11,7,5),(12,7,5),(13,7,5),(13,7,4),(13,8,4),(13,9,4),(13,10,4),
327:(11,14,2),(11,13,2),(10,13,2),(9,13,2),(8,13,2),(7,13,2),(6,13,2),(5,13,2),(4,13,2),(3,13,2),(3,12,2),(3,11,2),(3,10,2),(3,9,2),(2,9,2),(2,8,2),(2,7,2),(2,6,2),(2,5,2),(2,5,3),(2,4,3),(1,4,3),(1,3,3),
328:(5,14,0),(5,14,1),(5,13,1),(5,13,1),(5,12,1),(5,11,1),(5,10,1),(5,9,1),(6,9,1),(6,9,1),(6,9,2),
329:(6,5,2),(6,6,2),(6,6,2),(6,7,2),(6,8,2),(7,8,2),(7,8,1),(7,9,1),(7,10,1),(6,10,1),
330:(2,11,3),(2,11,4),(1,11,4),(1,11,5),(1,10,5),(1,9,5),(1,8,5),(1,7,5),(1,6,5),(1,5,5),(1,4,5),(1,3,5),
331:(9,1,4),(9,2,4),(9,3,4),(9,4,4),(9,4,4),(10,4,4),(11,4,4),(11,4,4),(11,5,4),(12,5,4),(13,5,4),
332:(9,14,3),(9,14,2),(9,13,2),(9,12,2),(9,12,2),(9,11,2),(9,11,1),(9,10,1),(9,9,1),(9,8,1),(9,7,1),(9,6,1),(9,5,1),(9,4,1),(9,4,0),(8,4,0),(8,4,0),(8,3,0),(7,3,0),(7,2,0),
333:(5,10,1),(4,10,1),(3,10,1),(2,10,1),(1,10,1),(1,11,1),(1,11,2),(1,11,3),
334:(10,0,1),(10,1,1),(10,2,1),(10,3,1),(10,4,1),(10,5,1),(11,5,1),(11,6,1),
335:(0,1,2),(1,1,2),(2,1,2),(2,1,2),(3,1,2),(3,2,2),(3,3,2),(4,3,2),(4,4,2),(4,5,2),(4,6,2),(5,6,2),(5,7,2),(6,7,2),(7,7,2),(8,7,2),(9,7,2),
336:(4,14,2),(4,14,1),(5,14,1),(6,14,1),(7,14,1),(7,13,1),(8,13,1),(8,12,1),(8,11,1),(8,10,1),(8,9,1),(8,9,1),(8,8,1),
337:(11,14,3),(11,14,2),(11,14,1),(11,14,0),(10,14,0),(9,14,0),(9,13,0),(8,13,0),(7,13,0),(6,13,0),(5,13,0),(4,13,0),(3,13,0),(2,13,0),(1,13,0),(1,12,0),(1,11,0),(1,10,0),
338:(4,11,4),(4,11,3),(5,11,3),(5,12,3),(4,12,3),
339:(0,8,4),(1,8,4),(2,8,4),(3,8,4),(4,8,4),(5,8,4),(6,8,4),(7,8,4),(7,9,4),(7,10,4),(8,10,4),(8,11,4),(9,11,4),(10,11,4),(11,11,4),(11,12,4),(11,13,4),(12,13,4),(13,13,4),(14,13,4),(14,13,5),
340:(9,12,4),(9,11,4),(9,11,3),(9,11,2),(8,11,2),(8,10,2),(8,10,1),(8,10,2),(8,9,2),(8,8,2),(8,7,2),(8,6,2),(7,6,2),(7,5,2),(7,4,2),(8,4,2),(8,3,2),(8,2,2),(8,1,2),
341:(0,11,0),(1,11,0),(2,11,0),(2,10,0),(2,9,0),(2,8,0),(2,7,0),(2,7,0),(2,6,0),(2,6,0),(2,7,0),
342:(13,10,4),(12,10,4),(11,10,4),(11,10,3),(11,10,2),(11,10,1),(10,10,1),(10,10,0),(10,10,-1),(9,10,-1),(8,10,-1),(7,10,-1),(6,10,-1),(5,10,-1),(4,10,-1),(3,10,-1),(2,10,-1),(1,10,-1),(0,10,-1),(0,10,0),
343:(6,12,3),(5,12,3),(5,12,2),(5,11,2),(4,11,2),(3,11,2),(3,10,2),(3,9,2),(2,9,2),(2,8,2),(2,7,2),(2,7,1),(2,6,1),(2,5,1),(2,4,1),(2,3,1),(2,3,1),(2,2,1),(2,1,1),(2,1,0),
344:(9,11,3),(8,11,3),(7,11,3),(6,11,3),(5,11,3),(5,10,3),(4,10,3),(4,9,3),(4,8,3),(4,8,3),(4,7,3),(4,6,3),(4,6,4),(3,6,4),(3,5,4),(2,5,4),(2,4,4),(2,3,4),(2,3,5),(2,2,5),(2,1,5),(2,0,5),
345:(0,5,4),(0,5,3),(0,5,3),(0,4,3),(0,3,3),(0,2,3),(0,1,3),(0,0,3),(0,0,2),(0,0,1),
346:(12,7,2),(12,7,3),(12,7,4),(12,8,4),(11,8,4),(11,9,4),(11,10,4),(10,10,4),(9,10,4),(8,10,4),(8,11,4),(7,11,4),(7,11,5),(6,11,5),
347:(12,14,4),(12,14,3),(11,14,3),(11,13,3),(11,12,3),(11,11,3),(11,11,2),(11,10,2),(11,9,2),(10,9,2),(9,9,2),(9,8,2),(9,7,2),(8,7,2),(8,6,2),
348:(4,6,3),(5,6,3),(5,7,3),(5,8,3),(5,8,2),(5,9,2),(5,10,2),(6,10,2),(6,10,1),(6,11,1),(6,11,0),(7,11,0),(7,12,0),(7,13,0),(8,13,0),(9,13,0),(9,14,0),(10,14,0),(11,14,0),(12,14,0),(13,14,0),(14,14,0),
349:(0,8,2),(0,8,1),(1,8,1),(1,8,0),(2,8,0),(3,8,0),(4,8,0),(5,8,0),(6,8,0),(6,7,0),(6,7,0),(7,7,0),
350:(8,6,4),(7,6,4),(7,6,5),(6,6,5),(5,6,5),(4,6,5),(3,6,5),(2,6,5),(2,7,5),(1,7,5),(1,8,5),(1,9,5),(1,10,5),(1,11,5),(1,12,5),
351:(14,6,4),(13,6,4),(12,6,4),(11,6,4),(11,6,3),(11,6,2),(10,6,2),(9,6,2),(9,5,2),(9,4,2),(8,4,2),(7,4,2),(7,3,2),(7,2,2),(6,2,2),(6,1,2),(6,0,2),(5,0,2),(4,0,2),
352:(2,4,1),(3,4,1),(4,4,1),(5,4,1),(5,4,2),(6,4,2),(6,4,3),(7,4,3),(8,4,3),(8,4,4),(8,4,5),(9,4,5),(10,4,5),(10,5,5),(11,5,5),(12,5,5),(12,6,5),(12,7,5),
353:(1,13,2),(2,13,2),(3,13,2),(4,13,2),(5,13,2),(5,13,3),(5,13,4),(5,13,5),
354:(14,14,0),(14,13,0),(13,13,0),(12,13,0),(12,12,0),(11,12,0),(10,12,0),(9,12,0),(8,12,0),(7,12,0),(6,12,0),(6,11,0),(5,11,0),(4,11,0),(3,11,0),(3,10,0),(3,9,0),(3,8,0),(3,7,0),
355:(12,2,5),(11,2,5),(11,2,4),(11,2,3),(11,3,3),(11,3,2),(10,3,2),(9,3,2),
356:(8,10,3),(9,10,3),(10,10,3),(10,10,4),(10,10,5),(10,9,5),(10,8,5),(10,7,5),(10,6,5),(10,5,5),(10,4,5),(10,3,5),(11,3,5),(12,3,5),(13,3,5),(14,3,5),
357:(9,5,0),(8,5,0),(7,5,0),(6,5,0),(5,5,0),(4,5,0),(3,5,0),(2,5,0),(1,5,0),(1,6,0),
358:(12,4,0),(12,5,0),(13,5,0),(14,5,0),(14,6,0),(14,7,0),(14,7,1),(14,7,2),(14,7,3),(14,7,4),(14,7,5),(14,8,5),(14,9,5),(14,10,5),(14,11,5),
359:(5,7,2),(6,7,2),(6,7,3),(7,7,3),(8,7,3),(9,7,3),(10,7,3),(11,7,3),(11,7,4),(11,8,4),(11,8,5),(11,9,5),(11,10,5),
360:(12,2,0),(13,2,0),(13,2,1),(13,2,2),(14,2,2),(14,2,3),(14,2,3),(14,3,3),
361:(13,0,4),(12,0,4),(11,0,4),
362:(6,0,0),(7,0,0),(7,1,0),(7,2,0),(7,3,0),(7,4,0),(7,5,0),(7,5,-1),(8,5,-1),(8,5,0),(8,5,0),(8,5,1),
363:(0,3,2),(0,3,3),(1,3,3),(2,3,3),(2,3,4),(3,3,4),(4,3,4),(5,3,4),(5,3,4),(6,3,4),(6,2,4),(6,2,5),
364:(3,3,4),(4,3,4),(5,3,4),(5,3,3),(6,3,3),(6,4,3),(6,5,3),(6,6,3),(6,6,2),(6,7,2),(7,7,2),(8,7,2),(8,7,1),(9,7,1),(10,7,1),(10,8,1),(10,8,0),(11,8,0),(12,8,0),(12,9,0),(12,10,0),(13,10,0),(13,11,0),
365:(5,13,4),(6,13,4),(7,13,4),(7,13,3),(8,13,3),(9,13,3),(9,12,3),(9,12,3),(9,12,2),(9,12,1),(9,12,0),
366:(0,10,5),(0,10,4),(0,10,3),(0,10,2),(0,9,2),(0,8,2),(0,7,2),(0,7,1),(1,7,1),(2,7,1),(2,6,1),(2,5,1),(2,4,1),(3,4,1),
367:(11,8,0),(12,8,0),(13,8,0),(14,8,0),(14,8,1),(14,8,2),(14,8,3),(14,7,3),(14,7,4),(14,6,4),(14,5,4),(14,4,4),(14,3,4),(14,2,4),
368:(13,8,1),(12,8,1),(11,8,1),(10,8,1),(10,7,1),(9,7,1),(8,7,1),(8,7,0),(7,7,0),(7,8,0),(6,8,0),(5,8,0),(4,8,0),(3,8,0),(3,7,0),(3,7,1),(2,7,1),
369:(9,0,0),(10,0,0),(11,0,0),(12,0,0),(13,0,0),(14,0,0),(14,0,1),(14,0,2),(14,1,2),(14,2,2),
370:(13,14,5),(12,14,5),(12,14,4),(11,14,4),(10,14,4),(9,14,4),(8,14,4),(7,14,4),(7,13,4),(6,13,4),(5,13,4),(5,12,4),
371:(13,12,5),(12,12,5),(12,12,4),(12,12,3),(12,12,2),(12,12,1),(12,11,1),(12,10,1),(12,9,1),
372:(12,14,3),(11,14,3),(11,14,2),(11,13,2),(11,12,2),(10,12,2),(10,11,2),(10,10,2),(10,9,2),(9,9,2),(9,8,2),(9,7,2),(9,6,2),(9,5,2),(9,4,2),(9,4,2),(8,4,2),(7,4,2),(7,3,2),(6,3,2),
373:(1,11,4),(1,10,4),(2,10,4),(2,9,4),(3,9,4),(4,9,4),(5,9,4),(5,8,4),(6,8,4),(6,8,3),(7,8,3),(7,7,3),(7,7,4),(8,7,4),(9,7,4),(9,6,4),(9,5,4),(10,5,4),(10,4,4),(10,3,4),(10,2,4),(10,1,4),(10,0,4),
374:(3,7,5),(4,7,5),(4,8,5),(5,8,5),(6,8,5),(6,9,5),(6,10,5),(6,11,5),(6,12,5),(6,12,4),(6,12,3),(6,13,3),(6,13,2),(6,13,1),(6,14,1),
375:(6,2,0),(5,2,0),(4,2,0),(4,3,0),(3,3,0),(2,3,0),(1,3,0),(0,3,0),(0,3,1),(0,4,1),(0,4,2),(0,4,3),(0,4,4),(0,5,4),(0,6,4),(0,7,4),
376:(2,13,3),(2,12,3),(3,12,3),(3,12,3),(3,11,3),(3,10,3),(3,9,3),(3,9,4),(3,8,4),(3,7,4),(3,7,3),(4,7,3),(5,7,3),(6,7,3),(7,7,3),(7,7,4),
377:(3,3,0),(4,3,0),(5,3,0),(5,3,1),(6,3,1),(6,3,2),(6,3,3),(6,4,3),(6,5,3),(6,6,3),(6,7,3),(6,8,3),(7,8,3),(7,9,3),(7,10,3),(7,10,4),(7,10,5),(7,11,5),(7,12,5),
378:(8,5,4),(9,5,4),(9,5,3),(9,4,3),(10,4,3),(11,4,3),(12,4,3),(13,4,3),(14,4,3),(14,4,2),(14,4,1),
379:(0,10,1),(1,10,1),(1,11,1),(2,11,1),(3,11,1),(4,11,1),(5,11,1),(5,12,1),(5,12,1),(5,12,2),(5,12,2),(6,12,2),
380:(11,13,1),(12,13,1),(13,13,1),(13,13,2),(14,13,2),(14,13,3),(14,13,4),(14,12,4),
381:(9,11,4),(8,11,4),(8,11,5),(7,11,5),(6,11,5),(5,11,5),(4,11,5),(4,12,5),
382:(9,9,2),(8,9,2),(8,9,3),(7,9,3),(6,9,3),(5,9,3),(4,9,3),(3,9,3),(3,8,3),(3,7,3),(2,7,3),(2,7,2),(2,6,2),(2,5,2),(2,5,3),(3,5,3),(3,4,3),(3,3,3),(3,2,3),(3,1,3),(3,0,3),
383:(7,9,0),(8,9,0),(9,9,0),(9,8,0),(10,8,0),(11,8,0),(12,8,0),(13,8,0),(14,8,0),(14,7,0),(14,6,0),(14,5,0),(14,4,0),(14,3,0),(14,3,1),(14,2,1),(14,1,1),(14,1,2),(14,0,2),
384:(6,5,0),(5,5,0),(5,4,0),(5,3,0),(4,3,0),(4,2,0),(4,2,1),(4,1,1),(4,1,2),
385:(11,2,5),(11,2,4),(11,2,3),(11,2,2),(11,2,1),(11,3,1),(11,4,1),(11,5,1),(10,5,1),(10,6,1),
386:(3,9,0),(4,9,0),(5,9,0),(6,9,0),(7,9,0),(7,9,1),(7,10,1),(7,10,2),(7,10,3),(8,10,3),(9,10,3),(10,10,3),(11,10,3),(12,10,3),(13,10,3),(13,11,3),(13,12,3),(13,12,4),
387:(3,5,0),(3,4,0),(4,4,0),(5,4,0),(6,4,0),(6,3,0),(7,3,0),(8,3,0),(9,3,0),(9,3,0),(10,3,0),(11,3,0),(12,3,0),(13,3,0),(13,3,1),(13,3,2),
388:(10,9,5),(10,9,4),(10,10,4),(11,10,4),(11,11,4),(11,12,4),(11,13,4),(11,14,4),
389:(7,7,5),(8,7,5),(9,7,5),(9,8,5),(9,9,5),(9,10,5),(10,10,5),(11,10,5),(12,10,5),(13,10,5),(14,10,5),(14,10,4),(14,10,3),(14,10,2),(14,11,2),(14,12,2),(14,12,1),(14,12,0),(14,13,0),
390:(14,1,3),(13,1,3),(12,1,3),(11,1,3),(11,1,2),(11,1,1),(10,1,1),(10,2,1),(9,2,1),(9,2,1),(8,2,1),(7,2,1),(6,2,1),(5,2,1),(4,2,1),(3,2,1),(2,2,1),(1,2,1),(1,3,1),(1,4,1),
391:(13,1,4),(13,0,4),(13,0,3),(13,0,2),(13,1,2),(13,2,2),(13,3,2),(13,4,2),(13,5,2),(13,6,2),(12,6,2),(12,7,2),(12,8,2),(11,8,2),(11,9,2),(10,9,2),(10,9,1),(10,10,1),(10,11,1),
392:(8,11,4),(8,11,5),(9,11,5),(10,11,5),(11,11,5),(12,11,5),(12,11,4),(12,11,3),(12,11,2),(12,11,1),
393:(2,14,2),(3,14,2),(4,14,2),(5,14,2),(6,14,2),(7,14,2),(8,14,2),(9,14,2),(9,14,1),(9,13,1),(9,12,1),(9,11,1),(9,10,1),(9,9,1),(9,8,1),(9,7,1),(9,6,1),(9,5,1),(9,4,1),(9,4,2),(10,4,2),(10,3,2),(11,3,2),(11,2,2),(12,2,2),(12,2,1),
394:(7,12,0),(6,12,0),(5,12,0),(4,12,0),(3,12,0),
395:(9,1,5),(10,1,5),(10,2,5),(11,2,5),(11,3,5),(11,4,5),(11,5,5),(11,5,4),(11,6,4),(11,7,4),(11,8,4),
396:(5,6,3),(5,7,3),(4,7,3),(5,7,3),(6,7,3),(7,7,3),(7,8,3),(7,8,3),(8,8,3),(9,8,3),(9,9,3),(9,10,3),(9,10,3),(10,10,3),(11,10,3),(12,10,3),(13,10,3),
397:(0,10,0),(0,9,0),(1,9,0),(2,9,0),(3,9,0),(4,9,0),(5,9,0),(5,9,-1),(6,9,-1),(7,9,-1),(8,9,-1),(9,9,-1),(10,9,-1),(11,9,-1),(12,9,-1),(13,9,-1),(13,8,-1),(13,8,0),(13,7,0),
398:(12,7,1),(12,7,1),(12,8,1),(12,9,1),(12,10,1),(12,11,1),(11,11,1),(10,11,1),(9,11,1),(8,11,1),(8,11,1),(7,11,1),(6,11,1),(5,11,1),(4,11,1),(4,12,1),
399:(7,11,0),(8,11,0),(9,11,0),(9,10,0),(10,10,0),(10,10,1),(10,9,1),(10,9,2),(9,9,2),(9,8,2),(9,7,2),(10,7,2),
400:(5,11,3),(6,11,3),(6,11,4),(6,12,4),(6,13,4),(6,14,4),
401:(2,10,4),(2,10,5),(2,9,5),
402:(5,10,5),(6,10,5),(7,10,5),(7,10,4),(8,10,4),(8,11,4),(8,12,4),
403:(1,13,1),(2,13,1),(3,13,1),(4,13,1),(5,13,1),(5,13,2),(5,13,3),(5,12,3),(5,11,3),(5,10,3),(5,9,3),(6,9,3),(6,8,3),(6,8,3),(6,7,3),(6,6,3),(6,5,3),
404:(8,12,3),(8,12,4),(9,12,4),
405:(8,5,3),(9,5,3),(9,4,3),(10,4,3),(11,4,3),(12,4,3),(12,4,4),
406:(3,6,3),(3,6,2),(3,5,2),(3,4,2),(3,4,1),(3,4,0),(3,3,0),(3,2,0),(3,1,0),
407:(11,9,2),(11,9,1),(11,9,1),(11,8,1),(12,8,1),(12,7,1),(12,6,1),(12,5,1),(12,4,1),(12,3,1),(12,2,1),(12,1,1),
408:(1,5,4),(2,5,4),(3,5,4),(4,5,4),(4,5,3),(4,4,3),(4,4,2),(4,4,1),(4,3,1),(5,3,1),(6,3,1),(6,2,1),(6,1,1),(7,1,1),(8,1,1),(8,0,1),(9,0,1),(10,0,1),(11,0,1),(12,0,1),(13,0,1),(14,0,1),(14,0,0),
409:(2,6,2),(2,5,2),(2,4,2),
410:(9,2,0),(8,2,0),(7,2,0),(6,2,0),(5,2,0),(5,3,0),(4,3,0),(3,3,0),(2,3,0),(1,3,0),(0,3,0),(0,3,1),(0,4,1),(0,4,2),(0,5,2),(0,5,3),(0,6,3),(0,7,3),(0,8,3),(0,9,3),(0,10,3),(0,11,3),(0,12,3),(0,13,3),(0,13,4),(0,14,4),
411:(14,13,4),(13,13,4),(12,13,4),(12,13,3),(12,13,2),(12,12,2),(12,11,2),(12,10,2),(12,9,2),(12,8,2),(12,8,1),(12,7,1),(12,7,1),(12,7,0),
412:(1,3,2),(1,4,2),(1,5,2),(1,6,2),(1,7,2),(2,7,2),(2,8,2),(2,8,3),(2,9,3),(3,9,3),(3,10,3),(3,11,3),(4,11,3),(5,11,3),(5,12,3),(6,12,3),(7,12,3),(7,11,3),
413:(3,13,1),(3,13,2),(3,13,3),(2,13,3),(2,12,3),
414:(14,5,4),(13,5,4),(13,5,5),(13,6,5),(13,7,5),(13,8,5),(13,9,5),(13,10,5),(13,11,5),(13,12,5),(13,13,5),(13,13,5),(12,13,5),
415:(14,10,5),(13,10,5),(13,10,4),(12,10,4),(12,10,3),(12,10,2),(11,10,2),(11,9,2),(11,9,1),
416:(8,8,3),(9,8,3),(9,8,2),(9,8,1),(9,8,0),(9,9,0),(9,10,0),(9,10,0),(10,10,0),(10,11,0),(10,12,0),(10,13,0),
417:(7,8,1),(8,8,1),(8,7,1),(9,7,1),(9,6,1),(10,6,1),(11,6,1),(12,6,1),(12,6,2),(12,6,2),(12,6,3),
418:(6,4,3),(7,4,3),(8,4,3),(8,4,2),(9,4,2),(10,4,2),(10,4,1),(11,4,1),(11,5,1),(12,5,1),(12,6,1),
419:(6,14,2),(6,14,3),(5,14,3),(4,14,3),(3,14,3),(2,14,3),(1,14,3),(0,14,3),(0,14,4),(0,14,5),(0,13,5),(0,12,5),(0,11,5),(0,10,5),(0,9,5),
420:(6,13,0),(7,13,0),(7,12,0),(7,11,0),(7,11,-1),(7,10,-1),(7,9,-1),(7,8,-1),(7,7,-1),(7,6,-1),(7,5,-1),(7,4,-1),(7,4,0),
421:(2,3,4),(3,3,4),(4,3,4),(4,3,3),(4,4,3),(5,4,3),(5,4,2),(5,5,2),(6,5,2),(7,5,2),(7,6,2),(7,7,2),(8,7,2),(8,7,1),(9,7,1),(10,7,1),(11,7,1),(12,7,1),(12,8,1),(12,8,0),(12,9,0),(12,10,0),
422:(12,7,5),(11,7,5),(11,8,5),(10,8,5),(9,8,5),(9,9,5),(9,10,5),(9,11,5),(8,11,5),(7,11,5),(6,11,5),(5,11,5),(4,11,5),(3,11,5),(3,11,4),(3,11,3),(3,11,2),
423:(13,1,0),(12,1,0),(11,1,0),(11,2,0),(11,3,0),(11,4,0),(11,5,0),(11,6,0),(11,7,0),(11,8,0),(11,9,0),(11,10,0),(11,11,0),(11,11,1),(11,11,2),(12,11,2),(11,11,2),(11,11,3),
424:(4,11,3),(3,11,3),(3,11,4),(2,11,4),(1,11,4),(0,11,4),(0,11,5),(0,10,5),(0,9,5),(0,8,5),(0,7,5),(0,6,5),(0,5,5),(0,4,5),(0,3,5),
425:(3,12,2),(3,12,3),(3,12,4),(3,11,4),(3,10,4),(3,9,4),(3,8,4),(2,8,4),(2,8,5),
426:(12,2,1),(11,2,1),(11,3,1),(11,4,1),(11,4,2),(11,5,2),(11,5,2),(11,5,3),
427:(1,2,1),(2,2,1),(2,3,1),(2,4,1),(2,5,1),(2,5,2),(2,5,3),(3,5,3),(4,5,3),(5,5,3),(6,5,3),(6,6,3),(6,7,3),(7,7,3),(8,7,3),
428:(12,2,2),(12,2,3),(12,2,3),(12,2,4),(12,2,4),(11,2,4),(10,2,4),(10,1,4),(9,1,4),(9,1,4),(8,1,4),(7,1,4),(6,1,4),(6,1,5),
429:(10,0,4),(10,0,3),(11,0,3),(12,0,3),(12,0,2),
430:(11,7,3),(11,7,3),(11,8,3),(11,8,3),(11,9,3),(11,10,3),(11,11,3),(11,12,3),
431:(5,13,5),(6,13,5),(7,13,5),(8,13,5),(8,12,5),(8,12,4),(8,12,3),(8,12,2),(8,12,1),(8,12,0),(8,11,0),(9,11,0),(10,11,0),(10,10,0),(10,9,0),(10,8,0),(10,8,-1),(10,7,-1),(10,6,-1),(10,6,0),
432:(3,2,4),(3,2,3),(3,3,3),(3,4,3),(3,5,3),(3,6,3),(3,6,3),(3,6,2),
433:(1,7,5),(1,7,4),(1,6,4),(1,5,4),(1,4,4),(1,4,3),(1,4,2),(1,4,1),(1,3,1),(2,3,1),(2,3,0),(2,2,0),
434:(13,9,5),(12,9,5),(12,9,5),(12,9,4),(12,10,4),(12,11,4),(11,11,4),(12,11,4),
435:(1,14,2),(2,14,2),(3,14,2),(4,14,2),(5,14,2),(6,14,2),(7,14,2),(8,14,2),(9,14,2),(10,14,2),(10,13,2),(11,13,2),(12,13,2),(13,13,2),(13,12,2),(13,11,2),(14,11,2),(14,10,2),(14,10,1),(14,9,1),(14,8,1),(14,7,1),(14,7,0),(14,6,0),
436:(12,14,2),(12,13,2),(11,13,2),(11,12,2),(10,12,2),(9,12,2),(10,12,2),(10,11,2),(9,11,2),
437:(10,11,4),(10,11,5),(10,10,5),(9,10,5),(8,10,5),(7,10,5),(7,10,6),(7,9,6),(7,8,6),(7,8,5),(7,7,5),(7,7,4),(7,6,4),(6,6,4),(5,6,4),
438:(11,4,3),(11,5,3),(11,6,3),(11,7,3),(10,7,3),(10,8,3),(9,8,3),(9,8,3),(9,9,3),(8,9,3),(8,10,3),(8,11,3),(7,11,3),(7,10,3),(6,10,3),(5,10,3),(4,10,3),(3,10,3),(2,10,3),(1,10,3),
439:(1,9,0),(1,9,1),(1,9,2),(1,9,3),(1,9,4),(1,8,4),(1,7,4),(1,7,4),(1,6,4),(1,5,4),(1,4,4),
440:(11,8,3),(10,8,3),(10,9,3),(9,9,3),(9,10,3),(9,10,3),(9,11,3),(9,11,3),(9,12,3),(8,12,3),(8,12,2),(8,12,1),(8,12,0),
441:(8,4,2),(7,4,2),(6,4,2),(6,4,3),(6,5,3),(6,6,3),(6,7,3),(6,8,3),(7,8,3),(7,8,4),(7,9,4),(7,10,4),(7,10,5),(7,11,5),(7,12,5),(6,12,5),(6,13,5),
442:(0,7,4),(0,7,3),(1,7,3),(2,7,3),(2,7,3),(3,7,3),(3,7,3),(3,6,3),
443:(0,0,3),(1,0,3),(2,0,3),(3,0,3),(3,0,2),(3,0,1),(3,1,1),(3,2,1),(3,3,1),(3,4,1),(3,5,1),(3,6,1),(3,7,1),(3,8,1),(3,9,1),(3,10,1),(4,10,1),(4,11,1),
444:(7,12,5),(6,12,5),(5,12,5),(5,12,6),(4,12,6),(3,12,6),(2,12,6),(1,12,6),(0,12,6),(0,12,5),(0,12,4),
445:(3,7,2),(3,8,2),(3,9,2),(3,10,2),(3,11,2),(3,12,2),(3,13,2),(4,13,2),(4,14,2),(5,14,2),(6,14,2),(7,14,2),
446:(14,2,0),(14,3,0),(13,3,0),(12,3,0),(12,4,0),(12,5,0),(12,6,0),(12,7,0),(12,8,0),(12,9,0),(12,10,0),(12,11,0),(12,12,0),(11,12,0),(10,12,0),(10,12,1),(9,12,1),(8,12,1),(8,13,1),(7,13,1),(6,13,1),(6,13,2),(5,13,2),(4,13,2),(3,13,2),(2,13,2),(2,13,3),(2,13,4),(2,13,5),
447:(7,6,0),(6,6,0),(6,6,1),(6,5,1),(5,5,1),(5,5,2),(5,5,3),(4,5,3),(4,4,3),(4,4,4),
448:(1,12,0),(2,12,0),(2,12,1),(3,12,1),(4,12,1),(5,12,1),(6,12,1),(7,12,1),(7,12,2),(8,12,2),(9,12,2),(9,12,2),(10,12,2),(10,11,2),(10,10,2),(11,10,2),(11,9,2),(12,9,2),(12,8,2),(12,7,2),(12,6,2),(12,5,2),
449:(14,4,5),(13,4,5),(12,4,5),(11,4,5),(10,4,5),(9,4,5),(8,4,5),(8,4,4),(7,4,4),(6,4,4),(6,4,3),(5,4,3),(4,4,3),(3,4,3),(2,4,3),(1,4,3),(1,3,3),(1,2,3),(1,2,2),(1,1,2),
