soc=5525
lb_soc=4372
makespan=29
lb_makespan=26
comp_time=90724
highLevelExpanded=119
lowLevelExpanded=97354
solution=
0:(9,3,5),(8,3,5),(7,3,5),(6,3,5),(5,3,5),(4,3,5),(3,3,5),(2,3,5),(2,3,4),(2,3,3),(2,3,2),(2,4,2),(2,5,2),(2,5,1),(2,5,0),(2,6,0),(2,7,0),(2,8,0),(2,9,0),(2,10,0),
1:(7,13,3),(6,13,3),(6,12,3),(6,11,3),(6,10,3),(6,9,3),(5,9,3),(4,9,3),(4,8,3),(3,8,3),(3,7,3),(3,7,4),(3,6,4),(4,6,4),
2:(4,9,3),(5,9,3),(6,9,3),(7,9,3),(8,9,3),(9,9,3),(9,9,2),(9,8,2),(9,8,2),(9,7,2),(9,6,2),(9,5,2),(9,5,1),(9,4,1),(9,3,1),(9,2,1),(9,1,1),
3:(14,14,4),(13,14,4),(12,14,4),(11,14,4),(10,14,4),(9,14,4),(8,14,4),(7,14,4),(7,14,3),(7,13,3),(7,12,3),(7,11,3),(7,10,3),(7,9,3),(7,8,3),
4:(12,9,2),(11,9,2),(10,9,2),(9,9,2),(8,9,2),(7,9,2),(6,9,2),(5,9,2),(4,9,2),(4,9,3),(4,9,4),(4,10,4),(4,11,4),
5:(12,11,3),(11,11,3),(10,11,3),(9,11,3),(8,11,3),(7,11,3),(6,11,3),(5,11,3),(5,10,3),(5,9,3),(5,8,3),(5,7,3),(5,6,3),(5,5,3),(5,4,3),(5,3,3),
6:(7,0,0),(8,0,0),(9,0,0),(10,0,0),(11,0,0),(12,0,0),(13,0,0),(13,1,0),(13,2,0),(13,3,0),(13,4,0),(13,5,0),(13,6,0),(13,7,0),(13,8,0),
7:(9,2,2),(8,2,2),(7,2,2),(6,2,2),(5,2,2),(4,2,2),(3,2,2),(2,2,2),(1,2,2),(1,2,3),(1,2,4),(1,2,5),(1,3,5),
8:(10,4,1),(10,4,2),(10,4,3),(10,4,4),(10,4,5),(10,5,5),
9:(6,3,3),(5,3,3),(4,3,3),(4,3,2),(4,4,2),(4,5,2),(4,6,2),(4,7,2),(4,8,2),(4,9,2),
10:(0,10,3),(1,10,3),(2,10,3),(3,10,3),(4,10,3),(5,10,3),(6,10,3),(7,10,3),(8,10,3),(9,10,3),(10,10,3),(11,10,3),(12,10,3),(12,9,3),(13,9,3),(14,9,3),(14,8,3),(14,7,3),(14,7,2),(14,6,2),(14,6,1),(14,6,0),
11:(6,4,3),(7,4,3),(8,4,3),(8,5,3),(8,6,3),(8,7,3),(8,8,3),(8,9,3),(8,9,3),(8,10,3),(8,11,3),
12:(13,4,4),(12,4,4),(11,4,4),(11,4,3),(11,4,2),(11,4,1),(10,4,1),(10,4,0),(9,4,0),(8,4,0),(7,4,0),(7,5,0),(7,6,0),(6,6,0),(5,6,0),(5,7,0),(4,7,0),
13:(13,13,3),(14,13,3),(14,13,2),(14,12,2),(14,11,2),(14,10,2),(14,9,2),(14,8,2),
14:(14,0,3),(14,0,4),(14,1,4),(14,2,4),(14,3,4),(14,4,4),(14,5,4),(14,6,4),(13,6,4),(13,7,4),(13,8,4),(12,8,4),
15:(13,9,5),(12,9,5),(11,9,5),(10,9,5),(9,9,5),(8,9,5),(7,9,5),(7,9,4),(7,10,4),(7,11,4),
16:(12,10,5),(13,10,5),(13,10,4),(13,9,4),(13,8,4),(13,7,4),(13,6,4),(13,5,4),(13,4,4),(13,3,4),(13,2,4),(13,1,4),(13,0,4),
17:(8,0,4),(8,0,3),(8,0,2),(8,0,1),(8,0,0),(8,1,0),(8,2,0),(8,3,0),(8,4,0),(8,5,0),
18:(9,14,4),(10,14,4),(10,14,3),(10,14,2),(10,14,1),(10,13,1),(10,12,1),(10,11,1),(10,10,1),(11,10,1),(11,9,1),(11,8,1),(11,7,1),(10,7,1),(10,6,1),(10,5,1),
19:(10,12,1),(9,12,1),(9,12,2),(9,12,3),(9,12,4),(9,11,4),(9,10,4),(9,9,4),
20:(8,7,3),(8,7,2),
21:(7,8,5),(8,8,5),(9,8,5),(10,8,5),(10,8,4),(10,8,3),(10,8,2),(10,8,2),(11,8,2),(11,8,1),(11,8,0),(12,8,0),(12,8,0),(13,8,0),(14,8,0),
22:(1,4,2),(2,4,2),(3,4,2),(4,4,2),(5,4,2),(6,4,2),(7,4,2),(7,4,3),(7,5,3),(7,6,3),(7,7,3),(7,8,3),(8,8,3),(9,8,3),(10,8,3),(10,9,3),(10,10,3),(9,10,3),(9,11,3),
23:(0,8,4),(1,8,4),(2,8,4),(3,8,4),(4,8,4),(4,8,3),(4,7,3),(4,6,3),(4,6,2),(4,5,2),(4,4,2),(4,3,2),(4,2,2),(4,1,2),
24:(14,8,5),(13,8,5),(12,8,5),(11,8,5),(11,9,5),(10,9,5),(9,9,5),(8,9,5),(7,9,5),(6,9,5),(5,9,5),(4,9,5),(4,10,5),
25:(13,7,5),(12,7,5),(11,7,5),(10,7,5),(10,7,4),(10,6,4),(10,5,4),
26:(7,6,5),(6,6,5),(6,7,5),(6,8,5),(6,9,5),(6,10,5),(6,11,5),(6,12,5),(6,13,5),(6,14,5),
27:(2,8,0),(1,8,0),(0,8,0),(0,8,1),(0,8,2),(0,8,3),(0,8,4),(0,9,4),(0,10,4),(0,11,4),(0,12,4),(0,13,4),
28:(4,13,4),(5,13,4),(6,13,4),(7,13,4),(8,13,4),(9,13,4),(10,13,4),(11,13,4),(11,13,3),(11,13,2),
29:(1,11,4),(1,11,4),(1,10,4),(1,9,4),(1,8,4),(1,7,4),(1,6,4),(1,6,3),(1,5,3),(1,4,3),(2,4,3),(2,3,3),(3,3,3),
30:(12,1,3),(11,1,3),(11,1,2),(11,1,1),(11,1,0),(11,2,0),(11,3,0),(11,4,0),(11,5,0),(11,6,0),(11,7,0),(11,8,0),(11,9,0),(11,10,0),(11,11,0),
31:(1,12,1),(2,12,1),(3,12,1),(4,12,1),(5,12,1),(6,12,1),(7,12,1),(8,12,1),(9,12,1),(10,12,1),(11,12,1),(11,12,0),(11,11,0),(12,11,0),(12,10,0),(12,9,0),(12,8,0),(12,7,0),(13,7,0),(13,6,0),(13,5,0),(13,4,0),(13,3,0),(13,2,0),(13,1,0),(14,1,0),(14,0,0),
32:(4,14,3),(4,14,3),(4,13,3),(4,13,4),(4,12,4),(4,11,4),(4,10,4),(4,9,4),(5,9,4),(6,9,4),(6,9,3),(6,8,3),(6,7,3),(6,7,2),(7,7,2),
33:(7,3,0),(8,3,0),(9,3,0),(10,3,0),(11,3,0),(12,3,0),(12,4,0),
34:(7,1,2),(6,1,2),(5,1,2),(4,1,2),(3,1,2),(2,1,2),(1,1,2),(0,1,2),(0,1,1),(0,2,1),(0,3,1),(0,4,1),(0,5,1),(0,6,1),(0,7,1),
35:(0,9,5),(1,9,5),(1,8,5),(1,7,5),(1,6,5),(1,5,5),(1,4,5),(1,4,5),(2,4,5),(3,4,5),(4,4,5),(5,4,5),(6,4,5),(7,4,5),(8,4,5),(8,4,4),(9,4,4),(10,4,4),(10,3,4),(11,3,4),(12,3,4),(12,2,4),
36:(6,13,5),(5,13,5),(4,13,5),(3,13,5),(3,13,4),(3,13,3),(3,12,3),(3,11,3),(3,10,3),(3,9,3),(3,8,3),
37:(6,0,2),(6,0,3),(6,1,3),(6,2,3),(7,2,3),(7,2,4),(7,2,5),(7,2,6),(7,3,6),(7,4,6),(7,5,6),(7,6,6),(7,7,6),(7,8,6),(7,9,6),(7,9,5),(7,9,4),(7,9,3),(7,10,3),(7,11,3),(7,12,3),(7,13,3),(7,14,3),
38:(12,1,1),(11,1,1),(10,1,1),(9,1,1),(8,1,1),(7,1,1),(6,1,1),(5,1,1),(4,1,1),(3,1,1),(2,1,1),(1,1,1),(1,2,1),(1,3,1),
39:(14,8,3),(13,8,3),(12,8,3),(11,8,3),(11,9,3),(11,9,2),(11,9,1),(11,10,1),(11,11,1),(10,11,1),(10,12,1),(10,13,1),(10,14,1),(9,14,1),(9,14,2),
40:(4,1,0),(5,1,0),(5,1,1),(5,1,2),(5,1,3),(5,1,4),(5,2,4),(5,3,4),(5,4,4),
41:(7,4,0),(8,4,0),(9,4,0),(10,4,0),(11,4,0),(12,4,0),(12,5,0),(12,6,0),(12,7,0),(12,8,0),(12,9,0),(12,10,0),(12,11,0),(12,11,-1),(12,12,-1),(12,13,-1),(12,14,-1),(12,14,0),
42:(4,4,5),(5,4,5),(5,3,5),(5,2,5),(6,2,5),(6,1,5),
43:(12,11,2),(11,11,2),(10,11,2),(9,11,2),(9,11,1),(9,11,0),
44:(10,14,4),(10,13,4),(9,13,4),(8,13,4),(8,12,4),(8,12,5),(7,12,5),(7,11,5),(6,11,5),(5,11,5),(4,11,5),(3,11,5),(3,10,5),(3,9,5),(3,8,5),(3,8,4),
45:(4,2,3),(5,2,3),(6,2,3),(7,2,3),(8,2,3),(9,2,3),(10,2,3),(11,2,3),(12,2,3),(13,2,3),(13,3,3),(13,4,3),(13,5,3),(14,5,3),(14,6,3),
46:(6,9,2),(7,9,2),(8,9,2),(8,9,3),(9,9,3),(10,9,3),(11,9,3),(11,9,4),(11,8,4),(11,7,4),(11,6,4),
47:(2,13,4),(3,13,4),(4,13,4),(5,13,4),(6,13,4),(7,13,4),(8,13,4),(9,13,4),(10,13,4),(10,13,3),(10,13,2),(10,12,2),(10,11,2),(10,10,2),
48:(14,4,1),(13,4,1),(12,4,1),(11,4,1),(10,4,1),(9,4,1),(8,4,1),(8,5,1),(8,5,0),(7,5,0),(7,6,0),(7,6,1),(6,6,1),(6,6,2),(5,6,2),(4,6,2),(3,6,2),(2,6,2),(2,6,1),
49:(10,9,4),(11,9,4),(12,9,4),(12,9,3),(12,9,2),(12,9,1),(12,10,1),(12,11,1),(12,12,1),
50:(2,0,5),(3,0,5),(4,0,5),(5,0,5),(5,1,5),(5,2,5),(5,3,5),(5,4,5),(6,4,5),(7,4,5),(8,4,5),(8,4,5),(8,5,5),(8,6,5),(9,6,5),(10,6,5),(10,6,4),(10,7,4),(10,8,4),(10,9,4),(11,9,4),(11,10,4),(12,10,4),(12,11,4),(12,12,4),(12,13,4),(12,14,4),(13,14,4),(14,14,4),(14,14,3),
51:(14,5,3),(13,5,3),(12,5,3),(11,5,3),(10,5,3),(9,5,3),(8,5,3),(7,5,3),(6,5,3),(5,5,3),(4,5,3),(4,6,3),(4,7,3),(3,7,3),(3,7,4),(2,7,4),(1,7,4),(1,8,4),(1,9,4),(1,10,4),(1,11,4),(1,12,4),(1,13,4),
52:(6,1,4),(7,1,4),(8,1,4),(9,1,4),(9,1,3),(9,1,2),(9,2,2),(9,3,2),(9,3,2),(9,4,2),
53:(12,10,4),(11,10,4),(10,10,4),(9,10,4),(8,10,4),(7,10,4),(6,10,4),(5,10,4),(4,10,4),(3,10,4),(3,10,3),(3,11,3),
54:(9,10,5),(8,10,5),(7,10,5),(6,10,5),(5,10,5),(4,10,5),(3,10,5),(2,10,5),(1,10,5),(1,10,4),(1,10,3),(1,10,2),(1,10,1),(1,11,1),(1,12,1),(1,13,1),(1,14,1),
55:(2,4,1),(1,4,1),(0,4,1),(0,4,2),(0,4,3),(0,4,4),(0,4,5),(0,5,5),(0,6,5),(0,7,5),(0,8,5),(0,9,5),(0,10,5),(0,11,5),(0,12,5),
56:(7,6,2),(6,6,2),(6,6,3),(6,6,4),(6,5,4),(6,4,4),(6,3,4),(6,2,4),(6,1,4),
57:(11,0,1),(12,0,1),(13,0,1),(14,0,1),(14,0,2),(14,1,2),(14,2,2),(14,3,2),(14,4,2),(14,5,2),(14,5,3),(14,6,3),(14,7,3),(14,8,3),(14,9,3),(14,9,4),(14,10,4),(14,11,4),(14,12,4),(14,12,5),
58:(13,14,2),(12,14,2),(11,14,2),(11,13,2),(10,13,2),(9,13,2),(8,13,2),(7,13,2),(6,13,2),(5,13,2),(4,13,2),(3,13,2),(3,12,2),(3,11,2),(3,10,2),(3,9,2),(3,8,2),
59:(3,4,3),(2,4,3),(1,4,3),(1,5,3),(1,6,3),(1,7,3),(1,8,3),(1,9,3),(1,10,3),(1,11,3),
60:(2,7,2),(2,7,3),(2,7,4),(2,6,4),(2,5,4),
61:(13,12,0),(12,12,0),(11,12,0),(10,12,0),(9,12,0),(8,12,0),(7,12,0),(6,12,0),(5,12,0),(4,12,0),(4,12,1),(4,13,1),(4,13,2),(4,13,3),(4,13,4),(4,13,5),
62:(10,5,3),(9,5,3),(8,5,3),(7,5,3),(6,5,3),(5,5,3),(4,5,3),(3,5,3),(2,5,3),(1,5,3),(0,5,3),(0,6,3),(0,7,3),(0,8,3),(0,8,2),(0,9,2),(0,10,2),(-1,10,2),(-1,11,2),(-1,12,2),(0,12,2),
63:(3,3,1),(4,3,1),(5,3,1),(5,3,2),(5,3,3),(5,3,4),(5,4,4),(5,5,4),(5,6,4),
64:(0,8,5),(1,8,5),(2,8,5),(3,8,5),(3,8,4),(3,9,4),(3,10,4),(3,11,4),(3,12,4),(3,12,3),(3,13,3),(3,14,3),
65:(3,10,5),(4,10,5),(5,10,5),(5,10,4),(5,11,4),(5,12,4),(5,12,3),(6,12,3),(7,12,3),(8,12,3),(8,13,3),(8,13,2),(9,13,2),
66:(11,4,0),(10,4,0),(10,4,1),(10,3,1),
67:(6,8,2),(7,8,2),(8,8,2),(9,8,2),(10,8,2),(11,8,2),(11,8,3),(11,8,4),(11,7,4),(11,6,4),(11,5,4),(11,4,4),
68:(1,5,1),(2,5,1),(3,5,1),(4,5,1),(5,5,1),(5,5,0),(5,4,0),(5,3,0),(5,2,0),(5,1,0),
69:(0,8,1),(0,8,2),(0,8,3),(0,7,3),(0,6,3),(0,5,3),(0,4,3),(0,3,3),(0,2,3),(0,1,3),(0,0,3),
70:(6,1,0),(6,2,0),(5,2,0),(4,2,0),(3,2,0),(2,2,0),(1,2,0),(1,3,0),(0,3,0),(0,4,0),(0,5,0),(0,6,0),(0,7,0),
71:(1,8,1),(2,8,1),(3,8,1),(4,8,1),(4,8,2),(4,9,2),(4,9,3),(4,10,3),(4,11,3),(4,12,3),(4,13,3),(4,14,3),
72:(5,6,2),(5,5,2),(6,5,2),(7,5,2),(8,5,2),(9,5,2),(9,5,3),(9,5,4),
73:(5,1,1),(6,1,1),(6,0,1),
74:(6,2,3),(7,2,3),(8,2,3),(9,2,3),(9,3,3),(9,4,3),(10,4,3),(10,5,3),(10,6,3),(10,6,4),(10,7,4),(10,8,4),(10,9,4),(11,9,4),(12,9,4),
75:(2,10,1),(1,10,1),(1,10,0),(1,11,0),(1,12,0),(1,13,0),
76:(8,12,0),(7,12,0),(7,12,1),(7,12,2),(7,11,2),
77:(9,5,0),(10,5,0),(10,5,1),(10,5,2),(10,4,2),(10,4,3),(10,4,4),(10,4,5),(10,3,5),(10,2,5),(10,1,5),
78:(6,11,4),(7,11,4),(8,11,4),(9,11,4),(10,11,4),(11,11,4),(11,11,3),(11,10,3),(11,9,3),(11,8,3),(11,7,3),(11,6,3),(12,6,3),(12,5,3),(12,4,3),(12,3,3),(12,2,3),(12,1,3),
79:(4,14,5),(5,14,5),(6,14,5),(7,14,5),(8,14,5),(9,14,5),(10,14,5),(11,14,5),(12,14,5),(13,14,5),(13,14,4),(13,14,3),(13,14,2),(13,14,1),(13,13,1),(13,12,1),(13,11,1),(13,10,1),
80:(0,13,0),(0,13,1),(0,12,1),(0,11,1),(0,10,1),(0,9,1),(0,8,1),(1,8,1),(2,8,1),(2,7,1),(2,6,1),(2,5,1),(2,4,1),(2,3,1),(2,3,2),(2,3,3),(2,2,3),
81:(4,11,4),(5,11,4),(6,11,4),(7,11,4),(7,12,4),
82:(7,0,5),(8,0,5),(9,0,5),(10,0,5),(11,0,5),(11,0,4),(11,0,3),(11,1,3),(11,1,2),(11,1,1),(11,2,1),(11,3,1),(11,3,0),(11,4,0),(11,5,0),(12,5,0),
83:(13,4,1),(12,4,1),(11,4,1),(11,4,2),(11,3,2),(11,2,2),(11,1,2),(11,0,2),
84:(2,0,4),(1,0,4),(0,0,4),(0,1,4),(0,2,4),(0,3,4),(0,4,4),(0,5,4),(0,5,3),(0,6,3),(0,7,3),(0,8,3),(0,9,3),(0,10,3),
85:(12,14,3),(11,14,3),(11,13,3),(10,13,3),(10,13,3),(10,12,3),(9,12,3),(8,12,3),(8,11,3),(7,11,3),(7,10,3),(8,10,3),(8,9,3),(8,8,3),
86:(11,10,4),(10,10,4),(9,10,4),(9,10,3),(9,10,2),(9,10,1),(9,9,1),(9,8,1),(9,7,1),(9,6,1),
87:(2,6,1),(1,6,1),(0,6,1),(0,6,2),(0,5,2),(0,4,2),(0,3,2),(0,2,2),(0,1,2),
88:(2,5,5),(3,5,5),(4,5,5),(5,5,5),(6,5,5),(7,5,5),(7,5,4),(7,4,4),(7,4,3),(7,4,2),(7,3,2),(7,3,1),(7,2,1),
89:(8,14,5),(9,14,5),(10,14,5),(11,14,5),(11,14,4),(11,14,3),(11,14,2),(11,14,1),(11,13,1),(11,12,1),(11,11,1),(11,10,1),(11,9,1),(11,8,1),(11,8,0),(11,7,0),(11,6,0),(11,5,0),(11,4,0),(11,3,0),(11,2,0),
90:(6,13,1),(7,13,1),(8,13,1),(9,13,1),(9,13,2),(9,12,2),(9,11,2),
91:(13,14,1),(12,14,1),(11,14,1),(10,14,1),(9,14,1),(9,13,1),(9,12,1),(9,11,1),(9,10,1),(9,10,0),(9,9,0),(9,8,0),(9,7,0),(9,6,0),(9,5,0),
92:(11,0,4),(10,0,4),(10,1,4),(10,1,5),(9,1,5),(8,1,5),(7,1,5),(7,2,5),(6,2,5),(6,3,5),(5,3,5),(4,3,5),(3,3,5),(3,4,5),(3,5,5),(3,6,5),(3,7,5),(3,8,5),(3,9,5),(3,9,4),
93:(9,10,1),(10,10,1),(11,10,1),(12,10,1),(12,10,2),(12,10,3),(12,10,4),(12,9,4),(12,8,4),(12,7,4),
94:(7,3,2),(8,3,2),(8,3,1),
95:(10,8,0),(11,8,0),(12,8,0),(13,8,0),(13,8,1),(13,8,2),(13,8,3),(13,7,3),(13,7,4),(13,7,5),(13,6,5),(13,5,5),(13,4,5),(13,3,5),
96:(2,6,5),(3,6,5),(4,6,5),(5,6,5),(6,6,5),(6,6,4),(6,6,3),(6,6,2),(6,7,2),(6,8,2),(6,9,2),(6,10,2),
97:(7,7,0),(6,7,0),(5,7,0),(4,7,0),(3,7,0),(3,7,1),(3,8,1),(3,9,1),(3,10,1),
98:(5,13,0),(6,13,0),(7,13,0),(8,13,0),(9,13,0),(10,13,0),(11,13,0),(12,13,0),(12,13,1),(12,13,2),(12,13,3),(12,13,4),(12,13,5),(12,12,5),(12,11,5),(12,10,5),
99:(2,10,2),(2,10,3),(2,10,4),(2,10,5),(2,9,5),(2,8,5),(2,7,5),(2,6,5),(2,5,5),(2,4,5),(2,3,5),(2,2,5),(2,1,5),
100:(7,11,0),(6,11,0),(5,11,0),(5,11,1),(5,11,2),(5,11,3),(5,10,3),(5,9,3),(5,8,3),(5,7,3),(5,6,3),(5,5,3),(5,4,3),(5,3,3),(5,3,4),(5,2,4),
101:(5,0,4),(6,0,4),(7,0,4),(7,0,3),(8,0,3),(9,0,3),
102:(11,14,1),(10,14,1),(10,13,1),(10,12,1),(10,11,1),(10,10,1),(10,9,1),(10,8,1),(10,8,1),(9,8,1),
103:(1,14,0),(1,14,1),(1,14,2),(1,13,2),(1,12,2),(1,11,2),(1,10,2),(1,9,2),(1,8,2),(1,8,3),(1,7,3),(1,6,3),(1,5,3),(1,4,3),(1,3,3),(1,3,3),(2,3,3),
104:(7,3,3),(6,3,3),(6,4,3),
105:(10,10,2),(9,10,2),(8,10,2),(7,10,2),(7,9,2),(7,8,2),(7,7,2),(6,7,2),(5,7,2),(4,7,2),(4,7,3),(3,7,3),(3,6,3),(2,6,3),(1,6,3),(1,5,3),(0,5,3),
106:(0,1,4),(1,1,4),(2,1,4),(3,1,4),(4,1,4),(4,1,3),(5,1,3),(6,1,3),(6,1,3),(6,2,3),(6,3,3),(7,3,3),(7,4,3),(7,5,3),(7,6,3),(7,7,3),(8,7,3),(9,7,3),(9,7,2),
107:(4,14,0),(3,14,0),(2,14,0),(1,14,0),(0,14,0),(0,14,1),(0,14,2),(0,13,2),(0,12,2),(0,11,2),
108:(7,4,1),(7,5,1),(7,6,1),(7,7,1),(7,8,1),(7,9,1),(7,10,1),(7,11,1),(7,12,1),(7,12,2),(7,13,2),(7,14,2),
109:(11,0,3),(10,0,3),(9,0,3),(8,0,3),(8,0,2),(7,0,2),(6,0,2),(6,1,2),(6,1,1),(6,1,0),
110:(10,1,3),(9,1,3),(8,1,3),(7,1,3),(6,1,3),(6,1,4),(6,0,4),
111:(9,1,5),(8,1,5),(8,2,5),(8,3,5),(8,4,5),(8,5,5),(8,5,4),(8,6,4),(8,7,4),(8,8,4),(8,9,4),(8,10,4),(8,10,4),(8,10,3),(7,10,3),(7,11,3),(7,12,3),(7,12,2),(6,12,2),(5,12,2),(5,13,2),(4,13,2),
112:(2,2,2),(3,2,2),(4,2,2),(5,2,2),(5,3,2),(6,3,2),(7,3,2),(8,3,2),(8,4,2),(8,5,2),(9,5,2),(10,5,2),(11,5,2),(11,6,2),(11,7,2),(10,7,2),
113:(0,14,5),(1,14,5),(2,14,5),(3,14,5),(3,13,5),(3,13,4),(3,13,3),(3,13,2),(3,12,2),(3,11,2),(3,10,2),(3,9,2),(3,8,2),(4,8,2),(4,7,2),(5,7,2),(5,6,2),(5,5,2),(5,4,2),(5,3,2),(5,2,2),
114:(9,14,2),(10,14,2),(10,14,2),(11,14,2),(12,14,2),(13,14,2),(14,14,2),(14,13,2),
115:(4,3,1),(4,2,1),(3,2,1),(2,2,1),(1,2,1),(0,2,1),(0,1,1),(0,0,1),
116:(3,13,1),(2,13,1),(1,13,1),(1,12,1),(1,11,1),(1,11,1),(0,11,1),(0,10,1),(0,9,1),(0,8,1),(0,7,1),(0,6,1),(0,6,2),(0,6,3),(0,5,3),(0,4,3),(0,3,3),(0,3,4),
117:(0,4,5),(1,4,5),(2,4,5),(3,4,5),(4,4,5),(4,5,5),(4,6,5),(4,7,5),(4,8,5),(4,9,5),(4,10,5),(5,10,5),(5,11,5),
118:(13,3,5),(12,3,5),(11,3,5),(10,3,5),(9,3,5),(8,3,5),(7,3,5),(6,3,5),(5,3,5),(4,3,5),(3,3,5),(2,3,5),(2,3,4),(1,3,4),(0,3,4),(0,3,3),(0,3,2),(0,3,1),(0,3,0),(0,4,0),(0,5,0),
119:(7,12,0),(7,12,1),(8,12,1),(8,12,2),(8,12,3),(9,12,3),(9,11,3),(10,11,3),(10,10,3),(10,9,3),(11,9,3),(12,9,3),(13,9,3),(13,8,3),
120:(4,4,4),(5,4,4),(6,4,4),(7,4,4),(8,4,4),(8,4,3),(8,3,3),(8,2,3),(8,2,2),(8,2,1),(8,2,0),
121:(9,2,5),(10,2,5),(11,2,5),(12,2,5),(13,2,5),(14,2,5),(14,2,4),(14,3,4),(14,4,4),(14,4,3),
122:(9,0,0),(10,0,0),(10,0,1),(10,0,2),(10,1,2),
123:(4,13,2),(3,13,2),(2,13,2),(2,12,2),(2,12,1),(2,11,1),(2,10,1),(2,9,1),
124:(2,0,0),(3,0,0),(4,0,0),(5,0,0),(5,0,1),(5,0,2),(5,1,2),(5,2,2),(5,3,2),(5,4,2),(5,5,2),(5,6,2),(5,7,2),(5,7,3),(5,7,4),(5,8,4),
125:(4,13,1),(3,13,1),(3,13,0),(3,12,0),
126:(10,2,4),(9,2,4),(8,2,4),(7,2,4),(6,2,4),(5,2,4),(4,2,4),(3,2,4),(2,2,4),(2,2,3),(2,3,3),(2,3,2),(2,4,2),(2,5,2),(2,6,2),(2,6,1),(1,6,1),(1,7,1),(1,8,1),(2,8,1),
127:(0,13,4),(1,13,4),(1,12,4),(1,11,4),(1,10,4),(1,9,4),(2,9,4),(2,8,4),(2,7,4),(2,6,4),(2,6,3),(2,5,3),
128:(2,12,1),(3,12,1),(4,12,1),(5,12,1),(5,11,1),(5,10,1),(5,9,1),(5,8,1),(5,8,2),
129:(11,14,0),(10,14,0),(9,14,0),(8,14,0),(7,14,0),(6,14,0),(6,14,1),(6,14,2),(6,14,3),(6,14,4),
130:(6,5,0),(5,5,0),(4,5,0),(3,5,0),(3,5,1),(3,4,1),(3,3,1),(3,2,1),
131:(6,4,2),(5,4,2),(4,4,2),(4,4,1),(3,4,1),(2,4,1),(1,4,1),(1,5,1),(1,6,1),(1,7,1),(1,8,1),(1,9,1),
132:(11,14,4),(11,13,4),(11,12,4),(11,11,4),(11,10,4),(11,9,4),(11,8,4),(11,7,4),(11,7,3),(11,6,3),(11,5,3),(11,4,3),(11,3,3),
133:(2,14,2),(3,14,2),(4,14,2),(5,14,2),(6,14,2),(7,14,2),(7,13,2),(7,12,2),(7,12,2),(7,12,3),(7,11,3),(7,10,3),(7,9,3),(7,8,3),(7,7,3),(8,7,3),(8,6,3),(8,5,3),(9,5,3),(9,4,3),(9,3,3),(9,2,3),(9,1,3),
134:(9,14,3),(10,14,3),(11,14,3),(12,14,3),(13,14,3),(13,13,3),(13,12,3),(13,11,3),(13,10,3),
135:(11,7,1),(10,7,1),(9,7,1),(8,7,1),(7,7,1),(6,7,1),(5,7,1),(4,7,1),(4,7,2),(4,7,3),(4,8,3),(4,9,3),(4,10,3),(4,11,3),(4,12,3),(4,13,3),(4,13,4),
136:(4,2,0),(5,2,0),(5,3,0),(6,3,0),(6,4,0),(6,4,1),(6,5,1),(7,5,1),(8,5,1),(8,6,1),(8,7,1),(8,8,1),(8,9,1),(8,10,1),(8,10,0),(8,11,0),(8,12,0),(9,12,0),(9,12,1),
137:(13,5,3),(12,5,3),(12,6,3),(12,7,3),(12,8,3),(12,9,3),(12,10,3),(12,11,3),(12,12,3),(12,13,3),(12,14,3),
138:(1,9,2),(2,9,2),(3,9,2),(4,9,2),(5,9,2),(6,9,2),(6,9,3),(7,9,3),(7,9,3),(8,9,3),(8,10,3),(9,10,3),(10,10,3),(11,10,3),(12,10,3),(12,9,3),
139:(5,8,4),(6,8,4),(7,8,4),(8,8,4),(9,8,4),(10,8,4),(10,8,3),(11,8,3),(12,8,3),(13,8,3),(14,8,3),(14,7,3),(14,7,2),(14,7,1),(14,6,1),(14,5,1),(14,4,1),(14,3,1),(14,2,1),
140:(10,5,2),(9,5,2),(8,5,2),(8,4,2),(7,4,2),(7,4,3),(7,3,3),(6,3,3),(5,3,3),(4,3,3),(3,3,3),(3,3,4),(3,2,4),(3,1,4),
141:(7,14,1),(7,14,0),(7,14,0),(7,13,0),(7,12,0),(7,11,0),(8,11,0),(8,10,0),(9,10,0),(9,9,0),(9,8,0),(9,7,0),(9,6,0),(9,5,0),(9,4,0),(10,4,0),(10,3,0),
142:(10,11,1),(9,11,1),(8,11,1),(7,11,1),(7,10,1),(7,10,2),(7,9,2),(7,8,2),(7,8,3),(7,8,4),(7,8,5),
143:(5,2,3),(5,2,4),(4,2,4),(3,2,4),(2,2,4),(1,2,4),(1,3,4),(1,4,4),(1,5,4),(1,6,4),
144:(10,2,2),(10,2,3),(10,2,4),(10,3,4),(10,4,4),(10,4,5),(9,4,5),(9,5,5),(9,6,5),(9,7,5),(9,8,5),(9,9,5),(9,10,5),(9,11,5),(8,11,5),(7,11,5),(6,11,5),(6,11,6),(5,11,6),(4,11,6),(4,11,5),
145:(7,13,0),(8,13,0),(9,13,0),(10,13,0),(11,13,0),(12,13,0),(13,13,0),(14,13,0),(14,13,1),(14,12,1),(14,11,1),(14,10,1),(14,9,1),(14,8,1),(14,7,1),(14,7,2),(14,6,2),(14,5,2),
146:(2,7,5),(3,7,5),(4,7,5),(4,7,4),(4,7,3),(4,7,2),(4,8,2),(4,9,2),(4,10,2),(4,11,2),(4,12,2),
147:(12,11,1),(11,11,1),(10,11,1),(10,11,2),(10,11,3),(10,11,4),(10,12,4),
148:(3,2,1),(3,1,1),(4,1,1),(5,1,1),(6,1,1),(6,1,2),(7,1,2),(8,1,2),(8,1,3),(8,1,4),(8,1,5),(8,0,5),
149:(14,7,2),(13,7,2),(12,7,2),(11,7,2),(11,7,1),(11,6,1),(11,5,1),(11,4,1),
150:(14,8,0),(13,8,0),(13,8,1),(12,8,1),(11,8,1),(10,8,1),(9,8,1),(8,8,1),(8,8,2),
151:(3,3,0),(2,3,0),(2,4,0),(2,5,0),(2,6,0),(2,7,0),(2,8,0),(2,9,0),(2,10,0),(2,11,0),(2,12,0),(2,13,0),(2,14,0),(1,14,0),
152:(8,2,5),(7,2,5),(6,2,5),(6,2,4),(5,2,4),(4,2,4),(3,2,4),(2,2,4),(2,2,3),(2,2,2),
153:(7,12,3),(6,12,3),(5,12,3),(4,12,3),(3,12,3),(2,12,3),(2,11,3),(2,10,3),(2,9,3),(2,9,4),
154:(9,7,4),(8,7,4),(7,7,4),(6,7,4),(5,7,4),(5,7,3),(5,6,3),(5,5,3),(5,4,3),(5,3,3),(5,2,3),(5,1,3),
155:(6,6,0),(5,6,0),(4,6,0),(4,6,1),(4,6,2),(4,6,3),(4,6,4),(4,7,4),
156:(12,11,5),(12,10,5),(12,9,5),(12,8,5),(12,8,6),(11,8,6),(11,8,5),
157:(2,9,0),(1,9,0),(1,9,1),(1,9,2),(1,8,2),(1,7,2),(1,6,2),(1,5,2),(1,4,2),(1,3,2),(1,2,2),
158:(12,7,0),(13,7,0),(14,7,0),(14,7,1),(14,7,2),(14,7,3),(14,7,4),(14,7,5),(14,8,5),(14,9,5),(14,10,5),(14,11,5),
159:(12,12,2),(13,12,2),(14,12,2),(14,12,1),(14,11,1),(14,10,1),(14,9,1),(14,8,1),(14,7,1),(14,7,1),(14,7,1),(14,7,1),(14,7,1),(13,7,1),(13,7,1),(14,7,1),
160:(4,10,1),(5,10,1),(6,10,1),(7,10,1),(8,10,1),(8,10,0),(9,10,0),(10,10,0),(10,9,0),(10,8,0),(10,7,0),
161:(0,11,0),(1,11,0),(2,11,0),(3,11,0),(4,11,0),(5,11,0),(6,11,0),(7,11,0),(8,11,0),(8,10,0),(9,10,0),(10,10,0),(11,10,0),(12,10,0),(12,10,1),(12,10,2),(12,9,2),(12,8,2),(13,8,2),(13,7,2),(13,7,3),(13,6,3),(13,5,3),
162:(4,1,3),(3,1,3),(3,2,3),(3,3,3),(3,3,4),(3,4,4),(3,5,4),
163:(10,1,1),(9,1,1),(8,1,1),(7,1,1),(7,1,2),(7,1,3),(6,1,3),(6,1,4),(5,1,4),(4,1,4),(4,0,4),
164:(4,7,0),(4,7,1),(4,8,1),(4,9,1),(4,10,1),(4,11,1),(5,11,1),(5,12,1),(5,13,1),
165:(8,10,1),(9,10,1),(9,9,1),(9,8,1),(9,7,1),(9,6,1),(9,5,1),(9,4,1),(9,3,1),(9,2,1),(10,2,1),(11,2,1),
166:(4,8,0),(5,8,0),(6,8,0),(7,8,0),(7,7,0),(7,6,0),(7,5,0),(7,4,0),(7,3,0),(7,2,0),(7,1,0),(8,1,0),(8,1,1),(8,1,2),(8,1,3),(8,1,4),(8,1,5),
167:(8,2,1),(8,3,1),(7,3,1),(7,3,2),(8,3,2),(8,3,3),(8,3,4),(8,3,5),
168:(6,6,3),(7,6,3),(7,6,4),(7,5,4),(7,4,4),(7,3,4),(7,3,4),(8,3,4),
169:(3,5,4),(4,5,4),(5,5,4),(6,5,4),(7,5,4),(8,5,4),(9,5,4),(9,4,4),(10,4,4),(11,4,4),(12,4,4),(13,4,4),(14,4,4),(14,3,4),(14,2,4),(14,2,3),(14,2,2),(14,2,1),(14,2,0),
170:(0,6,1),(0,6,2),(1,6,2),(2,6,2),(3,6,2),(4,6,2),(5,6,2),(5,5,2),(6,5,2),(7,5,2),(7,4,2),(7,3,2),
171:(13,1,1),(12,1,1),(11,1,1),(10,1,1),(9,1,1),(8,1,1),(7,1,1),(6,1,1),(5,1,1),(4,1,1),(4,2,1),(4,3,1),(3,3,1),(3,4,1),(3,5,1),(3,6,1),(3,7,1),(3,8,1),(3,9,1),
172:(12,5,1),(12,5,2),(12,6,2),(12,6,3),(12,7,3),(12,8,3),(12,9,3),(12,10,3),(12,11,3),(11,11,3),(11,12,3),
173:(13,3,0),(13,3,1),(13,3,2),(13,3,3),(13,3,4),(13,3,5),(13,2,5),(13,1,5),
174:(12,12,5),(11,12,5),(10,12,5),(9,12,5),(8,12,5),(7,12,5),(6,12,5),(5,12,5),(4,12,5),(3,12,5),(3,12,4),(2,12,4),(1,12,4),(0,12,4),(0,12,3),(0,12,2),(0,12,1),(0,11,1),(0,10,1),(0,9,1),
175:(14,3,5),(13,3,5),(12,3,5),(11,3,5),(10,3,5),(9,3,5),(8,3,5),(7,3,5),(7,4,5),(7,5,5),(7,6,5),
176:(6,6,2),(6,6,1),(6,6,0),(7,6,0),(7,5,0),(7,4,0),(7,3,0),(7,2,0),(8,2,0),(8,1,0),(8,0,0),
177:(11,8,4),(12,8,4),(13,8,4),(14,8,4),(14,8,3),(14,8,2),(14,8,1),(14,8,0),(14,7,0),(14,6,0),(14,5,0),
178:(3,7,0),(4,7,0),(4,7,1),(5,7,1),(6,7,1),(6,7,2),(6,8,2),(6,9,2),(7,9,2),(8,9,2),(9,9,2),(10,9,2),(11,9,2),(12,9,2),(12,10,2),(13,10,2),(13,11,2),(13,12,2),(13,13,2),(13,14,2),
179:(6,11,5),(5,11,5),(4,11,5),(3,11,5),(3,10,5),(3,9,5),(3,8,5),(3,7,5),(3,6,5),(3,5,5),(3,4,5),(3,4,4),(3,3,4),(3,3,4),(3,2,4),(3,2,3),(3,2,2),(3,1,2),(3,1,1),(3,1,0),(3,0,0),
180:(6,9,4),(7,9,4),(8,9,4),(9,9,4),(10,9,4),(10,10,4),(11,10,4),(12,10,4),(13,10,4),(13,11,4),(13,12,4),(13,13,4),
181:(10,0,5),(9,0,5),(9,1,5),(8,1,5),(7,1,5),(7,2,5),(6,2,5),(5,2,5),(4,2,5),(3,2,5),
182:(8,5,4),(9,5,4),(10,5,4),(11,5,4),(12,5,4),(12,6,4),(12,7,4),(13,7,4),(13,8,4),(13,9,4),(13,10,4),(13,11,4),(13,11,3),(13,12,3),(13,13,3),(13,14,3),
183:(3,10,1),(4,10,1),(5,10,1),(6,10,1),(6,9,1),(6,8,1),(6,7,1),(6,6,1),(6,5,1),(6,5,2),(6,4,2),(6,3,2),(6,3,3),(6,2,3),
184:(12,2,3),(11,2,3),(10,2,3),(10,2,4),(9,2,4),(9,2,5),(9,3,5),(9,4,5),(9,5,5),
185:(14,12,3),(13,12,3),(12,12,3),(11,12,3),(10,12,3),(10,12,4),(9,12,4),(8,12,4),(8,12,5),(7,12,5),
186:(2,12,3),(2,11,3),(2,11,3),(2,10,3),(2,9,3),(2,8,3),(3,8,3),(4,8,3),(4,7,3),(4,6,3),(4,6,3),(5,6,3),(6,6,3),(7,6,3),(8,6,3),(8,5,3),(9,5,3),(9,4,3),(10,4,3),(11,4,3),(12,4,3),(13,4,3),(13,3,3),(13,2,3),
187:(1,14,2),(2,14,2),(2,14,3),(2,14,4),(2,14,5),(2,13,5),(2,12,5),
188:(14,1,4),(14,1,5),(14,2,5),(14,3,5),(14,4,5),(14,5,5),(14,6,5),
189:(14,6,5),(13,6,5),(12,6,5),(11,6,5),(10,6,5),(9,6,5),(8,6,5),(7,6,5),(6,6,5),(5,6,5),(4,6,5),(3,6,5),(2,6,5),(1,6,5),(1,7,5),(1,7,4),(1,7,3),(1,8,3),(1,8,2),(1,9,2),(1,10,2),(1,10,1),
190:(2,5,3),(3,5,3),(4,5,3),(5,5,3),(5,5,2),(6,5,2),(6,5,2),(6,5,1),(7,5,1),(7,6,1),(8,6,1),(8,7,1),(9,7,1),(9,7,2),(10,7,2),(10,8,2),(11,8,2),(11,9,2),(12,9,2),(12,10,2),(13,10,2),(13,11,2),(13,11,1),
191:(12,2,1),(11,2,1),(10,2,1),(9,2,1),(8,2,1),(7,2,1),(6,2,1),(5,2,1),(4,2,1),(4,2,2),(3,2,2),(3,2,3),(2,2,3),(2,3,3),(2,4,3),(1,4,3),(1,5,3),(1,6,3),(1,7,3),(0,7,3),(0,8,3),(0,8,4),(0,9,4),(0,10,4),(0,11,4),
192:(12,5,4),(11,5,4),(11,5,3),(10,5,3),(9,5,3),(8,5,3),(7,5,3),(6,5,3),(5,5,3),(4,5,3),(3,5,3),(3,5,2),(3,5,1),(3,5,1),(2,5,1),(2,4,1),
193:(5,12,4),(4,12,4),(3,12,4),(3,11,4),(3,11,3),(3,11,2),(2,11,2),(2,10,2),(2,9,2),(2,8,2),(2,8,1),(2,7,1),
194:(4,4,3),(5,4,3),(5,4,2),(6,4,2),(6,4,1),(7,4,1),
195:(3,1,4),(4,1,4),(5,1,4),(5,2,4),(5,3,4),(5,4,4),(5,5,4),(5,6,4),(6,6,4),(6,7,4),(7,7,4),(8,7,4),(8,6,4),
196:(14,9,5),(13,9,5),(13,9,4),(13,9,3),(13,8,3),(13,7,3),(13,7,2),(13,6,2),(13,5,2),(13,4,2),(13,3,2),(13,2,2),(13,1,2),
197:(3,6,5),(3,6,4),(2,6,4),(1,6,4),(1,5,4),(1,4,4),(1,4,4),(0,4,4),
198:(14,0,4),(13,0,4),(12,0,4),(11,0,4),(10,0,4),(9,0,4),(8,0,4),(7,0,4),(7,0,5),(6,0,5),(5,0,5),(5,1,5),(5,2,5),(5,3,5),(5,4,5),(5,5,5),(4,5,5),(3,5,5),(2,5,5),(1,5,5),(0,5,5),(0,6,5),(0,7,5),
199:(12,6,2),(13,6,2),(13,6,3),(13,5,3),(13,4,3),(13,3,3),(13,2,3),(13,1,3),(13,0,3),
200:(1,9,5),(2,9,5),(3,9,5),(4,9,5),(5,9,5),(6,9,5),(6,10,5),(6,11,5),(6,12,5),(6,12,4),(6,13,4),(7,13,4),(8,13,4),(9,13,4),
201:(8,0,2),(9,0,2),(10,0,2),(10,0,3),(10,1,3),(10,2,3),(10,3,3),(10,4,3),(10,5,3),(10,6,3),(10,6,3),(10,6,3),(11,6,3),
202:(3,13,0),(4,13,0),(4,12,0),(4,11,0),(4,10,0),(4,9,0),(4,9,1),(4,8,1),(4,7,1),(4,6,1),(4,6,2),(4,5,2),(4,4,2),(4,3,2),(4,2,2),(3,2,2),(3,1,2),(3,0,2),(4,0,2),
203:(5,14,1),(4,14,1),(3,14,1),(2,14,1),(2,14,2),(2,14,3),(2,14,4),(2,13,4),(2,12,4),(2,11,4),(2,11,5),(2,10,5),(2,9,5),
204:(12,6,0),(11,6,0),(10,6,0),(10,5,0),
205:(3,14,4),(4,14,4),(5,14,4),(5,14,5),(5,13,5),(5,12,5),(5,11,5),(5,10,5),(5,9,5),(5,8,5),(5,7,5),(5,6,5),(6,6,5),(6,5,5),(6,4,5),(6,4,4),
206:(10,8,1),(10,9,1),(10,10,1),(10,10,2),(10,10,2),(10,10,2),(9,10,2),
207:(14,14,0),(13,14,0),(12,14,0),(12,13,0),(12,12,0),(12,11,0),(12,10,0),(12,9,0),(11,9,0),(10,9,0),(10,8,0),(10,8,1),(10,8,0),(9,8,0),(8,8,0),
208:(7,14,4),(8,14,4),(9,14,4),(10,14,4),(10,14,5),(10,13,5),(10,12,5),(11,12,5),(11,11,5),(12,11,5),(12,10,5),(12,9,5),(12,8,5),(12,7,5),(12,6,5),(13,6,5),
209:(14,9,1),(13,9,1),(12,9,1),(11,9,1),(10,9,1),(9,9,1),(8,9,1),(7,9,1),(6,9,1),(5,9,1),(4,9,1),(3,9,1),(3,9,2),(3,9,3),(3,9,4),(3,9,5),(3,10,5),(3,11,5),(3,12,5),(3,13,5),(3,14,5),
210:(1,14,5),(2,14,5),(3,14,5),(4,14,5),(5,14,5),(6,14,5),(6,13,5),(6,13,4),(6,13,3),(6,13,2),(6,13,1),(7,13,1),(7,12,1),(8,12,1),
211:(11,4,5),(10,4,5),(9,4,5),(8,4,5),(7,4,5),(6,4,5),(5,4,5),(4,4,5),(3,4,5),(3,4,4),(2,4,4),(1,4,4),(1,4,3),(1,4,2),(1,5,2),(1,6,2),(1,7,2),
212:(1,7,5),(2,7,5),(3,7,5),(4,7,5),(5,7,5),(6,7,5),(7,7,5),(8,7,5),(9,7,5),(10,7,5),(11,7,5),(11,7,4),(11,8,4),
213:(12,10,2),(11,10,2),(10,10,2),(9,10,2),(8,10,2),(8,10,3),(8,11,3),(7,11,3),(6,11,3),(5,11,3),(4,11,3),(4,12,3),(3,12,3),(2,12,3),(1,12,3),(1,13,3),(1,14,3),
214:(5,4,1),(6,4,1),(7,4,1),(8,4,1),(9,4,1),(9,4,0),(9,5,0),(9,6,0),(10,6,0),
215:(5,7,2),(6,7,2),(6,7,3),(6,6,3),(6,6,4),(6,5,4),
216:(5,0,3),(5,0,2),(6,0,2),(7,0,2),(7,0,3),(8,0,3),(8,1,3),(9,1,3),(10,1,3),(11,1,3),(12,1,3),(12,1,2),
217:(11,12,1),(10,12,1),(9,12,1),(8,12,1),(7,12,1),(7,11,1),(6,11,1),(5,11,1),(4,11,1),(4,10,1),(4,10,1),(4,9,1),(4,8,1),(4,7,1),(4,6,1),(4,5,1),(3,5,1),(3,4,1),(3,3,1),(4,3,1),(4,2,1),(4,1,1),(3,1,1),(3,0,1),
218:(2,14,5),(3,14,5),(4,14,5),(4,14,4),(5,14,4),(5,13,4),(5,13,3),(5,12,3),(5,11,3),(5,10,3),(5,9,3),(5,9,2),(5,9,1),(6,9,1),(7,9,1),(7,9,0),(7,8,0),(7,7,0),
219:(14,2,3),(14,2,4),(14,3,4),(14,4,4),(14,5,4),(14,5,4),(14,5,5),
220:(1,2,2),(2,2,2),(3,2,2),(4,2,2),(4,2,1),(4,3,1),(4,4,1),
221:(12,14,2),(11,14,2),(11,13,2),(11,12,2),(11,11,2),(11,10,2),(11,9,2),(11,8,2),(11,7,2),(11,6,2),(11,6,2),(11,5,2),(11,4,2),(11,3,2),
222:(10,6,0),(9,6,0),(8,6,0),(8,6,1),(7,6,1),(7,7,1),(7,8,1),(7,8,1),(7,8,2),
223:(4,7,2),(3,7,2),(2,7,2),(1,7,2),(1,6,2),(1,5,2),(1,4,2),(1,3,2),(1,3,1),(1,2,1),(1,1,1),(1,0,1),
224:(0,2,1),(1,2,1),(2,2,1),(2,3,1),(2,4,1),(2,5,1),(3,5,1),(4,5,1),(5,5,1),(6,5,1),(6,6,1),(6,7,1),(7,7,1),(8,7,1),(9,7,1),(9,7,2),(9,8,2),(9,9,2),(10,9,2),(11,9,2),(11,10,2),(11,11,2),(11,12,2),(10,12,2),(9,12,2),
225:(8,9,0),(8,8,0),(8,7,0),(8,6,0),(8,5,0),(8,4,0),(8,3,0),(9,3,0),(10,3,0),(11,3,0),(11,2,0),(11,1,0),
226:(9,7,0),(8,7,0),(8,7,1),(8,8,1),(8,8,2),(8,8,3),(8,8,4),(8,9,4),(8,10,4),(8,11,4),
227:(14,13,2),(13,13,2),(12,13,2),(12,12,2),(11,12,2),(10,12,2),(9,12,2),(8,12,2),(8,11,2),(8,10,2),(8,9,2),(7,9,2),(6,9,2),(6,9,3),(6,8,3),(6,8,2),
228:(3,13,4),(3,13,3),(3,12,3),(3,11,3),(3,10,3),(3,9,3),(3,9,2),(3,8,2),(3,8,1),(3,7,1),(3,6,1),(3,6,0),
229:(6,12,2),(5,12,2),(4,12,2),(3,12,2),(2,12,2),(1,12,2),(1,11,2),(1,11,1),(1,11,0),(1,10,0),(1,9,0),(1,8,0),(1,7,0),(1,6,0),(0,6,0),
230:(14,14,3),(13,14,3),(12,14,3),(12,14,4),(12,14,5),(11,14,5),(11,13,5),(10,13,5),(10,12,5),(10,11,5),(10,10,5),(10,9,5),(10,8,5),(9,8,5),(8,8,5),
231:(10,4,5),(9,4,5),(8,4,5),(7,4,5),(6,4,5),(6,5,5),(6,6,5),(6,6,4),(6,7,4),(6,8,4),(6,9,4),(6,10,4),
232:(12,10,1),(11,10,1),(11,10,2),(11,10,3),(10,10,3),(9,10,3),(9,9,3),(9,8,3),(8,8,3),(7,8,3),(6,8,3),(6,8,4),(6,8,4),(6,7,4),(6,7,4),(6,7,4),(5,7,4),
233:(2,8,4),(3,8,4),(4,8,4),(5,8,4),(5,8,3),(5,8,2),(5,8,1),(5,8,0),(5,7,0),(5,6,0),(5,5,0),
234:(3,9,3),(4,9,3),(5,9,3),(6,9,3),(7,9,3),(7,8,3),(7,8,2),(7,7,2),(7,6,2),(8,6,2),(8,5,2),(8,4,2),(8,3,2),(8,2,2),(8,1,2),
235:(8,4,1),(7,4,1),(7,4,2),(7,4,3),(7,3,3),(7,2,3),
236:(5,6,1),(5,6,2),(6,6,2),(7,6,2),(8,6,2),(9,6,2),(10,6,2),(11,6,2),(12,6,2),(13,6,2),(13,6,1),
237:(1,1,2),(2,1,2),(3,1,2),(3,2,2),(3,3,2),(3,4,2),(3,5,2),(3,6,2),(3,6,3),(3,7,3),(3,7,4),(3,8,4),(4,8,4),(5,8,4),(6,8,4),(6,9,4),(6,9,4),(7,9,4),(8,9,4),(8,10,4),(9,10,4),(10,10,4),(11,10,4),(12,10,4),(13,10,4),(13,10,5),
238:(10,11,0),(9,11,0),(8,11,0),(8,11,1),(8,11,2),(8,11,3),(8,11,4),(8,11,5),(8,11,6),(8,10,6),(8,9,6),(8,9,5),
239:(5,11,2),(6,11,2),(7,11,2),(8,11,2),(9,11,2),(10,11,2),(11,11,2),(12,11,2),(12,11,1),(12,11,0),(12,12,0),(12,13,0),
240:(2,1,4),(3,1,4),(4,1,4),(5,1,4),(6,1,4),(7,1,4),(8,1,4),(9,1,4),(10,1,4),(10,1,3),
241:(5,9,1),(4,9,1),(4,9,0),(4,8,0),(4,7,0),(4,6,0),(4,5,0),(4,4,0),(4,3,0),(4,2,0),(4,1,0),
242:(6,7,1),(7,7,1),(7,8,1),(7,9,1),(7,9,0),(7,10,0),
243:(10,5,0),(10,5,1),(9,5,1),(8,5,1),(8,6,1),(8,7,1),(8,8,1),(8,9,1),(8,9,1),(8,10,1),(8,10,2),(8,10,2),(8,10,3),(7,10,3),(7,11,3),(7,12,3),(6,12,3),
244:(12,10,3),(11,10,3),(10,10,3),(10,9,3),(10,9,3),(10,9,2),(10,9,3),(9,9,3),
245:(6,13,0),(6,12,0),(5,12,0),(5,11,0),(5,10,0),(5,9,0),(5,8,0),(5,7,0),(5,6,0),(5,5,0),(5,4,0),(5,3,0),
246:(4,3,5),(3,3,5),(2,3,5),(2,3,4),(2,3,3),(2,2,3),(2,1,3),(2,0,3),
247:(8,3,2),(9,3,2),(10,3,2),(11,3,2),(12,3,2),(13,3,2),(13,3,3),(13,3,4),(13,3,5),(13,2,5),
248:(1,2,3),(2,2,3),(2,2,2),(2,3,2),(2,3,1),(2,3,0),(2,4,0),
249:(6,9,5),(7,9,5),(8,9,5),(9,9,5),(9,9,4),(10,9,4),(11,9,4),(11,10,4),(11,11,4),
250:(2,4,5),(2,4,4),(1,4,4),(0,4,4),(0,5,4),(0,6,4),(0,7,4),(0,8,4),(0,9,4),(0,10,4),(0,10,3),(0,11,3),(0,12,3),(0,12,2),(0,13,2),
251:(11,9,0),(10,9,0),(9,9,0),(9,8,0),(9,8,1),(9,7,1),(8,7,1),(7,7,1),(6,7,1),(5,7,1),(4,7,1),(4,7,2),(4,6,2),(4,5,2),(4,4,2),
252:(14,10,1),(13,10,1),(12,10,1),(12,10,2),(11,10,2),(11,10,3),(10,10,3),(10,9,3),(10,8,3),(9,8,3),(9,7,3),(8,7,3),(7,7,3),(6,7,3),(6,6,3),(6,5,3),
253:(14,1,1),(13,1,1),(12,1,1),(12,2,1),(11,2,1),(10,2,1),(9,2,1),(8,2,1),(7,2,1),(6,2,1),(5,2,1),(4,2,1),(4,3,1),(3,3,1),(3,4,1),(3,5,1),(2,5,1),(2,5,0),(2,6,0),(2,7,0),(2,8,0),(2,9,0),(1,9,0),(1,10,0),(1,11,0),(2,11,0),
254:(14,8,1),(13,8,1),(12,8,1),(12,9,1),(12,10,1),(12,10,2),(12,11,2),(12,12,2),(12,13,2),(12,14,2),(11,14,2),
255:(12,12,1),(11,12,1),(11,11,1),(11,10,1),(11,10,0),(10,10,0),(10,9,0),(10,8,0),(10,7,0),(10,7,1),(10,6,1),(10,5,1),(10,5,2),(10,5,3),
256:(8,8,3),(9,8,3),(10,8,3),(10,8,2),(11,8,2),(12,8,2),(13,8,2),(13,9,2),(14,9,2),(14,10,2),(14,11,2),
257:(7,0,2),(6,0,2),(6,0,3),(5,0,3),(4,0,3),(3,0,3),(2,0,3),(2,0,4),(2,1,4),(2,2,4),(2,3,4),(2,4,4),(2,4,5),(2,5,5),(2,6,5),(2,7,5),
258:(7,1,4),(7,1,3),(7,1,2),(6,1,2),(5,1,2),(5,1,1),(5,2,1),(5,3,1),(5,4,1),(5,4,0),(4,4,0),(4,5,0),(4,6,0),
259:(3,6,0),(3,5,0),(3,4,0),(4,4,0),(5,4,0),(6,4,0),(7,4,0),(8,4,0),(8,4,1),(9,4,1),(9,3,1),(9,2,1),(10,2,1),(10,1,1),(11,1,1),(12,1,1),(13,1,1),(14,1,1),(14,1,2),(14,1,3),(14,0,3),
260:(6,0,5),(7,0,5),(7,0,5),(7,1,5),(7,2,5),(7,3,5),(7,4,5),(8,4,5),(8,5,5),(8,6,5),(9,6,5),(10,6,5),(10,7,5),(10,8,5),(10,9,5),(10,10,5),(10,11,5),
261:(1,9,4),(2,9,4),(3,9,4),(4,9,4),(5,9,4),(6,9,4),(7,9,4),(7,8,4),(7,7,4),(7,7,3),(7,7,2),(7,6,2),(7,5,2),
262:(12,13,4),(12,14,4),(11,14,4),(11,14,3),(10,14,3),(9,14,3),(8,14,3),(8,14,2),
263:(0,8,2),(1,8,2),(2,8,2),(3,8,2),(3,8,3),(3,8,4),(4,8,4),(5,8,4),(6,8,4),(6,8,5),(6,9,5),(7,9,5),(7,10,5),(7,10,4),(8,10,4),(9,10,4),(10,10,4),(10,10,5),
264:(7,5,4),(6,5,4),(6,5,5),(6,6,5),(6,7,5),(6,8,5),(5,8,5),(4,8,5),(3,8,5),(2,8,5),(1,8,5),(0,8,5),
265:(12,1,2),(11,1,2),(10,1,2),(9,1,2),(8,1,2),(7,1,2),(7,1,3),(7,1,4),(7,1,5),(7,2,5),(7,3,5),(6,3,5),(5,3,5),(5,4,5),(5,5,5),(4,5,5),(3,5,5),(3,6,5),(3,7,5),(3,8,5),(2,8,5),
266:(11,11,1),(10,11,1),(10,11,0),(10,11,0),(10,12,0),(10,12,1),(10,12,2),(10,12,3),(10,13,3),(10,14,3),(10,14,4),
267:(5,1,2),(5,2,2),(6,2,2),(6,3,2),(7,3,2),(8,3,2),(8,4,2),(8,4,3),(8,4,4),(8,5,4),(8,6,4),(9,6,4),(10,6,4),(10,7,4),(10,8,4),(10,9,4),(11,9,4),(11,10,4),(11,10,5),(11,11,5),(11,12,5),(11,12,4),(11,13,4),
268:(9,2,1),(10,2,1),(10,3,1),(11,3,1),(12,3,1),(13,3,1),(13,3,2),(13,3,3),(13,4,3),(13,5,3),(13,6,3),(13,7,3),(13,8,3),(12,8,3),(12,9,3),(13,9,3),
269:(9,1,3),(9,1,2),(9,2,2),(10,2,2),(11,2,2),(12,2,2),(12,3,2),(12,4,2),(12,5,2),(12,5,2),(13,5,2),
270:(14,10,3),(14,9,3),(14,8,3),(14,7,3),(14,6,3),(14,5,3),(14,4,3),(14,3,3),
271:(0,0,1),(1,0,1),(2,0,1),(3,0,1),(4,0,1),(5,0,1),(5,0,2),(6,0,2),(6,1,2),(6,1,3),(6,2,3),(6,3,3),(7,3,3),(7,4,3),
272:(13,4,5),(12,4,5),(11,4,5),(11,4,4),(11,4,3),(11,5,3),(11,6,3),(11,7,3),(11,8,3),(11,8,2),(11,9,2),(11,10,2),(11,11,2),(11,11,2),(10,11,2),
273:(5,4,5),(5,5,5),(5,6,5),(5,6,4),(5,6,3),(5,6,2),(5,6,1),(5,7,1),(5,8,1),(5,8,0),(5,9,0),(5,10,0),
274:(6,13,4),(7,13,4),(8,13,4),(8,12,4),(8,11,4),(8,10,4),(8,10,4),(9,10,4),(10,10,4),(11,10,4),(12,10,4),(13,10,4),(14,10,4),(14,9,4),(14,8,4),(14,7,4),(14,6,4),(14,5,4),
275:(1,0,2),(1,1,2),(1,2,2),(1,3,2),(2,3,2),(2,4,2),(3,4,2),(3,5,2),(3,6,2),(3,7,2),(4,7,2),(5,7,2),(5,7,3),(5,8,3),(5,9,3),(6,9,3),(7,9,3),(8,9,3),(8,10,3),(9,10,3),
276:(0,5,3),(1,5,3),(2,5,3),(3,5,3),(4,5,3),(4,4,3),(5,4,3),(5,4,2),(6,4,2),(6,4,1),(6,4,0),(7,4,0),(8,4,0),(9,4,0),(10,4,0),(10,3,0),(10,2,0),(10,1,0),(10,0,0),(11,0,0),(12,0,0),
277:(8,8,0),(7,8,0),(7,7,0),(6,7,0),(5,7,0),(4,7,0),(4,6,0),(4,5,0),(3,5,0),(2,5,0),(2,5,1),(2,4,1),(2,3,1),(2,3,2),(2,3,3),(2,3,4),
278:(0,5,5),(1,5,5),(2,5,5),(3,5,5),(4,5,5),(5,5,5),(6,5,5),(7,5,5),(7,6,5),(7,7,5),(7,7,5),(8,7,5),(9,7,5),(10,7,5),(10,8,5),(10,9,5),(11,9,5),(11,10,5),(11,11,5),(12,11,5),
279:(8,0,5),(8,0,4),(8,0,4),(8,1,4),(8,2,4),(8,3,4),(8,4,4),(8,5,4),(8,6,4),(8,7,4),(8,7,4),(8,8,4),(8,9,4),(8,9,3),(8,9,2),
280:(6,3,5),(5,3,5),(4,3,5),(4,3,4),(4,3,3),(3,3,3),(3,3,2),(3,3,1),(3,3,0),
281:(7,8,3),(8,8,3),(9,8,3),(10,8,3),(10,7,3),(10,7,2),(10,7,2),(11,7,2),(12,7,2),(12,6,2),(12,5,2),(12,4,2),(13,4,2),(13,4,1),
282:(5,5,1),(6,5,1),(6,5,0),(6,6,0),(6,7,0),(7,7,0),(8,7,0),(8,8,0),(8,9,0),
283:(2,3,1),(3,3,1),(4,3,1),(5,3,1),(6,3,1),(6,3,0),(6,4,0),(6,5,0),(6,6,0),(6,6,-1),(6,7,-1),(6,8,-1),(6,9,-1),(6,10,-1),(6,11,-1),(6,11,0),(6,12,0),
284:(5,2,5),(6,2,5),(6,2,4),(6,1,4),(7,1,4),(8,1,4),(9,1,4),(10,1,4),(11,1,4),(12,1,4),(12,0,4),(12,0,3),(12,0,2),(12,0,1),
285:(1,3,1),(2,3,1),(3,3,1),(3,3,2),(3,4,2),(3,5,2),(3,6,2),(3,7,2),(3,8,2),(4,8,2),(4,8,2),(4,8,3),(4,9,3),
286:(9,3,0),(9,4,0),(9,5,0),(9,6,0),(9,7,0),(9,8,0),(9,8,0),(9,9,0),(9,9,1),(8,9,1),(8,10,1),(7,10,1),(7,11,1),(7,12,1),(6,12,1),(5,12,1),
287:(4,4,0),(4,3,0),(4,2,0),(4,2,1),(4,1,1),(4,1,2),(4,1,3),
288:(10,10,5),(9,10,5),(9,9,5),(9,8,5),(9,7,5),(9,7,4),(9,7,3),(9,7,2),(9,6,2),(9,5,2),(9,5,1),(9,5,0),(9,4,0),(9,3,0),(9,2,0),(9,1,0),
289:(14,6,1),(13,6,1),(12,6,1),(11,6,1),(10,6,1),(10,7,1),(9,7,1),(8,7,1),(7,7,1),(6,7,1),(5,7,1),(5,7,1),(5,7,1),(5,7,2),(5,7,3),
290:(7,12,4),(7,12,4),(7,11,4),(7,10,4),(7,9,4),(7,8,4),(7,7,4),(7,6,4),
291:(12,6,4),(12,6,3),(12,7,3),(12,7,2),(12,7,1),(12,8,1),(11,8,1),(11,9,1),(10,9,1),
292:(8,13,3),(8,12,3),(8,11,3),(8,10,3),(9,10,3),(9,10,4),(10,10,4),(10,10,3),(11,10,3),(11,9,3),(11,8,3),(12,8,3),(12,8,2),(12,7,2),(12,6,2),(12,6,3),(12,5,3),
293:(11,5,1),(11,6,1),(10,6,1),(10,6,0),(9,6,0),(8,6,0),(7,6,0),(7,7,0),(7,8,0),(6,8,0),(5,8,0),(4,8,0),(3,8,0),(2,8,0),(1,8,0),(1,9,0),(1,10,0),(1,10,1),(1,11,1),(1,12,1),(1,12,2),
294:(11,5,0),(11,4,0),(11,3,0),(11,2,0),(10,2,0),(10,1,0),(10,0,0),(10,0,0),(10,0,1),(10,0,2),(10,0,3),(10,0,4),(9,0,4),
295:(13,7,1),(12,7,1),(12,7,1),(11,7,1),(11,6,1),(11,5,1),(10,5,1),(9,5,1),(9,5,1),(8,5,1),(7,5,1),(6,5,1),(5,5,1),(4,5,1),(4,5,2),(3,5,2),(2,5,2),(1,5,2),(0,5,2),(0,5,1),(0,4,1),
296:(8,5,3),(7,5,3),(7,5,4),(7,5,5),(7,6,5),(6,6,5),(5,6,5),(4,6,5),(4,7,5),(4,8,5),(4,9,5),(4,10,5),(4,11,5),(4,12,5),(4,13,5),(4,14,5),
297:(3,7,5),(4,7,5),(4,7,4),(4,7,3),(4,7,2),(4,8,2),(4,9,2),(4,9,1),(5,9,1),(5,10,1),
298:(2,1,5),(1,1,5),(0,1,5),(0,2,5),(0,3,5),(0,4,5),(0,5,5),(0,6,5),(0,7,5),(0,8,5),(0,9,5),(0,10,5),(0,10,4),(0,11,4),(0,11,3),(0,12,3),(0,12,2),(0,12,1),(0,12,0),(0,13,0),(0,14,0),
299:(11,4,3),(10,4,3),(10,3,3),(10,3,2),(10,2,2),
300:(9,3,4),(10,3,4),(10,4,4),(10,5,4),(10,6,4),(10,6,3),(10,6,3),(10,6,2),
301:(8,7,4),(7,7,4),(6,7,4),(5,7,4),(4,7,4),(3,7,4),(3,8,4),(3,9,4),(3,10,4),(3,11,4),(2,11,4),
302:(10,6,4),(11,6,4),(12,6,4),(12,7,4),(12,8,4),(12,9,4),(13,9,4),(13,9,3),(13,9,2),
303:(3,7,3),(4,7,3),(5,7,3),(6,7,3),(7,7,3),(7,7,3),(8,7,3),(9,7,3),(9,7,2),(10,7,2),(11,7,2),(12,7,2),(13,7,2),(14,7,2),(15,7,2),(15,8,2),(15,9,2),(14,9,2),
304:(8,5,2),(8,5,3),(8,6,3),(9,6,3),(10,6,3),(10,7,3),
305:(4,14,2),(5,14,2),(6,14,2),(7,14,2),(8,14,2),(9,14,2),(10,14,2),(10,13,2),(10,12,2),(10,11,2),(10,10,2),(10,10,2),(10,9,2),(11,9,2),(11,8,2),(12,8,2),(13,8,2),(13,7,2),(13,6,2),
306:(5,9,2),(6,9,2),(7,9,2),(7,8,2),(7,7,2),(7,6,2),(8,6,2),(8,6,3),(8,5,3),(8,4,3),(9,4,3),(10,4,3),(11,4,3),(12,4,3),(13,4,3),(13,4,4),(14,4,4),(14,4,5),(14,3,5),
307:(11,12,4),(10,12,4),(9,12,4),(9,13,4),(9,13,5),(8,13,5),(7,13,5),(6,13,5),(5,13,5),
308:(13,11,0),(12,11,0),(11,11,0),(11,10,0),(10,10,0),(9,10,0),(9,10,1),(8,10,1),(7,10,1),(7,9,1),(7,8,1),(6,8,1),(5,8,1),(4,8,1),(4,7,1),(4,6,1),(4,5,1),
309:(4,6,0),(4,6,1),(5,6,1),(6,6,1),(6,6,2),(6,6,3),(6,7,3),(6,8,3),(6,9,3),(6,10,3),(6,11,3),
310:(9,13,5),(8,13,5),(7,13,5),(6,13,5),(6,12,5),(6,12,4),(5,12,4),(4,12,4),(4,11,4),(4,10,4),(3,10,4),(3,10,3),(2,10,3),(1,10,3),
311:(11,12,2),(11,12,3),(11,11,3),(12,11,3),(12,11,4),(12,10,4),(12,9,4),(12,8,4),(12,7,4),(12,7,5),(12,6,5),(12,6,4),(12,5,4),(11,5,4),
312:(7,0,1),(6,0,1),(5,0,1),(4,0,1),(4,0,2),(3,0,2),(2,0,2),(2,1,2),(2,1,3),(2,1,4),(2,2,4),(2,2,4),(2,2,5),
313:(0,3,1),(1,3,1),(2,3,1),(3,3,1),(4,3,1),(5,3,1),(6,3,1),(7,3,1),(7,3,2),(8,3,2),(9,3,2),(10,3,2),(11,3,2),(12,3,2),(13,3,2),(13,3,3),(13,4,3),(13,5,3),(13,6,3),(13,7,3),(14,7,3),(14,8,3),(14,9,3),(14,10,3),(14,11,3),(14,12,3),(14,13,3),
314:(10,2,1),(10,2,2),(10,2,2),(10,2,3),(10,2,4),(9,2,4),(8,2,4),(7,2,4),(6,2,4),(5,2,4),(4,2,4),(4,3,4),(4,4,4),(3,4,4),
315:(9,6,3),(8,6,3),(7,6,3),(7,6,4),(7,7,4),(6,7,4),(6,7,5),
316:(3,3,3),(4,3,3),(4,3,2),(4,3,1),(4,4,1),(4,5,1),(4,6,1),(4,6,0),(4,7,0),(4,8,0),(4,9,0),(4,10,0),(4,11,0),(5,11,0),(5,12,0),(5,13,0),(5,14,0),
317:(0,10,2),(1,10,2),(2,10,2),(3,10,2),(4,10,2),(4,11,2),(5,11,2),(6,11,2),(6,12,2),(6,12,2),(7,12,2),(8,12,2),
318:(7,9,0),(6,9,0),(5,9,0),(4,9,0),(4,9,1),(4,8,1),(4,7,1),(3,7,1),(3,6,1),(3,6,2),(3,5,2),(3,4,2),(3,3,2),
319:(8,10,4),(9,10,4),(9,10,5),(10,10,5),(11,10,5),(12,10,5),(13,10,5),(13,9,5),(13,8,5),(13,8,5),(13,7,5),
320:(0,10,4),(1,10,4),(1,10,3),(1,10,2),(2,10,2),(3,10,2),(3,10,1),(4,10,1),(5,10,1),(6,10,1),(7,10,1),(7,9,1),(7,8,1),(8,8,1),(8,7,1),(8,6,1),(8,5,1),
321:(3,13,3),(4,13,3),(4,13,2),(5,13,2),(6,13,2),(6,12,2),(6,11,2),(6,10,2),(6,10,2),(7,10,2),
322:(9,11,3),(9,10,3),(9,9,3),(9,8,3),(9,8,2),(9,7,2),(9,7,2),(9,7,1),(9,6,1),(9,5,1),(9,4,1),(9,3,1),(9,2,1),(8,2,1),(8,1,1),(7,1,1),
323:(5,11,5),(5,10,5),(5,10,4),(5,10,3),(5,10,2),
324:(2,7,3),(3,7,3),(4,7,3),(4,8,3),(4,9,3),(4,10,3),(4,11,3),(4,11,2),(5,11,2),(6,11,2),(6,11,1),
325:(4,1,4),(5,1,4),(6,1,4),(7,1,4),(8,1,4),(8,1,3),(8,1,2),(8,1,1),(8,0,1),
326:(0,13,1),(1,13,1),(1,13,2),(2,13,2),(3,13,2),(4,13,2),(5,13,2),(5,12,2),(5,12,3),(5,12,4),(5,11,4),(5,10,4),(5,9,4),(6,9,4),(7,9,4),(7,8,4),(7,7,4),
327:(4,7,3),(4,7,4),(3,7,4),(2,7,4),(1,7,4),(1,7,5),(1,6,5),(1,5,5),(1,4,5),(1,3,5),(1,2,5),(1,1,5),
328:(6,10,2),(5,10,2),(4,10,2),(4,10,3),(4,10,4),(3,10,4),(3,11,4),(3,11,5),(2,11,5),(1,11,5),(1,12,5),(1,13,5),(1,14,5),
329:(0,6,0),(1,6,0),(2,6,0),(3,6,0),(4,6,0),(5,6,0),(6,6,0),(7,6,0),(8,6,0),(9,6,0),(9,5,0),(9,4,0),(9,3,0),(9,2,0),(9,1,0),(9,0,0),(9,0,1),(9,0,2),
330:(3,14,0),(2,14,0),(1,14,0),(1,14,1),(1,14,2),(1,13,2),(1,12,2),(1,11,2),
331:(4,0,3),(4,1,3),(4,2,3),(4,2,4),(4,3,4),(4,4,4),(4,5,4),(4,6,4),(4,6,5),(4,7,5),(4,8,5),(5,8,5),(6,8,5),(6,9,5),(6,10,5),(6,11,5),(6,12,5),(6,12,4),(6,13,4),(7,13,4),(7,14,4),
332:(10,7,1),(10,8,1),(10,9,1),(10,10,1),(9,10,1),(8,10,1),(8,10,1),(7,10,1),(7,11,1),(6,11,1),(6,12,1),(5,12,1),(4,12,1),(3,12,1),(3,12,2),(2,12,2),(1,12,2),(1,12,3),(1,12,4),(1,12,5),(1,13,5),
333:(8,7,0),(8,7,1),(8,6,1),(9,6,1),(9,6,1),(10,6,1),(11,6,1),(12,6,1),(12,5,1),
334:(11,1,2),(10,1,2),(9,1,2),(8,1,2),(8,2,2),(7,2,2),(6,2,2),(6,2,1),(5,2,1),(5,3,1),(5,4,1),(5,5,1),(4,5,1),(4,6,1),(3,6,1),(3,7,1),(3,8,1),(3,8,0),
335:(14,0,2),(13,0,2),(12,0,2),(11,0,2),(10,0,2),(9,0,2),(8,0,2),(7,0,2),(6,0,2),(5,0,2),(5,1,2),(5,2,2),(5,2,3),
336:(0,4,1),(0,4,2),(1,4,2),(2,4,2),(2,4,3),(3,4,3),(4,4,3),(4,4,4),(4,4,5),(5,4,5),(6,4,5),(7,4,5),(7,5,5),(7,5,5),(8,5,5),
337:(12,6,3),(11,6,3),(10,6,3),(10,6,4),(9,6,4),(8,6,4),(8,7,4),(8,8,4),(7,8,4),(7,9,4),(7,9,3),(6,9,3),(5,9,3),(5,10,3),(4,10,3),(3,10,3),(3,10,2),(3,11,2),(3,12,2),(3,13,2),
338:(2,11,2),(3,11,2),(4,11,2),(5,11,2),(6,11,2),(6,10,2),(7,10,2),(8,10,2),(8,9,2),(9,9,2),(9,8,2),(9,8,3),(9,8,4),
339:(2,12,2),(3,12,2),(3,12,2),(3,12,1),(4,12,1),(5,12,1),(6,12,1),(7,12,1),(8,12,1),(9,12,1),(9,13,1),
340:(6,11,2),(6,10,2),(6,9,2),(6,8,2),(6,7,2),(6,6,2),(6,6,1),(5,6,1),(4,6,1),(3,6,1),(3,6,0),(3,5,0),
341:(1,1,0),(2,1,0),(3,1,0),(3,2,0),(3,3,0),(3,4,0),(3,5,0),(3,6,0),(4,6,0),(4,7,0),(4,8,0),(4,9,0),(4,10,0),(4,11,0),
342:(9,4,5),(8,4,5),(8,4,4),(8,4,3),(7,4,3),(7,5,3),(7,6,3),(7,6,2),(6,6,2),(5,6,2),(5,6,1),
343:(7,1,3),(8,1,3),(8,0,3),(8,0,4),(9,0,4),(9,0,5),(9,1,5),
344:(5,8,3),(6,8,3),(6,8,2),(6,8,1),(6,8,0),(6,7,0),
345:(8,6,5),(8,6,4),(8,7,4),(8,7,3),(8,8,3),(8,9,3),(8,10,3),(8,11,3),(9,11,3),(9,12,3),
346:(1,14,4),(2,14,4),(3,14,4),(3,14,3),(4,14,3),(5,14,3),(6,14,3),(6,13,3),(7,13,3),(8,13,3),(8,13,2),(9,13,2),(10,13,2),(10,13,1),(11,13,1),(11,12,1),(11,11,1),(11,10,1),(11,10,0),(11,9,0),(11,8,0),(11,7,0),(11,6,0),(11,5,0),
347:(12,0,3),(11,0,3),(11,1,3),(11,2,3),(11,3,3),(10,3,3),(9,3,3),(8,3,3),(7,3,3),(7,4,3),(7,5,3),(7,6,3),(7,6,3),(7,7,3),(6,7,3),(6,8,3),(5,8,3),(5,9,3),(5,10,3),(5,11,3),(5,11,2),(5,12,2),(5,13,2),(5,14,2),
348:(4,4,2),(4,4,1),(5,4,1),(6,4,1),(7,4,1),(8,4,1),(8,5,1),(8,6,1),(8,7,1),(8,8,1),(8,9,1),(9,9,1),(9,9,0),(10,9,0),(10,10,0),(10,11,0),(10,12,0),(10,13,0),(10,14,0),
349:(14,1,0),(13,1,0),(12,1,0),(11,1,0),(10,1,0),(9,1,0),(8,1,0),(7,1,0),(6,1,0),(6,2,0),(6,2,1),(6,3,1),(6,4,1),(6,5,1),(6,6,1),(6,7,1),(5,7,1),(5,8,1),(4,8,1),(4,9,1),(4,10,1),(4,11,1),(4,12,1),
350:(12,12,4),(11,12,4),(10,12,4),(9,12,4),(9,11,4),(8,11,4),(7,11,4),(7,10,4),(7,10,3),(7,10,3),(6,10,3),
351:(4,5,1),(5,5,1),(6,5,1),(7,5,1),(8,5,1),(8,5,0),(8,6,0),(8,7,0),(8,8,0),(8,8,-1),(8,9,-1),(8,10,-1),(8,10,0),(8,11,0),(8,12,0),(8,13,0),
352:(12,3,2),(12,4,2),(12,4,3),(12,5,3),(12,6,3),(12,7,3),(12,8,3),(12,9,3),(12,10,3),(11,10,3),(11,11,3),(10,11,3),
353:(7,14,2),(8,14,2),(9,14,2),(9,14,1),(9,14,0),(9,13,0),(9,13,0),(10,13,0),(11,13,0),(12,13,0),(13,13,0),
354:(10,2,0),(11,2,0),(12,2,0),(12,3,0),(12,4,0),(12,5,0),(12,6,0),(12,7,0),(12,8,0),(12,9,0),(12,9,1),(12,10,1),(12,11,1),
355:(3,11,3),(4,11,3),(4,10,3),(4,9,3),(5,9,3),(5,9,2),(5,8,2),(5,7,2),(5,7,1),(5,7,0),(5,6,0),(6,6,0),(6,5,0),(6,4,0),
356:(11,8,2),(10,8,2),(10,8,1),(10,9,1),(9,9,1),(9,9,0),(9,9,0),(9,10,0),(10,10,0),(10,10,1),
357:(3,10,2),(2,10,2),(2,10,1),(1,10,1),(1,10,0),(1,9,0),(1,8,0),(1,7,0),(1,6,0),(1,5,0),(1,4,0),(1,3,0),
358:(8,11,2),(8,11,3),(8,10,3),(8,10,4),(8,9,4),(9,9,4),(9,8,4),(9,7,4),(9,6,4),(9,6,5),(9,6,6),(9,5,6),(9,4,6),(9,4,5),
359:(11,11,5),(11,11,4),(11,10,4),(11,9,4),(11,8,4),(11,7,4),(11,6,4),(11,5,4),(11,5,3),(11,4,3),(10,4,3),(10,3,3),(10,2,3),(9,2,3),(8,2,3),(8,1,3),(8,0,3),
360:(10,10,1),(10,10,0),(9,10,0),(8,10,0),(8,11,0),(8,11,1),(8,12,1),(8,13,1),
361:(13,13,4),(12,13,4),(11,13,4),(10,13,4),(9,13,4),(9,12,4),(8,12,4),(8,11,4),(7,11,4),(7,11,5),(6,11,5),(5,11,5),(5,11,4),(5,10,4),(5,9,4),(4,9,4),
362:(9,7,2),(9,7,3),(9,7,4),(9,6,4),(9,5,4),(9,4,4),(9,3,4),(9,2,4),(8,2,4),(7,2,4),(6,2,4),(5,2,4),(4,2,4),(3,2,4),(2,2,4),(1,2,4),(1,1,4),
363:(12,13,2),(12,13,1),(13,13,1),(14,13,1),(14,13,0),(14,12,0),
364:(11,7,4),(10,7,4),(10,7,3),(10,7,2),(10,7,1),(10,7,0),(9,7,0),(9,8,0),(9,8,0),(8,8,0),(7,8,0),(6,8,0),(5,8,0),(4,8,0),(3,8,0),(3,9,0),(3,10,0),
365:(1,4,0),(2,4,0),(2,5,0),(2,6,0),(3,6,0),(3,7,0),
366:(3,8,4),(3,7,4),(3,6,4),(3,5,4),(3,4,4),(2,4,4),(2,3,4),(1,3,4),(1,2,4),(1,1,4),(1,0,4),
367:(10,6,3),(9,6,3),(9,6,4),(8,6,4),(7,6,4),(7,6,5),(7,6,5),(6,6,5),(5,6,5),(4,6,5),(4,5,5),(4,4,5),
368:(0,5,1),(1,5,1),(1,6,1),(1,7,1),(1,8,1),(1,9,1),(1,10,1),(1,10,1),(2,10,1),(2,11,1),(2,12,1),
369:(7,9,5),(8,9,5),(8,10,5),(9,10,5),(10,10,5),(11,10,5),(12,10,5),(12,11,5),(12,12,5),(12,13,5),(12,14,5),
370:(10,3,0),(11,3,0),(12,3,0),(13,3,0),(13,3,1),(13,4,1),(13,4,2),(13,4,3),(13,5,3),(13,5,4),(13,6,4),(13,7,4),(13,8,4),(13,9,4),(13,10,4),(13,11,4),(13,12,4),
371:(8,12,2),(9,12,2),(10,12,2),(10,12,3),(10,12,4),(11,12,4),(11,12,5),(11,13,5),
372:(6,8,0),(6,8,1),(5,8,1),(5,9,1),(5,10,1),(4,10,1),(4,11,1),(4,12,1),(3,12,1),(2,12,1),(1,12,1),(0,12,1),(0,13,1),(0,14,1),
373:(9,6,5),(8,6,5),(7,6,5),(7,7,5),(7,8,5),(7,9,5),(7,10,5),(6,10,5),(5,10,5),(4,10,5),(4,10,4),(4,11,4),(4,12,4),
374:(0,3,5),(1,3,5),(1,4,5),(2,4,5),(3,4,5),(3,5,5),(3,6,5),(3,6,4),(3,7,4),(3,8,4),(4,8,4),(4,9,4),(4,10,4),
375:(3,9,4),(3,9,5),(3,8,5),(3,7,5),(2,7,5),(2,6,5),(2,5,5),(2,4,5),(2,3,5),(2,3,5),(1,3,5),(0,3,5),
376:(9,7,5),(8,7,5),(7,7,5),(6,7,5),(6,8,5),(5,8,5),(4,8,5),(3,8,5),(2,8,5),(1,8,5),(1,9,5),(1,10,5),
377:(1,10,1),(1,11,1),(2,11,1),(2,12,1),(2,13,1),(2,13,2),(2,13,3),(2,14,3),(2,14,4),(2,14,5),
378:(7,10,0),(6,10,0),(5,10,0),(4,10,0),(3,10,0),(2,10,0),(1,10,0),(0,10,0),(0,10,1),(0,10,2),(0,9,2),(0,9,3),(0,9,4),(0,8,4),(0,7,4),
379:(14,11,2),(13,11,2),(12,11,2),(11,11,2),(10,11,2),(10,11,1),(9,11,1),(8,11,1),
380:(1,8,0),(1,8,1),(2,8,1),(3,8,1),(4,8,1),(5,8,1),(6,8,1),(6,8,2),(6,9,2),(6,10,2),(6,11,2),(6,12,2),(6,13,2),(6,14,2),
381:(0,11,2),(1,11,2),(2,11,2),(3,11,2),(3,10,2),(3,10,1),(4,10,1),(5,10,1),(6,10,1),(6,10,0),
382:(11,3,5),(11,3,4),(12,3,4),(13,3,4),(13,4,4),(13,4,3),(13,5,3),(13,5,2),(13,5,1),(13,5,0),(13,6,0),(13,7,0),(13,8,0),(13,9,0),
383:(0,2,0),
384:(9,12,3),(9,13,3),
385:(5,3,4),(4,3,4),(4,4,4),(4,5,4),(4,6,4),(3,6,4),(2,6,4),(2,7,4),(2,7,3),
386:(13,8,2),(13,9,2),(13,10,2),(13,11,2),(12,11,2),(11,11,2),(11,12,2),(10,12,2),(9,12,2),(8,12,2),(8,12,3),(8,13,3),
387:(5,7,5),(5,7,4),(5,6,4),(5,6,3),(6,6,3),(7,6,3),(7,6,2),(8,6,2),(8,6,1),(8,6,0),
388:(4,10,2),(4,10,3),(5,10,3),(6,10,3),(7,10,3),(7,9,3),(8,9,3),(8,9,2),(9,9,2),(10,9,2),(10,9,3),(11,9,3),
389:(13,8,5),(12,8,5),(12,8,4),(12,8,3),(12,8,2),(12,7,2),(11,7,2),(11,7,1),(11,6,1),
390:(12,4,2),(11,4,2),(10,4,2),(9,4,2),(8,4,2),(7,4,2),(7,4,3),(7,3,3),(6,3,3),(6,3,4),(5,3,4),(5,3,5),(4,3,5),(3,3,5),
391:(8,4,5),(7,4,5),(6,4,5),(5,4,5),(5,4,4),(5,4,3),(5,4,2),(4,4,2),(3,4,2),(2,4,2),(2,5,2),(2,6,2),(2,7,2),(1,7,2),(1,8,2),(0,8,2),(0,9,2),
392:(0,2,5),(1,2,5),(2,2,5),(3,2,5),(3,2,4),(3,2,3),(4,2,3),(4,3,3),(4,4,3),(5,4,3),(5,4,3),(5,4,2),(6,4,2),(6,4,1),(6,5,1),
393:(0,2,4),(1,2,4),(2,2,4),(2,2,3),(3,2,3),(4,2,3),(5,2,3),(6,2,3),(6,2,2),(7,2,2),(8,2,2),(9,2,2),(9,3,2),(10,3,2),(10,4,2),(11,4,2),(12,4,2),(13,4,2),(14,4,2),(14,4,1),(14,5,1),
394:(2,11,5),(3,11,5),(3,11,4),(3,10,4),(3,9,4),(4,9,4),(5,9,4),(6,9,4),(7,9,4),(8,9,4),(8,9,3),(8,9,2),(9,9,2),(10,9,2),(11,9,2),(12,9,2),(12,8,2),(12,7,2),(12,6,2),(12,5,2),(12,4,2),(13,4,2),(14,4,2),(14,3,2),(14,2,2),(14,1,2),
395:(1,5,5),(1,5,4),(0,5,4),(0,6,4),(0,7,4),(0,7,3),(0,7,2),
396:(5,10,3),(5,10,4),(4,10,4),(4,10,4),(3,10,4),(2,10,4),
397:(0,0,5),(1,0,5),(2,0,5),(3,0,5),(3,0,4),(3,1,4),(3,1,3),(3,2,3),(3,3,3),(3,4,3),
398:(10,9,2),(10,9,3),(10,9,4),(10,10,4),(9,10,4),(9,10,5),(9,11,5),(9,11,4),(9,12,4),
399:(11,14,2),(11,14,1),(10,14,1),(10,13,1),(9,13,1),(8,13,1),(7,13,1),(6,13,1),(6,12,1),(5,12,1),(5,11,1),(4,11,1),(4,10,1),(4,9,1),(4,8,1),(4,7,1),
400:(9,14,0),(9,14,1),(9,13,1),(9,13,2),(9,12,2),(9,11,2),(10,11,2),(11,11,2),(12,11,2),(12,10,2),(12,9,2),(12,8,2),(12,7,2),(12,6,2),(12,5,2),(12,4,2),(13,4,2),(13,3,2),
401:(3,5,2),(4,5,2),(5,5,2),(6,5,2),(7,5,2),(8,5,2),(8,5,2),(8,5,3),(8,5,4),(8,6,4),(9,6,4),(10,6,4),(10,7,4),(11,7,4),(11,7,5),
402:(2,13,1),(2,13,2),(2,13,3),(1,13,3),(2,13,3),(2,13,4),(2,13,5),
403:(9,3,3),(8,3,3),(7,3,3),(6,3,3),(6,3,4),(6,3,4),(5,3,4),(4,3,4),(3,3,4),(2,3,4),(1,3,4),(0,3,4),(0,2,4),(0,2,5),
404:(11,9,3),(11,8,3),(11,8,4),(11,7,4),(11,6,4),(11,6,5),(10,6,5),(9,6,5),(8,6,5),(7,6,5),(6,6,5),(6,6,6),(5,6,6),(4,6,6),(3,6,6),(2,6,6),(2,6,5),(2,6,4),
405:(11,13,2),(11,13,3),(11,12,3),(11,11,3),(11,10,3),(10,10,3),(10,10,2),(10,9,2),(10,8,2),(9,8,2),(9,7,2),(9,6,2),
406:(12,2,0),(12,2,1),(12,3,1),(12,4,1),(12,5,1),(12,6,1),(12,7,1),(12,8,1),
407:(4,12,5),(3,12,5),(2,12,5),(1,12,5),(0,12,5),(0,11,5),(0,10,5),(0,9,5),(0,8,5),(0,8,4),(0,7,4),(0,6,4),(0,6,3),(0,5,3),(0,5,2),(0,4,2),(0,4,2),(0,3,2),(0,2,2),
408:(13,5,1),(12,5,1),(11,5,1),(10,5,1),(9,5,1),(8,5,1),(7,5,1),(7,5,2),(7,4,2),(6,4,2),(5,4,2),(5,3,2),(5,2,2),(5,1,2),(5,0,2),
409:(7,3,4),(6,3,4),(5,3,4),(5,3,3),(5,4,3),(5,4,2),(4,4,2),(3,4,2),(2,4,2),(1,4,2),(1,5,2),(1,6,2),(1,6,2),(1,6,3),(0,6,3),
410:(3,11,0),(2,11,0),(2,10,0),(1,10,0),(1,9,0),(1,8,0),(1,7,0),(1,6,0),(1,5,0),(1,5,1),(1,4,1),(1,4,2),(1,3,2),
411:(7,7,5),(7,6,5),(7,5,5),(8,5,5),(8,5,4),(8,4,4),(9,4,4),(9,3,4),(9,2,4),(8,2,4),(8,1,4),(8,0,4),
412:(5,10,1),(6,10,1),(6,10,2),(6,11,2),(6,11,3),(6,11,4),
413:(14,10,5),(14,10,4),(14,10,3),(13,10,3),(13,10,2),(13,10,1),(13,10,0),(13,11,0),(13,12,0),
414:(12,0,1),(12,0,2),(12,1,2),(12,1,3),(12,2,3),(12,3,3),(12,3,3),(12,3,4),(12,3,5),
415:(9,2,3),(9,3,3),(9,4,3),(9,5,3),(9,6,3),
416:(1,6,4),(2,6,4),(2,6,3),(3,6,3),(4,6,3),(4,7,3),(4,7,2),(4,8,2),(4,8,1),(5,8,1),(5,9,1),(6,9,1),(7,9,1),(8,9,1),(8,10,1),(8,10,0),(8,11,0),(8,12,0),
417:(11,12,5),(11,11,5),(11,11,4),(11,10,4),(11,9,4),(11,8,4),(11,7,4),(11,6,4),(11,6,3),(11,5,3),(12,5,3),(12,4,3),(12,3,3),(12,2,3),(12,2,2),(12,2,1),(12,2,0),
418:(2,11,4),(2,10,4),(2,9,4),(2,9,3),(2,9,2),(2,9,1),(2,8,1),(2,7,1),(2,6,1),(2,6,0),(2,5,0),(2,5,-1),(2,4,-1),(2,3,-1),(2,3,0),(2,2,0),
419:(14,2,5),(13,2,5),(12,2,5),(12,2,4),(11,2,4),(10,2,4),(9,2,4),(8,2,4),(7,2,4),(6,2,4),(5,2,4),(5,2,3),(4,2,3),(3,2,3),(2,2,3),(1,2,3),(0,2,3),(0,3,3),(0,4,3),(0,4,2),(0,5,2),(0,5,1),
420:(3,10,3),(3,9,3),(4,9,3),(5,9,3),(6,9,3),(6,8,3),(7,8,3),(7,7,3),(8,7,3),(8,6,3),(8,5,3),(9,5,3),(9,4,3),(10,4,3),(11,4,3),(12,4,3),(12,4,4),(13,4,4),(14,4,4),(14,3,4),(14,2,4),(14,2,5),
421:(3,0,1),(4,0,1),(4,0,2),(5,0,2),(6,0,2),(6,0,3),(7,0,3),(8,0,3),(8,0,4),(9,0,4),(10,0,4),(11,0,4),(11,0,5),(11,1,5),(11,2,5),(11,3,5),(11,4,5),(12,4,5),(12,5,5),(12,6,5),(12,7,5),
422:(10,9,3),(11,9,3),(11,9,4),(11,8,4),(11,7,4),(11,7,5),(11,6,5),
423:(0,11,5),(1,11,5),(1,11,4),(1,10,4),(1,9,4),(1,8,4),(1,7,4),(1,6,4),(2,6,4),(3,6,4),(4,6,4),(4,5,4),(4,5,4),(4,5,3),(4,4,3),(4,3,3),
424:(14,7,4),(13,7,4),(13,7,3),(13,7,2),(13,7,1),(13,8,1),
425:(8,9,3),(9,9,3),(9,9,2),(9,9,1),(9,9,0),(10,9,0),(11,9,0),(11,10,0),(11,11,0),(11,12,0),(11,12,0),(12,12,0),
426:(12,4,3),(12,4,3),(13,4,3),(12,4,3),(12,5,3),(12,6,3),(12,7,3),
427:(8,2,2),(8,2,3),(8,3,3),(8,3,4),(8,3,5),(8,4,5),(8,5,5),(8,6,5),(8,7,5),(8,7,6),(7,7,6),(6,7,6),(5,7,6),(5,8,6),(5,9,6),(5,10,6),(5,11,6),(5,12,6),(5,12,5),
428:(4,6,5),(5,6,5),(6,6,5),(7,6,5),(8,6,5),(8,7,5),(9,7,5),(10,7,5),(10,7,4),(10,8,4),(10,8,3),(10,8,2),(10,8,1),(10,8,0),(10,9,0),(10,10,0),(10,11,0),(10,12,0),
429:(13,7,3),(12,7,3),(11,7,3),(11,7,3),(11,8,3),(11,9,3),(11,10,3),(11,10,2),(11,10,1),(11,11,1),(10,11,1),(10,12,1),(9,12,1),(9,11,1),
430:(8,9,4),(8,8,4),(8,8,4),(8,7,4),(8,6,4),(7,6,4),(7,6,4),(7,5,4),(7,4,4),(7,3,4),(6,3,4),(5,3,4),(4,3,4),(4,2,4),
431:(10,8,5),(10,9,5),(10,10,5),(10,10,6),(9,10,6),(8,10,6),(8,10,5),
432:(11,11,4),(10,11,4),(9,11,4),(9,11,5),(9,10,5),(9,9,5),(9,8,5),(9,8,5),(8,8,5),(8,7,5),(8,6,5),(8,5,5),(8,5,4),(7,5,4),(7,4,4),(7,3,4),(6,3,4),
433:(2,5,4),(3,5,4),(4,5,4),(5,5,4),(5,5,4),(5,6,4),(6,6,4),(6,6,3),(6,6,3),(6,6,2),(6,5,2),
434:(10,11,2),(9,11,2),(8,11,2),(8,10,2),(7,10,2),(7,10,3),(7,9,3),(7,8,3),(6,8,3),(5,8,3),(5,7,3),(4,7,3),(3,7,3),(3,7,2),(3,6,2),(3,6,2),(3,5,2),(3,4,2),
435:(12,2,5),(12,2,4),(12,2,3),(12,2,2),(12,2,1),(11,2,1),(10,2,1),(9,2,1),(8,2,1),(7,2,1),(7,2,1),(6,2,1),(5,2,1),(5,3,1),(4,3,1),(3,3,1),(2,3,1),
436:(4,0,0),(5,0,0),(5,1,0),(5,2,0),(5,3,0),(5,4,0),(5,4,1),(5,5,1),(5,6,1),(6,6,1),(6,6,2),(6,7,2),(6,8,2),(6,9,2),(7,9,2),(7,9,3),(7,10,3),(7,11,3),(7,12,3),(8,12,3),(8,12,4),(8,13,4),
437:(2,6,3),(3,6,3),(4,6,3),(4,5,3),(4,4,3),(4,3,3),(5,3,3),(5,2,3),(6,2,3),(6,3,3),(7,3,3),(8,3,3),(8,2,3),(8,2,4),(9,2,4),(10,2,4),(11,2,4),(11,1,4),
438:(8,10,5),(8,11,5),(9,11,5),(10,11,5),(11,11,5),(12,11,5),(13,11,5),
439:(9,12,5),(8,12,5),(7,12,5),(6,12,5),(5,12,5),(5,11,5),(5,10,5),(5,9,5),(5,8,5),(5,8,6),(4,8,6),(4,8,5),
440:(5,12,5),(5,12,4),(5,11,4),(5,11,3),(5,10,3),(5,9,3),(5,8,3),(5,7,3),(5,6,3),(6,6,3),(7,6,3),(8,6,3),(8,6,2),(8,5,2),(8,4,2),(8,3,2),(8,2,2),(7,2,2),(7,1,2),(7,0,2),(8,0,2),
441:(12,3,0),(12,3,1),(11,3,1),(11,2,1),(10,2,1),(9,2,1),(8,2,1),(7,2,1),(6,2,1),(6,2,2),(6,2,2),(6,2,3),(6,2,4),(5,2,4),(5,2,5),
442:(0,14,3),(0,14,2),(0,13,2),(0,12,2),(0,12,1),(0,11,1),(0,10,1),(0,9,1),(0,8,1),(0,7,1),(0,6,1),(0,5,1),(0,5,0),(0,4,0),(0,3,0),(0,3,1),(0,2,1),(1,2,1),(1,2,0),
443:(8,13,5),(7,13,5),(6,13,5),(5,13,5),(4,13,5),(3,13,5),(3,13,4),(3,13,3),(2,13,3),(2,13,2),(2,12,2),(2,11,2),(2,10,2),(2,9,2),(2,8,2),
444:(14,3,1),(14,3,2),(14,4,2),(14,5,2),(14,6,2),(14,7,2),(14,8,2),(13,8,2),(12,8,2),(12,9,2),(12,9,3),(12,9,2),(12,10,2),(12,11,2),
445:(14,4,3),(14,4,2),(14,5,2),(14,6,2),(15,6,2),(15,7,2),(15,8,2),(15,9,2),(15,10,2),(15,10,2),(14,10,2),
446:(5,2,2),(6,2,2),(6,1,2),(6,1,3),(6,0,3),(7,0,3),(8,0,3),(8,0,4),(9,0,4),(9,1,4),
447:(5,1,0),(6,1,0),(7,1,0),(8,1,0),(9,1,0),(9,1,1),(10,1,1),(10,0,1),(10,0,2),(10,0,3),(11,0,3),(11,0,3),(11,0,4),(11,0,5),
448:(0,13,3),(1,13,3),(1,12,3),(2,12,3),(2,11,3),(2,11,2),(2,11,1),(2,11,1),(3,11,1),
449:(11,7,2),(12,7,2),(12,8,2),(13,8,2),(14,8,2),(14,9,2),(14,9,3),(14,9,4),(14,10,4),(14,11,4),(14,12,4),(14,13,4),
