soc=5653
lb_soc=4470
makespan=30
lb_makespan=27
comp_time=98910
highLevelExpanded=124
lowLevelExpanded=82333
solution=
0:(12,14,0),(13,14,0),(13,13,0),(13,12,0),(13,12,0),(13,11,0),(13,10,0),(13,9,0),(14,9,0),(14,8,0),(14,7,0),(14,6,0),(14,5,0),(14,4,0),
1:(7,4,2),(8,4,2),(9,4,2),(10,4,2),(11,4,2),(12,4,2),(13,4,2),(14,4,2),
2:(13,9,1),(12,9,1),(12,9,2),(12,9,3),(11,9,3),(11,9,4),(11,8,4),(11,7,4),(10,7,4),(10,6,4),(10,5,4),
3:(9,14,4),(8,14,4),(7,14,4),(6,14,4),(5,14,4),(4,14,4),(3,14,4),(2,14,4),(2,14,3),(2,14,2),(2,14,1),(2,14,0),(2,13,0),(2,12,0),(2,11,0),(2,10,0),(2,9,0),
4:(7,11,0),(6,11,0),(6,11,1),(6,11,2),(6,10,2),(6,9,2),(6,8,2),(6,7,2),(6,6,2),(6,5,2),(6,4,2),
5:(8,10,0),(9,10,0),(10,10,0),(11,10,0),(12,10,0),(13,10,0),(13,10,1),(13,10,2),(13,10,3),(13,10,4),(13,10,5),(13,11,5),(13,12,5),(13,13,5),
6:(11,10,0),(10,10,0),(10,10,1),(9,10,1),(8,10,1),(8,10,2),(8,10,3),(8,9,3),(8,8,3),(8,8,4),(8,7,4),(8,6,4),(8,6,5),
7:(13,13,1),(12,13,1),(11,13,1),(10,13,1),(9,13,1),(8,13,1),(8,13,0),(7,13,0),(6,13,0),(6,12,0),(5,12,0),(4,12,0),(3,12,0),(3,12,0),(2,12,0),(1,12,0),(0,12,0),
8:(5,4,5),(6,4,5),(7,4,5),(7,5,5),(7,6,5),(7,7,5),(7,8,5),(7,9,5),(7,10,5),(7,11,5),(7,12,5),(8,12,5),(8,13,5),(8,14,5),
9:(2,0,0),(3,0,0),(3,0,1),(3,0,2),(3,0,3),(3,0,4),(3,0,5),(3,1,5),
10:(11,12,1),(10,12,1),(9,12,1),(8,12,1),(8,12,2),(8,12,3),(8,12,4),(8,12,5),(8,11,5),
11:(13,4,0),(13,4,1),(13,4,2),(13,4,3),(13,5,3),(13,6,3),
12:(14,5,4),(13,5,4),(12,5,4),(11,5,4),(11,5,5),(11,6,5),(10,6,5),(10,7,5),(10,8,5),(10,9,5),
13:(6,10,4),(5,10,4),(4,10,4),(3,10,4),(3,10,3),(3,10,2),(3,10,1),(3,10,0),
14:(13,12,3),(12,12,3),(11,12,3),(10,12,3),(9,12,3),(9,12,2),(8,12,2),(8,12,1),(7,12,1),(6,12,1),(6,11,1),(6,10,1),(6,9,1),(6,8,1),(6,7,1),(6,6,1),(6,5,1),(6,4,1),(5,4,1),(4,4,1),(4,3,1),(4,2,1),(4,2,0),(4,1,0),
15:(7,0,0),(8,0,0),(9,0,0),(9,0,1),(9,0,2),(9,0,3),(9,0,4),(9,1,4),(9,2,4),(9,3,4),(9,4,4),(9,5,4),(9,6,4),(9,7,4),(9,8,4),(9,9,4),(9,10,4),
16:(8,9,4),(9,9,4),(10,9,4),(10,8,4),
17:(9,1,0),(10,1,0),(11,1,0),(12,1,0),(13,1,0),(13,2,0),(13,3,0),(13,4,0),(13,5,0),(13,6,0),
18:(7,0,5),(6,0,5),(5,0,5),(5,0,4),(5,1,4),(5,1,3),(5,2,3),(5,3,3),(5,4,3),(4,4,3),(4,5,3),(4,6,3),(4,7,3),(4,7,2),(4,8,2),(4,8,1),(4,9,1),(4,10,1),(4,11,1),(3,11,1),(3,12,1),(3,13,1),(3,14,1),(2,14,1),
19:(11,10,5),(10,10,5),(9,10,5),(8,10,5),(7,10,5),(6,10,5),(5,10,5),(4,10,5),(3,10,5),(2,10,5),(2,10,4),(2,10,3),(2,9,3),(2,9,2),(2,8,2),(2,7,2),(2,6,2),(2,5,2),(2,5,1),(2,4,1),(2,3,1),(2,2,1),(2,1,1),
20:(12,2,2),(11,2,2),(10,2,2),(9,2,2),(8,2,2),(7,2,2),(6,2,2),(5,2,2),(4,2,2),(3,2,2),(3,3,2),(3,4,2),(3,5,2),(3,6,2),(3,7,2),
21:(3,11,3),(4,11,3),(5,11,3),(6,11,3),(7,11,3),(8,11,3),(9,11,3),(9,11,4),(9,10,4),(9,10,4),(9,9,4),(9,9,5),(9,8,5),(9,7,5),(9,6,5),(9,5,5),(9,4,5),(10,4,5),(11,4,5),(12,4,5),(13,4,5),(13,3,5),
22:(8,12,5),(7,12,5),(6,12,5),(6,12,4),(5,12,4),(5,12,3),(5,13,3),(5,14,3),
23:(2,5,5),(3,5,5),(4,5,5),(5,5,5),(6,5,5),(7,5,5),(7,5,4),(7,5,3),(7,6,3),(7,7,3),(7,8,3),(7,9,3),
24:(4,6,3),(5,6,3),(6,6,3),(7,6,3),(8,6,3),(9,6,3),(9,6,2),(9,6,1),(9,6,0),(9,7,0),(9,8,0),(9,9,0),(9,10,0),(9,11,0),(9,12,0),(9,13,0),
25:(0,6,4),(1,6,4),(2,6,4),(3,6,4),(4,6,4),(4,6,3),(4,5,3),(4,4,3),(4,3,3),(4,2,3),(4,1,3),
26:(4,6,5),(5,6,5),(6,6,5),(7,6,5),(8,6,5),(8,6,4),(8,6,3),(8,6,2),(8,6,1),(8,6,0),(8,5,0),(8,4,0),
27:(10,1,3),(11,1,3),(12,1,3),(13,1,3),(13,1,4),(13,1,5),(13,2,5),(13,3,5),(13,4,5),(13,5,5),(13,6,5),(13,7,5),(13,8,5),
28:(0,11,2),(1,11,2),(2,11,2),(3,11,2),(3,11,3),(3,11,4),(3,11,5),(3,10,5),(3,9,5),(3,8,5),(3,7,5),(3,6,5),(3,5,5),(3,4,5),
29:(2,14,5),(2,14,5),(2,13,5),(2,13,4),(3,13,4),(3,13,3),(4,13,3),(4,13,2),(4,12,2),(4,11,2),(5,11,2),
30:(3,9,5),(4,9,5),(4,9,4),(4,9,3),(4,9,2),(4,9,1),(4,9,0),(4,10,0),(4,11,0),
31:(11,4,1),(10,4,1),(9,4,1),(8,4,1),(7,4,1),(6,4,1),(5,4,1),(5,5,1),(5,6,1),(4,6,1),(3,6,1),
32:(14,6,1),(13,6,1),(13,6,2),(13,5,2),(13,4,2),(13,3,2),(12,3,2),(12,2,2),(12,1,2),(12,1,3),(12,1,4),
33:(12,10,2),(11,10,2),(10,10,2),(9,10,2),(8,10,2),(7,10,2),(6,10,2),(6,10,3),(6,10,4),(6,10,5),(6,9,5),(6,8,5),(6,7,5),(6,6,5),(6,5,5),(6,4,5),(6,3,5),(6,2,5),(6,1,5),
34:(8,13,5),(7,13,5),(6,13,5),(5,13,5),(4,13,5),(4,13,4),(4,12,4),(4,11,4),(4,10,4),
35:(3,2,0),(4,2,0),(5,2,0),(6,2,0),(7,2,0),(8,2,0),(9,2,0),(10,2,0),(11,2,0),(11,2,1),(11,2,2),(12,2,2),(12,2,3),(12,3,3),(12,4,3),(12,5,3),(12,6,3),(12,7,3),(13,7,3),(13,8,3),(13,9,3),
36:(5,3,0),(6,3,0),(7,3,0),(8,3,0),(9,3,0),(10,3,0),(10,4,0),(10,5,0),(10,6,0),(10,6,1),(11,6,1),(11,7,1),(11,8,1),(11,9,1),(11,10,1),(11,11,1),(11,12,1),(11,13,1),(11,14,1),
37:(6,11,5),(5,11,5),(4,11,5),(4,11,4),(4,11,3),(4,11,2),(4,11,1),(4,11,0),(4,12,0),(4,13,0),(4,14,0),
38:(4,4,3),(5,4,3),(6,4,3),(7,4,3),(7,4,2),(7,4,1),(7,4,0),(7,5,0),(7,6,0),
39:(12,6,4),(11,6,4),(11,5,4),(11,5,3),(11,5,2),(11,4,2),(10,4,2),(9,4,2),(9,3,2),(8,3,2),(8,2,2),(7,2,2),(6,2,2),(5,2,2),(5,2,1),(4,2,1),(3,2,1),(2,2,1),(2,2,0),
40:(14,9,3),(13,9,3),(12,9,3),(11,9,3),(10,9,3),(9,9,3),(8,9,3),(7,9,3),(6,9,3),(5,9,3),(5,9,4),(5,8,4),(5,7,4),(5,6,4),
41:(3,14,1),(2,14,1),(2,14,2),(2,14,3),(2,14,4),(2,13,4),(2,12,4),(2,11,4),(2,10,4),(2,9,4),
42:(11,14,1),(10,14,1),(9,14,1),(8,14,1),(7,14,1),(7,14,2),(7,14,3),(7,14,4),(7,14,5),(7,13,5),
43:(1,14,4),(2,14,4),(2,14,3),(2,13,3),(2,12,3),(2,11,3),(2,11,2),(2,11,1),(2,10,1),(2,9,1),(2,8,1),(2,7,1),(2,6,1),
44:(9,7,0),(9,6,0),(9,5,0),(9,4,0),(9,4,0),(9,3,0),(9,3,0),(9,2,0),(9,1,0),(9,1,1),(9,1,2),(9,1,3),
45:(12,9,3),(11,9,3),(11,9,4),(11,8,4),(11,7,4),(10,7,4),(10,6,4),(10,5,4),(10,4,4),(10,3,4),(10,2,4),(10,1,4),(10,0,4),(9,0,4),(8,0,4),(7,0,4),(6,0,4),(5,0,4),(4,0,4),(3,0,4),
46:(12,12,5),(11,12,5),(11,12,4),(11,12,3),(11,12,2),(11,11,2),(11,10,2),(11,9,2),
47:(7,13,0),(7,13,1),(7,12,1),(7,12,2),(7,11,2),(7,11,2),(7,10,2),
48:(0,14,1),(1,14,1),(2,14,1),(2,13,1),(2,12,1),(2,11,1),(2,10,1),(2,9,1),(2,8,1),(2,7,1),(2,6,1),(2,5,1),(2,4,1),(3,4,1),(4,4,1),(4,3,1),(4,2,1),(5,2,1),(5,1,1),(6,1,1),
49:(6,13,0),(5,13,0),(4,13,0),(3,13,0),(2,13,0),(1,13,0),(0,13,0),(0,13,1),(0,13,2),(0,12,2),(0,11,2),(0,10,2),(0,9,2),(0,8,2),(0,7,2),(0,6,2),(0,5,2),
50:(12,10,4),(12,10,3),(12,10,2),(12,9,2),(12,8,2),(12,7,2),(12,6,2),(12,5,2),(12,4,2),(12,4,1),(12,4,0),(12,3,0),(12,2,0),
51:(6,6,0),(5,6,0),(4,6,0),(3,6,0),(2,6,0),(1,6,0),(1,6,1),(1,5,1),(1,4,1),(1,3,1),(1,2,1),
52:(4,11,1),(3,11,1),(2,11,1),(2,11,2),(2,12,2),
53:(14,2,1),(13,2,1),(12,2,1),(11,2,1),(11,2,2),(11,2,3),(11,2,4),(11,2,5),(11,3,5),(11,4,5),(11,5,5),(11,6,5),
54:(3,2,1),(2,2,1),(1,2,1),(0,2,1),(0,2,2),(0,1,2),
55:(10,5,1),(9,5,1),(8,5,1),(7,5,1),(6,5,1),(5,5,1),(4,5,1),(4,5,2),(3,5,2),(2,5,2),(1,5,2),(0,5,2),(0,5,3),(0,5,4),(0,5,5),(0,6,5),
56:(5,9,1),(4,9,1),(4,9,0),(4,8,0),
57:(11,13,2),(10,13,2),(10,13,1),(10,13,0),(10,12,0),(10,11,0),(10,10,0),(10,9,0),
58:(8,1,3),(7,1,3),(6,1,3),(6,1,2),(6,0,2),
59:(6,14,4),(7,14,4),(7,14,3),(8,14,3),(9,14,3),(10,14,3),(11,14,3),(12,14,3),(12,14,2),(12,13,2),(12,12,2),(12,11,2),(12,10,2),(12,9,2),(12,8,2),(12,7,2),
60:(14,11,2),(13,11,2),(12,11,2),(11,11,2),(11,10,2),(11,9,2),(11,8,2),(11,8,3),(10,8,3),(10,7,3),(10,7,4),(9,7,4),(9,7,5),(9,6,5),(9,5,5),(9,4,5),(9,3,5),
61:(8,6,4),(9,6,4),(9,6,3),(10,6,3),(10,6,2),(10,7,2),(10,8,2),(10,9,2),(10,10,2),(10,11,2),(10,12,2),(10,13,2),
62:(0,1,2),(1,1,2),(2,1,2),(3,1,2),(4,1,2),(5,1,2),(6,1,2),(7,1,2),(8,1,2),(9,1,2),(10,1,2),(10,1,3),(10,2,3),(10,3,3),(10,4,3),(10,5,3),
63:(3,4,1),(4,4,1),(5,4,1),(6,4,1),(6,4,2),(7,4,2),(8,4,2),(8,4,3),(8,5,3),(9,5,3),(9,6,3),(9,7,3),(9,8,3),(9,9,3),(9,10,3),(8,10,3),
64:(13,13,3),(12,13,3),(11,13,3),(10,13,3),(9,13,3),(8,13,3),(7,13,3),(7,12,3),(6,12,3),(5,12,3),(5,11,3),(5,11,3),(4,11,3),(4,11,2),(4,10,2),(3,10,2),(3,9,2),(2,9,2),(2,8,2),(2,7,2),(2,6,2),(1,6,2),(1,5,2),(1,4,2),(1,3,2),(1,2,2),
65:(13,10,4),(12,10,4),(12,10,3),(12,10,2),(12,10,1),(11,10,1),(11,9,1),(11,9,0),(11,8,0),(11,7,0),(10,7,0),(10,6,0),(10,5,0),(9,5,0),(9,4,0),(9,4,-1),(8,4,-1),(7,4,-1),(6,4,-1),(5,4,-1),(5,4,0),
66:(0,0,3),(1,0,3),(2,0,3),(3,0,3),(4,0,3),(5,0,3),(6,0,3),(7,0,3),(8,0,3),(8,0,4),(8,1,4),(8,2,4),(9,2,4),(9,3,4),(9,4,4),(9,5,4),(9,5,5),(9,6,5),(9,7,5),
67:(9,12,4),(10,12,4),(10,12,5),(11,12,5),(12,12,5),(12,11,5),(12,10,5),(12,9,5),(12,8,5),(12,7,5),(12,6,5),(12,5,5),(13,5,5),(13,4,5),(13,3,5),(13,2,5),(13,1,5),(13,0,5),
68:(1,12,3),(2,12,3),(3,12,3),(4,12,3),(4,12,3),(4,11,3),(4,10,3),
69:(11,1,1),(12,1,1),(13,1,1),(14,1,1),(14,2,1),(14,3,1),(14,4,1),(14,5,1),(14,6,1),
70:(3,10,5),(4,10,5),(5,10,5),(6,10,5),(6,10,4),(7,10,4),(7,10,3),(8,10,3),(9,10,3),(9,11,3),(9,11,2),(9,11,1),
71:(7,2,2),(6,2,2),(5,2,2),(4,2,2),(3,2,2),(2,2,2),(1,2,2),(1,2,3),(1,2,4),(1,3,4),(1,4,4),(1,5,4),(1,6,4),(1,7,4),(1,8,4),(1,9,4),(1,9,5),(1,10,5),(1,11,5),(1,12,5),(0,12,5),
72:(2,11,2),(2,11,3),(1,11,3),(0,11,3),(0,11,4),(0,10,4),(0,9,4),(0,8,4),(0,7,4),(0,6,4),(0,5,4),(0,4,4),(0,3,4),(0,3,5),
73:(9,0,4),(10,0,4),(11,0,4),(11,1,4),(11,2,4),(11,3,4),(11,3,3),(11,4,3),(11,5,3),(11,6,3),(11,7,3),(11,8,3),(11,9,3),(11,10,3),(11,11,3),
74:(8,0,4),(9,0,4),(10,0,4),(11,0,4),(12,0,4),(13,0,4),(14,0,4),(14,0,3),(14,1,3),(14,2,3),(14,3,3),
75:(4,5,1),(5,5,1),(5,5,2),(5,4,2),(5,3,2),(5,2,2),(5,1,2),
76:(0,7,2),(1,7,2),(2,7,2),(3,7,2),(4,7,2),(5,7,2),(6,7,2),(6,6,2),(6,5,2),(6,4,2),(6,3,2),
77:(4,3,2),(5,3,2),(6,3,2),(7,3,2),(8,3,2),(9,3,2),(10,3,2),(11,3,2),(12,3,2),(12,3,1),(12,4,1),(12,5,1),(12,6,1),(12,7,1),(11,7,1),(11,7,1),(11,8,1),(11,9,1),(11,10,1),(11,11,1),(12,11,1),
78:(12,3,5),(13,3,5),(13,3,4),(13,3,3),(13,2,3),(13,1,3),
79:(14,8,1),(13,8,1),(12,8,1),(11,8,1),(10,8,1),(9,8,1),(8,8,1),(7,8,1),(6,8,1),(5,8,1),(4,8,1),(3,8,1),(2,8,1),(1,8,1),(1,7,1),(1,6,1),
80:(8,5,1),(7,5,1),(6,5,1),(5,5,1),(4,5,1),(4,6,1),(3,6,1),(3,7,1),(3,8,1),(3,9,1),(3,10,1),(2,10,1),(2,10,0),(2,11,0),(1,11,0),
81:(8,11,3),(9,11,3),(10,11,3),(11,11,3),(12,11,3),(12,11,4),(12,11,5),(12,12,5),
82:(11,14,3),(10,14,3),(9,14,3),(9,13,3),(8,13,3),(7,13,3),(6,13,3),
83:(2,8,4),(1,8,4),(1,9,4),(1,10,4),(1,11,4),(1,12,4),
84:(5,10,3),(4,10,3),(3,10,3),(2,10,3),(1,10,3),(1,11,3),(1,12,3),(1,13,3),(1,14,3),
85:(9,13,2),(9,12,2),(10,12,2),(11,12,2),(12,12,2),(12,12,1),(13,12,1),(13,12,0),(13,11,0),(13,10,0),(13,9,0),
86:(6,5,3),(5,5,3),(4,5,3),(3,5,3),(2,5,3),(2,5,2),(1,5,2),(0,5,2),(0,5,1),(0,5,0),(0,4,0),(0,3,0),(0,2,0),
87:(4,1,0),(4,1,1),(4,2,1),(4,3,1),(4,4,1),(4,5,1),(4,6,1),(4,7,1),(4,8,1),(4,9,1),(5,9,1),(5,9,1),(5,10,1),(6,10,1),
88:(11,1,4),(10,1,4),(9,1,4),(8,1,4),(7,1,4),(6,1,4),(6,1,3),(6,2,3),
89:(1,11,2),(2,11,2),(3,11,2),(4,11,2),(5,11,2),(6,11,2),(7,11,2),(8,11,2),(9,11,2),(9,11,1),(10,11,1),(11,11,1),(12,11,1),(12,10,1),
90:(1,9,2),(2,9,2),(3,9,2),(4,9,2),(5,9,2),(5,9,2),(6,9,2),(6,9,2),(6,9,1),(7,9,1),(8,9,1),(9,9,1),(9,10,1),(10,10,1),(10,10,2),
91:(10,8,3),(9,8,3),(8,8,3),(7,8,3),(6,8,3),(5,8,3),(4,8,3),(3,8,3),(2,8,3),(1,8,3),(0,8,3),(0,9,3),(0,10,3),(0,10,4),(0,11,4),(0,12,4),(0,12,5),(0,13,5),
92:(5,2,0),(6,2,0),(7,2,0),(7,2,1),(7,1,1),(7,1,1),(7,1,2),(8,1,2),(9,1,2),(9,1,3),(9,1,4),
93:(0,9,1),(1,9,1),(2,9,1),(3,9,1),(4,9,1),(5,9,1),(6,9,1),(7,9,1),(8,9,1),(9,9,1),(9,8,1),(10,8,1),(10,7,1),(11,7,1),(11,6,1),
94:(13,2,4),(12,2,4),(11,2,4),(10,2,4),(9,2,4),(8,2,4),(8,2,3),(8,2,2),(8,2,1),(8,2,0),(8,3,0),
95:(5,1,3),(6,1,3),(6,1,4),(6,2,4),(6,3,4),(6,4,4),(7,4,4),(7,5,4),(7,6,4),(7,7,4),(7,8,4),(7,9,4),(7,10,4),(7,11,4),(7,12,4),(7,13,4),(7,14,4),(7,14,5),
96:(6,4,1),(7,4,1),(7,4,0),(7,5,0),(7,6,0),(7,7,0),(7,8,0),(7,9,0),(7,10,0),(7,11,0),(7,12,0),
97:(9,7,5),(8,7,5),(7,7,5),(6,7,5),(5,7,5),(4,7,5),(3,7,5),(2,7,5),(1,7,5),(1,7,4),(1,8,4),(1,9,4),(1,10,4),(1,10,3),(1,11,3),(1,12,3),(1,12,2),(1,13,2),
98:(8,12,4),(7,12,4),(6,12,4),(5,12,4),(4,12,4),(3,12,4),(3,12,3),(2,12,3),(1,12,3),(0,12,3),
99:(11,0,0),(10,0,0),(10,0,1),(10,0,2),(10,0,3),(10,0,4),(10,0,5),(9,0,5),(8,0,5),(8,1,5),
100:(3,9,2),(4,9,2),(4,9,1),(4,9,0),(4,10,0),(4,10,0),(5,10,0),(6,10,0),(6,10,0),(7,10,0),(8,10,0),(9,10,0),(10,10,0),(11,10,0),(11,11,0),(11,12,0),(12,12,0),(13,12,0),
101:(0,4,4),(1,4,4),(2,4,4),(3,4,4),(4,4,4),(5,4,4),(6,4,4),(7,4,4),(8,4,4),(9,4,4),(10,4,4),(11,4,4),(12,4,4),(12,4,3),(13,4,3),(14,4,3),(14,5,3),(14,6,3),(14,7,3),(14,8,3),(14,9,3),(14,10,3),(14,10,2),(14,11,2),(14,12,2),(14,13,2),
102:(1,11,5),(2,11,5),(3,11,5),(4,11,5),(5,11,5),(6,11,5),(6,10,5),(6,9,5),(6,8,5),(7,8,5),(7,7,5),(7,6,5),
103:(3,4,5),(4,4,5),(5,4,5),(6,4,5),(7,4,5),(7,4,6),(8,4,6),(9,4,6),(10,4,6),(10,5,6),(10,6,6),(10,7,6),(10,8,6),(10,9,6),(10,10,6),(10,10,5),(10,11,5),(10,12,5),(10,13,5),(10,13,4),
104:(4,10,0),(5,10,0),(6,10,0),(7,10,0),(8,10,0),(9,10,0),(9,9,0),(9,8,0),(10,8,0),(11,8,0),(11,7,0),(11,6,0),(11,5,0),(12,5,0),(13,5,0),(13,4,0),(13,4,1),(13,3,1),
105:(0,0,0),(1,0,0),(2,0,0),(3,0,0),(4,0,0),(5,0,0),(6,0,0),(7,0,0),(8,0,0),(9,0,0),(10,0,0),(11,0,0),(12,0,0),(12,1,0),
106:(13,2,2),(12,2,2),(11,2,2),(10,2,2),(9,2,2),(9,2,3),
107:(13,1,3),(12,1,3),(12,1,4),(12,2,4),(12,3,4),(12,4,4),(11,4,4),(10,4,4),(9,4,4),(9,5,4),(8,5,4),(8,5,3),(7,5,3),(6,5,3),(6,5,4),(6,6,4),(6,7,4),(5,7,4),(5,8,4),(4,8,4),(4,9,4),(3,9,4),(3,10,4),
108:(8,7,2),(7,7,2),(7,8,2),(7,9,2),
109:(10,2,5),(9,2,5),(8,2,5),(8,1,5),(7,1,5),(6,1,5),(6,0,5),(5,0,5),(4,0,5),(4,0,6),(3,0,6),(2,0,6),(1,0,6),(1,0,5),
110:(1,7,3),(1,6,3),(1,5,3),
111:(4,7,1),(3,7,1),(2,7,1),(1,7,1),(0,7,1),(0,6,1),
112:(0,6,5),(1,6,5),(1,5,5),(1,4,5),(1,3,5),(1,2,5),(1,1,5),
113:(13,3,4),(12,3,4),(11,3,4),(10,3,4),(9,3,4),(9,3,3),(9,4,3),(9,5,3),(9,6,3),(9,7,3),(9,8,3),(9,9,3),(9,10,3),(9,11,3),(9,11,2),(9,12,2),(9,12,1),(9,13,1),
114:(4,6,2),(5,6,2),(6,6,2),(7,6,2),(8,6,2),(9,6,2),(10,6,2),(11,6,2),(12,6,2),(13,6,2),(13,6,1),(13,5,1),
115:(5,3,4),(4,3,4),(4,3,5),(4,2,5),(4,1,5),(4,0,5),(4,0,5),(3,0,5),
116:(6,3,0),(7,3,0),(8,3,0),(9,3,0),(10,3,0),(11,3,0),(12,3,0),(13,3,0),(13,3,1),(14,3,1),(14,2,1),
117:(5,11,3),(6,11,3),(6,11,4),(6,10,4),(6,9,4),(6,8,4),(6,7,4),(6,6,4),(6,5,4),(7,5,4),
118:(11,10,4),(10,10,4),(9,10,4),(8,10,4),(7,10,4),(7,10,3),(6,10,3),(5,10,3),(5,10,2),(4,10,2),(3,10,2),(2,10,2),
119:(5,4,3),(5,4,2),(4,4,2),(3,4,2),(2,4,2),(1,4,2),(0,4,2),(0,4,1),(0,3,1),(0,2,1),(0,1,1),(0,0,1),
120:(13,1,0),(12,1,0),(12,1,1),(11,1,1),(10,1,1),(9,1,1),(8,1,1),(7,1,1),(6,1,1),(5,1,1),(4,1,1),(3,1,1),(2,1,1),(1,1,1),(0,1,1),(0,2,1),(0,2,2),(0,3,2),(0,3,3),(0,3,4),(0,4,4),(0,5,4),(0,6,4),(0,7,4),(0,7,5),
121:(9,7,3),(10,7,3),(11,7,3),(12,7,3),(13,7,3),(13,8,3),(13,9,3),(13,10,3),(13,11,3),(13,12,3),
122:(4,5,2),(5,5,2),(5,5,3),(5,5,4),
123:(10,14,0),(9,14,0),(8,14,0),(7,14,0),(6,14,0),(6,13,0),(6,12,0),(6,12,1),(6,11,1),(5,11,1),(4,11,1),(4,10,1),(4,9,1),(4,8,1),(4,7,1),(4,6,1),
124:(2,8,1),(3,8,1),(4,8,1),(5,8,1),(6,8,1),(7,8,1),(7,8,2),(8,8,2),(9,8,2),(10,8,2),(11,8,2),(12,8,2),(13,8,2),(13,8,3),(13,8,4),
125:(13,7,1),(12,7,1),(11,7,1),(11,7,0),(11,6,0),(11,5,0),(11,4,0),(11,3,0),
126:(0,2,4),(1,2,4),(2,2,4),(3,2,4),(3,2,3),(3,3,3),(3,4,3),(3,5,3),(3,6,3),(3,7,3),(3,8,3),(3,9,3),(3,10,3),(3,11,3),(3,12,3),
127:(1,14,3),(1,14,2),(1,14,1),(1,13,1),(1,12,1),(1,11,1),(1,10,1),
128:(6,1,5),(7,1,5),(8,1,5),(9,1,5),(10,1,5),(10,1,4),(10,1,3),(10,1,2),(10,1,1),(10,1,0),(10,2,0),(10,3,0),(10,4,0),(10,5,0),(10,6,0),
129:(10,14,5),(9,14,5),(8,14,5),(7,14,5),(6,14,5),(5,14,5),(4,14,5),(3,14,5),(2,14,5),(2,14,4),(2,13,4),(2,12,4),(2,11,4),
130:(8,12,0),(7,12,0),(6,12,0),(5,12,0),(4,12,0),(3,12,0),(2,12,0),(1,12,0),(0,12,0),(0,12,1),(0,12,2),(0,11,2),(0,11,3),(0,10,3),(0,9,3),(0,8,3),(0,7,3),(0,6,3),
131:(9,6,4),(9,6,3),(8,6,3),(8,6,2),(8,5,2),(7,5,2),(6,5,2),(5,5,2),(4,5,2),(3,5,2),(2,5,2),(2,4,2),
132:(1,12,1),(2,12,1),(3,12,1),(4,12,1),(5,12,1),(5,12,2),(5,11,2),(5,10,2),(5,9,2),(5,8,2),(5,7,2),(5,6,2),(5,5,2),(5,4,2),(5,3,2),(5,2,2),
133:(5,13,2),(6,13,2),(7,13,2),(8,13,2),(9,13,2),(10,13,2),(11,13,2),(12,13,2),(13,13,2),(14,13,2),(14,12,2),(14,11,2),(14,10,2),(14,10,3),(14,9,3),(14,8,3),(14,8,4),(14,7,4),(14,6,4),(14,5,4),
134:(12,13,1),(11,13,1),(11,13,2),(10,13,2),(10,13,3),(9,13,3),(8,13,3),(8,13,4),(8,12,4),(8,11,4),(8,10,4),(8,9,4),(8,8,4),(8,7,4),(8,6,4),(8,5,4),(8,4,4),
135:(10,13,3),(9,13,3),(8,13,3),(7,13,3),(6,13,3),(6,12,3),(6,11,3),(6,11,3),(6,10,3),(6,9,3),(5,9,3),(4,9,3),(4,8,3),(4,7,3),(4,6,3),(4,5,3),(4,4,3),
136:(2,8,0),(3,8,0),(4,8,0),(5,8,0),(6,8,0),(7,8,0),(8,8,0),(8,8,1),(9,8,1),(10,8,1),(11,8,1),(11,8,2),(11,8,3),(11,8,4),
137:(3,9,3),(4,9,3),(5,9,3),(6,9,3),(6,9,2),(6,9,1),(7,9,1),(8,9,1),(9,9,1),(9,10,1),(10,10,1),(10,11,1),(10,12,1),(10,13,1),
138:(1,2,2),(2,2,2),(3,2,2),(3,2,3),(4,2,3),(5,2,3),(6,2,3),(7,2,3),(8,2,3),(8,2,4),(9,2,4),(10,2,4),(11,2,4),(11,2,5),(12,2,5),(12,3,5),(12,4,5),(12,5,5),(12,6,5),(12,7,5),(12,8,5),(12,9,5),
139:(7,7,4),(8,7,4),(9,7,4),(10,7,4),(10,7,3),(10,6,3),
140:(1,3,2),(2,3,2),(3,3,2),(4,3,2),(4,3,3),(5,3,3),(6,3,3),(6,4,3),(6,5,3),(7,5,3),(7,6,3),(7,6,4),(7,6,4),(7,7,4),(8,7,4),(8,8,4),(9,8,4),(9,9,4),(10,9,4),(11,9,4),(12,9,4),(13,9,4),(13,10,4),
141:(8,8,4),(8,8,5),
142:(11,4,2),(10,4,2),(10,5,2),(10,6,2),(10,7,2),(10,8,2),(10,8,3),(10,9,3),(10,10,3),(10,11,3),(10,12,3),(10,13,3),(10,14,3),
143:(13,14,4),(13,13,4),(13,12,4),(13,11,4),(13,10,4),(13,9,4),(13,8,4),(13,7,4),(13,6,4),
144:(11,8,5),(12,8,5),(13,8,5),(13,8,4),(13,7,4),(13,6,4),(13,5,4),(13,4,4),
145:(7,5,5),(6,5,5),(5,5,5),(5,6,5),(4,6,5),(3,6,5),(3,6,4),(3,6,3),(3,6,2),(3,7,2),(3,8,2),(3,9,2),(3,9,1),(3,10,1),
146:(7,14,0),(7,13,0),(7,12,0),(7,12,-1),(7,11,-1),(7,10,-1),(7,9,-1),(7,8,-1),(7,7,-1),(7,6,-1),(7,5,-1),(7,5,0),(7,5,1),(7,5,2),(6,5,2),(6,5,3),
147:(5,12,3),(6,12,3),(7,12,3),(8,12,3),(8,12,4),(9,12,4),(10,12,4),(11,12,4),(12,12,4),(13,12,4),(13,11,4),(13,10,4),(13,9,4),(14,9,4),
148:(0,5,1),(1,5,1),(1,5,2),(1,4,2),(1,4,3),(1,4,4),(1,4,5),(1,3,5),(1,2,5),
149:(9,3,4),(8,3,4),(7,3,4),(6,3,4),(5,3,4),(4,3,4),
150:(12,10,0),(13,10,0),(14,10,0),
151:(2,2,0),(1,2,0),(1,3,0),(1,3,1),(1,3,2),(1,3,3),(1,3,4),(1,4,4),(1,5,4),(1,6,4),(1,7,4),(1,8,4),(1,9,4),(1,10,4),
152:(1,1,3),(2,1,3),(2,2,3),(2,2,4),(2,2,5),(2,3,5),(2,4,5),(2,5,5),(2,6,5),(2,7,5),(2,8,5),(3,8,5),(3,9,5),(4,9,5),(5,9,5),(6,9,5),(7,9,5),(7,10,5),(7,11,5),(7,12,5),(8,12,5),(8,13,5),
153:(10,1,5),(9,1,5),(9,2,5),(8,2,5),(7,2,5),(7,2,4),(7,2,3),(7,2,2),(7,3,2),(7,4,2),
154:(12,6,1),(11,6,1),(10,6,1),(9,6,1),(8,6,1),(8,6,0),(8,7,0),(8,8,0),(8,9,0),(8,10,0),(8,11,0),
155:(7,9,5),(6,9,5),(5,9,5),(5,9,4),(5,9,3),(5,9,3),(5,9,2),(5,9,1),(5,8,1),(5,7,1),(5,6,1),(5,6,0),(5,5,0),(5,4,0),(5,3,0),(5,2,0),(4,2,0),(3,2,0),
156:(12,7,1),(12,7,0),(13,7,0),(14,7,0),(14,6,0),(14,5,0),(14,4,0),(14,3,0),
157:(2,7,2),(3,7,2),(4,7,2),(5,7,2),(5,7,3),(5,6,3),(5,5,3),(5,4,3),(5,4,4),
158:(5,8,1),(5,8,2),(5,7,2),(5,6,2),(5,5,2),(5,4,2),(6,4,2),(6,4,1),(6,3,1),(6,2,1),(7,2,1),(8,2,1),(8,1,1),
159:(0,9,4),(1,9,4),(2,9,4),(3,9,4),(4,9,4),(5,9,4),(6,9,4),(7,9,4),(8,9,4),(9,9,4),(10,9,4),(11,9,4),(11,8,4),(11,7,4),(11,7,3),
160:(1,8,4),(1,8,3),(2,8,3),(3,8,3),(4,8,3),(4,8,2),(5,8,2),(6,8,2),(7,8,2),(7,8,1),(7,9,1),(8,9,1),(9,9,1),(9,10,1),(10,10,1),(11,10,1),(11,9,1),(12,9,1),
161:(1,11,4),(2,11,4),(3,11,4),(3,11,3),(3,12,3),(4,12,3),(5,12,3),(5,12,2),(5,12,1),
162:(2,5,1),(2,5,2),(2,5,3),(2,4,3),
163:(13,10,0),(13,9,0),(12,9,0),(11,9,0),(10,9,0),(9,9,0),(8,9,0),(8,9,0),(7,9,0),(6,9,0),(5,9,0),(4,9,0),(3,9,0),
164:(2,12,1),(2,12,0),(1,12,0),(1,11,0),(1,10,0),
165:(11,11,1),(11,10,1),(11,9,1),(11,9,1),(11,8,1),(10,8,1),(9,8,1),(9,7,1),(9,6,1),(9,6,1),(8,6,1),(7,6,1),
166:(14,1,5),(13,1,5),(12,1,5),(11,1,5),(11,1,5),(10,1,5),(9,1,5),(8,1,5),(7,1,5),(6,1,5),(5,1,5),(4,1,5),(4,1,4),(3,1,4),(3,1,3),(3,1,2),
167:(4,0,5),(5,0,5),(5,0,4),(6,0,4),(7,0,4),(8,0,4),(8,1,4),(8,2,4),(8,3,4),(8,3,3),(8,4,3),(9,4,3),(9,5,3),(9,6,3),(9,7,3),(10,7,3),(10,8,3),(11,8,3),(11,9,3),(11,10,3),(10,10,3),(10,11,3),(10,12,3),(11,12,3),
168:(11,11,5),(12,11,5),(13,11,5),(14,11,5),(14,11,4),(14,11,3),
169:(11,1,3),(11,2,3),(10,2,3),(9,2,3),(9,2,3),(8,2,3),(8,3,3),(7,3,3),(6,3,3),(5,3,3),(4,3,3),(4,4,3),(4,5,3),(3,5,3),(3,6,3),(3,7,3),(3,8,3),(3,8,4),(3,9,4),(3,9,5),(3,10,5),(3,11,5),(2,11,5),(2,12,5),
170:(5,9,0),(5,9,1),(5,10,1),(5,10,2),(5,10,3),(6,10,3),(6,10,4),(6,11,4),(7,11,4),(7,11,4),(8,11,4),(9,11,4),(10,11,4),
171:(14,6,4),(13,6,4),(12,6,4),(11,6,4),(10,6,4),(9,6,4),(8,6,4),(7,6,4),(6,6,4),(6,6,3),(6,6,2),(6,6,1),(6,5,1),(6,4,1),(5,4,1),(5,3,1),
172:(10,2,2),(9,2,2),(8,2,2),(7,2,2),(7,2,1),(7,2,0),(7,3,0),
173:(10,8,1),(10,8,2),(10,8,3),(10,7,3),(10,6,3),(10,5,3),(10,4,3),(10,4,3),(10,4,3),(11,4,3),
174:(12,0,5),(13,0,5),(13,1,5),(13,2,5),(13,3,5),(13,4,5),(13,5,5),(13,5,5),(13,5,4),
175:(1,14,1),(1,13,1),(2,13,1),(3,13,1),(4,13,1),(5,13,1),(6,13,1),(6,13,2),(7,13,2),(8,13,2),(9,13,2),(9,13,3),(10,13,3),(11,13,3),(12,13,3),(12,13,4),(12,12,4),(13,12,4),
176:(8,7,4),(9,7,4),(9,7,3),(9,6,3),(9,6,2),(9,6,1),(9,6,0),(9,5,0),(9,4,0),(9,3,0),(9,2,0),
177:(3,8,5),(4,8,5),(5,8,5),(6,8,5),(7,8,5),(7,8,4),(8,8,4),(9,8,4),(9,8,3),(10,8,3),(10,9,3),
178:(14,10,4),(13,10,4),(12,10,4),(11,10,4),(11,9,4),(11,8,4),(11,7,4),(11,6,4),(11,5,4),(11,4,4),(11,3,4),(11,3,5),(11,2,5),(11,1,5),(11,0,5),
179:(2,5,2),(2,5,3),(2,6,3),(2,7,3),(2,8,3),(2,9,3),(2,10,3),(2,11,3),(2,12,3),(2,13,3),(2,14,3),(2,14,4),
180:(12,7,4),(11,7,4),(11,8,4),(11,8,3),(10,8,3),(9,8,3),(8,8,3),(7,8,3),(6,8,3),(5,8,3),(4,8,3),(3,8,3),(2,8,3),(2,8,2),(2,8,1),
181:(5,12,5),(6,12,5),(6,11,5),(7,11,5),(8,11,5),(9,11,5),(9,10,5),(9,9,5),(9,8,5),(9,7,5),(10,7,5),(10,6,5),(10,5,5),(10,4,5),(10,3,5),
182:(14,11,5),(14,11,4),(14,11,3),(14,11,2),(14,10,2),(14,9,2),
183:(13,2,5),(12,2,5),(11,2,5),(10,2,5),(9,2,5),(8,2,5),(7,2,5),(6,2,5),(5,2,5),(4,2,5),(4,2,4),(4,2,3),(4,3,3),(4,4,3),(4,5,3),(3,5,3),(3,6,3),(3,7,3),(3,8,3),(3,8,2),(3,9,2),(3,10,2),(3,10,3),
184:(9,5,3),(8,5,3),(7,5,3),(6,5,3),(5,5,3),(4,5,3),(4,4,3),(4,3,3),(3,3,3),(2,3,3),(2,2,3),
185:(4,9,5),(5,9,5),(5,9,6),(6,9,6),(7,9,6),(8,9,6),(9,9,6),(10,9,6),(11,9,6),(12,9,6),(13,9,6),(14,9,6),(14,9,5),(14,8,5),(14,7,5),
186:(3,13,3),(4,13,3),(4,13,4),(4,13,5),(4,12,5),(4,11,5),(4,10,5),(4,9,5),(4,8,5),(4,7,5),
187:(2,3,0),(3,3,0),(4,3,0),(5,3,0),(6,3,0),(7,3,0),(8,3,0),(9,3,0),(10,3,0),(10,3,1),(11,3,1),(12,3,1),(13,3,1),(14,3,1),(14,4,1),(14,5,1),(14,5,2),(14,5,3),(14,6,3),(14,7,3),(14,7,4),(14,8,4),(14,8,5),
188:(11,5,2),(10,5,2),(9,5,2),(8,5,2),(7,5,2),(6,5,2),(6,5,3),(6,6,3),(6,7,3),
189:(8,7,3),(7,7,3),(6,7,3),(5,7,3),(5,7,4),(5,7,5),(5,7,5),(5,7,5),(5,7,6),(5,7,5),
190:(6,14,3),(5,14,3),(4,14,3),(3,14,3),(3,14,4),(3,13,4),(3,12,4),(3,11,4),(3,10,4),(3,9,4),(3,8,4),(2,8,4),(2,7,4),(2,6,4),(2,5,4),(2,4,4),(2,3,4),(2,2,4),(2,1,4),
191:(14,8,0),(13,8,0),(12,8,0),(11,8,0),(11,9,0),(11,10,0),(11,10,1),(10,10,1),(9,10,1),(8,10,1),(8,10,2),(8,11,2),(8,12,2),
192:(6,13,4),(5,13,4),(5,13,5),(5,12,5),
193:(0,6,1),(1,6,1),(2,6,1),(3,6,1),(4,6,1),(5,6,1),(5,6,2),(5,6,3),
194:(5,2,4),(6,2,4),(7,2,4),(8,2,4),(8,2,3),(8,2,2),(8,2,1),(9,2,1),(9,3,1),(9,4,1),(9,4,0),(9,5,0),(9,6,0),(9,7,0),
195:(7,6,0),(8,6,0),(9,6,0),(9,7,0),(9,7,1),(9,7,2),(9,8,2),(9,9,2),(9,10,2),
196:(11,13,5),(10,13,5),(9,13,5),(8,13,5),(7,13,5),(6,13,5),(5,13,5),(5,13,4),(4,13,4),(4,13,3),(4,13,2),(4,12,2),(4,11,2),(4,10,2),(4,9,2),(4,8,2),(4,7,2),
197:(6,2,0),(6,2,1),(5,2,1),(4,2,1),(3,2,1),(2,2,1),(2,3,1),(2,4,1),(2,4,1),(2,5,1),(1,5,1),(1,6,1),(1,7,1),(0,7,1),(0,8,1),(0,9,1),(0,10,1),(0,11,1),(0,12,1),
198:(0,9,5),(1,9,5),(2,9,5),(3,9,5),(3,8,5),(4,8,5),(4,7,5),(4,6,5),(4,5,5),(4,4,5),(4,3,5),(4,2,5),
199:(5,3,1),(6,3,1),(7,3,1),(8,3,1),(9,3,1),(9,4,1),(9,4,2),(9,4,3),(9,5,3),(9,6,3),(9,7,3),(9,8,3),(9,9,3),(9,10,3),(9,11,3),(9,12,3),(9,13,3),
200:(13,9,2),(12,9,2),(11,9,2),(11,8,2),(11,7,2),(11,6,2),(11,5,2),(10,5,2),(10,4,2),(10,4,1),(10,3,1),(10,2,1),(9,2,1),(8,2,1),(7,2,1),(6,2,1),(6,2,0),(6,1,0),
201:(4,7,2),(5,7,2),(6,7,2),(7,7,2),(8,7,2),(8,8,2),(8,9,2),(8,10,2),(8,11,2),(9,11,2),(10,11,2),(11,11,2),(12,11,2),(12,12,2),(12,13,2),
202:(7,3,3),(6,3,3),(5,3,3),(4,3,3),(3,3,3),(2,3,3),(1,3,3),(0,3,3),(0,3,2),(0,3,1),(0,4,1),(0,5,1),(0,5,0),(0,6,0),(0,7,0),
203:(9,8,0),(10,8,0),(10,8,1),(10,7,1),(11,7,1),(11,6,1),(11,5,1),
204:(6,8,2),(7,8,2),(8,8,2),(9,8,2),(10,8,2),(11,8,2),(11,8,1),(11,8,0),(11,7,0),(11,6,0),(11,5,0),(11,4,0),
205:(10,14,1),(9,14,1),(8,14,1),(7,14,1),(6,14,1),(6,14,2),(5,14,2),(4,14,2),(3,14,2),(3,14,3),(3,14,4),(3,13,4),
206:(7,1,3),(7,1,2),(8,1,2),(8,1,1),(8,2,1),(8,3,1),(8,4,1),
207:(3,8,2),(2,8,2),(1,8,2),(1,7,2),(1,6,2),(1,5,2),(1,4,2),(1,3,2),(1,2,2),(1,1,2),(1,0,2),(0,0,2),
208:(6,1,3),(6,1,2),(7,1,2),(8,1,2),(8,1,1),(8,1,0),(8,2,0),(8,3,0),(8,4,0),(8,5,0),(9,5,0),(9,6,0),(10,6,0),(10,7,0),(10,8,0),(11,8,0),(11,9,0),
209:(0,2,5),(1,2,5),(2,2,5),(3,2,5),(4,2,5),(5,2,5),(6,2,5),(6,2,4),(7,2,4),(7,2,3),(8,2,3),(8,2,2),(8,2,1),(8,2,2),(8,2,1),(9,2,1),
210:(12,10,5),(12,9,5),(12,8,5),(12,7,5),(12,6,5),(12,5,5),(11,5,5),(11,4,5),(10,4,5),(10,3,5),(10,2,5),(10,2,5),(10,2,4),(9,2,4),(8,2,4),(8,1,4),(7,1,4),
211:(3,12,1),(4,12,1),(5,12,1),(6,12,1),(7,12,1),(8,12,1),(8,11,1),(8,10,1),(8,10,2),(8,9,2),(8,8,2),(8,7,2),(8,6,2),(8,5,2),(8,4,2),(8,3,2),(9,3,2),(10,3,2),(11,3,2),(11,2,2),(11,2,3),(11,1,3),(11,0,3),(11,0,2),
212:(11,4,5),(10,4,5),(9,4,5),(9,4,4),(8,4,4),(7,4,4),(7,4,3),(7,4,2),(7,5,2),(7,6,2),(7,7,2),(6,7,2),(5,7,2),(5,7,1),(5,8,1),(5,9,1),(5,9,0),
213:(5,11,1),(4,11,1),(3,11,1),(3,12,1),(3,13,1),(3,13,2),(2,13,2),(1,13,2),(1,13,3),(1,13,4),(1,13,5),(1,14,5),
214:(0,1,1),(1,1,1),(2,1,1),(3,1,1),(4,1,1),(5,1,1),(6,1,1),(6,2,1),(7,2,1),(7,3,1),(8,3,1),(9,3,1),(9,4,1),(9,5,1),(9,6,1),
215:(5,8,0),(6,8,0),(7,8,0),(8,8,0),(8,8,1),(8,7,1),(9,7,1),(9,7,2),(9,7,2),(9,8,2),
216:(12,11,5),(12,10,5),(11,10,5),(10,10,5),(9,10,5),(9,9,5),(9,8,5),(9,7,5),(8,7,5),(7,7,5),(7,6,5),(7,5,5),
217:(14,1,4),(13,1,4),(13,2,4),(13,2,4),(12,2,4),(11,2,4),(10,2,4),(9,2,4),(8,2,4),(7,2,4),(6,2,4),(5,2,4),(4,2,4),(3,2,4),(2,2,4),(1,2,4),(1,3,4),
218:(8,8,0),(7,8,0),(7,7,0),(6,7,0),(5,7,0),(4,7,0),(4,6,0),(4,6,1),(4,6,2),(4,6,3),(3,6,3),(3,5,3),(3,4,3),
219:(3,13,4),(4,13,4),(5,13,4),(5,13,3),(5,13,2),(6,13,2),(6,12,2),(6,11,2),(6,10,2),(6,10,1),(6,9,1),(6,8,1),(6,7,1),(6,6,1),(6,5,1),(7,5,1),(7,4,1),(7,3,1),(8,3,1),(9,3,1),(10,3,1),(11,3,1),(12,3,1),(12,3,0),(13,3,0),(13,2,0),(14,2,0),(14,1,0),
220:(2,1,5),(3,1,5),(4,1,5),(5,1,5),(5,2,5),(5,3,5),(5,4,5),(5,5,5),(5,6,5),(5,6,4),(5,7,4),(5,7,3),(5,8,3),(5,8,2),(5,9,2),(5,10,2),
221:(5,7,2),(5,7,1),(5,8,1),(5,9,1),(5,9,0),(5,10,0),(5,11,0),(5,12,0),(5,13,0),(5,13,0),(4,13,0),
222:(2,14,1),(2,13,1),(2,12,1),(2,12,0),(2,11,0),(2,10,0),(2,9,0),(2,8,0),(2,7,0),(2,6,0),(2,5,0),(2,4,0),(2,3,0),(2,2,0),(2,2,1),(2,1,1),(2,0,1),
223:(10,5,3),(9,5,3),(8,5,3),(7,5,3),(7,6,3),(7,6,2),(7,6,1),(7,6,0),(7,7,0),(7,8,0),
224:(6,11,3),(6,10,3),(5,10,3),(4,10,3),(4,9,3),(4,8,3),(4,7,3),(4,6,3),(4,5,3),(4,5,4),(4,4,4),
225:(1,7,5),(2,7,5),(3,7,5),(4,7,5),(4,7,4),(5,7,4),(5,8,4),(6,8,4),(6,9,4),(6,10,4),(6,10,3),(6,10,2),(6,10,1),(6,11,1),
226:(2,2,3),(2,3,3),(2,3,2),(2,3,1),(2,4,1),(2,5,1),(2,6,1),(3,6,1),(3,7,1),(3,8,1),(3,9,1),(3,10,1),(3,10,1),(4,10,1),(5,10,1),(5,10,0),(6,10,0),
227:(13,5,1),(13,5,2),(13,5,2),(13,4,2),(13,3,2),(13,2,2),(13,1,2),
228:(4,12,0),(3,12,0),(3,11,0),(3,11,1),(3,11,2),
229:(5,3,3),(5,3,3),(5,3,2),(6,3,2),(7,3,2),(8,3,2),(8,3,2),(8,4,2),(9,4,2),(10,4,2),(10,5,2),
230:(2,3,2),(3,3,2),(3,3,3),(3,3,4),(3,3,5),(3,2,5),
231:(7,11,3),(8,11,3),(9,11,3),(10,11,3),(11,11,3),(12,11,3),(13,11,3),(13,11,4),(13,12,4),(13,13,4),
232:(8,1,1),(9,1,1),(10,1,1),(10,2,1),(11,2,1),(12,2,1),(12,3,1),(12,4,1),(12,5,1),(12,6,1),(12,7,1),(13,7,1),(14,7,1),(14,8,1),(14,9,1),(14,10,1),(14,11,1),(14,11,0),(14,12,0),(14,13,0),
233:(1,12,5),(2,12,5),(3,12,5),(4,12,5),(4,11,5),(4,10,5),(4,9,5),(4,8,5),(4,7,5),(4,6,5),(4,5,5),(4,4,5),(4,3,5),
234:(14,12,5),(13,12,5),(12,12,5),(12,12,4),(11,12,4),(10,12,4),(10,12,3),(9,12,3),(8,12,3),(7,12,3),
235:(10,3,3),(9,3,3),(8,3,3),(7,3,3),(6,3,3),(6,3,4),(5,3,4),(5,2,4),(4,2,4),(3,2,4),(2,2,4),(1,2,4),(0,2,4),(0,2,3),
236:(4,12,4),(4,12,3),(4,11,3),(4,11,3),(4,11,2),(4,11,1),(4,12,1),
237:(8,9,2),(9,9,2),(10,9,2),(10,8,2),(11,8,2),(12,8,2),(12,7,2),(12,6,2),(12,5,2),(12,4,2),(13,4,2),
238:(2,2,2),(3,2,2),(4,2,2),(4,2,3),(5,2,3),(6,2,3),(6,2,4),(7,2,4),(7,2,5),(7,3,5),(8,3,5),(8,3,4),(9,3,4),(10,3,4),(11,3,4),(12,3,4),(12,3,5),(12,4,5),(12,5,5),(12,6,5),(12,7,5),(12,8,5),
239:(5,0,5),(5,0,4),(4,0,4),(3,0,4),(2,0,4),(1,0,4),(0,0,4),(0,0,3),(0,1,3),(0,2,3),(0,2,2),(0,2,1),(0,3,1),
240:(5,2,3),(6,2,3),(6,2,2),(6,2,1),(6,2,0),(6,3,0),(6,4,0),(6,5,0),(6,6,0),(6,7,0),
241:(12,6,5),(11,6,5),(10,6,5),(9,6,5),(9,6,6),(8,6,6),(7,6,6),(6,6,6),(5,6,6),(4,6,6),(3,6,6),(2,6,6),(1,6,6),(1,6,5),(1,6,4),
242:(14,7,0),(13,7,0),(13,7,-1),(12,7,-1),(11,7,-1),(10,7,-1),(9,7,-1),(8,7,-1),(8,7,-1),(7,7,-1),(6,7,-1),(5,7,-1),(4,7,-1),(3,7,-1),(3,7,0),(3,7,1),(3,7,1),(2,7,1),(2,7,2),(2,7,3),
243:(9,14,1),(8,14,1),(7,14,1),(6,14,1),(6,13,1),(6,12,1),(5,12,1),(5,11,1),(4,11,1),(4,10,1),(4,9,1),(4,8,1),(4,7,1),(4,7,0),
244:(8,11,1),(7,11,1),(7,10,1),
245:(1,6,1),(2,6,1),(3,6,1),(4,6,1),(5,6,1),(6,6,1),(6,6,1),(7,6,1),(7,6,1),(8,6,1),(8,6,0),
246:(12,8,0),(11,8,0),(10,8,0),(9,8,0),(8,8,0),(8,9,0),(7,9,0),(6,9,0),(5,9,0),(4,9,0),(3,9,0),(2,9,0),(2,9,0),(1,9,0),(0,9,0),(0,10,0),
247:(7,0,1),(8,0,1),(9,0,1),(9,1,1),(9,2,1),(10,2,1),(10,3,1),(10,4,1),(10,5,1),
248:(0,7,4),(1,7,4),(2,7,4),(3,7,4),(3,8,4),(4,8,4),(4,9,4),(5,9,4),(5,9,4),(6,9,4),
249:(0,2,0),(0,3,0),(0,4,0),(0,5,0),(0,6,0),(0,7,0),(0,8,0),(0,9,0),(0,10,0),(0,11,0),(1,11,0),(2,11,0),(3,11,0),(3,11,1),(4,11,1),(5,11,1),(5,11,0),(6,11,0),(7,11,0),(7,11,1),
250:(10,11,4),(9,11,4),(8,11,4),(8,12,4),(8,13,4),(8,14,4),
251:(13,8,4),(12,8,4),(12,7,4),(11,7,4),(10,7,4),(9,7,4),(8,7,4),(7,7,4),(6,7,4),(6,6,4),(6,6,3),(6,6,2),
252:(13,8,3),(12,8,3),(11,8,3),(10,8,3),(9,8,3),(8,8,3),(7,8,3),(6,8,3),(5,8,3),(4,8,3),(4,8,4),(4,8,5),(3,8,5),(2,8,5),(2,7,5),(1,7,5),(1,6,5),(1,5,5),(1,4,5),(0,4,5),
253:(4,2,1),(3,2,1),(3,3,1),(3,4,1),(3,5,1),
254:(14,4,0),(13,4,0),(12,4,0),(11,4,0),(11,4,1),
255:(1,12,4),(1,12,3),(1,12,2),(1,11,2),
256:(6,8,4),(6,8,3),(6,8,2),(6,8,1),(6,9,1),(6,9,0),(6,10,0),(7,10,0),(8,10,0),(9,10,0),(10,10,0),(10,11,0),
257:(0,1,4),(1,1,4),(1,2,4),(1,3,4),(2,3,4),(2,4,4),(3,4,4),(4,4,4),(4,5,4),(4,6,4),(5,6,4),(6,6,4),(6,7,4),(6,8,4),(6,8,3),(6,9,3),(6,10,3),(6,11,3),(7,11,3),(8,11,3),(9,11,3),(9,11,2),(9,12,2),(9,13,2),(9,14,2),(10,14,2),(11,14,2),(12,14,2),(13,14,2),(14,14,2),
258:(6,5,1),(6,6,1),(7,6,1),(8,6,1),(8,6,0),(9,6,0),(10,6,0),(11,6,0),(11,6,1),(11,7,1),(11,7,2),
259:(14,3,4),(13,3,4),(12,3,4),(11,3,4),(10,3,4),(9,3,4),(8,3,4),(8,3,5),(7,3,5),(6,3,5),(6,3,4),(6,3,3),(5,3,3),(4,3,3),(3,3,3),(3,3,2),
260:(4,13,2),(5,13,2),(6,13,2),(7,13,2),(7,13,1),
261:(11,12,2),(10,12,2),(10,11,2),(9,11,2),(9,10,2),(9,9,2),(9,9,1),(9,8,1),(9,7,1),(8,7,1),(8,7,2),(8,6,2),(8,5,2),(8,4,2),(8,3,2),(7,3,2),
262:(12,8,3),(12,8,2),(12,7,2),(12,7,2),(12,6,2),(12,6,1),(12,6,0),
263:(0,1,5),(1,1,5),(2,1,5),(3,1,5),(3,1,4),(3,1,3),(3,1,2),(3,2,2),(3,3,2),(4,3,2),(4,4,2),(4,4,1),(4,5,1),(4,6,1),(5,6,1),(5,7,1),(6,7,1),(7,7,1),(7,8,1),(8,8,1),(9,8,1),(10,8,1),(11,8,1),(11,9,1),(11,10,1),(11,11,1),(11,12,1),(12,12,1),(13,12,1),(13,13,1),
264:(0,5,4),(0,5,3),(0,5,2),(0,6,2),(0,7,2),(0,8,2),(0,8,1),(0,9,1),(0,10,1),(0,11,1),(1,11,1),
265:(10,7,0),(10,7,1),(10,7,2),(11,7,2),(11,7,3),(11,7,4),(11,7,5),(11,8,5),(11,9,5),(11,10,5),
266:(2,12,3),(3,12,3),(4,12,3),(5,12,3),(5,12,2),(5,11,2),(5,11,1),(6,11,1),(6,10,1),(6,9,1),(6,8,1),(6,7,1),(6,6,1),(6,5,1),(6,4,1),(6,3,1),(6,2,1),
267:(5,0,4),(6,0,4),(7,0,4),(8,0,4),(9,0,4),(9,1,4),(10,1,4),(11,1,4),(12,1,4),(13,1,4),(13,2,4),(13,2,3),
268:(9,2,1),(10,2,1),(11,2,1),(11,2,0),(12,2,0),(12,2,0),(12,2,1),
269:(14,9,1),(13,9,1),(13,9,0),(13,10,0),(13,11,0),(12,11,0),
270:(13,14,0),(13,14,1),(12,14,1),(11,14,1),(10,14,1),(9,14,1),(8,14,1),(7,14,1),(6,14,1),(5,14,1),(4,14,1),(3,14,1),(2,14,1),(1,14,1),(0,14,1),(0,14,2),(0,14,3),(0,14,4),(0,13,4),(0,12,4),(0,11,4),(0,10,4),(0,9,4),(0,8,4),(0,7,4),(0,6,4),(0,5,4),(0,4,4),(0,3,4),(0,2,4),(0,2,5),
271:(8,4,5),(7,4,5),(7,4,4),(6,4,4),(6,5,4),(6,6,4),(5,6,4),(5,7,4),(5,8,4),(5,9,4),(5,10,4),(5,10,3),(5,11,3),(4,11,3),
272:(10,5,2),(9,5,2),(8,5,2),(7,5,2),(6,5,2),(5,5,2),(4,5,2),(3,5,2),(3,4,2),(3,4,1),(3,3,1),
273:(3,3,1),(4,3,1),(5,3,1),(6,3,1),(7,3,1),(7,3,1),(8,3,1),(9,3,1),(10,3,1),(11,3,1),(12,3,1),(12,4,1),(12,5,1),(12,6,1),(12,7,1),(13,7,1),
274:(14,3,0),(13,3,0),(12,3,0),(11,3,0),(11,3,1),(10,3,1),(9,3,1),(9,3,2),(8,3,2),(8,4,2),(8,5,2),(7,5,2),(6,5,2),(5,5,2),(4,5,2),(3,5,2),(2,5,2),(1,5,2),(1,6,2),(0,6,2),
275:(13,3,1),(12,3,1),(11,3,1),(10,3,1),(10,3,2),(10,4,2),(10,5,2),(9,5,2),(8,5,2),(7,5,2),(6,5,2),(5,5,2),(4,5,2),(3,5,2),(2,5,2),(1,5,2),(1,6,2),(1,7,2),
276:(9,2,5),(8,2,5),(8,2,4),(8,2,3),(8,1,3),(8,1,2),(8,0,2),(8,0,1),
277:(10,11,2),(9,11,2),(8,11,2),(8,10,2),(8,9,2),(8,9,1),(8,9,1),(8,9,2),(8,8,2),(8,7,2),(8,6,2),(8,5,2),(8,4,2),(8,3,2),(7,3,2),(7,2,2),(6,2,2),
278:(11,2,0),(12,2,0),(13,2,0),(13,2,1),(13,2,2),(12,2,2),(12,2,3),(12,2,4),
279:(12,14,3),(13,14,3),(13,14,2),(13,13,2),(13,12,2),
280:(14,6,3),(13,6,3),(12,6,3),(11,6,3),(11,6,4),(10,6,4),(9,6,4),(9,5,4),(9,5,5),(9,4,5),(9,3,5),(8,3,5),(7,3,5),(7,2,5),(7,1,5),
281:(2,7,4),(3,7,4),(4,7,4),(5,7,4),(6,7,4),(7,7,4),(7,8,4),(8,8,4),(9,8,4),(9,8,5),(10,8,5),(11,8,5),(12,8,5),(12,8,4),
282:(12,12,2),(11,12,2),(11,11,2),(10,11,2),(9,11,2),(8,11,2),(8,11,3),(7,11,3),(6,11,3),(5,11,3),(5,10,3),(5,9,3),(5,9,3),(5,8,3),(5,7,3),
283:(6,11,2),(5,11,2),(4,11,2),(4,11,1),(3,11,1),(3,11,0),(3,10,0),(3,9,0),(3,8,0),(3,7,0),(3,6,0),(3,5,0),(3,4,0),
284:(3,8,1),(4,8,1),(4,8,2),(5,8,2),(6,8,2),(7,8,2),(7,7,2),(7,6,2),(8,6,2),(8,6,2),(9,6,2),
285:(4,11,0),(5,11,0),(6,11,0),(7,11,0),(8,11,0),(9,11,0),(10,11,0),(11,11,0),(11,11,1),(12,11,1),(12,11,2),(12,10,2),(12,9,2),(12,8,2),(12,7,2),(12,6,2),(12,5,2),(12,4,2),(12,3,2),(13,3,2),(14,3,2),(14,2,2),(14,1,2),(14,0,2),
286:(14,13,4),(14,13,3),(13,13,3),(12,13,3),(11,13,3),(10,13,3),(9,13,3),(8,13,3),(7,13,3),(7,13,2),(6,13,2),(5,13,2),(4,13,2),(4,12,2),(4,11,2),(4,10,2),(3,10,2),(3,9,2),(2,9,2),(2,8,2),(2,7,2),(2,6,2),(1,6,2),(1,5,2),(1,4,2),(0,4,2),
287:(11,7,0),(10,7,0),(9,7,0),(8,7,0),(7,7,0),(6,7,0),(5,7,0),(4,7,0),(3,7,0),(2,7,0),(1,7,0),(1,7,1),(1,8,1),(1,9,1),(1,9,1),(1,9,2),(1,10,2),(1,10,3),
288:(2,5,0),(3,5,0),(3,6,0),(3,7,0),(3,7,1),(3,8,1),(3,9,1),(3,10,1),(3,10,2),(3,10,3),(3,10,4),(3,11,4),(4,11,4),(4,12,4),(4,13,4),(4,14,4),
289:(9,10,2),(9,10,2),(9,11,2),(9,12,2),(10,12,2),(11,12,2),
290:(7,8,1),(7,9,1),(7,9,2),(7,9,3),(7,9,4),(8,9,4),(8,9,5),(8,10,5),
291:(10,3,2),(9,3,2),(8,3,2),(8,2,2),(7,2,2),(6,2,2),(5,2,2),(5,2,1),(5,2,0),(5,1,0),
292:(4,6,4),(4,7,4),(4,8,4),(4,9,4),(4,10,4),(4,11,4),(4,11,4),(4,11,3),(4,12,3),(4,12,3),(4,13,3),(4,14,3),
293:(7,0,2),(8,0,2),(9,0,2),(9,0,3),(9,1,3),(10,1,3),(11,1,3),(12,1,3),(12,2,3),(13,2,3),(14,2,3),(14,2,4),(14,2,5),
294:(3,14,3),(3,14,2),(3,13,2),(3,12,2),(3,12,1),(3,11,1),(3,11,0),(2,11,0),(2,10,0),(2,9,0),(2,8,0),(3,8,0),(3,7,0),(3,6,0),
295:(11,8,3),(10,8,3),(9,8,3),(9,8,3),(9,9,3),(9,10,3),(9,10,3),(9,11,3),(8,11,3),(8,12,3),(8,13,3),(7,13,3),(7,14,3),
296:(14,0,0),(13,0,0),(12,0,0),(11,0,0),(10,0,0),(9,0,0),(9,0,1),(9,1,1),(9,2,1),(9,3,1),(9,4,1),(9,5,1),(9,6,1),(9,7,1),(9,8,1),(9,9,1),(9,9,2),
297:(10,12,4),(11,12,4),(12,12,4),(13,12,4),(13,12,5),(13,13,5),(13,14,5),
298:(2,1,2),(3,1,2),(4,1,2),(5,1,2),(6,1,2),(7,1,2),(8,1,2),(9,1,2),(10,1,2),(10,1,1),(10,2,1),(11,2,1),(11,3,1),(12,3,1),(12,3,0),(12,4,0),
299:(9,11,5),(10,11,5),(11,11,5),(12,11,5),(13,11,5),(14,11,5),(14,11,4),(14,10,4),
300:(4,2,2),(4,2,3),(4,2,4),(4,1,4),(4,0,4),(4,0,4),(3,0,4),(2,0,4),
301:(7,4,4),(8,4,4),(8,4,5),
302:(12,3,1),(11,3,1),(10,3,1),(10,3,2),(10,3,3),(10,3,4),(9,3,4),(8,3,4),(7,3,4),(6,3,4),(5,3,4),(5,3,4),(5,2,4),(4,2,4),(3,2,4),
303:(2,8,5),(2,8,4),(2,8,4),(2,7,4),(2,6,4),(3,6,4),(3,5,4),(3,4,4),(3,3,4),
304:(10,11,0),(9,11,0),(8,11,0),(8,11,1),(7,11,1),(6,11,1),(6,10,1),(5,10,1),(4,10,1),(3,10,1),(2,10,1),(2,9,1),(1,9,1),(1,9,2),(1,8,2),(1,8,2),(1,8,3),
305:(1,13,2),(1,12,2),(1,11,2),(1,10,2),(2,10,2),(2,9,2),(3,9,2),(4,9,2),(4,8,2),(4,7,2),(4,6,2),(4,5,2),(4,4,2),(4,3,2),(4,3,3),(5,3,3),(5,2,3),(5,1,3),(5,0,3),(6,0,3),(7,0,3),(8,0,3),(8,0,2),
306:(5,8,5),(5,7,5),(4,7,5),(4,6,5),(4,5,5),(4,4,5),(4,3,5),(4,2,5),(4,1,5),(4,0,5),
307:(0,11,5),(1,11,5),(2,11,5),(3,11,5),(3,11,4),(3,10,4),(3,9,4),(3,8,4),(3,8,4),(4,8,4),(5,8,4),(6,8,4),(7,8,4),(7,8,3),(7,8,2),(7,8,2),(7,8,1),(8,8,1),(9,8,1),(9,8,0),
308:(12,5,3),(11,5,3),(10,5,3),(9,5,3),(8,5,3),(7,5,3),(7,6,3),(7,7,3),(7,8,3),(6,8,3),(6,9,3),(6,9,2),(6,10,2),(6,11,2),(6,12,2),(6,13,2),
309:(11,11,0),(10,11,0),(9,11,0),(8,11,0),(8,11,1),(7,11,1),(7,11,1),(7,11,2),(7,11,3),(7,10,3),
310:(7,8,0),(7,8,1),(8,8,1),(8,8,2),(8,8,3),(8,8,4),(9,8,4),(9,8,5),(9,7,5),(10,7,5),(10,6,5),(10,5,5),(10,4,5),(10,3,5),(10,2,5),(10,1,5),(10,0,5),
311:(2,10,0),(3,10,0),(4,10,0),(5,10,0),(6,10,0),(7,10,0),(8,10,0),(9,10,0),(10,10,0),(11,10,0),(11,11,0),(11,12,0),(11,12,1),(11,13,1),(11,13,2),
312:(9,3,5),(10,3,5),(10,4,5),(10,5,5),(10,5,5),(10,5,5),(10,5,5),(10,5,5),(10,5,5),(10,5,5),(10,5,5),(9,5,5),(9,5,5),(10,5,5),
313:(14,0,1),(14,0,2),(14,0,3),(14,0,4),(14,0,5),
314:(13,14,3),(13,13,3),(13,12,3),(13,11,3),(13,10,3),(12,10,3),(12,9,3),(12,8,3),(12,7,3),(12,6,3),(12,5,3),(12,4,3),(13,4,3),(13,3,3),(12,3,3),(12,2,3),(12,1,3),
315:(0,5,0),(1,5,0),(2,5,0),(3,5,0),(4,5,0),(5,5,0),(6,5,0),(6,6,0),(6,7,0),(6,8,0),(6,9,0),(7,9,0),(8,9,0),(9,9,0),(9,9,1),(9,10,1),(10,10,1),(11,10,1),(11,10,2),(12,10,2),(13,10,2),(14,10,2),(14,11,2),(14,12,2),(14,12,3),(14,12,4),
316:(8,4,4),(9,4,4),(10,4,4),(11,4,4),(11,5,4),(11,5,3),(11,6,3),(11,7,3),(11,8,3),(12,8,3),(13,8,3),(13,9,3),(13,10,3),(13,11,3),
317:(9,8,2),(9,7,2),(9,6,2),(9,5,2),(10,5,2),(11,5,2),(12,5,2),(13,5,2),
318:(5,12,0),(6,12,0),(6,12,1),(7,12,1),(8,12,1),(8,12,2),(8,12,3),(8,12,4),(8,11,4),(8,10,4),(8,9,4),(8,8,4),(8,7,4),(8,6,4),(9,6,4),
319:(12,4,4),(11,4,4),(11,4,3),(11,3,3),(11,2,3),(11,1,3),(11,0,3),(10,0,3),(10,0,2),
320:(12,0,0),(12,0,0),(12,0,1),(12,1,1),(12,2,1),(12,3,1),(12,4,1),(12,4,2),(12,4,3),(12,5,3),(11,5,3),(11,5,4),(11,6,4),(10,6,4),(10,7,4),(9,7,4),(8,7,4),(7,7,4),(7,8,4),(7,8,5),
321:(1,6,2),(2,6,2),(3,6,2),(4,6,2),(5,6,2),(5,6,2),(5,7,2),(5,8,2),(6,8,2),
322:(8,7,1),(7,7,1),(6,7,1),(6,6,1),(6,6,1),(6,5,1),(5,5,1),(4,5,1),(4,4,1),(4,3,1),(4,2,1),(3,2,1),(3,1,1),(3,0,1),
323:(5,1,5),(5,1,4),(5,2,4),(5,3,4),(4,3,4),(3,3,4),(2,3,4),(2,4,4),(2,5,4),(2,5,3),(2,5,3),(2,5,2),(2,5,1),(2,5,0),
324:(8,14,1),(8,13,1),(9,13,1),(9,12,1),(10,12,1),(11,12,1),(11,11,1),(11,10,1),(11,9,1),(11,8,1),(11,7,1),(12,7,1),(12,7,2),(12,6,2),(11,6,2),(11,5,2),(11,4,2),
325:(1,5,5),(2,5,5),(3,5,5),(3,5,4),(3,5,3),(3,5,2),(3,4,2),(3,3,2),(3,3,1),(3,3,0),(4,3,0),
326:(8,11,0),(7,11,0),(7,11,1),(6,11,1),(5,11,1),(5,10,1),(5,9,1),(5,8,1),(5,7,1),(5,6,1),(5,5,1),
327:(4,2,3),(4,3,3),(4,3,3),(3,3,3),(2,3,3),(2,3,2),
328:(11,9,2),(10,9,2),(10,8,2),(10,7,2),(9,7,2),(9,7,3),(9,7,4),(9,6,4),(9,6,5),(9,5,5),(9,4,5),(9,3,5),(9,2,5),(9,1,5),(9,0,5),
329:(13,5,2),(12,5,2),(11,5,2),(10,5,2),(10,5,3),(10,5,4),(9,5,4),(8,5,4),(7,5,4),(7,6,4),(6,6,4),(6,7,4),(6,8,4),(5,8,4),(5,9,4),(5,10,4),(5,11,4),
330:(0,13,1),(0,12,1),(1,12,1),(1,11,1),(1,10,1),(1,9,1),(1,8,1),(2,8,1),(2,7,1),(3,7,1),(4,7,1),(5,7,1),(5,6,1),(5,6,1),(6,6,1),(6,5,1),(7,5,1),(7,4,1),(7,3,1),(8,3,1),(9,3,1),(10,3,1),(11,3,1),(12,3,1),(12,3,2),(13,3,2),(14,3,2),(14,2,2),
331:(9,4,5),(8,4,5),(8,5,5),(8,6,5),(8,7,5),(8,7,4),(7,7,4),(7,8,4),(7,9,4),(7,10,4),(6,10,4),(5,10,4),(5,10,3),(5,11,3),(5,12,3),(5,12,2),(5,13,2),(5,13,1),(5,14,1),
332:(6,7,1),(6,7,0),(5,7,0),(4,7,0),(4,6,0),(4,5,0),(4,5,0),(4,5,0),(4,4,0),
333:(10,7,2),(10,6,2),(10,6,3),(10,6,4),(9,6,4),(9,6,5),(8,6,5),(7,6,5),(6,6,5),(6,7,5),(6,8,5),(5,8,5),(4,8,5),(3,8,5),
334:(6,14,5),(5,14,5),(5,14,4),(4,14,4),(4,14,3),(3,14,3),(2,14,3),(1,14,3),(0,14,3),(0,14,2),(0,14,1),(0,14,0),
335:(3,13,5),(4,13,5),(4,12,5),(4,12,6),(5,12,6),(6,12,6),(7,12,6),(8,12,6),(9,12,6),(9,12,5),
336:(1,4,5),(2,4,5),(3,4,5),(4,4,5),(5,4,5),(6,4,5),(7,4,5),(7,5,5),(8,5,5),(8,5,4),(8,6,4),(9,6,4),(9,7,4),(9,8,4),(9,9,4),(9,10,4),(9,11,4),
337:(5,3,2),(5,3,1),(5,3,0),(5,4,0),(5,5,0),(5,6,0),(5,6,-1),(4,6,-1),(3,6,-1),(2,6,-1),(1,6,-1),(0,6,-1),(0,7,-1),(0,8,-1),(0,9,-1),(0,10,-1),(0,11,-1),(0,11,0),
338:(14,4,5),(13,4,5),(12,4,5),(11,4,5),(10,4,5),(9,4,5),(9,4,4),(8,4,4),(8,4,3),(8,4,3),(8,5,3),(7,5,3),(7,6,3),(7,7,3),(7,8,3),(6,8,3),(5,8,3),(4,8,3),(4,8,3),(3,8,3),(2,8,3),
339:(14,11,1),(13,11,1),(12,11,1),(11,11,1),(10,11,1),(9,11,1),(9,11,2),(9,12,2),(9,13,2),(9,14,2),(8,14,2),(7,14,2),(6,14,2),(5,14,2),(4,14,2),(3,14,2),
340:(1,10,0),(2,10,0),(2,10,1),(2,10,2),(2,10,3),(2,10,4),(3,10,4),(4,10,4),(4,10,5),(5,10,5),(6,10,5),(6,11,5),
341:(4,7,3),(5,7,3),(5,6,3),(6,6,3),(6,5,3),(6,5,3),(7,5,3),(7,4,3),
342:(14,13,2),(13,13,2),(12,13,2),(12,12,2),(12,12,3),(11,12,3),(11,11,3),(11,10,3),(11,9,3),(11,8,3),(11,8,4),(11,7,4),(10,7,4),(10,7,4),(9,7,4),(8,7,4),(8,6,4),(7,6,4),(6,6,4),(6,6,5),(5,6,5),(4,6,5),(3,6,5),(2,6,5),(2,5,5),(2,4,5),
343:(10,4,5),(10,5,5),(10,5,5),(10,6,5),(10,7,5),(10,8,5),(10,9,5),(10,10,5),(9,10,5),
344:(14,5,2),(14,5,1),(13,5,1),(12,5,1),(11,5,1),(10,5,1),(10,6,1),(10,7,1),(10,7,1),(9,7,1),(8,7,1),(7,7,1),(7,8,1),(7,9,1),(6,9,1),(6,9,1),(5,9,1),(4,9,1),(4,10,1),(4,11,1),(3,11,1),(3,12,1),
345:(2,11,5),(3,11,5),(3,11,6),(4,11,6),(5,11,6),(6,11,6),(7,11,6),(8,11,6),(9,11,6),(10,11,6),(10,11,5),(10,11,4),(10,12,4),
346:(11,11,3),(10,11,3),(10,11,4),(9,11,4),(8,11,4),(7,11,4),(6,11,4),(6,12,4),(6,13,4),
347:(4,8,5),(5,8,5),(6,8,5),(7,8,5),(7,8,4),(7,8,3),(7,9,3),(7,10,3),(8,10,3),(9,10,3),(10,10,3),(11,10,3),(11,10,2),(12,10,2),(13,10,2),(14,10,2),(14,10,1),(14,11,1),(14,12,1),(14,13,1),
348:(11,6,1),(11,6,2),(11,6,3),(11,7,3),(11,8,3),(11,9,3),(11,10,3),(12,10,3),
349:(2,0,4),(3,0,4),(3,0,3),(4,0,3),(5,0,3),(6,0,3),(7,0,3),(8,0,3),(8,1,3),(8,2,3),(8,3,3),(8,4,3),(9,4,3),(9,5,3),(9,6,3),(9,7,3),(10,7,3),(10,7,2),(10,8,2),(11,8,2),(12,8,2),
350:(12,14,1),(11,14,1),(10,14,1),(9,14,1),(9,14,2),(9,14,3),(9,14,4),(9,13,4),(9,12,4),(9,11,4),(9,10,4),(8,10,4),(8,9,4),(7,9,4),(7,8,4),(6,8,4),(5,8,4),(4,8,4),(4,7,4),
351:(10,14,3),(9,14,3),(9,13,3),(9,13,4),(9,12,4),(9,11,4),(9,10,4),(9,9,4),(9,9,4),(9,8,4),(8,8,4),(7,8,4),(7,7,4),(6,7,4),(5,7,4),(4,7,4),(3,7,4),(2,7,4),(2,6,4),(2,5,4),(2,4,4),
352:(10,6,0),(11,6,0),(11,6,1),(11,6,2),(11,6,3),(11,7,3),(11,8,3),(11,8,4),(11,9,4),(11,10,4),(11,11,4),(11,12,4),(11,13,4),(11,14,4),
353:(4,13,1),(4,13,2),(4,13,3),(3,13,3),(2,13,3),(2,12,3),(2,12,3),(2,12,4),(2,12,4),(2,12,3),
354:(3,10,0),(3,9,0),(2,9,0),(1,9,0),(1,8,0),(1,7,0),(1,6,0),(1,5,0),(1,4,0),(1,3,0),
355:(1,9,0),(2,9,0),(2,8,0),(3,8,0),(3,8,1),(4,8,1),(5,8,1),(6,8,1),(6,7,1),(6,6,1),(6,5,1),(7,5,1),(8,5,1),(8,5,1),(9,5,1),
356:(10,13,4),(9,13,4),(8,13,4),(7,13,4),(7,13,3),(6,13,3),(6,13,2),(5,13,2),(4,13,2),(4,12,2),(4,11,2),(4,11,1),(4,10,1),(4,9,1),(4,8,1),(4,7,1),
357:(7,2,3),(7,2,4),(7,2,5),(7,2,6),(8,2,6),(8,2,6),(8,2,5),
358:(14,3,5),(14,3,4),(14,3,3),(14,3,2),(14,4,2),(14,5,2),(14,6,2),(14,7,2),(14,8,2),(13,8,2),(13,9,2),(13,10,2),(13,11,2),(12,11,2),(11,11,2),(10,11,2),(9,11,2),(8,11,2),(7,11,2),(6,11,2),(6,12,2),(5,12,2),(5,13,2),
359:(10,1,1),(10,1,2),(9,1,2),(9,1,3),(9,1,4),(8,1,4),(7,1,4),(6,1,4),(5,1,4),(4,1,4),(3,1,4),(2,1,4),(2,2,4),(2,2,5),(2,3,5),(2,4,5),(2,5,5),(2,6,5),(1,6,5),(1,7,5),
360:(6,6,4),(5,6,4),(4,6,4),(4,6,3),(3,6,3),(2,6,3),(1,6,3),(1,7,3),(1,8,3),(1,9,3),
361:(5,4,0),(6,4,0),(6,4,1),(7,4,1),(7,5,1),(8,5,1),(9,5,1),(10,5,1),(10,6,1),(10,7,1),(10,8,1),(11,8,1),(11,9,1),(11,10,1),(11,11,1),(11,12,1),(11,13,1),(11,14,1),(11,14,2),(11,14,3),
362:(10,11,5),(10,11,4),(9,11,4),(9,10,4),(9,9,4),(9,8,4),(9,8,3),(8,8,3),(8,7,3),
363:(10,13,0),(11,13,0),(12,13,0),(12,13,1),(12,13,2),(12,13,3),(12,13,4),(12,12,4),(12,11,4),(12,10,4),(12,9,4),(12,8,4),(12,7,4),
364:(8,3,0),(8,4,0),(8,5,0),(8,6,0),(8,7,0),(8,7,0),(7,7,0),(6,7,0),(5,7,0),(5,8,0),
365:(9,11,2),(9,11,1),(9,10,1),(9,10,0),(9,9,0),(9,8,0),(9,7,0),(9,6,0),(9,5,0),(9,5,1),(9,5,2),(9,5,3),(8,5,3),(8,4,3),(8,3,3),(7,3,3),(7,2,3),(7,1,3),(6,1,3),(6,1,3),(6,0,3),
366:(1,10,1),(2,10,1),(3,10,1),(3,10,0),(3,9,0),(3,8,0),(3,7,0),(3,6,0),(4,6,0),(5,6,0),(6,6,0),(6,5,0),(7,5,0),(8,5,0),(9,5,0),(10,5,0),(10,4,0),(10,3,0),(10,2,0),(11,2,0),(11,1,0),(11,0,0),(12,0,0),(13,0,0),
367:(7,2,5),(7,3,5),(8,3,5),(8,3,4),(8,3,3),(8,3,3),(9,3,3),
368:(2,11,4),(3,11,4),(4,11,4),(5,11,4),(5,11,3),(5,10,3),(5,9,3),(5,8,3),(5,7,3),(5,7,3),(5,8,3),(6,8,3),(7,8,3),(8,8,3),(9,8,3),
369:(7,12,3),(8,12,3),(8,12,2),(8,11,2),(8,11,2),(8,11,1),(8,11,0),(8,10,0),(9,10,0),(9,9,0),(8,9,0),(8,8,0),
370:(9,1,1),(9,1,2),(9,2,2),(9,3,2),(9,4,2),(9,5,2),(9,5,2),(9,6,2),(10,6,2),(11,6,2),(12,6,2),(13,6,2),(14,6,2),
371:(0,3,0),(1,3,0),(1,3,1),(1,3,2),(1,3,3),(1,3,4),(1,4,4),(1,5,4),(1,5,5),(1,6,5),(1,7,5),(1,8,5),
372:(7,10,1),(7,10,1),(7,9,1),(7,8,1),(7,8,2),(7,7,2),(8,7,2),(8,7,3),(8,7,4),(8,7,5),
373:(10,0,1),(9,0,1),(9,1,1),(9,1,2),(9,1,2),(9,2,2),(8,2,2),(8,3,2),(8,4,2),(8,5,2),(7,5,2),(6,5,2),(6,5,3),(6,5,4),(6,6,4),(6,7,4),(5,7,4),(4,7,4),(3,7,4),(3,8,4),
374:(3,0,0),(4,0,0),(5,0,0),(6,0,0),(7,0,0),(7,0,1),(8,0,1),(9,0,1),(10,0,1),(11,0,1),(12,0,1),(12,0,2),(12,1,2),(12,2,2),(12,3,2),(12,4,2),(12,4,3),(12,5,3),(12,6,3),(12,7,3),(12,8,3),(12,9,3),(12,9,4),(13,9,4),(13,9,5),(14,9,5),(14,10,5),
375:(9,3,0),(10,3,0),(11,3,0),(11,3,1),(12,3,1),(12,3,2),(12,3,3),(12,4,3),(12,5,3),(12,5,4),
376:(7,9,2),(8,9,2),(9,9,2),(9,9,1),(10,9,1),
377:(12,7,2),(12,7,2),(12,7,1),(12,8,1),
378:(6,12,0),(6,12,-1),(7,12,-1),(8,12,-1),(9,12,-1),(10,12,-1),(11,12,-1),(12,12,-1),(12,11,-1),(12,10,-1),(12,10,0),(12,10,1),(12,10,1),(13,10,1),
379:(13,14,5),(12,14,5),(11,14,5),(11,13,5),(11,12,5),(11,11,5),(11,10,5),(11,9,5),(10,9,5),(9,9,5),(9,8,5),(9,7,5),(9,6,5),(9,5,5),(9,4,5),(9,3,5),(9,2,5),(9,1,5),
380:(7,3,4),(6,3,4),(5,3,4),(4,3,4),(3,3,4),(2,3,4),(2,3,3),(1,3,3),(1,3,2),(1,4,2),(1,4,1),(1,4,0),(1,5,0),(1,6,0),
381:(12,0,2),(11,0,2),(11,1,2),
382:(0,8,0),(1,8,0),(1,8,1),(2,8,1),(2,8,2),(3,8,2),(4,8,2),(4,8,3),(4,8,4),(4,7,4),(4,6,4),(5,6,4),(6,6,4),(7,6,4),(7,6,4),(8,6,4),(8,5,4),(9,5,4),(9,4,4),
383:(4,8,3),(5,8,3),(6,8,3),(6,7,3),(7,7,3),(8,7,3),(8,7,3),(8,6,3),
384:(5,13,3),(6,13,3),(7,13,3),(7,12,3),(8,12,3),(9,12,3),(9,12,3),(9,13,3),(10,13,3),(11,13,3),(12,13,3),(12,13,3),(13,13,3),
385:(7,2,1),(7,3,1),(7,4,1),(7,4,0),(6,4,0),(5,4,0),(5,5,0),(5,6,0),(5,6,0),(5,7,0),(5,7,1),(5,8,1),(5,8,2),(5,9,2),(5,10,2),(5,10,3),(5,11,3),(5,12,3),
386:(12,0,4),(11,0,4),(11,0,3),(11,0,2),(11,0,1),(11,1,1),
387:(0,14,4),(1,14,4),(2,14,4),(3,14,4),(4,14,4),(4,14,3),(5,14,3),(6,14,3),(6,14,2),(6,13,2),(6,12,2),(6,11,2),(7,11,2),(8,11,2),(8,10,2),(8,9,2),(8,8,2),(8,7,2),(9,7,2),(10,7,2),(10,6,2),(11,6,2),(11,5,2),(12,5,2),(12,4,2),(12,3,2),(11,3,2),(11,2,2),
388:(6,11,0),(6,11,1),(5,11,1),(5,11,2),(5,10,2),(4,10,2),(3,10,2),(2,10,2),(1,10,2),(0,10,2),(0,10,3),(0,10,4),(0,9,4),(0,8,4),(0,7,4),(0,6,4),(0,5,4),(0,5,5),
389:(4,5,4),(5,5,4),(5,4,4),(5,4,3),(6,4,3),(6,4,2),(6,4,1),(6,4,0),(6,3,0),(6,2,0),(7,2,0),(7,1,0),(7,0,0),
390:(2,14,2),(2,13,2),(2,12,2),(2,12,1),(2,11,1),(2,10,1),(2,9,1),(1,9,1),(1,8,1),(1,7,1),(1,6,1),(2,6,1),(1,6,1),(1,5,1),
391:(2,4,4),(2,5,4),(1,5,4),(0,5,4),(0,5,5),(0,6,5),(0,7,5),(0,8,5),(0,9,5),(0,10,5),(0,11,5),
392:(8,3,1),(9,3,1),(9,3,2),(9,3,3),(9,4,3),(10,4,3),(11,4,3),(11,5,3),(11,6,3),(11,7,3),(11,8,3),(11,9,3),(11,10,3),(11,10,4),(11,11,4),(11,11,5),(11,12,5),(11,13,5),(11,14,5),
393:(13,2,3),(13,2,2),(13,2,1),(13,3,1),(13,4,1),(13,5,1),(13,6,1),(13,7,1),(13,8,1),(13,9,1),(13,10,1),(13,10,0),(13,11,0),(13,12,0),(13,13,0),(13,14,0),
394:(8,1,2),(8,1,1),(8,2,1),(8,2,1),(8,3,1),(8,4,1),(8,4,0),(8,5,0),(8,6,0),(8,7,0),(8,8,0),(8,8,1),(8,9,1),(8,9,1),(8,10,1),(8,11,1),(8,12,1),(8,13,1),
395:(13,0,1),(12,0,1),(12,0,2),(12,1,2),(12,2,2),(11,2,2),(11,3,2),(11,4,2),(11,5,2),(10,5,2),(10,6,2),(10,7,2),(10,8,2),(10,9,2),(9,9,2),(9,9,3),(9,10,3),(9,11,3),(8,11,3),(8,12,3),(8,13,3),(7,13,3),(7,13,2),(7,14,2),
396:(1,13,5),(2,13,5),(3,13,5),(3,13,4),(4,13,4),(5,13,4),(5,12,4),(5,12,3),(5,12,2),(5,11,2),(5,10,2),(5,9,2),(6,9,2),(6,9,1),(6,8,1),(6,7,1),(6,6,1),(6,5,1),(7,5,1),(8,5,1),(8,5,0),(9,5,0),(10,5,0),(10,4,0),(10,3,0),(10,2,0),(10,1,0),(10,0,0),
397:(0,11,4),(1,11,4),(2,11,4),(2,10,4),(2,9,4),(2,8,4),(3,8,4),(4,8,4),(4,7,4),(5,7,4),(5,7,3),(5,7,2),(5,7,1),(5,7,0),(5,6,0),(6,6,0),(6,5,0),
398:(9,11,1),(8,11,1),(8,10,1),(8,9,1),(7,9,1),(7,9,0),(6,9,0),(5,9,0),(5,9,1),(5,9,2),(4,9,2),(4,9,2),(3,9,2),(3,9,3),(2,9,3),
399:(11,6,4),(10,6,4),(10,7,4),(10,7,5),(10,8,5),(10,9,5),(10,10,5),(10,11,5),(11,11,5),(11,12,5),(11,13,5),(12,13,5),
400:(14,4,1),(14,4,2),(14,4,3),(14,3,3),(14,2,3),(14,1,3),(14,0,3),(13,0,3),(12,0,3),(11,0,3),(10,0,3),(9,0,3),
401:(5,2,1),(5,2,2),(5,2,3),(6,2,3),(6,2,4),(6,2,5),(6,3,5),(6,4,5),(6,5,5),(6,6,5),(6,7,5),(7,7,5),
402:(12,14,2),(11,14,2),(10,14,2),(9,14,2),(8,14,2),(8,13,2),(7,13,2),(7,13,3),(7,13,4),(7,12,4),(6,12,4),(5,12,4),(4,12,4),(3,12,4),(2,12,4),(2,12,5),(2,11,5),(2,10,5),
403:(14,2,5),(13,2,5),(13,3,5),(13,3,4),(13,3,3),(12,3,3),(12,4,3),(12,5,3),(12,6,3),(12,6,2),(12,6,1),(11,6,1),(11,7,1),(11,8,1),(11,8,0),(11,9,0),(11,10,0),(11,11,0),(11,12,0),(10,12,0),(10,13,0),(10,14,0),(9,14,0),(8,14,0),(7,14,0),
404:(3,7,3),(4,7,3),(4,7,3),(4,7,2),(5,7,2),(6,7,2),(6,7,1),(7,7,1),(7,7,1),(7,7,0),(8,7,0),(9,7,0),(10,7,0),(11,7,0),
405:(8,14,0),(8,13,0),(9,13,0),(9,12,0),(9,11,0),(9,11,-1),(10,11,-1),(11,11,-1),(11,10,-1),(11,9,-1),(12,9,-1),(12,8,-1),(12,7,-1),(12,6,-1),(12,5,-1),(12,5,0),
406:(4,10,5),(5,10,5),(6,10,5),(6,9,5),(6,8,5),(6,7,5),(6,6,5),(6,5,5),(7,5,5),(7,5,6),(8,5,6),(9,5,6),(10,5,6),(11,5,6),(12,5,6),(13,5,6),(13,5,5),
407:(8,13,1),(8,12,1),(8,11,1),(8,10,1),(8,9,1),(7,9,1),(7,8,1),(7,8,2),(7,8,1),(8,8,1),(8,8,1),(8,8,2),(8,7,2),(8,6,2),(8,5,2),(8,5,3),(9,5,3),(9,4,3),(10,4,3),(10,3,3),(10,2,3),(10,1,3),
408:(0,14,0),(1,14,0),(2,14,0),(2,14,1),(2,13,1),
409:(3,3,4),(2,3,4),(1,3,4),(1,4,4),(1,5,4),(1,6,4),(1,7,4),(1,8,4),(1,9,4),(1,10,4),(1,10,3),(1,11,3),(1,12,3),(1,12,2),(0,12,2),
410:(6,14,2),(6,14,1),(6,13,1),(6,13,1),(6,12,1),(7,12,1),(8,12,1),(8,11,1),(8,10,1),(8,10,2),(8,9,2),(8,9,2),(8,8,2),(8,7,2),(8,6,2),(8,5,2),(9,5,2),(9,4,2),(10,4,2),(10,3,2),
411:(4,8,1),(4,7,1),(4,6,1),(5,6,1),(5,5,1),(5,4,1),(5,4,2),(5,3,2),(5,3,3),(5,2,3),(5,2,4),(5,2,5),(5,1,5),
412:(9,10,3),(8,10,3),(8,10,2),(8,9,2),(8,8,2),(8,8,1),(8,7,1),(8,7,1),(8,7,2),(9,7,2),(9,7,1),(9,7,1),(8,7,1),
413:(5,9,3),(6,9,3),(7,9,3),(8,9,3),(8,9,4),(9,9,4),(9,9,5),(10,9,5),(10,9,6),(10,8,6),(10,7,6),(10,7,5),
414:(13,9,3),(12,9,3),(11,9,3),(11,9,2),(11,9,1),(11,9,0),(10,9,0),(10,8,0),(10,7,0),(10,6,0),(10,5,0),(10,4,0),(9,4,0),(9,3,0),(9,3,-1),(8,3,-1),(7,3,-1),(6,3,-1),(5,3,-1),(4,3,-1),(3,3,-1),(2,3,-1),(2,3,0),
415:(6,1,2),(6,1,1),(7,1,1),(7,1,0),(8,1,0),(8,1,-1),(8,2,-1),(8,3,-1),(8,4,-1),(8,5,-1),(8,6,-1),(8,7,-1),(8,8,-1),(8,9,-1),(8,10,-1),(8,11,-1),(8,12,-1),(8,12,0),(8,13,0),
416:(6,4,3),(6,4,2),(6,5,2),(6,6,2),(6,7,2),(6,7,1),(6,8,1),(6,9,1),(7,9,1),(8,9,1),(8,10,1),(8,11,1),(8,12,1),(9,12,1),(9,13,1),(9,14,1),
417:(11,2,5),(10,2,5),(10,3,5),(9,3,5),(8,3,5),(7,3,5),(7,3,5),(6,3,5),(6,4,5),(6,5,5),(6,6,5),(6,6,5),(5,6,5),(4,6,5),(3,6,5),(2,6,5),(2,7,5),(1,7,5),(0,7,5),(0,8,5),(0,9,5),(0,10,5),
418:(10,6,3),(10,5,3),(9,5,3),(8,5,3),(7,5,3),(7,5,4),(6,5,4),(6,4,4),(7,4,4),(7,3,4),(7,2,4),
419:(2,6,0),(2,5,0),(2,5,1),(3,5,1),(3,5,2),(4,5,2),(4,4,2),(5,4,2),(6,4,2),(6,3,2),(7,3,2),(8,3,2),(8,2,2),(8,2,3),(8,1,3),
420:(2,10,3),(3,10,3),(3,9,3),(3,9,3),(3,8,3),(3,7,3),(3,7,4),(4,7,4),(5,7,4),(6,7,4),(7,7,4),(8,7,4),(8,6,4),(9,6,4),(10,6,4),(11,6,4),(12,6,4),(12,6,3),(12,6,2),(12,6,3),(12,5,3),(13,5,3),
421:(11,7,5),(10,7,5),(10,8,5),(10,9,5),(10,9,4),(10,9,4),(9,9,4),(8,9,4),(8,9,3),(7,9,3),(7,9,3),(6,9,3),(6,9,3),(6,9,2),(6,9,2),(5,9,2),
422:(11,0,5),(10,0,5),(9,0,5),(8,0,5),(7,0,5),(6,0,5),(5,0,5),(5,1,5),(5,1,6),(5,2,6),(5,3,6),(5,4,6),(5,5,6),(5,6,6),(5,7,6),(5,8,6),(5,8,5),(5,8,4),(5,9,4),(5,10,4),
423:(6,9,4),(7,9,4),(7,8,4),(7,7,4),(7,6,4),(7,6,5),(7,5,5),(8,5,5),(8,5,4),(8,5,3),(9,5,3),(10,5,3),(11,5,3),
424:(7,6,3),(7,6,2),(7,6,2),(7,6,1),(7,7,1),(7,7,1),(7,7,1),(7,7,0),(7,8,0),(7,9,0),(7,10,0),
425:(6,13,5),(5,13,5),(4,13,5),(3,13,5),(2,13,5),(2,12,5),(2,11,5),(2,10,5),(2,9,5),(2,8,5),(2,8,4),(2,8,3),(2,8,2),(2,8,1),(2,8,0),(2,7,0),
426:(12,3,4),(11,3,4),(10,3,4),(10,3,3),(10,2,3),(10,2,2),(10,2,2),(9,2,2),
427:(14,10,0),(14,11,0),(13,11,0),(12,11,0),(11,11,0),(11,12,0),(10,12,0),(9,12,0),(8,12,0),(7,12,0),(6,12,0),(5,12,0),(5,13,0),(5,14,0),
428:(7,0,3),(6,0,3),(5,0,3),(5,0,2),(4,0,2),(4,0,1),
429:(8,8,3),(7,8,3),(7,8,3),(6,8,3),(5,8,3),(5,7,3),(5,7,3),(4,7,3),(3,7,3),(3,7,4),(3,7,4),(3,7,5),
430:(6,4,2),(6,5,2),(6,5,3),(5,5,3),(5,6,3),(6,6,3),(6,7,3),(6,7,3),(7,7,3),(7,8,3),(8,8,3),(8,9,3),
431:(5,12,2),(5,12,3),(5,12,4),(5,13,4),(5,13,5),(4,13,5),
432:(3,9,1),(3,9,2),(4,9,2),(4,8,2),(4,8,2),(4,7,2),(4,6,2),(5,6,2),(5,5,2),(5,5,3),(6,5,3),(6,4,3),(6,3,3),
433:(9,11,3),(9,10,3),(10,10,3),(11,10,3),(12,10,3),(12,10,2),(13,10,2),(14,10,2),(14,10,1),(14,9,1),(14,9,0),(14,8,0),(14,7,0),(14,6,0),
434:(14,8,3),(13,8,3),(12,8,3),(12,8,4),(12,9,4),(12,10,4),(11,10,4),(10,10,4),
435:(5,0,3),(5,1,3),(5,1,4),(6,1,4),(6,1,4),(6,2,4),(6,3,4),(6,3,4),(6,4,4),
436:(4,12,2),(4,11,2),(4,10,2),(4,10,2),(4,10,2),(4,9,2),(4,9,2),(4,8,2),(4,7,2),(4,6,2),(4,5,2),(4,4,2),(4,3,2),(4,2,2),
437:(1,5,4),(1,5,4),(1,6,4),(1,6,3),(1,7,3),(1,8,3),(1,9,3),(1,10,3),(1,11,3),(1,12,3),(1,12,2),(1,12,1),(1,12,0),(1,13,0),(1,14,0),
438:(14,14,1),(14,14,2),(14,14,3),(14,13,3),(14,13,4),(14,13,5),(14,12,5),(14,11,5),(14,10,5),(14,9,5),(14,8,5),(14,7,5),(14,6,5),(13,6,5),(13,5,5),(13,4,5),(13,3,5),(12,3,5),
439:(8,3,4),(7,3,4),(6,3,4),(6,3,5),(5,3,5),(5,4,5),(5,5,5),(5,6,5),(5,7,5),(5,8,5),(5,9,5),(5,9,5),(5,9,4),(5,9,3),
440:(11,3,2),(12,3,2),(13,3,2),(13,2,2),(14,2,2),(14,1,2),(14,0,2),(14,0,2),(14,0,2),(14,0,3),
441:(7,5,1),(6,5,1),(5,5,1),(4,5,1),(4,5,2),(4,6,2),(3,6,2),(3,7,2),(3,8,2),(3,8,3),(3,9,3),(2,9,3),(2,9,2),(3,9,2),(3,9,2),(3,9,3),
442:(1,4,4),(2,4,4),(3,4,4),(4,4,4),(4,5,4),(4,6,4),(4,6,3),(4,6,2),(5,6,2),(6,6,2),(7,6,2),(7,7,2),(7,7,1),(7,8,1),(8,8,1),(8,9,1),(8,10,1),(9,10,1),(10,10,1),(10,11,1),(10,12,1),
443:(4,1,2),(5,1,2),(6,1,2),(6,2,2),(6,3,2),(7,3,2),(7,4,2),(7,5,2),(7,6,2),(7,7,2),(7,8,2),(7,8,1),(8,8,1),(9,8,1),(10,8,1),(11,8,1),(11,8,2),(12,8,2),(13,8,2),(14,8,2),(14,8,1),(14,9,1),(14,10,1),
444:(5,3,5),(6,3,5),(7,3,5),(7,3,4),(7,3,4),(7,3,4),(7,3,4),(7,3,4),(7,3,3),(7,3,3),(7,3,4),
445:(7,11,4),(7,11,5),(7,12,5),(6,12,5),(6,13,5),(5,13,5),(5,14,5),(4,14,5),(3,14,5),
446:(0,5,5),(0,5,4),(0,4,4),(0,3,4),(0,2,4),(0,1,4),(0,1,4),(0,0,4),
447:(9,3,1),(9,4,1),(8,4,1),(8,4,2),(8,4,3),(8,5,3),(9,5,3),(9,6,3),(9,6,4),(9,7,4),(9,8,4),(9,9,4),(9,10,4),(8,10,4),(8,11,4),
448:(10,4,4),(10,4,3),(9,4,3),(8,4,3),(7,4,3),(6,4,3),(5,4,3),(5,4,4),(4,4,4),(3,4,4),(2,4,4),(1,4,4),(1,4,3),
449:(3,12,3),(3,12,2),(4,12,2),(5,12,2),(6,12,2),(7,12,2),
