soc=5510
lb_soc=4304
makespan=31
lb_makespan=28
comp_time=105364
highLevelExpanded=127
lowLevelExpanded=90602
solution=
0:(4,13,2),(5,13,2),(6,13,2),(7,13,2),(8,13,2),(8,13,1),(8,13,0),(8,12,0),
1:(7,9,2),(8,9,2),(9,9,2),(10,9,2),(11,9,2),(11,8,2),(11,7,2),(11,7,3),(11,6,3),(11,5,3),(11,4,3),(11,4,2),
2:(12,5,3),(11,5,3),(10,5,3),(9,5,3),(8,5,3),(7,5,3),(6,5,3),(5,5,3),(4,5,3),(3,5,3),(2,5,3),(1,5,3),(1,6,3),(1,7,3),(1,7,2),(1,8,2),(0,8,2),(0,9,2),(0,10,2),
3:(0,12,2),(1,12,2),(2,12,2),(2,11,2),(2,10,2),(3,10,2),(4,10,2),(4,9,2),(5,9,2),(5,9,1),(5,8,1),(5,7,1),(5,6,1),
4:(6,6,3),(7,6,3),(8,6,3),(9,6,3),(10,6,3),(11,6,3),(12,6,3),(13,6,3),(13,5,3),(13,4,3),(13,4,2),(13,3,2),(14,3,2),(14,3,3),(14,2,3),(14,1,3),
5:(5,8,2),(4,8,2),(3,8,2),(2,8,2),(1,8,2),(0,8,2),(0,8,1),(0,7,1),(0,6,1),(0,5,1),(0,4,1),(0,3,1),
6:(8,3,1),(7,3,1),(6,3,1),(5,3,1),(4,3,1),(3,3,1),(2,3,1),(1,3,1),(1,3,0),(1,4,0),(0,4,0),(0,5,0),(0,6,0),(0,7,0),(0,8,0),(0,9,0),(0,10,0),(0,11,0),(0,12,0),(0,13,0),
7:(7,0,2),(8,0,2),(9,0,2),(10,0,2),(11,0,2),(12,0,2),(13,0,2),(13,0,3),(13,1,3),(13,2,3),(13,3,3),
8:(9,13,5),(8,13,5),(7,13,5),(6,13,5),(5,13,5),(4,13,5),(3,13,5),(2,13,5),(2,13,4),(2,13,3),(2,13,2),(2,12,2),(2,11,2),(2,10,2),(2,9,2),
9:(12,0,3),(12,1,3),(12,2,3),(12,3,3),(12,4,3),(12,5,3),(12,5,2),(12,6,2),(12,7,2),(11,7,2),(11,8,2),(11,7,2),(10,7,2),(10,7,1),(9,7,1),(9,7,2),(9,8,2),(8,8,2),
10:(3,13,5),(4,13,5),(5,13,5),(5,12,5),(6,12,5),(7,12,5),(8,12,5),(9,12,5),
11:(1,3,0),(2,3,0),(3,3,0),(4,3,0),(5,3,0),(6,3,0),(7,3,0),(8,3,0),(9,3,0),(10,3,0),(11,3,0),(11,3,1),(11,3,2),(11,2,2),(11,2,3),(11,2,4),(11,1,4),(11,1,5),
12:(12,10,3),(11,10,3),(11,10,2),(11,9,2),(11,9,1),(10,9,1),(10,8,1),(10,7,1),(9,7,1),(9,7,0),(9,6,0),(8,6,0),(8,6,1),(7,6,1),(7,5,1),(7,4,1),(7,3,1),(6,3,1),(5,3,1),(5,2,1),(5,1,1),(5,0,1),
13:(3,5,4),(3,6,4),(3,6,5),(3,7,5),(3,8,5),(4,8,5),(4,9,5),(5,9,5),(6,9,5),(6,10,5),(6,11,5),(6,12,5),
14:(2,13,0),(3,13,0),(3,12,0),(3,12,1),(3,12,2),(4,12,2),(4,12,3),(4,11,3),(4,10,3),(4,9,3),(4,8,3),(4,8,3),(4,7,3),(5,7,3),(5,6,3),(5,5,3),(5,5,4),
15:(0,6,0),(1,6,0),(1,5,0),
16:(13,9,4),(12,9,4),(11,9,4),(10,9,4),(9,9,4),(8,9,4),(8,8,4),(8,8,5),
17:(10,1,3),(9,1,3),(8,1,3),(7,1,3),(6,1,3),(5,1,3),(4,1,3),(4,2,3),(4,3,3),(3,3,3),(2,3,3),(1,3,3),(0,3,3),(0,4,3),(0,4,4),
18:(4,10,2),(5,10,2),(6,10,2),(7,10,2),(8,10,2),(9,10,2),(10,10,2),(11,10,2),(11,10,1),(11,10,0),(11,11,0),(11,12,0),
19:(7,4,3),(6,4,3),(5,4,3),(4,4,3),(4,4,4),(4,4,5),(4,5,5),(4,6,5),(4,7,5),
20:(14,1,1),(13,1,1),(12,1,1),(12,1,2),(12,1,3),(12,2,3),(12,3,3),
21:(9,8,2),(8,8,2),(7,8,2),(6,8,2),(5,8,2),(4,8,2),(4,8,1),(4,7,1),(3,7,1),(2,7,1),(1,7,1),(1,7,2),(1,6,2),
22:(11,12,3),(11,12,2),(11,11,2),(11,10,2),(11,10,1),(11,9,1),(11,8,1),(11,7,1),(11,6,1),(11,6,1),(11,5,1),(10,5,1),(10,4,1),(9,4,1),(9,3,1),(9,2,1),(9,1,1),
23:(3,2,5),(4,2,5),(5,2,5),(5,1,5),
24:(1,12,5),(1,12,4),(1,12,3),(1,12,2),(1,12,1),(1,11,1),(1,10,1),(1,9,1),(1,8,1),(1,7,1),(1,6,1),(1,5,1),(1,4,1),(1,3,1),(1,2,1),(1,1,1),(1,0,1),
25:(0,5,2),(1,5,2),(2,5,2),(3,5,2),(4,5,2),(5,5,2),(6,5,2),(7,5,2),(7,5,3),(7,5,4),(7,5,5),(7,6,5),(7,7,5),
26:(7,3,2),(7,4,2),(7,4,1),(7,4,0),(7,5,0),
27:(7,4,4),(6,4,4),
28:(5,2,1),(6,2,1),(7,2,1),(8,2,1),(8,2,2),(8,1,2),
29:(1,0,3),(1,1,3),(1,2,3),(1,3,3),(1,4,3),(1,5,3),(1,6,3),(1,7,3),(1,8,3),(1,9,3),
30:(11,4,0),(10,4,0),(10,4,1),(10,4,2),(10,4,3),(10,5,3),(10,6,3),(10,7,3),
31:(7,2,0),(6,2,0),(6,2,1),(6,2,2),(6,2,3),(6,3,3),(6,4,3),(6,5,3),(6,5,4),(6,6,4),(6,7,4),(6,8,4),(6,9,4),(6,10,4),(5,10,4),(5,11,4),(5,12,4),(5,12,3),(5,13,3),(6,13,3),(6,14,3),(6,14,4),
32:(14,8,1),(13,8,1),(12,8,1),(11,8,1),(10,8,1),(9,8,1),(9,7,1),(9,6,1),
33:(2,5,3),(2,6,3),(2,7,3),(2,8,3),(2,9,3),(2,10,3),(2,11,3),
34:(6,1,2),(6,2,2),(6,2,3),(6,2,4),(6,2,5),(6,3,5),(6,4,5),(6,5,5),(5,5,5),(5,6,5),(4,6,5),(3,6,5),(3,7,5),
35:(0,0,3),(1,0,3),(2,0,3),(3,0,3),(3,1,3),(3,2,3),(3,3,3),(3,4,3),(3,5,3),(3,6,3),(3,7,3),(3,8,3),(4,8,3),(4,7,3),(5,7,3),(6,7,3),(6,8,3),(6,9,3),(7,9,3),
36:(1,9,4),(2,9,4),(2,10,4),
37:(4,6,4),(5,6,4),(5,6,3),(5,6,2),(5,7,2),(5,8,2),(5,9,2),(5,10,2),(5,11,2),
38:(14,14,2),(13,14,2),(12,14,2),(11,14,2),(10,14,2),(9,14,2),(9,13,2),(8,13,2),(8,12,2),(8,11,2),(8,11,3),(8,10,3),(8,9,3),(8,9,4),(8,8,4),(8,7,4),(8,7,5),(8,6,5),(7,6,5),(7,5,5),(6,5,5),(5,5,5),(5,4,5),
39:(11,4,3),(10,4,3),(9,4,3),(8,4,3),(7,4,3),(6,4,3),(5,4,3),(4,4,3),(3,4,3),(3,4,4),(3,4,5),(3,3,5),
40:(11,5,4),(12,5,4),(12,5,3),(12,5,2),(12,5,1),(12,6,1),(12,7,1),(12,8,1),(12,9,1),
41:(8,9,1),(7,9,1),(6,9,1),(5,9,1),(5,10,1),(5,11,1),(4,11,1),(3,11,1),(3,12,1),(3,12,2),(3,12,2),(3,12,3),(3,12,4),
42:(4,5,5),(5,5,5),(6,5,5),(7,5,5),(8,5,5),(9,5,5),(10,5,5),(11,5,5),(12,5,5),(12,5,4),(12,4,4),(12,3,4),(12,2,4),(12,2,3),(12,2,2),(12,1,2),(12,0,2),
43:(11,14,5),(10,14,5),(9,14,5),(8,14,5),(7,14,5),(6,14,5),(5,14,5),(5,13,5),(5,12,5),(5,12,6),(5,11,6),(5,10,6),(5,9,6),(5,8,6),(5,7,6),(5,6,6),(5,6,5),(5,6,4),
44:(7,14,2),(8,14,2),(9,14,2),(10,14,2),(10,14,3),(11,14,3),(11,14,4),(11,14,5),(11,13,5),(11,12,5),(11,11,5),(11,10,5),(11,9,5),(11,8,5),(12,8,5),(12,7,5),(12,6,5),(12,5,5),(12,5,6),(12,4,6),(12,3,6),(12,2,6),(12,1,6),(12,0,6),(12,0,5),
45:(1,14,0),(2,14,0),(3,14,0),(4,14,0),(5,14,0),(6,14,0),(6,14,1),(6,14,2),(6,14,3),(6,13,3),(6,12,3),(6,11,3),(6,10,3),(6,10,3),(6,10,4),
46:(4,11,0),(3,11,0),(2,11,0),(1,11,0),(0,11,0),(0,11,1),(0,10,1),(0,9,1),(0,9,2),(0,8,2),(0,7,2),
47:(9,4,5),(10,4,5),(10,4,4),(10,4,3),(10,3,3),
48:(12,8,3),(11,8,3),(10,8,3),(9,8,3),(9,8,2),(9,9,2),(9,9,1),(9,9,0),
49:(2,8,2),(3,8,2),(3,8,3),(4,8,3),(5,8,3),(6,8,3),(6,8,4),(6,8,5),(6,8,5),(6,9,5),(6,10,5),(7,10,5),(8,10,5),(8,11,5),
50:(12,4,4),(11,4,4),(11,4,4),(10,4,4),(9,4,4),(9,4,3),
51:(12,1,4),(11,1,4),(11,2,4),(11,3,4),(11,4,4),(11,5,4),(11,6,4),(11,6,4),(11,7,4),(11,8,4),(10,8,4),(10,8,3),(9,8,3),(8,8,3),(8,8,2),(7,8,2),(7,8,1),(7,9,1),(7,10,1),(6,10,1),(6,11,1),(5,11,1),(5,12,1),(5,13,1),
52:(12,0,2),(11,0,2),(10,0,2),(10,0,1),(9,0,1),(8,0,1),(7,0,1),(6,0,1),(5,0,1),(4,0,1),(4,0,0),(4,1,0),(4,2,0),(4,3,0),(4,4,0),(4,5,0),(4,6,0),(4,7,0),(4,8,0),(4,9,0),(4,10,0),
53:(12,5,2),(11,5,2),(11,6,2),(11,6,1),(10,6,1),(10,7,1),(10,7,0),(10,8,0),(10,9,0),(10,10,0),(10,11,0),(9,11,0),(9,12,0),(9,13,0),(8,13,0),(7,13,0),(6,13,0),(6,14,0),
54:(6,8,2),(7,8,2),(7,8,3),(8,8,3),(9,8,3),(10,8,3),(11,8,3),(12,8,3),(13,8,3),(13,8,4),(13,9,4),(13,10,4),(13,11,4),(13,12,4),(13,13,4),
55:(4,0,2),(5,0,2),(6,0,2),(7,0,2),(8,0,2),(9,0,2),(10,0,2),(11,0,2),(12,0,2),(13,0,2),(13,1,2),(13,2,2),(13,3,2),(13,4,2),(13,4,3),(13,5,3),(14,5,3),(14,6,3),(14,7,3),(14,8,3),(14,9,3),(14,10,3),(13,10,3),(13,11,3),
56:(7,0,3),(8,0,3),(9,0,3),(10,0,3),(10,0,2),(11,0,2),(12,0,2),(13,0,2),(14,0,2),(14,1,2),(14,2,2),(14,2,1),(14,3,1),(14,4,1),(14,5,1),(14,6,1),(14,6,0),(14,7,0),(14,8,0),(14,9,0),(14,10,0),(14,11,0),
57:(5,14,2),(6,14,2),(7,14,2),(8,14,2),(9,14,2),(9,14,1),(10,14,1),(11,14,1),(11,14,0),(12,14,0),(12,13,0),(13,13,0),(14,13,0),(14,12,0),
58:(8,2,2),(7,2,2),(6,2,2),(5,2,2),(4,2,2),(4,2,3),(4,2,4),(4,3,4),(4,4,4),
59:(1,7,0),(2,7,0),(3,7,0),(4,7,0),(5,7,0),(6,7,0),(7,7,0),(8,7,0),(8,7,1),
60:(2,12,1),(2,12,2),(2,11,2),(2,10,2),(2,9,2),(2,8,2),(2,8,3),(2,8,4),(2,7,4),(2,6,4),(2,5,4),(2,4,4),
61:(0,1,4),(1,1,4),(1,1,3),(1,1,2),(1,1,1),(1,1,0),
62:(11,0,4),(10,0,4),(9,0,4),(8,0,4),(7,0,4),(7,0,3),(7,0,2),(7,0,1),(7,0,0),(7,1,0),(7,2,0),(7,3,0),(7,4,0),
63:(4,4,1),(5,4,1),(6,4,1),(7,4,1),(8,4,1),(9,4,1),(10,4,1),(11,4,1),(11,5,1),(11,5,1),(11,5,2),
64:(9,12,0),(10,12,0),(11,12,0),(12,12,0),(12,11,0),(12,10,0),(12,9,0),(12,8,0),(12,7,0),(12,6,0),(12,5,0),(12,4,0),(12,3,0),(12,3,1),(12,2,1),(12,2,2),(12,2,3),(12,1,3),(12,0,3),(12,0,4),
65:(10,11,2),(9,11,2),(8,11,2),(7,11,2),(7,11,3),(7,11,4),(7,10,4),(7,9,4),(7,8,4),(7,7,4),(7,6,4),
66:(3,6,3),(3,6,2),(3,7,2),(3,7,3),(3,8,3),(3,9,3),(3,10,3),(3,10,2),(3,11,2),(3,11,1),(3,12,1),(3,13,1),(3,14,1),
67:(8,8,0),(9,8,0),(10,8,0),(11,8,0),(12,8,0),(12,8,1),(12,9,1),(12,10,1),(12,11,1),(12,12,1),(12,12,2),(12,12,3),
68:(7,1,0),(6,1,0),(5,1,0),(5,1,1),(5,1,2),(5,2,2),(5,2,3),(5,3,3),
69:(2,5,5),(3,5,5),(4,5,5),(5,5,5),(5,5,4),(5,5,3),(5,5,2),(5,5,1),(5,5,0),(5,4,0),(5,3,0),(5,2,0),(5,1,0),
70:(9,7,5),(8,7,5),(7,7,5),(6,7,5),(5,7,5),(4,7,5),(3,7,5),(3,6,5),(2,6,5),
71:(9,8,4),(10,8,4),(11,8,4),(12,8,4),(12,8,3),(12,8,2),(12,9,2),(12,10,2),(12,11,2),
72:(14,10,0),(13,10,0),(12,10,0),(11,10,0),(10,10,0),(10,10,1),(10,9,1),(10,9,2),(9,9,2),(9,9,3),(9,9,4),(9,8,4),
73:(10,8,2),(9,8,2),(8,8,2),(7,8,2),(6,8,2),(6,8,1),(5,8,1),(4,8,1),(3,8,1),(3,7,1),(3,6,1),
74:(5,5,3),(6,5,3),(7,5,3),(8,5,3),(8,5,4),(9,5,4),(10,5,4),(10,6,4),(10,7,4),
75:(11,12,2),(12,12,2),(13,12,2),(13,12,1),(13,13,1),(13,14,1),
76:(14,2,4),(13,2,4),(12,2,4),(11,2,4),(10,2,4),(10,2,3),(10,2,2),(10,2,1),(10,3,1),(10,4,1),(10,5,1),(10,6,1),(10,7,1),(10,8,1),(10,9,1),(10,10,1),(10,11,1),(10,12,1),(10,13,1),(10,14,1),
77:(6,14,4),(7,14,4),(7,14,5),(7,13,5),(7,12,5),(7,11,5),(7,10,5),(7,9,5),(7,8,5),(7,7,5),(8,7,5),(8,6,5),(8,5,5),(8,4,5),(8,4,6),(8,3,6),(8,2,6),(8,2,5),
78:(4,6,0),(3,6,0),(3,6,1),(3,6,2),(3,5,2),(3,4,2),(3,3,2),(3,2,2),
79:(0,9,0),(1,9,0),(2,9,0),(3,9,0),(3,8,0),(3,7,0),(3,6,0),(3,6,0),(4,6,0),(4,6,0),(4,5,0),(5,5,0),(5,4,0),(6,4,0),
80:(10,0,3),(9,0,3),(9,1,3),(8,1,3),(7,1,3),(6,1,3),(5,1,3),(4,1,3),(3,1,3),(3,1,2),(2,1,2),(2,1,1),(2,2,1),(2,3,1),(2,4,1),(2,5,1),(1,5,1),(1,6,1),(0,6,1),
81:(8,14,3),(7,14,3),(6,14,3),(5,14,3),(5,14,2),(5,14,1),(5,14,0),(5,13,0),(5,12,0),(5,11,0),(5,10,0),(4,10,0),(4,9,0),(4,8,0),(3,8,0),(2,8,0),(2,7,0),(2,6,0),(2,5,0),(2,4,0),(2,3,0),(1,3,0),
82:(5,12,0),(6,12,0),(7,12,0),(8,12,0),(9,12,0),(9,12,1),(9,12,2),(9,12,3),
83:(5,4,4),(4,4,4),(3,4,4),(3,4,3),(3,4,2),(3,4,1),(3,4,0),(3,5,0),(3,6,0),(3,7,0),(3,8,0),(3,9,0),
84:(5,0,2),(5,0,3),(4,0,3),(4,0,4),(3,0,4),(2,0,4),(1,0,4),(0,0,4),(0,0,5),
85:(2,14,2),(3,14,2),(4,14,2),(5,14,2),(6,14,2),(7,14,2),(7,13,2),(7,12,2),(7,11,2),(7,10,2),(8,10,2),(9,10,2),(10,10,2),(10,9,2),(11,9,2),(11,9,1),(11,8,1),(11,7,1),(11,6,1),(11,5,1),
86:(4,12,0),(5,12,0),(5,11,0),(5,10,0),(5,9,0),(5,8,0),(5,7,0),(5,7,1),(5,7,2),(5,6,2),(5,5,2),
87:(7,3,5),(6,3,5),(5,3,5),(4,3,5),(3,3,5),(2,3,5),(1,3,5),(1,4,5),(1,5,5),(1,6,5),(1,7,5),(1,8,5),(1,8,4),(1,9,4),(1,10,4),(1,10,3),(1,11,3),
88:(5,8,4),(5,8,3),(5,8,2),(5,8,1),(5,9,1),(5,10,1),(5,11,1),(5,12,1),(5,13,1),(5,14,1),(6,14,1),
89:(9,1,4),(10,1,4),(10,2,4),(10,3,4),(11,3,4),(12,3,4),(13,3,4),(14,3,4),(14,4,4),(14,5,4),(14,6,4),
90:(7,14,0),(6,14,0),(5,14,0),(5,14,1),(4,14,1),(3,14,1),(2,14,1),(1,14,1),(0,14,1),(0,14,2),(0,14,3),(0,14,4),(0,14,5),(0,13,5),(0,12,5),(0,11,5),
91:(3,5,3),(2,5,3),(1,5,3),(1,5,2),(1,4,2),(1,3,2),(1,2,2),
92:(4,1,2),(5,1,2),(6,1,2),(7,1,2),(7,2,2),(8,2,2),(8,2,3),(8,2,4),(9,2,4),(10,2,4),(11,2,4),(11,3,4),(11,4,4),(11,5,4),(11,6,4),(11,7,4),(11,8,4),(11,9,4),(11,10,4),(12,10,4),(12,11,4),(13,11,4),(13,12,4),(14,12,4),(14,13,4),(14,14,4),(13,14,4),
93:(2,4,4),(3,4,4),(3,5,4),(4,5,4),(4,5,5),(5,5,5),(6,5,5),(7,5,5),(8,5,5),(9,5,5),(9,6,5),(9,6,5),(10,6,5),(10,7,5),(10,8,5),(11,8,5),(12,8,5),(12,8,5),(12,8,4),(13,8,4),(13,9,4),(14,9,4),(14,9,3),
94:(13,1,5),(12,1,5),(11,1,5),(10,1,5),(9,1,5),(8,1,5),(7,1,5),(7,0,5),
95:(13,4,4),(12,4,4),(12,4,3),(11,4,3),(11,4,2),(10,4,2),(9,4,2),(8,4,2),(7,4,2),(6,4,2),(5,4,2),(5,4,3),(4,4,3),(4,4,3),(4,5,3),(4,5,2),(3,5,2),
96:(10,0,5),(9,0,5),(8,0,5),(8,1,5),(8,2,5),(8,3,5),(8,4,5),(8,5,5),(8,6,5),(7,6,5),(7,7,5),(7,7,4),(7,8,4),(7,9,4),(7,10,4),(7,10,4),(7,11,4),(7,12,4),(6,12,4),
97:(6,4,2),(6,4,1),(6,4,0),(6,4,0),(7,4,0),(8,4,0),
98:(9,3,0),(8,3,0),(7,3,0),(6,3,0),(6,3,1),(6,4,1),(6,5,1),(6,6,1),(6,7,1),(6,8,1),(6,9,1),
99:(4,10,3),(3,10,3),(3,10,4),(3,11,4),(3,12,4),(3,13,4),(3,14,4),
100:(5,14,4),(6,14,4),(7,14,4),(8,14,4),(9,14,4),(10,14,4),(10,14,3),(10,14,2),(10,14,1),(10,14,0),
101:(4,11,4),(3,11,4),(2,11,4),(1,11,4),(0,11,4),(0,10,4),(0,9,4),(0,8,4),(0,7,4),(0,6,4),(0,6,3),(0,6,2),
102:(13,10,4),(12,10,4),(11,10,4),(10,10,4),(9,10,4),(8,10,4),(8,10,3),(8,9,3),(8,8,3),(8,7,3),(8,6,3),(8,6,2),(8,5,2),(8,5,1),(8,4,1),(8,3,1),(8,3,0),(8,2,0),(8,1,0),(8,0,0),
103:(5,3,2),(6,3,2),(6,4,2),(6,5,2),(6,6,2),(6,7,2),(6,8,2),(6,9,2),(6,10,2),(6,11,2),(6,12,2),(6,13,2),(6,14,2),
104:(0,1,0),(1,1,0),(2,1,0),(3,1,0),(4,1,0),(5,1,0),(6,1,0),(7,1,0),(8,1,0),(9,1,0),(10,1,0),(11,1,0),(11,2,0),(11,2,1),(11,2,2),(11,2,3),(11,2,4),(11,3,4),(11,4,4),(11,5,4),(11,6,4),(11,7,4),(11,8,4),(11,9,4),(11,10,4),
105:(14,4,1),(13,4,1),(12,4,1),(11,4,1),(10,4,1),(10,5,1),(9,5,1),(8,5,1),(8,5,2),(8,5,3),
106:(6,13,2),(6,13,1),(5,13,1),(4,13,1),(4,13,0),(4,12,0),(4,11,0),(4,10,0),(4,9,0),(4,8,0),(4,7,0),(3,7,0),
107:(0,11,4),(0,11,5),(0,10,5),
108:(13,11,1),(12,11,1),(11,11,1),(10,11,1),(9,11,1),(8,11,1),(8,11,2),(8,11,3),(8,12,3),
109:(11,11,5),(10,11,5),(9,11,5),(8,11,5),(8,10,5),(8,9,5),
110:(11,9,5),(10,9,5),(9,9,5),(9,9,4),(9,9,3),(9,8,3),(9,8,2),(9,7,2),(9,6,2),(9,5,2),(9,4,2),(9,3,2),
111:(3,13,4),(4,13,4),(4,12,4),(4,11,4),(4,10,4),(4,9,4),(4,8,4),(4,7,4),(5,7,4),(6,7,4),(7,7,4),(8,7,4),(8,7,5),(8,6,5),(9,6,5),
112:(14,6,4),(13,6,4),(13,7,4),(13,8,4),(12,8,4),(12,8,3),(12,9,3),(12,10,3),(12,10,2),(12,10,1),(11,10,1),
113:(0,0,5),(1,0,5),(2,0,5),(3,0,5),(4,0,5),(5,0,5),(6,0,5),(6,0,4),(7,0,4),(7,1,4),(7,2,4),(7,3,4),(8,3,4),(9,3,4),(10,3,4),(11,3,4),(11,3,4),(11,4,4),(12,4,4),(12,4,3),(12,4,2),(12,5,2),
114:(2,12,0),(1,12,0),(1,12,1),(1,13,1),(1,13,2),(1,13,3),(1,14,3),
115:(8,11,5),(7,11,5),(6,11,5),(6,11,4),(6,11,3),(6,10,3),(6,9,3),(6,8,3),(6,8,2),(6,7,2),(6,6,2),(6,5,2),(6,4,2),(6,3,2),(6,2,2),(6,1,2),(6,0,2),
116:(0,13,5),(1,13,5),(2,13,5),(3,13,5),(4,13,5),(4,13,4),(5,13,4),(5,12,4),(5,11,4),(5,10,4),(6,10,4),(6,10,3),(6,10,2),(6,10,1),(7,10,1),(8,10,1),(9,10,1),(9,9,1),(9,8,1),
117:(2,9,5),(3,9,5),(4,9,5),(5,9,5),(6,9,5),(7,9,5),(7,9,4),(8,9,4),(9,9,4),(10,9,4),(11,9,4),(12,9,4),(13,9,4),(14,9,4),(14,8,4),
118:(3,10,4),(4,10,4),(5,10,4),(5,10,5),(5,9,5),(5,9,6),(5,8,6),(5,7,6),(5,6,6),(5,5,6),(5,4,6),(5,3,6),(5,3,5),(5,2,5),
119:(6,8,4),(7,8,4),(7,8,5),(7,7,5),(7,6,5),(7,5,5),(7,4,5),(7,3,5),(7,2,5),(7,1,5),
120:(7,9,1),(7,8,1),(7,7,1),(7,6,1),(7,5,1),(7,4,1),(7,4,1),(7,4,2),(6,4,2),(5,4,2),(5,3,2),(5,2,2),(4,2,2),(4,2,3),(4,1,3),(3,1,3),(3,0,3),
121:(14,10,1),(13,10,1),(12,10,1),(12,9,1),(12,8,1),(12,7,1),(12,7,0),(12,6,0),(12,5,0),(12,4,0),(12,3,0),(11,3,0),(10,3,0),(9,3,0),(8,3,0),(7,3,0),(6,3,0),(5,3,0),(4,3,0),(3,3,0),(3,3,1),(2,3,1),(2,2,1),(2,1,1),(2,0,1),
122:(11,2,0),(10,2,0),(9,2,0),(8,2,0),(7,2,0),(6,2,0),(5,2,0),(5,3,0),(5,4,0),(6,4,0),(6,5,0),(6,6,0),(6,7,0),(6,8,0),(6,8,1),(5,8,1),(5,8,2),
123:(1,0,1),(2,0,1),(3,0,1),(3,0,2),(3,0,3),(3,1,3),(3,2,3),
124:(8,5,3),(7,5,3),(7,5,4),(6,5,4),(6,6,4),(5,6,4),(4,6,4),(3,6,4),(3,6,5),(3,7,5),(3,8,5),(2,8,5),(2,9,5),(2,10,5),
125:(10,11,4),(9,11,4),(8,11,4),(7,11,4),(6,11,4),(5,11,4),(5,11,3),(5,11,2),(5,11,1),(4,11,1),(4,11,0),
126:(0,7,0),(1,7,0),(2,7,0),(2,7,1),(2,7,2),(2,7,3),(2,7,3),(2,8,3),
127:(9,1,1),(10,1,1),(11,1,1),(11,1,2),(11,1,3),(11,2,3),(11,3,3),
128:(2,12,4),(2,12,3),(2,11,3),(1,11,3),(0,11,3),(0,10,3),(0,10,2),(0,10,1),(0,9,1),(0,8,1),(0,7,1),(0,6,1),(0,5,1),(0,5,0),(0,4,0),(-1,4,0),(-1,3,0),(-1,2,0),(0,2,0),(0,1,0),(0,0,0),
129:(0,4,3),(1,4,3),(2,4,3),(2,5,3),(3,5,3),(4,5,3),(4,5,4),(4,5,5),(4,6,5),(4,6,6),(5,6,6),(6,6,6),(7,6,6),(8,6,6),(9,6,6),(10,6,6),(11,6,6),(12,6,6),(12,6,5),
130:(14,1,4),(14,1,3),(14,2,3),(14,3,3),(14,4,3),(14,5,3),(14,6,3),(14,7,3),(14,8,3),(14,9,3),(13,9,3),(13,9,2),(13,9,1),(13,10,1),(12,10,1),(12,11,1),(11,11,1),(10,11,1),(9,11,1),
131:(14,8,0),(13,8,0),(13,8,1),(13,8,2),(13,9,2),(13,10,2),
132:(14,14,0),(13,14,0),(12,14,0),(12,14,1),(12,14,2),(12,14,3),
133:(5,5,1),(6,5,1),(7,5,1),(8,5,1),(9,5,1),(9,5,2),(10,5,2),(11,5,2),(12,5,2),(12,6,2),(12,7,2),(12,8,2),(12,8,3),(12,8,4),(12,9,4),(12,10,4),(12,10,5),(12,11,5),(12,12,5),(12,13,5),
134:(3,2,2),(4,2,2),(5,2,2),(5,1,2),(6,1,2),(7,1,2),(7,1,3),(8,1,3),(9,1,3),(9,1,4),(9,1,4),(9,0,4),
135:(3,13,1),(4,13,1),(4,14,1),(4,15,1),(5,15,1),(6,15,1),(7,15,1),(8,15,1),(9,15,1),(10,15,1),(11,15,1),(12,15,1),(13,15,1),(14,15,1),(14,14,1),
136:(2,10,2),(2,10,3),(2,10,3),(2,11,3),(2,11,4),(2,12,4),
137:(4,7,2),(5,7,2),(5,7,3),(5,7,4),(5,8,4),(5,9,4),(5,9,5),(5,10,5),(5,11,5),
138:(1,1,0),(1,1,1),(1,1,2),(1,0,2),(1,0,3),
139:(3,12,0),(4,12,0),(5,12,0),(6,12,0),(7,12,0),(8,12,0),(9,12,0),(10,12,0),(11,12,0),(12,12,0),(12,12,1),(12,11,1),(12,10,1),(12,10,2),(12,10,3),(12,9,3),(12,8,3),
140:(1,11,2),(2,11,2),(3,11,2),(4,11,2),(5,11,2),(6,11,2),(7,11,2),(8,11,2),(9,11,2),(10,11,2),(10,10,2),(10,9,2),(10,9,3),(10,9,4),(10,8,4),(10,8,5),(10,7,5),(10,6,5),(11,6,5),(11,5,5),(11,4,5),
141:(6,6,5),(6,5,5),(6,5,4),(6,5,3),(6,5,2),(6,5,1),(6,5,0),(6,4,0),(6,3,0),(6,2,0),(6,2,0),(7,2,0),
142:(0,7,4),(0,7,3),(0,7,2),(0,7,1),(0,7,0),(0,6,0),(0,5,0),(0,4,0),(0,3,0),
143:(10,5,4),(11,5,4),(12,5,4),(12,5,3),(12,5,2),(12,4,2),(12,3,2),
144:(3,6,2),(4,6,2),(5,6,2),(6,6,2),(7,6,2),(8,6,2),(8,7,2),(8,8,2),(8,9,2),
145:(13,8,5),(12,8,5),(11,8,5),(10,8,5),(9,8,5),(9,9,5),(9,10,5),(8,10,5),(8,11,5),(7,11,5),(7,12,5),(7,12,4),(6,12,4),(5,12,4),(5,12,3),(4,12,3),(4,12,2),(4,12,1),(4,13,1),
146:(12,13,1),(11,13,1),(10,13,1),(9,13,1),(9,12,1),(9,11,1),(9,10,1),(9,9,1),(9,8,1),(9,8,2),(9,7,2),(9,6,2),(8,6,2),(8,5,2),(8,4,2),(8,3,2),(7,3,2),(7,2,2),(7,1,2),
147:(5,8,5),(6,8,5),(6,8,4),(7,8,4),(8,8,4),(9,8,4),(10,8,4),(11,8,4),(12,8,4),(12,8,4),(13,8,4),(13,7,4),(13,7,3),(13,7,2),
148:(14,5,4),(14,6,4),(14,7,4),(14,8,4),(13,8,4),(12,8,4),(12,9,4),(12,10,4),(12,10,5),(12,11,5),(12,12,5),(11,12,5),(11,13,5),(11,13,4),(11,14,4),
149:(8,0,2),(8,0,1),(7,0,1),(6,0,1),(5,0,1),(4,0,1),(3,0,1),(2,0,1),(1,0,1),(0,0,1),(0,0,2),(0,0,3),
150:(12,1,3),(11,1,3),(10,1,3),(9,1,3),(8,1,3),(7,1,3),(6,1,3),(6,2,3),(6,3,3),(6,4,3),(6,5,3),(5,5,3),(5,6,3),(5,6,2),(5,7,2),(5,8,2),(4,8,2),(4,9,2),(3,9,2),(3,10,2),(3,11,2),
151:(0,1,5),(0,2,5),(0,3,5),(0,4,5),(0,5,5),
152:(9,3,3),(8,3,3),(7,3,3),(6,3,3),(5,3,3),(4,3,3),(4,3,2),(4,3,1),(4,4,1),(4,5,1),(4,6,1),(4,7,1),(4,8,1),(4,9,1),(4,10,1),(4,11,1),(4,12,1),(4,12,0),(4,13,0),(4,14,0),
153:(12,3,3),(11,3,3),(10,3,3),(9,3,3),(8,3,3),(7,3,3),(6,3,3),(6,4,3),(5,4,3),(4,4,3),(4,5,3),(4,6,3),(3,6,3),(3,7,3),(3,8,3),(3,9,3),(3,10,3),(3,11,3),(3,12,3),(2,12,3),(2,13,3),(2,14,3),
154:(10,12,0),(10,12,1),(10,12,2),(10,11,2),(10,10,2),(10,9,2),(9,9,2),(9,9,3),(8,9,3),(8,8,3),(8,7,3),(8,6,3),(8,6,4),(8,5,4),(7,5,4),(7,4,4),(7,3,4),(6,3,4),(6,2,4),
155:(11,9,1),(10,9,1),(9,9,1),(8,9,1),(7,9,1),(6,9,1),(6,9,1),(5,9,1),(4,9,1),(4,10,1),(3,10,1),(3,10,1),(2,10,1),(1,10,1),(0,10,1),
156:(4,7,4),(5,7,4),(6,7,4),(7,7,4),(8,7,4),(9,7,4),(10,7,4),(11,7,4),(11,7,3),(12,7,3),(12,8,3),(12,9,3),(13,9,3),(13,9,2),
157:(9,4,1),(10,4,1),(11,4,1),(11,4,0),
158:(12,8,5),(12,8,4),(12,7,4),
159:(3,8,1),(4,8,1),(5,8,1),(6,8,1),(7,8,1),(8,8,1),(9,8,1),(10,8,1),(11,8,1),(11,8,2),(12,8,2),(12,8,3),(12,8,4),(13,8,4),(13,7,4),(13,6,4),(13,5,4),(13,4,4),(13,3,4),(13,2,4),(13,1,4),
160:(8,2,0),(9,2,0),(9,2,1),(10,2,1),(11,2,1),(12,2,1),(13,2,1),(13,1,1),(13,0,1),(13,0,1),(13,0,1),(13,0,2),
161:(10,3,4),(11,3,4),(11,3,3),(11,3,2),(11,3,1),(11,2,1),(11,1,1),
162:(7,14,5),(6,14,5),(6,13,5),(6,12,5),(6,11,5),(6,10,5),(6,9,5),(6,9,6),(5,9,6),(5,8,6),(5,7,6),(5,7,5),(5,6,5),(5,6,4),(5,5,4),(5,4,4),(5,4,3),(5,4,2),
163:(13,5,1),(12,5,1),(11,5,1),(10,5,1),(10,5,0),(10,6,0),
164:(10,4,5),(10,4,4),(9,4,4),(8,4,4),(7,4,4),(7,3,4),(6,3,4),(5,3,4),(4,3,4),(4,2,4),(4,1,4),(4,0,4),
165:(4,9,4),(5,9,4),(6,9,4),(7,9,4),(7,9,5),(7,9,6),(8,9,6),(9,9,6),(10,9,6),(11,9,6),(12,9,6),(12,9,5),
166:(7,7,0),(8,7,0),(9,7,0),(10,7,0),(11,7,0),(12,7,0),(13,7,0),(13,8,0),(13,8,1),(13,8,2),(13,9,2),(14,9,2),(14,10,2),(14,11,2),(14,12,2),(14,13,2),(14,14,2),
167:(13,3,1),(12,3,1),(11,3,1),(10,3,1),(9,3,1),(8,3,1),(7,3,1),(7,4,1),(7,5,1),(7,6,1),(8,6,1),(7,6,1),(7,7,1),(7,7,0),(7,8,0),
168:(10,5,2),(9,5,2),(9,5,3),(9,5,4),(9,6,4),
169:(2,5,1),(3,5,1),(4,5,1),(5,5,1),(6,5,1),(7,5,1),(7,6,1),(7,7,1),(7,7,0),(7,7,-1),(8,7,-1),(9,7,-1),(10,7,-1),(11,7,-1),(11,7,0),
170:(9,7,2),(8,7,2),(7,7,2),(6,7,2),(6,7,3),(5,7,3),(4,7,3),(3,7,3),(2,7,3),(2,7,4),(2,6,4),(2,5,4),(1,5,4),(1,4,4),(1,3,4),(1,2,4),
171:(6,13,4),(7,13,4),(8,13,4),(9,13,4),(10,13,4),(11,13,4),(12,13,4),(13,13,4),(14,13,4),(14,12,4),(14,11,4),
172:(3,14,4),(4,14,4),(5,14,4),(6,14,4),(7,14,4),(8,14,4),(9,14,4),(10,14,4),(10,14,3),(10,14,2),(10,13,2),(10,12,2),(10,11,2),(10,10,2),(10,9,2),
173:(2,5,4),(3,5,4),(4,5,4),(5,5,4),(6,5,4),(7,5,4),(8,5,4),(9,5,4),(10,5,4),(11,5,4),(12,5,4),(12,5,3),(12,5,2),(12,4,2),(12,4,1),(12,4,0),(13,4,0),
174:(14,2,0),(13,2,0),(12,2,0),(11,2,0),(10,2,0),(10,2,1),(10,3,1),(10,4,1),(10,5,1),(10,6,1),(10,7,1),(10,8,1),(10,9,1),(10,10,1),(9,10,1),(9,11,1),(9,11,2),(9,11,3),(9,11,4),
175:(5,3,4),(4,3,4),(3,3,4),(2,3,4),(1,3,4),(0,3,4),(0,3,3),(0,4,3),(0,5,3),
176:(13,0,2),(12,0,2),(11,0,2),(11,0,3),(10,0,3),(9,0,3),(9,0,4),(9,1,4),(8,1,4),(8,1,4),(8,1,5),
177:(13,5,3),(12,5,3),(11,5,3),(10,5,3),(9,5,3),(8,5,3),(7,5,3),(7,5,4),(7,5,5),(7,4,5),(6,4,5),(5,4,5),(4,4,5),(3,4,5),(2,4,5),(2,3,5),(2,2,5),(2,1,5),
178:(4,9,5),(4,8,5),(4,7,5),(4,6,5),(4,6,4),(4,6,3),(5,6,3),(5,6,3),(5,6,2),(5,6,1),(5,5,1),(5,4,1),(5,3,1),(5,3,0),(6,3,0),(6,2,0),(6,1,0),(7,1,0),
179:(4,3,0),(5,3,0),(5,3,1),(5,3,2),(5,4,2),(5,4,3),(5,4,4),(5,5,4),(5,6,4),(5,7,4),(5,7,4),(6,7,4),
180:(0,7,1),(1,7,1),(1,7,2),(1,6,2),(1,5,2),(1,4,2),(1,3,2),(2,3,2),(2,3,2),(3,3,2),(3,3,3),(4,3,3),(4,2,3),(5,2,3),(6,2,3),(7,2,3),(8,2,3),(9,2,3),(10,2,3),(11,2,3),
181:(11,7,1),(11,7,2),(11,7,3),(11,7,4),(11,7,5),(11,6,5),(11,5,5),(11,4,5),(10,4,5),(10,3,5),(10,2,5),(9,2,5),(9,1,5),(9,0,5),(8,0,5),
182:(12,6,4),(11,6,4),(10,6,4),(9,6,4),(8,6,4),(7,6,4),(6,6,4),(6,6,4),(6,6,4),(6,6,3),
183:(7,12,1),(8,12,1),(8,11,1),(8,10,1),(8,9,1),(8,9,2),(8,8,2),(9,8,2),(9,7,2),(10,7,2),(11,7,2),(12,7,2),(12,6,2),(13,6,2),(14,6,2),
184:(1,9,2),(2,9,2),(3,9,2),(3,8,2),
185:(2,14,3),(3,14,3),(4,14,3),(4,13,3),(5,13,3),(6,13,3),(7,13,3),(8,13,3),(9,13,3),(10,13,3),(11,13,3),(11,12,3),(11,11,3),(11,11,4),(12,11,4),(13,11,4),(13,10,4),
186:(8,10,1),(9,10,1),(10,10,1),(10,10,0),(10,11,0),(11,11,0),(11,12,0),(11,13,0),
187:(3,0,3),(2,0,3),(2,0,2),(2,0,1),(2,0,0),(2,1,0),(2,2,0),(2,3,0),(2,4,0),(2,5,0),(2,6,0),(2,7,0),(2,8,0),(2,8,-1),(2,9,-1),(2,10,-1),(2,11,-1),(2,12,-1),(2,13,-1),(2,13,0),
188:(13,7,5),(12,7,5),(12,8,5),(12,9,5),(12,9,4),(12,9,3),(12,10,3),(12,11,3),
189:(6,5,0),(5,5,0),(5,5,1),(5,5,2),(5,5,3),(5,6,3),(5,6,4),(5,7,4),(5,7,5),(6,7,5),(6,8,5),(6,9,5),(6,10,5),(5,10,5),
190:(11,3,1),(10,3,1),(9,3,1),(8,3,1),(7,3,1),(6,3,1),(5,3,1),(5,3,2),(4,3,2),(4,4,2),(4,5,2),(4,6,2),(4,7,2),(4,8,2),(4,9,2),(4,10,2),(3,10,2),(3,11,2),(3,12,2),(4,12,2),
191:(8,8,2),(8,8,3),(8,8,4),(8,9,4),(7,9,4),(6,9,4),(5,9,4),(4,9,4),(4,9,5),(4,10,5),(4,11,5),
192:(1,7,4),(2,7,4),(3,7,4),(4,7,4),(5,7,4),(6,7,4),(6,7,3),(6,7,2),(6,6,2),(7,6,2),(7,5,2),(7,4,2),
193:(12,0,0),(11,0,0),(10,0,0),(9,0,0),(9,1,0),(9,1,1),(9,1,2),(9,1,3),(9,1,4),(9,2,4),
194:(1,4,2),(2,4,2),(3,4,2),(4,4,2),(4,4,1),(5,4,1),(6,4,1),
195:(13,9,3),(12,9,3),(11,9,3),(10,9,3),(10,8,3),(10,7,3),(9,7,3),(8,7,3),(7,7,3),(7,7,2),(7,7,3),(6,7,3),(5,7,3),(5,7,2),(5,7,1),(5,7,0),
196:(8,5,2),(7,5,2),(7,6,2),(7,7,2),(6,7,2),(5,7,2),(4,7,2),(3,7,2),(2,7,2),(1,7,2),(1,7,3),(1,8,3),(0,8,3),(0,8,4),(0,7,4),
197:(3,10,1),(4,10,1),(5,10,1),(6,10,1),(7,10,1),(8,10,1),(8,10,2),(9,10,2),(10,10,2),(10,9,2),(11,9,2),(12,9,2),(12,8,2),(12,7,2),(12,6,2),(13,6,2),(13,5,2),(13,4,2),(13,3,2),(14,3,2),
198:(10,4,0),(9,4,0),(8,4,0),(8,4,1),(8,4,2),(7,4,2),(6,4,2),(5,4,2),(4,4,2),(3,4,2),(2,4,2),(2,5,2),(2,6,2),
199:(8,10,4),(7,10,4),(6,10,4),(5,10,4),(5,10,3),(5,10,2),(5,10,1),
200:(13,13,4),(13,12,4),(13,11,4),(13,10,4),(13,9,4),(13,8,4),(13,8,3),(13,7,3),(13,6,3),(13,5,3),(13,4,3),(13,4,4),(13,3,4),(13,2,4),(13,2,3),(13,2,2),(13,2,1),(13,1,1),(13,0,1),
201:(12,13,5),(11,13,5),(10,13,5),(9,13,5),(8,13,5),(7,13,5),(7,13,4),(7,13,3),(7,13,2),(7,12,2),(7,11,2),(7,10,2),
202:(12,12,1),(11,12,1),(10,12,1),(9,12,1),(8,12,1),(7,12,1),(6,12,1),(6,13,1),
203:(1,5,2),(2,5,2),(3,5,2),(4,5,2),(5,5,2),(5,6,2),(5,7,2),(5,7,3),(5,8,3),(5,9,3),(5,10,3),(5,11,3),(5,12,3),(6,12,3),
204:(14,3,2),(13,3,2),(12,3,2),(12,2,2),(11,2,2),(10,2,2),(9,2,2),(9,1,2),(9,0,2),(8,0,2),(7,0,2),(6,0,2),(5,0,2),(4,0,2),(3,0,2),(2,0,2),(2,0,3),
205:(5,2,4),(5,3,4),(5,4,4),(5,4,5),(5,5,5),(5,5,6),(5,6,6),(5,6,5),(5,6,5),(5,7,5),(6,7,5),(6,8,5),(6,9,5),(6,10,5),
206:(6,9,2),(7,9,2),(7,9,3),(7,10,3),(7,10,4),(7,10,4),(8,10,4),
207:(1,7,1),(1,7,2),(1,7,3),(1,7,4),
208:(8,7,5),(7,7,5),(6,7,5),(6,6,5),
209:(11,8,4),(11,7,4),(10,7,4),(9,7,4),(9,7,3),(9,7,2),(9,6,2),(8,6,2),(7,6,2),(7,5,2),(6,5,2),(6,5,1),(5,5,1),
210:(6,6,4),(6,6,4),(5,6,4),(4,6,4),(3,6,4),(3,7,4),(3,8,4),(3,9,4),(3,10,4),(3,11,4),
211:(1,3,2),(2,3,2),(2,4,2),(2,5,2),(2,6,2),(2,7,2),(2,8,2),(2,9,2),(3,9,2),(3,9,3),(3,10,3),(3,11,3),(4,11,3),(4,12,3),(4,13,3),(5,13,3),(6,13,3),(7,13,3),(8,13,3),(9,13,3),(10,13,3),(10,14,3),
212:(14,1,5),(13,1,5),(12,1,5),(12,2,5),(12,3,5),(12,4,5),(12,4,4),(12,4,3),(12,5,3),(12,6,3),(12,7,3),
213:(4,11,3),(3,11,3),(3,11,3),(3,11,2),(2,11,2),(1,11,2),
214:(4,4,0),(3,4,0),(2,4,0),(1,4,0),(1,4,1),(1,3,1),(1,2,1),(1,1,1),(1,1,2),(1,0,2),(1,0,2),(0,0,2),
215:(14,0,2),(13,0,2),(12,0,2),(11,0,2),(11,1,2),(11,2,2),(11,3,2),(11,4,2),(11,4,2),(10,4,2),
216:(11,2,4),(10,2,4),(9,2,4),(8,2,4),(7,2,4),(7,2,3),(6,2,3),(6,2,2),(6,2,1),(6,1,1),(6,1,0),(6,0,0),
217:(7,4,5),(6,4,5),(5,4,5),(4,4,5),(3,4,5),(3,4,4),(3,3,4),(3,2,4),
218:(6,13,0),(7,13,0),(8,13,0),(9,13,0),(10,13,0),(11,13,0),(12,13,0),(13,13,0),(13,13,1),(13,13,2),(13,13,3),(13,13,4),(13,13,5),
219:(0,14,2),(1,14,2),(2,14,2),(3,14,2),(4,14,2),(5,14,2),(6,14,2),(7,14,2),(7,14,3),(8,14,3),(9,14,3),(10,14,3),(11,14,3),(11,13,3),(11,12,3),(11,11,3),(11,10,3),(11,9,3),(11,8,3),(11,8,4),(12,8,4),(13,8,4),(13,7,4),(13,6,4),(13,5,4),(13,4,4),(13,3,4),(14,3,4),(14,3,5),(14,2,5),(14,1,5),(14,0,5),
220:(7,1,4),(8,1,4),(9,1,4),(9,1,5),(9,2,5),(10,2,5),(11,2,5),(12,2,5),(12,3,5),(12,4,5),(13,4,5),(13,5,5),(13,6,5),(13,7,5),(13,8,5),
221:(7,1,1),(8,1,1),(9,1,1),(10,1,1),(11,1,1),(12,1,1),(13,1,1),(13,1,0),(13,2,0),
222:(10,13,3),(11,13,3),(12,13,3),(12,13,2),(12,13,1),(12,14,1),
223:(3,2,0),(4,2,0),(5,2,0),(6,2,0),(6,2,1),(7,2,1),(8,2,1),(9,2,1),(10,2,1),(11,2,1),(11,3,1),(11,4,1),(11,5,1),(11,6,1),(12,6,1),(12,7,1),(12,8,1),(12,8,2),(12,9,2),(12,9,3),(13,9,3),
224:(13,12,3),(12,12,3),(11,12,3),(10,12,3),(9,12,3),(8,12,3),(8,11,3),(8,10,3),(8,10,2),(8,10,1),(7,10,1),(7,9,1),(7,8,1),(6,8,1),(5,8,1),(4,8,1),(3,8,1),(2,8,1),(2,7,1),(2,6,1),(2,5,1),
225:(13,8,1),(12,8,1),(11,8,1),(10,8,1),(9,8,1),(9,8,2),(9,7,2),(8,7,2),(8,7,3),(7,7,3),(6,7,3),(5,7,3),(5,7,4),(5,7,5),
226:(11,8,0),(10,8,0),(10,9,0),(9,9,0),(8,9,0),(7,9,0),(7,10,0),(7,11,0),
227:(3,7,3),(4,7,3),(4,7,2),(5,7,2),(5,7,1),(5,7,0),(5,6,0),
228:(0,11,2),(1,11,2),(1,11,1),(2,11,1),(3,11,1),(4,11,1),(4,11,2),
229:(7,2,5),(8,2,5),(9,2,5),(10,2,5),(11,2,5),(12,2,5),(12,2,4),(12,2,3),(12,2,2),(12,2,1),(12,3,1),(12,4,1),(12,5,1),
230:(4,1,0),(5,1,0),(5,1,1),(5,2,1),(5,2,2),(5,2,3),(5,3,3),(5,4,3),(5,5,3),(5,6,3),(5,7,3),(5,7,2),(6,7,2),(6,7,3),(6,8,3),(6,8,4),(6,9,4),
231:(7,1,5),(6,1,5),(5,1,5),(4,1,5),(3,1,5),(2,1,5),(2,1,4),(2,1,3),
232:(14,13,0),(13,13,0),(12,13,0),(11,13,0),(11,13,1),(10,13,1),(9,13,1),(8,13,1),(8,13,2),(8,12,2),(8,11,2),(8,11,3),(8,10,3),(8,9,3),(8,9,4),(8,8,4),(8,7,4),(8,6,4),(8,5,4),(8,4,4),
233:(6,6,1),(7,6,1),(7,6,0),(7,7,0),(7,8,0),(7,8,0),(7,9,0),
234:(7,3,4),(6,3,4),(5,3,4),(4,3,4),(3,3,4),(2,3,4),(1,3,4),(1,3,3),(1,3,2),(1,4,2),(1,5,2),(1,6,2),(1,6,1),(0,6,1),(0,6,0),(0,7,0),(0,8,0),(0,9,0),(0,10,0),(0,11,0),(0,12,0),
235:(5,3,3),(6,3,3),(6,4,3),(7,4,3),(7,5,3),(7,6,3),(7,6,2),(7,6,1),(7,6,0),
236:(1,5,1),(2,5,1),(3,5,1),(4,5,1),(4,5,1),(4,5,2),(4,5,3),(4,5,4),(5,5,4),(6,5,4),(7,5,4),(8,5,4),(9,5,4),(10,5,4),(11,5,4),(12,5,4),(12,5,3),(13,5,3),(14,5,3),
237:(3,3,0),(3,3,1),(2,3,1),(2,4,1),(2,5,1),(2,6,1),(2,7,1),(2,8,1),(2,9,1),(2,10,1),(2,11,1),(2,12,1),(2,13,1),(2,13,2),(2,13,3),(2,13,4),(2,13,5),(2,14,5),
238:(8,6,2),(8,6,3),(8,7,3),(7,7,3),(7,8,3),(7,9,3),(7,10,3),(7,10,3),(6,10,3),(5,10,3),(4,10,3),(3,10,3),(4,10,3),(4,11,3),(4,12,3),(4,13,3),
239:(13,6,4),(12,6,4),(11,6,4),(10,6,4),(10,7,4),(10,8,4),(10,9,4),(9,9,4),(9,10,4),
240:(7,7,3),(8,7,3),(9,7,3),(9,7,3),(9,6,3),(9,5,3),(8,5,3),(8,4,3),(8,3,3),(8,2,3),(9,2,3),(9,1,3),(9,0,3),
241:(1,6,3),(1,6,4),(2,6,4),(3,6,4),(3,6,5),(3,5,5),
242:(10,13,4),(9,13,4),(9,12,4),(9,11,4),(9,11,4),(9,10,4),(9,9,4),(9,8,4),(9,7,4),(8,7,4),(8,6,4),(8,6,4),(8,5,4),(7,5,4),(7,4,4),(7,3,4),(7,2,4),(7,1,4),(7,0,4),
243:(8,3,5),(8,4,5),(8,5,5),(8,6,5),(8,7,5),(7,7,5),(7,8,5),(7,8,4),(6,8,4),(6,8,4),(6,9,4),(5,9,4),(5,10,4),(5,11,4),(5,12,4),(5,13,4),(4,13,4),(3,13,4),(2,13,4),(2,14,4),
244:(10,0,1),(10,0,2),(10,0,3),(10,0,4),(10,0,5),(10,1,5),(10,2,5),(10,3,5),(10,3,6),(10,4,6),(10,5,6),(10,6,6),(10,7,6),(10,8,6),(10,9,6),(10,10,6),(10,10,5),
245:(4,2,4),(5,2,4),(6,2,4),(7,2,4),(7,2,3),(8,2,3),(9,2,3),(9,2,2),(9,1,2),
246:(7,13,3),(8,13,3),(8,13,2),(8,13,2),(8,14,2),
247:(13,4,0),(12,4,0),(11,4,0),(11,5,0),(11,5,1),(11,5,2),(11,5,3),(11,5,4),(11,5,5),(10,5,5),(9,5,5),(8,5,5),(7,5,5),(6,5,5),(5,5,5),(4,5,5),(4,6,5),(3,6,5),
248:(6,11,5),(6,10,5),(7,10,5),(8,10,5),(9,10,5),(10,10,5),(11,10,5),(12,10,5),(13,10,5),(14,10,5),(14,9,5),
249:(13,8,0),(12,8,0),(11,8,0),(11,9,0),(10,9,0),(9,9,0),(8,9,0),(8,9,1),(7,9,1),(6,9,1),(5,9,1),(4,9,1),(4,10,1),(3,10,1),(2,10,1),(1,10,1),(1,10,2),(1,10,3),(1,10,4),(1,11,4),(2,11,4),
250:(9,9,2),(10,9,2),(11,9,2),(12,9,2),(12,9,1),(13,9,1),(13,9,0),(13,10,0),(13,11,0),
251:(0,3,5),(1,3,5),(2,3,5),(3,3,5),(3,3,6),(4,3,6),(5,3,6),(6,3,6),(6,2,6),(7,2,6),(8,2,6),(9,2,6),(10,2,6),(11,2,6),(12,2,6),(13,2,6),(13,2,5),
252:(8,0,3),(8,0,4),(7,0,4),(6,0,4),(5,0,4),(4,0,4),(3,0,4),(2,0,4),(1,0,4),(0,0,4),(0,1,4),(0,2,4),(0,3,4),
253:(6,13,3),(5,13,3),(4,13,3),(4,12,3),(4,12,3),(4,11,3),(4,10,3),(4,9,3),(4,9,4),(4,8,4),(4,7,4),(4,6,4),(3,6,4),(3,5,4),(3,4,4),(3,3,4),(2,3,4),(2,3,5),(2,2,5),(1,2,5),
254:(13,9,0),(13,9,1),(13,9,1),(13,8,1),(13,7,1),(13,7,0),(13,7,1),
255:(8,4,3),(8,4,2),(8,5,2),(8,6,2),(8,6,1),(8,7,1),(8,8,1),(8,8,1),(8,9,1),(8,9,1),(8,10,1),(8,11,1),(8,12,1),(8,13,1),(8,14,1),
256:(3,8,2),(3,8,1),(3,7,1),(3,6,1),(3,5,1),(3,5,1),(3,4,1),(3,3,1),(3,2,1),(4,2,1),(4,1,1),(4,0,1),
257:(3,13,0),(4,13,0),(5,13,0),(5,12,0),(5,11,0),(5,10,0),(5,9,0),(5,8,0),(5,8,1),(5,8,2),(5,8,3),
258:(3,4,0),(3,4,1),(4,4,1),(5,4,1),(5,5,1),(5,6,1),(6,6,1),(6,7,1),(7,7,1),(7,8,1),(8,8,1),(8,9,1),(8,10,1),(8,10,2),(8,10,3),(8,11,3),(8,11,4),
259:(7,12,2),(6,12,2),(5,12,2),(4,12,2),(4,12,1),(3,12,1),(3,12,0),(3,13,0),(3,14,0),
260:(11,6,1),(10,6,1),(9,6,1),(8,6,1),(7,6,1),(6,6,1),(6,6,2),(5,6,2),(4,6,2),(4,7,2),(4,8,2),(4,9,2),(3,9,2),(3,10,2),(3,10,2),(2,10,2),
261:(1,14,3),(2,14,3),(3,14,3),(4,14,3),(4,13,3),(5,13,3),(6,13,3),(6,13,2),(6,13,2),(7,13,2),(8,13,2),(9,13,2),(10,13,2),(11,13,2),(12,13,2),(13,13,2),(13,13,1),(13,13,0),
262:(0,7,3),(1,7,3),(1,7,4),(2,7,4),(3,7,4),(4,7,4),(5,7,4),(6,7,4),(6,7,3),(6,7,3),(6,7,2),(6,6,2),
263:(2,0,2),(1,0,2),(0,0,2),(0,0,3),(0,1,3),
264:(2,1,3),(3,1,3),(4,1,3),(5,1,3),(5,1,4),(6,1,4),(7,1,4),(8,1,4),(8,1,5),(9,1,5),(10,1,5),(11,1,5),(11,1,4),(12,1,4),
265:(6,5,3),(6,5,4),(6,6,4),(6,7,4),(6,8,4),(5,8,4),
266:(13,7,1),(12,7,1),(12,7,2),(12,7,3),(12,6,3),(12,6,4),(12,6,5),(12,5,5),(12,4,5),(11,4,5),(11,3,5),(11,2,5),
267:(6,0,2),(7,0,2),(8,0,2),(8,0,3),(8,0,4),(8,0,5),(8,1,5),(8,2,5),(8,3,5),
268:(0,8,0),(1,8,0),(2,8,0),(3,8,0),(4,8,0),(4,8,1),(4,7,1),(4,6,1),(5,6,1),(5,5,1),(5,4,1),(5,4,2),(5,4,3),(6,4,3),(7,4,3),(8,4,3),(8,3,3),(8,2,3),(8,1,3),(8,0,3),
269:(10,8,0),(10,8,1),(10,8,2),(11,8,2),(12,8,2),(13,8,2),(13,7,2),(14,7,2),(14,6,2),(14,5,2),(14,4,2),
270:(14,11,1),(13,11,1),(12,11,1),(11,11,1),(10,11,1),(10,11,2),(9,11,2),(9,11,3),(8,11,3),(8,10,3),(8,9,3),(8,9,4),(8,8,4),(8,7,4),(8,6,4),(8,5,4),(7,5,4),(7,4,4),(7,3,4),
271:(7,14,4),(7,14,5),(6,14,5),(5,14,5),(4,14,5),(4,14,6),(4,13,6),(4,12,6),(4,11,6),(4,10,6),(4,10,5),(4,9,5),(4,8,5),
272:(1,2,2),(2,2,2),(3,2,2),(4,2,2),(4,2,3),(4,2,4),(5,2,4),(5,2,4),(5,3,4),
273:(9,5,2),(8,5,2),(7,5,2),(7,6,2),(7,7,2),(7,8,2),(7,9,2),(7,9,3),(7,9,4),(6,9,4),(5,9,4),(5,9,5),
274:(14,9,0),(14,9,1),(14,9,2),(14,9,3),(14,9,4),(14,8,4),(14,7,4),(14,6,4),(14,5,4),(13,5,4),(14,5,4),(14,4,4),(14,4,5),
275:(3,9,1),
276:(12,14,4),(11,14,4),(11,14,3),(11,13,3),(11,12,3),(11,11,3),(11,10,3),(11,9,3),(11,8,3),(11,7,3),
277:(8,11,3),(7,11,3),(6,11,3),(5,11,3),(4,11,3),(3,11,3),(3,11,2),(3,12,2),(3,13,2),(3,14,2),
278:(6,10,1),(7,10,1),(8,10,1),(9,10,1),(9,10,2),(10,10,2),(10,10,3),
279:(1,0,5),(2,0,5),(3,0,5),(4,0,5),(5,0,5),(6,0,5),(7,0,5),(8,0,5),(9,0,5),(10,0,5),(10,0,4),(10,0,3),(10,0,2),(10,1,2),(10,2,2),(10,2,2),(10,3,2),
280:(3,1,4),(3,2,4),(3,2,3),(3,2,2),(3,2,1),(3,2,0),(3,3,0),(3,4,0),
281:(3,10,2),(4,10,2),(5,10,2),(6,10,2),(7,10,2),(8,10,2),(9,10,2),(9,10,1),(9,11,1),(9,12,1),
282:(4,14,3),(4,13,3),(4,12,3),(4,11,3),(4,10,3),(4,9,3),(4,8,3),(4,7,3),(4,6,3),(4,6,3),(3,6,3),(3,5,3),(3,4,3),(3,4,3),(3,4,2),
283:(2,9,4),(3,9,4),(4,9,4),(5,9,4),(6,9,4),(6,8,4),(7,8,4),(8,8,4),(9,8,4),(9,8,5),(10,8,5),(11,8,5),(12,8,5),(12,7,5),(12,6,5),(12,5,5),(12,4,5),(12,3,5),(12,2,5),(12,2,6),(13,2,6),(13,1,6),(13,1,5),
284:(14,1,3),(13,1,3),(12,1,3),(11,1,3),(10,1,3),(9,1,3),(9,1,3),(9,2,3),(9,3,3),
285:(5,5,0),(5,5,1),(5,6,1),(5,7,1),(5,8,1),(5,8,1),(5,8,2),(4,8,2),(4,9,2),(3,9,2),(3,10,2),(3,11,2),(3,12,2),(2,12,2),
286:(5,13,5),(6,13,5),(6,13,4),(7,13,4),(8,13,4),(9,13,4),(10,13,4),(11,13,4),(12,13,4),(12,12,4),(12,11,4),(12,10,4),(12,10,3),(12,9,3),(12,9,2),(12,8,2),(12,7,2),(12,6,2),(13,6,2),(13,5,2),(13,4,2),(13,3,2),(13,2,2),
287:(9,10,5),(10,10,5),(11,10,5),(12,10,5),(13,10,5),(13,10,4),(13,10,3),(13,9,3),(13,9,2),(13,9,1),(13,8,1),
288:(10,8,3),(10,8,2),(11,8,2),(12,8,2),(13,8,2),(14,8,2),
289:(0,4,0),(0,5,0),(0,6,0),(1,6,0),(2,6,0),(3,6,0),(4,6,0),(4,7,0),(5,7,0),(6,7,0),(7,7,0),(8,7,0),(9,7,0),(10,7,0),(10,8,0),(11,8,0),(12,8,0),(12,9,0),(13,9,0),(13,9,1),(13,10,1),(14,10,1),
290:(4,8,1),(5,8,1),(6,8,1),(7,8,1),(8,8,1),(8,8,2),(8,8,3),(9,8,3),(10,8,3),(11,8,3),(11,8,4),(11,7,4),(11,6,4),(11,6,5),(11,5,5),(11,4,5),(11,4,5),(12,4,5),
291:(14,14,4),(13,14,4),(12,14,4),(11,14,4),(10,14,4),(10,14,3),(9,14,3),(8,14,3),(8,13,3),(7,13,3),(6,13,3),(5,13,3),(4,13,3),(3,13,3),(3,13,2),(2,13,2),(1,13,2),(0,13,2),(0,13,1),(0,12,1),(0,11,1),(0,11,0),(0,10,0),(0,9,0),(0,8,0),
292:(14,7,2),(13,7,2),(13,7,3),(13,7,4),(13,7,5),(12,7,5),(12,8,5),(12,9,5),(11,9,5),(11,10,5),(10,10,5),(10,11,5),(10,12,5),(10,13,5),(9,13,5),(8,13,5),(7,13,5),
293:(7,13,5),(7,12,5),(6,12,5),(6,11,5),(6,10,5),(6,9,5),(6,8,5),(6,7,5),(6,7,6),(6,6,6),(6,5,6),(6,5,5),(5,5,5),(5,5,4),(5,5,3),(6,5,3),(6,5,3),(6,4,3),
294:(13,6,3),(12,6,3),(11,6,3),(10,6,3),(10,6,2),(9,6,2),(8,6,2),(7,6,2),(7,5,2),(6,5,2),(6,5,1),(5,5,1),(4,5,1),(3,5,1),(2,5,1),(1,5,1),(0,5,1),
295:(9,14,2),(9,13,2),(9,12,2),(8,12,2),(7,12,2),(7,11,2),(7,10,2),(7,9,2),(7,8,2),(7,8,2),(7,7,2),(7,6,2),(7,5,2),(6,5,2),(6,4,2),(6,3,2),(6,2,2),(5,2,2),(4,2,2),
296:(3,3,2),(4,3,2),(5,3,2),(6,3,2),(7,3,2),(8,3,2),(9,3,2),(9,3,3),(9,3,4),(10,3,4),(11,3,4),(11,4,4),(11,5,4),(11,6,4),(11,7,4),(11,8,4),(12,8,4),(12,9,4),
297:(14,12,1),(13,12,1),(12,12,1),(11,12,1),(10,12,1),(10,12,2),(10,12,3),(10,12,4),(9,12,4),(8,12,4),(7,12,4),(6,12,4),(6,11,4),
298:(9,6,2),(9,6,1),(8,6,1),(8,6,0),(8,5,0),
299:(1,11,5),(1,11,4),(0,11,4),(0,11,3),(0,11,2),
300:(10,14,1),(11,14,1),(12,14,1),(13,14,1),(14,14,1),(14,13,1),(14,12,1),(14,11,1),(14,10,1),(14,9,1),(14,8,1),(14,7,1),(14,6,1),(13,6,1),
301:(8,6,1),(8,7,1),(8,7,2),(8,7,3),(8,8,3),(8,8,4),(9,8,4),(10,8,4),(10,9,4),(10,10,4),(10,11,4),(9,11,4),(9,12,4),(10,12,4),(10,13,4),(10,14,4),(9,14,4),
302:(13,13,5),(12,13,5),(11,13,5),(10,13,5),(9,13,5),(8,13,5),(7,13,5),(6,13,5),(5,13,5),(4,13,5),(3,13,5),(2,13,5),(1,13,5),(1,12,5),(1,11,5),(1,10,5),(1,9,5),(1,8,5),(1,8,4),
303:(6,10,0),(5,10,0),(4,10,0),(4,10,1),(4,10,2),(4,10,3),(4,10,4),(4,11,4),
304:(11,8,3),(10,8,3),(9,8,3),(9,8,2),(9,9,2),(9,9,1),(8,9,1),(8,10,1),(8,11,1),(7,11,1),(7,11,1),(7,11,2),
305:(14,1,0),(13,1,0),(12,1,0),(11,1,0),(10,1,0),(9,1,0),(8,1,0),(8,1,1),(7,1,1),(7,2,1),(6,2,1),(5,2,1),(4,2,1),(4,3,1),(4,4,1),
306:(10,14,4),(9,14,4),(8,14,4),(8,14,3),(7,14,3),(6,14,3),(5,14,3),(4,14,3),(4,13,3),(4,12,3),(4,11,3),(4,10,3),(4,9,3),(4,8,3),(4,7,3),(3,7,3),(2,7,3),(1,7,3),(1,6,3),(1,5,3),
307:(11,1,1),(11,1,0),(10,1,0),(9,1,0),(9,2,0),(9,3,0),(9,4,0),(9,5,0),(9,6,0),(8,6,0),(8,7,0),(8,7,-1),(7,7,-1),(6,7,-1),(6,7,0),
308:(10,5,3),(9,5,3),(8,5,3),(8,6,3),(7,6,3),(7,7,3),(7,7,3),(6,7,3),(5,7,3),(5,8,3),(5,9,3),(5,10,3),
309:(8,1,5),(9,1,5),(9,1,5),(9,2,5),(10,2,5),(11,2,5),(12,2,5),(13,2,5),(14,2,5),(14,2,4),(14,2,3),(14,2,2),(14,2,1),(14,3,1),(14,4,1),(14,5,1),(14,6,1),(14,7,1),(14,8,1),(14,9,1),
310:(13,14,2),(12,14,2),(11,14,2),(11,13,2),(11,12,2),(11,11,2),(10,11,2),(10,10,2),(10,9,2),(10,8,2),
311:(9,10,3),(8,10,3),(8,10,2),(8,9,2),(8,8,2),(8,7,2),(8,7,1),(8,6,1),(8,5,1),(7,5,1),(7,4,1),(7,3,1),(6,3,1),(5,3,1),(5,3,2),
312:(11,6,5),(10,6,5),(10,7,5),(10,7,5),(10,8,5),(10,9,5),(10,10,5),(10,11,5),(10,12,5),(10,13,5),(9,13,5),(9,13,5),(9,13,4),
313:(9,10,1),(9,9,1),(8,9,1),(7,9,1),(6,9,1),(5,9,1),(5,9,1),(5,9,2),(5,9,3),(5,9,4),(4,9,4),(4,9,4),(5,9,4),
314:(0,13,1),(1,13,1),(2,13,1),(3,13,1),(4,13,1),(5,13,1),(5,13,2),(5,13,3),(5,12,3),(5,11,3),(6,11,3),(7,11,3),(7,10,3),(7,9,3),(7,8,3),
315:(0,1,3),(0,1,4),(0,2,4),(0,3,4),(0,4,4),(1,4,4),(2,4,4),(3,4,4),(3,5,4),(4,5,4),(5,5,4),(6,5,4),
316:(7,11,2),(6,11,2),(5,11,2),(5,12,2),(5,12,3),(4,12,3),(3,12,3),(2,12,3),(1,12,3),(0,12,3),(0,13,3),(0,14,3),
317:(5,12,1),(4,12,1),(3,12,1),(2,12,1),(2,12,2),(2,11,2),(2,10,2),(2,10,3),(2,9,3),(2,9,4),(2,8,4),(2,7,4),(2,6,4),(2,5,4),(2,5,5),(2,4,5),(2,4,5),(1,4,5),(0,4,5),
318:(9,11,3),(10,11,3),(11,11,3),(12,11,3),(13,11,3),(13,10,3),(13,9,3),(13,9,2),(13,8,2),(13,7,2),(13,6,2),(13,6,1),(13,5,1),
319:(9,5,5),(8,5,5),(7,5,5),(7,4,5),(6,4,5),(5,4,5),(4,4,5),(3,4,5),(3,4,4),(3,5,4),(3,6,4),(3,7,4),(3,8,4),(2,8,4),
320:(1,10,0),(2,10,0),(3,10,0),(4,10,0),(4,10,0),(4,9,0),(4,8,0),(4,8,0),(5,8,0),
321:(9,12,1),(9,11,1),(9,10,1),(9,9,1),(9,9,1),(8,9,1),(8,9,2),(9,9,2),(9,8,2),(8,8,2),(8,7,2),
322:(4,0,3),(4,0,2),(5,0,2),(6,0,2),(7,0,2),(7,0,2),(8,0,2),(9,0,2),(10,0,2),(11,0,2),
323:(11,13,4),(12,13,4),(13,13,4),(13,13,3),(13,13,2),(13,13,1),(13,13,0),(13,14,0),
324:(14,13,2),(14,13,3),(14,12,3),(14,11,3),(14,10,3),(14,9,3),(14,8,3),(13,8,3),(13,7,3),(13,6,3),
325:(13,4,3),(13,4,2),(13,4,1),(13,4,0),(13,5,0),(13,6,0),
326:(13,8,4),(13,9,4),(12,9,4),(11,9,4),(10,9,4),(9,9,4),(9,9,5),(9,10,5),(8,10,5),(7,10,5),(7,10,6),(6,10,6),(5,10,6),(4,10,6),(4,10,5),
327:(1,9,0),(2,9,0),(3,9,0),(3,10,0),(3,10,0),(4,10,0),(5,10,0),(6,10,0),(7,10,0),(8,10,0),(9,10,0),(9,10,1),(9,10,2),
328:(14,4,5),(13,4,5),(13,3,5),(13,2,5),(13,1,5),(12,1,5),
329:(4,12,3),(5,12,3),(6,12,3),(7,12,3),(8,12,3),(8,12,2),(8,12,1),(9,12,1),(9,13,1),(9,14,1),
330:(5,9,0),(6,9,0),(7,9,0),(8,9,0),(8,8,0),(9,8,0),(10,8,0),(11,8,0),(12,8,0),(12,7,0),(12,6,0),(12,5,0),(13,5,0),(13,4,0),(13,3,0),(14,3,0),(14,2,0),
331:(3,6,5),(2,6,5),(2,7,5),
332:(13,13,0),(12,13,0),(11,13,0),(11,13,1),(11,13,2),(11,12,2),(11,11,2),(11,11,2),(11,10,2),
333:(8,3,2),(9,3,2),(10,3,2),(10,3,3),(10,3,4),(10,3,5),(10,4,5),(10,5,5),(10,6,5),(11,6,5),(11,7,5),
334:(8,12,4),(8,12,3),(8,11,3),(8,10,3),(8,9,3),(9,9,3),(9,8,3),(9,7,3),(9,6,3),(9,6,2),(8,6,2),(8,6,1),(7,6,1),(6,6,1),(6,5,1),
335:(13,10,3),(12,10,3),(11,10,3),(11,9,3),(11,8,3),(11,7,3),(11,6,3),(11,6,3),(10,6,3),(9,6,3),
336:(2,9,1),(1,9,1),(0,9,1),(0,8,1),(0,7,1),(0,6,1),(0,5,1),(0,4,1),(0,4,1),(0,3,1),(0,2,1),(0,1,1),(0,0,1),
337:(14,4,3),(13,4,3),(13,5,3),(13,6,3),(13,7,3),(12,7,3),(12,8,3),(12,9,3),(12,10,3),(11,10,3),(11,11,3),(10,11,3),(9,11,3),(8,11,3),(7,11,3),(6,11,3),(5,11,3),(4,11,3),(3,11,3),(3,12,3),(2,12,3),(2,13,3),(1,13,3),(1,13,4),(1,13,5),(1,12,5),
338:(2,2,1),(2,3,1),(2,4,1),(2,5,1),(2,6,1),(2,7,1),(2,8,1),(2,9,1),(2,9,2),(1,9,2),(1,10,2),(1,10,3),(1,11,3),(1,12,3),
339:(9,1,2),(8,1,2),(8,2,2),(8,2,3),(8,2,4),(7,2,4),(7,3,4),(7,4,4),(7,5,4),(7,6,4),(6,6,4),(5,6,4),(4,6,4),(3,6,4),(3,7,4),(3,8,4),(3,9,4),(2,9,4),(1,9,4),(1,10,4),(1,11,4),(1,12,4),(1,13,4),(1,14,4),
340:(12,9,5),(11,9,5),(10,9,5),(10,10,5),(10,10,4),(10,10,3),(10,11,3),(10,11,2),(10,11,1),(10,12,1),(10,13,1),(9,13,1),
341:(0,6,2),(1,6,2),(2,6,2),(2,6,1),(3,6,1),(4,6,1),(4,5,1),(4,5,0),(4,5,0),(4,5,0),(5,5,0),(6,5,0),
342:(9,11,4),(9,11,3),(9,10,3),
343:(8,5,1),(9,5,1),(10,5,1),(10,4,1),(10,3,1),(11,3,1),(12,3,1),(13,3,1),(14,3,1),(14,2,1),(14,1,1),
344:(9,3,1),(8,3,1),(7,3,1),(6,3,1),(5,3,1),(4,3,1),(4,4,1),(4,4,2),(4,5,2),(4,6,2),(4,7,2),(4,8,2),(4,9,2),(4,10,2),(4,10,3),(4,11,3),(4,12,3),
345:(13,0,1),(12,0,1),(11,0,1),(11,0,1),(10,0,1),(10,1,1),
346:(9,6,3),(9,6,2),(9,5,2),(9,4,2),(9,4,2),(8,4,2),(7,4,2),(6,4,2),(5,4,2),(5,4,1),(4,4,1),(3,4,1),(2,4,1),(1,4,1),(1,4,0),
347:(11,0,0),(10,0,0),(10,0,1),(9,0,1),(9,1,1),(9,2,1),(10,2,1),(10,3,1),(10,4,1),(10,5,1),(10,6,1),(10,7,1),(10,8,1),(10,9,1),(10,10,1),(10,10,2),(10,11,2),(10,12,2),
348:(10,8,5),(11,8,5),(11,9,5),(11,10,5),(11,10,4),(11,11,4),(11,12,4),
349:(0,0,2),(0,1,2),(0,2,2),(1,2,2),(2,2,2),(2,3,2),(2,4,2),(2,5,2),(2,6,2),(2,7,2),(2,8,2),(2,9,2),(2,10,2),(2,10,3),(3,10,3),(4,10,3),(4,10,2),(5,10,2),(6,10,2),
350:(9,8,5),(9,7,5),
351:(1,14,5),(2,14,5),(3,14,5),(4,14,5),(4,14,4),(5,14,4),(6,14,4),(7,14,4),(8,14,4),(9,14,4),(10,14,4),(10,13,4),(10,12,4),(10,11,4),(10,10,4),
352:(7,12,0),(7,11,0),(6,11,0),(5,11,0),(4,11,0),(3,11,0),(2,11,0),(2,10,0),(2,9,0),
353:(12,14,3),(13,14,3),(13,14,2),(13,13,2),(13,12,2),(13,12,1),(13,11,1),(13,10,1),(13,10,1),(13,10,0),
354:(7,0,5),(7,1,5),(7,2,5),(7,3,5),(7,4,5),(7,4,5),(7,4,4),(7,4,3),(7,4,3),(7,5,3),(7,5,3),(7,6,3),(7,6,2),
355:(12,11,4),(11,11,4),(11,11,5),(11,11,5),(11,10,5),(11,9,5),(11,8,5),(11,7,5),(11,6,5),(11,5,5),(11,5,5),(10,5,5),
356:(13,1,0),(12,1,0),(11,1,0),(10,1,0),(10,1,1),(10,1,2),(10,1,3),(10,1,4),(10,1,4),(10,1,4),(10,1,4),(9,1,4),
357:(5,1,4),(6,1,4),(7,1,4),(8,1,4),(7,1,4),(7,0,4),(8,0,4),
358:(11,12,5),(11,12,4),(11,11,4),(11,11,3),(11,11,2),(11,10,2),(11,9,2),(11,8,2),(11,7,2),(11,7,1),(11,6,1),(11,5,1),(10,5,1),(9,5,1),(9,5,0),(9,4,0),(9,3,0),(9,2,0),
359:(13,5,2),(13,5,3),(13,6,3),(13,7,3),(13,8,3),(13,9,3),(14,9,3),(14,10,3),(13,10,3),(13,11,3),(13,12,3),
360:(1,1,2),(2,1,2),(2,2,2),(2,3,2),(3,3,2),(4,3,2),(5,3,2),(6,3,2),(7,3,2),(8,3,2),(8,4,2),(8,5,2),(9,5,2),(9,6,2),(9,7,2),(9,7,3),(9,8,3),(10,8,3),(10,9,3),
361:(9,9,0),(8,9,0),(8,10,0),(7,10,0),(6,10,0),(6,11,0),(5,11,0),(4,11,0),(3,11,0),(3,12,0),
362:(6,9,3),(6,8,3),(6,7,3),(6,6,3),(6,5,3),(6,5,4),(7,5,4),(8,5,4),(9,5,4),(10,5,4),(10,4,4),(10,3,4),(10,2,4),(10,2,3),(10,1,3),(10,0,3),
363:(6,0,3),(7,0,3),(7,0,2),(7,0,1),(8,0,1),(8,0,0),(9,0,0),(10,0,0),(10,1,0),(10,2,0),(10,3,0),(10,4,0),(10,5,0),(11,5,0),
364:(1,6,5),(1,5,5),(2,5,5),(2,4,5),(2,3,5),(2,2,5),(3,2,5),(4,2,5),(4,1,5),(4,0,5),(5,0,5),
365:(12,11,0),(13,11,0),(13,11,1),(13,10,1),(13,9,1),(13,8,1),(13,8,2),(12,8,2),(12,8,3),(13,8,3),
366:(1,4,4),(2,4,4),(2,3,4),(2,2,4),(2,1,4),(2,1,4),(3,1,4),(4,1,4),(5,1,4),(5,1,4),(5,1,3),
367:(11,11,2),(12,11,2),(12,10,2),(12,10,3),(12,10,4),(12,9,4),(13,9,4),(13,8,4),(13,7,4),(13,6,4),(13,5,4),(14,5,4),(14,4,4),
368:(2,10,4),(1,10,4),(0,10,4),(0,10,3),(0,9,3),(0,8,3),(0,7,3),
369:(2,6,5),(2,6,4),(3,6,4),(3,7,4),(4,7,4),(5,7,4),(6,7,4),(6,8,4),(6,8,3),(6,9,3),(6,9,2),
370:(8,9,3),(9,9,3),(10,9,3),(10,10,3),(11,10,3),(12,10,3),(12,11,3),(12,12,3),(12,12,3),(12,12,3),(12,12,4),
371:(10,12,4),(9,12,4),(8,12,4),(7,12,4),(6,12,4),(5,12,4),(4,12,4),(3,12,4),(3,12,3),(2,12,3),(1,12,3),(1,12,2),(1,12,1),(1,12,0),(1,13,0),(1,14,0),
372:(3,8,3),(4,8,3),(5,8,3),(6,8,3),(6,9,3),(6,9,2),(6,10,2),(7,10,2),(7,10,1),(7,10,0),(8,10,0),(9,10,0),(10,10,0),(11,10,0),(12,10,0),(12,11,0),(12,12,0),
373:(0,5,0),(1,5,0),(2,5,0),(3,5,0),(3,4,0),(3,3,0),(4,3,0),(3,3,0),(3,2,0),(3,1,0),(3,0,0),
374:(9,12,2),(8,12,2),(8,12,1),(8,11,1),(8,11,0),(8,10,0),(8,10,0),(8,9,0),
375:(4,12,2),(4,11,2),(4,10,2),(5,10,2),(5,9,2),(5,9,2),(6,9,2),(6,9,3),(7,9,3),(8,9,3),(8,8,3),(8,7,3),(8,6,3),(8,6,2),(9,6,2),
376:(2,0,4),(3,0,4),(3,0,3),(3,1,3),(3,2,3),(3,3,3),(3,4,3),(3,5,3),(3,6,3),(3,6,4),(3,7,4),(3,8,4),(3,9,4),(3,10,4),(3,10,4),(3,10,3),(3,11,3),(3,12,3),(3,13,3),(3,14,3),(4,14,3),
377:(9,1,3),(8,1,3),(7,1,3),(7,1,4),(7,1,5),(7,2,5),(7,3,5),(7,3,6),(6,3,6),(5,3,6),(4,3,6),(3,3,6),(2,3,6),(1,3,6),(1,3,5),
378:(11,6,0),(10,6,0),(10,5,0),(10,4,0),(10,3,0),(10,2,0),(9,2,0),(9,1,0),(9,0,0),(8,0,0),(7,0,0),(7,0,1),(6,0,1),(5,0,1),(5,0,0),
379:(9,11,1),(10,11,1),(10,11,2),(10,10,2),(10,9,2),(10,8,2),(10,7,2),(10,6,2),(10,5,2),(10,5,3),
380:(10,9,3),(10,10,3),(10,10,2),(9,10,2),(9,11,2),(8,11,2),(8,12,2),(8,12,1),(7,12,1),(6,12,1),(5,12,1),(4,12,1),(3,12,1),(2,12,1),(1,12,1),(0,12,1),(0,12,0),(0,13,0),(0,14,0),
381:(5,9,3),(4,9,3),(3,9,3),(3,9,2),(3,10,2),(3,10,1),(3,10,0),
382:(0,5,5),(0,5,4),(1,5,4),(2,5,4),(3,5,4),(3,5,3),(3,5,2),(3,4,2),(3,3,2),(4,3,2),(4,4,2),
383:(1,8,2),(2,8,2),(2,8,3),(3,8,3),(4,8,3),(5,8,3),(5,9,3),(5,9,4),(6,9,4),(6,10,4),(7,10,4),(7,11,4),(8,11,4),(8,12,4),(8,13,4),
384:(14,5,0),(13,5,0),(12,5,0),(12,4,0),(12,3,0),(11,3,0),(10,3,0),(9,3,0),(9,2,0),(8,2,0),(8,1,0),(7,1,0),(6,1,0),(6,2,0),(5,2,0),(4,2,0),(3,2,0),(2,2,0),(1,2,0),(0,2,0),(0,1,0),
385:(0,9,3),(1,9,3),(2,9,3),(3,9,3),(4,9,3),(5,9,3),(5,10,3),(5,10,4),(6,10,4),(7,10,4),(7,11,4),(8,11,4),(9,11,4),(9,12,4),
386:(5,10,1),(5,9,1),(4,9,1),(4,9,2),(4,8,2),(4,7,2),(3,7,2),(2,7,2),(1,7,2),(1,7,3),(1,6,3),(1,6,3),(0,6,3),
387:(11,2,1),(10,2,1),(10,3,1),(9,3,1),(8,3,1),(7,3,1),(6,3,1),(5,3,1),(4,3,1),(4,4,1),(4,5,1),(4,5,2),(4,6,2),(4,7,2),
388:(4,14,4),(4,14,3),(4,14,4),(4,13,4),(4,12,4),(4,11,4),(4,11,3),(4,10,3),(4,9,3),(4,8,3),(4,7,3),(4,7,3),(4,6,3),(4,5,3),(3,5,3),(3,4,3),(3,3,3),
389:(7,11,0),(7,10,0),(7,10,-1),(7,9,-1),(7,8,-1),(7,7,-1),(7,6,-1),(7,5,-1),(7,4,-1),(7,3,-1),(7,2,-1),(7,1,-1),(7,1,0),(7,1,1),
390:(6,12,2),(6,12,1),(7,12,1),(7,11,1),(7,11,1),(7,10,1),(7,9,1),(7,9,1),(7,9,2),(7,9,3),(7,8,3),(7,7,3),(7,6,3),(7,5,3),(7,5,3),(7,4,3),
391:(6,3,2),(7,3,2),(8,3,2),(8,2,2),(8,1,2),(8,1,1),(8,0,1),
392:(3,7,4),(4,7,4),(4,7,3),(4,7,2),(4,7,2),(4,7,1),(5,7,1),(5,8,1),(6,8,1),(6,8,0),(7,8,0),(8,8,0),(9,8,0),(10,8,0),(11,8,0),(12,8,0),(13,8,0),
393:(5,6,1),(6,6,1),(7,6,1),(7,6,0),(8,6,0),(9,6,0),(9,6,1),(10,6,1),(10,6,2),
394:(9,9,4),(8,9,4),(7,9,4),(7,10,4),(6,10,4),(5,10,4),(5,11,4),(5,11,3),(4,11,3),(3,11,3),(3,12,3),(2,12,3),(2,13,3),(2,14,3),(2,14,2),(2,14,1),
395:(1,7,5),(2,7,5),(3,7,5),(4,7,5),(4,6,5),(5,6,5),(5,5,5),(5,4,5),(5,4,4),(5,4,3),(6,4,3),(6,4,2),(6,3,2),(7,3,2),(8,3,2),(8,2,2),(9,2,2),(10,2,2),(11,2,2),(11,2,1),(11,2,0),(11,1,0),(11,0,0),
396:(9,2,3),(8,2,3),(7,2,3),(6,2,3),(5,2,3),(5,3,3),(4,3,3),(3,3,3),(2,3,3),(1,3,3),(1,3,2),(1,4,2),(1,5,2),(1,5,1),(1,6,1),(1,7,1),
397:(12,10,2),(12,9,2),(12,9,3),(12,9,4),(11,9,4),(10,9,4),(10,9,5),
398:(0,3,3),(1,3,3),(2,3,3),(3,3,3),(4,3,3),(4,4,3),(4,4,2),(4,5,2),(4,5,1),(4,6,1),(5,6,1),(6,6,1),(6,6,0),(6,7,0),(6,8,0),(6,9,0),(6,10,0),(7,10,0),(8,10,0),(9,10,0),(9,11,0),(10,11,0),(10,12,0),(10,13,0),
399:(7,3,1),(7,3,0),(7,4,0),(8,4,0),(9,4,0),(10,4,0),(10,5,0),(11,5,0),(11,6,0),(11,7,0),(11,7,0),(12,7,0),(13,7,0),
400:(7,6,2),(8,6,2),(9,6,2),(10,6,2),(11,6,2),
401:(13,14,5),(12,14,5),(11,14,5),(10,14,5),(9,14,5),(8,14,5),(7,14,5),(6,14,5),(5,14,5),(4,14,5),(3,14,5),(2,14,5),(2,14,4),(2,14,4),(2,14,3),(2,14,2),(1,14,2),
402:(0,2,1),(1,2,1),(2,2,1),(3,2,1),(4,2,1),(5,2,1),(5,2,1),(6,2,1),(7,2,1),(8,2,1),(8,3,1),(8,3,1),(8,4,1),(8,4,1),(9,4,1),
403:(4,6,2),(5,6,2),(6,6,2),(6,6,1),(6,7,1),(6,7,1),(6,7,1),(6,7,0),(6,7,0),(6,7,1),
404:(4,1,3),(4,2,3),(4,2,2),(4,2,1),(4,2,0),(4,2,0),(3,2,0),(2,2,0),(2,3,0),(2,4,0),(2,5,0),(2,6,0),(1,6,0),(1,7,0),
405:(2,10,3),(2,9,3),(2,9,4),(2,8,4),(2,7,4),(2,6,4),(2,6,3),(2,5,3),(2,4,3),(2,4,2),(2,3,2),(2,2,2),
406:(3,2,1),(4,2,1),(4,3,1),(4,3,1),(4,3,2),(4,4,2),(4,5,2),(4,6,2),(4,7,2),(4,8,2),(4,9,2),(5,9,2),(5,10,2),(6,10,2),(6,11,2),(6,12,2),
407:(12,6,1),(12,6,2),(12,5,2),(12,4,2),(12,3,2),(11,3,2),(10,3,2),(10,2,2),(10,2,3),(10,1,3),(10,1,3),(10,1,4),(10,1,4),(10,0,4),
408:(10,9,1),(10,9,0),(9,9,0),(9,8,0),(9,7,0),(8,7,0),(8,6,0),(8,6,0),(8,6,1),(8,6,2),(7,6,2),(7,5,2),(6,5,2),(6,4,2),(5,4,2),(5,4,3),(4,4,3),(3,4,3),(3,4,4),(3,4,5),
409:(7,6,5),(8,6,5),(9,6,5),(10,6,5),(11,6,5),(12,6,5),(13,6,5),(14,6,5),(14,5,5),
410:(14,3,0),(13,3,0),(12,3,0),(12,3,1),(12,4,1),(11,4,1),(11,5,1),(10,5,1),(10,6,1),(10,7,1),(9,7,1),(9,7,2),(9,7,3),(8,7,3),(8,8,3),(8,8,3),(8,8,4),
411:(8,0,5),(8,1,5),(8,2,5),(8,3,5),(8,3,4),(8,3,3),(7,3,3),(6,3,3),(6,3,2),(5,3,2),(4,3,2),(3,3,2),(2,3,2),(1,3,2),(1,3,1),(1,4,1),(1,4,1),(0,4,1),(0,4,0),(0,5,0),
412:(4,4,5),(3,4,5),(3,3,5),(3,2,5),(3,2,5),(3,2,5),(3,2,6),(3,2,6),(3,2,5),
413:(3,3,4),(3,3,3),(3,3,3),(3,3,4),(3,4,4),(3,5,4),(3,6,4),(3,7,4),(3,8,4),(3,8,3),(3,9,3),(4,9,3),(5,9,3),(6,9,3),(7,9,3),(8,9,3),(8,10,3),(8,10,2),(8,11,2),(9,11,2),(10,11,2),(10,10,2),
414:(13,10,1),(12,10,1),(12,9,1),(13,9,1),(13,8,1),(13,7,1),(13,6,1),(13,5,1),(13,4,1),
415:(0,11,5),(1,11,5),(2,11,5),(2,11,4),(2,12,4),(2,12,3),(2,12,2),(2,13,2),(2,13,2),(3,13,2),(4,13,2),
416:(14,13,3),(14,12,3),(14,12,2),(14,11,2),(14,10,2),(14,9,2),(13,9,2),(13,8,2),(12,8,2),(12,8,1),(11,8,1),(11,7,1),(11,6,1),(10,6,1),(10,5,1),(10,4,1),(10,3,1),(9,3,1),(9,2,1),
417:(8,13,2),(7,13,2),(7,13,3),(7,13,3),(7,12,3),
418:(13,2,4),(13,3,4),(13,4,4),(13,5,4),(13,6,4),(13,7,4),(13,8,4),(12,8,4),(12,9,4),(11,9,4),(11,10,4),(10,10,4),(10,11,4),(9,11,4),(8,11,4),(7,11,4),(7,12,4),(6,12,4),(5,12,4),
419:(7,7,5),(6,7,5),(5,7,5),(5,8,5),
420:(3,14,3),(3,13,3),(3,13,2),(4,13,2),(5,13,2),(6,13,2),(6,13,1),(7,13,1),(8,13,1),(8,12,1),(8,11,1),(9,11,1),(9,10,1),(9,9,1),(9,8,1),(10,8,1),(10,7,1),(10,6,1),(10,5,1),(10,4,1),(11,4,1),(12,4,1),(12,3,1),(13,3,1),(13,2,1),
421:(6,9,5),(6,9,5),(6,8,5),(6,8,5),(6,7,5),(5,7,5),(5,6,5),(5,5,5),(4,5,5),(4,4,5),(4,3,5),(4,3,4),(4,3,3),(4,3,2),(4,2,2),(4,1,2),
422:(0,8,5),(1,8,5),(2,8,5),(3,8,5),(4,8,5),(4,8,4),(4,7,4),(4,6,4),(4,5,4),(5,5,4),(6,5,4),(7,5,4),(7,4,4),(8,4,4),(9,4,4),(10,4,4),(11,4,4),(12,4,4),(12,3,4),(12,2,4),(12,2,3),(12,2,2),(12,1,2),
423:(13,6,1),(12,6,1),(11,6,1),(10,6,1),(10,7,1),(10,7,2),(10,7,3),(10,7,4),(10,8,4),(9,8,4),(8,8,4),(7,8,4),(6,8,4),(6,9,4),(6,9,3),(5,9,3),(4,9,3),(3,9,3),(2,9,3),(2,9,4),
424:(4,10,0),(3,10,0),(3,10,1),(2,10,1),(1,10,1),(1,9,1),(1,8,1),(1,7,1),(1,6,1),(1,5,1),(1,4,1),(1,4,1),(1,4,2),
425:(11,0,3),(11,0,4),(12,0,4),(13,0,4),(14,0,4),(14,0,3),(14,1,3),(14,2,3),(14,3,3),(14,4,3),
426:(3,9,4),(3,9,3),(3,10,3),(3,10,2),(3,10,1),(4,10,1),(4,10,0),(5,10,0),(6,10,0),(6,10,0),(7,10,0),(8,10,0),(9,10,0),(10,10,0),
427:(4,11,5),(4,11,4),(4,10,4),(4,9,4),(4,8,4),(4,8,3),(4,8,2),(4,7,2),(3,7,2),(3,6,2),(3,5,2),(3,5,1),(3,4,1),(3,3,1),(3,2,1),(3,1,1),
428:(2,13,5),(3,13,5),(4,13,5),(5,13,5),(5,12,5),(6,12,5),(7,12,5),(7,11,5),(7,10,5),(7,9,5),(7,8,5),(7,7,5),(7,7,6),(7,6,6),(7,6,5),(7,5,5),(7,4,5),(7,4,5),(7,4,4),
429:(2,14,0),(3,14,0),(4,14,0),(5,14,0),(6,14,0),(6,13,0),(6,12,0),
430:(10,13,2),(10,13,1),(10,13,0),(10,12,0),(10,12,-1),(10,11,-1),(10,10,-1),(10,9,-1),(10,8,-1),(10,7,-1),(10,6,-1),(10,5,-1),(10,4,-1),(10,4,0),(10,3,0),(10,2,0),(10,1,0),(10,0,0),
431:(8,11,4),(7,11,4),(6,11,4),(6,12,4),(6,13,4),
432:(13,10,5),(14,10,5),(14,10,4),(14,11,4),(14,12,4),(14,12,3),
433:(0,7,5),(1,7,5),(1,8,5),(1,8,4),(1,8,3),(1,8,2),(1,9,2),(1,10,2),(1,10,1),(1,10,0),(2,10,0),(2,11,0),(2,12,0),
434:(0,14,5),(1,14,5),(1,14,4),(1,14,3),(1,13,3),(1,12,3),(1,11,3),(1,10,3),(2,10,3),(2,10,2),(2,10,2),(2,10,1),(2,9,1),
435:(9,2,0),(9,3,0),(9,4,0),(9,5,0),(9,6,0),(9,7,0),(8,7,0),(8,8,0),(7,8,0),(7,8,0),(7,8,1),(6,8,1),(5,8,1),(5,8,1),(4,8,1),(3,8,1),(2,8,1),(1,8,1),(0,8,1),(0,8,2),
436:(8,7,4),(8,8,4),(8,9,4),(8,10,4),(8,11,4),(8,11,5),(7,11,5),(6,11,5),(6,12,5),(5,12,5),
437:(2,10,0),(2,10,1),(2,10,2),(2,10,3),(3,10,3),(3,10,4),(3,10,5),(4,10,5),(4,11,5),(4,12,5),(4,13,5),(5,13,5),(6,13,5),(7,13,5),(8,13,5),(8,12,5),(8,13,5),(9,13,5),
438:(5,1,0),(5,2,0),(5,3,0),(5,4,0),(6,4,0),(6,5,0),(6,6,0),(7,6,0),(8,6,0),(8,7,0),(9,7,0),(10,7,0),(10,8,0),(11,8,0),(11,9,0),(11,10,0),(11,11,0),
439:(9,14,0),(9,13,0),(9,12,0),(9,11,0),(9,10,0),(9,10,0),(9,9,0),(9,8,0),(9,7,0),(9,6,0),(9,5,0),(9,5,0),(9,5,1),(9,5,2),(9,5,3),(9,5,4),(10,5,4),(10,4,4),
440:(8,10,5),(8,9,5),(8,8,5),(9,8,5),(9,8,6),(9,7,6),(9,6,6),(9,6,5),(9,5,5),(9,4,5),(9,3,5),
441:(12,8,2),(11,8,2),(11,8,3),(10,8,3),(10,7,3),(9,7,3),(8,7,3),(8,7,4),(8,6,4),(8,5,4),(8,5,5),(7,5,5),(6,5,5),(5,5,5),(4,5,5),(4,5,4),(3,5,4),(2,5,4),(1,5,4),
442:(4,11,1),(5,11,1),(6,11,1),(6,11,2),(6,11,2),(6,11,3),(6,11,4),(6,10,4),(6,10,5),(6,10,6),(6,9,6),(6,8,6),(6,7,6),(6,7,5),
443:(2,12,3),(3,12,3),(3,12,3),(3,11,3),(3,11,2),(4,11,2),(5,11,2),(6,11,2),(6,11,1),(6,10,1),(6,10,1),(7,10,1),(7,9,1),(8,9,1),(9,9,1),(10,9,1),(10,9,0),(10,8,0),
444:(7,7,1),(6,7,1),(5,7,1),(4,7,1),(4,8,1),(3,8,1),(3,8,1),(3,8,1),(2,8,1),(1,8,1),(0,8,1),(0,9,1),
445:(10,11,0),(11,11,0),(12,11,0),(13,11,0),(14,11,0),(14,10,0),(14,9,0),(14,8,0),(14,7,0),(14,6,0),(14,5,0),
446:(10,1,1),(11,1,1),(11,2,1),(11,3,1),(11,4,1),(11,5,1),(11,5,0),(11,6,0),(11,7,0),(11,8,0),(12,8,0),(12,9,0),(12,10,0),(12,10,1),(12,11,1),(12,12,1),
447:(14,11,4),(13,11,4),(12,11,4),(11,11,4),(10,11,4),(9,11,4),(8,11,4),(7,11,4),(6,11,4),(6,12,4),(5,12,4),(4,12,4),
448:(4,2,3),(4,2,4),(4,3,4),(4,4,4),(4,5,4),(4,6,4),(4,6,5),(4,7,5),(4,7,6),(4,8,6),(4,9,6),(4,10,6),(4,11,6),(5,11,6),(5,12,6),(5,13,6),(5,13,5),(5,13,4),
449:(10,4,2),(11,4,2),(12,4,2),(13,4,2),(13,4,3),(13,4,4),(13,4,5),(13,3,5),
