soc=5620
lb_soc=4414
makespan=31
lb_makespan=25
comp_time=107552
highLevelExpanded=130
lowLevelExpanded=99245
solution=
0:(5,13,3),(4,13,3),(3,13,3),(3,13,2),(3,13,1),(3,13,0),(3,12,0),(3,11,0),(3,10,0),
1:(4,11,2),(3,11,2),(2,11,2),(1,11,2),(0,11,2),(0,11,3),(0,10,3),(0,9,3),(0,8,3),(0,7,3),(0,6,3),(0,5,3),(0,4,3),(0,3,3),(0,2,3),(0,1,3),
2:(0,7,3),(1,7,3),(1,6,3),(1,5,3),(1,4,3),(1,3,3),(1,2,3),
3:(11,12,3),(10,12,3),(9,12,3),(8,12,3),(7,12,3),(6,12,3),(6,12,2),(6,12,1),
4:(1,2,4),(2,2,4),(2,2,3),(2,2,2),(2,2,1),(2,2,0),(2,3,0),(2,4,0),(2,5,0),(2,6,0),(3,6,0),(4,6,0),(4,7,0),(4,8,0),(4,8,-1),(4,9,-1),(4,10,-1),(4,10,0),(4,11,0),
5:(10,12,2),(9,12,2),(8,12,2),(7,12,2),(6,12,2),(6,11,2),(6,10,2),(6,9,2),(5,9,2),(5,8,2),(5,7,2),(5,7,2),(5,6,2),(5,6,3),(5,6,4),(5,5,4),(5,4,4),(5,3,4),(5,2,4),(4,2,4),(4,1,4),(4,0,4),
6:(12,2,2),(13,2,2),(13,2,3),(13,3,3),(13,4,3),(13,5,3),
7:(4,12,4),(5,12,4),(6,12,4),(7,12,4),(8,12,4),(9,12,4),(10,12,4),(10,11,4),
8:(9,12,5),(9,13,5),(9,14,5),
9:(12,6,5),(11,6,5),(10,6,5),(9,6,5),(8,6,5),(7,6,5),(6,6,5),(6,6,4),(6,6,3),(6,7,3),
10:(1,2,5),(2,2,5),(3,2,5),(4,2,5),(5,2,5),(6,2,5),(6,2,4),
11:(14,8,0),(13,8,0),(13,8,1),(13,8,2),(13,8,3),
12:(8,12,3),(7,12,3),(6,12,3),(5,12,3),(4,12,3),(3,12,3),(2,12,3),(2,12,2),(2,12,1),(2,13,1),
13:(13,10,1),(12,10,1),(11,10,1),(10,10,1),(9,10,1),(8,10,1),(7,10,1),(6,10,1),(5,10,1),(5,10,2),(5,10,3),(5,10,4),(5,10,5),
14:(6,11,1),(7,11,1),(8,11,1),(9,11,1),(9,11,0),(9,12,0),(9,13,0),(9,14,0),
15:(9,13,2),(8,13,2),(7,13,2),(6,13,2),(5,13,2),(5,13,3),(5,13,4),(5,12,4),
16:(13,2,1),(12,2,1),(12,3,1),(12,4,1),(12,5,1),(11,5,1),(11,6,1),(11,6,2),(11,6,2),(10,6,2),(9,6,2),(9,7,2),
17:(6,6,5),(5,6,5),(5,6,4),(5,6,3),(5,6,2),(5,6,1),(5,6,0),(5,7,0),
18:(11,12,2),(10,12,2),(9,12,2),(8,12,2),(7,12,2),(6,12,2),(5,12,2),(4,12,2),(4,11,2),(4,10,2),(4,9,2),(4,8,2),(4,7,2),(4,7,2),(3,7,2),(2,7,2),
19:(11,7,5),(12,7,5),(12,8,5),(12,9,5),(12,10,5),(12,11,5),(12,12,5),(12,13,5),(12,14,5),
20:(12,4,1),(11,4,1),(10,4,1),(9,4,1),(8,4,1),(8,4,0),(8,5,0),(8,6,0),(8,7,0),(8,8,0),(8,9,0),(7,9,0),(7,10,0),(7,11,0),(8,11,0),(8,12,0),
21:(5,2,1),(6,2,1),(7,2,1),(8,2,1),(9,2,1),(9,2,0),(10,2,0),(11,2,0),(12,2,0),(13,2,0),(13,3,0),(13,4,0),(13,5,0),(13,6,0),(14,6,0),(14,7,0),(14,8,0),
22:(5,7,3),(4,7,3),(3,7,3),(3,7,4),(3,7,5),(3,6,5),(3,5,5),(3,4,5),(3,3,5),(3,2,5),
23:(8,6,1),(7,6,1),(6,6,1),(5,6,1),(4,6,1),(4,6,2),(4,6,3),(4,6,4),
24:(6,13,5),(6,12,5),(6,12,5),(6,11,5),(6,10,5),(6,9,5),(6,9,5),(6,8,5),(7,8,5),(7,7,5),(7,6,5),(8,6,5),(8,5,5),(8,4,5),(8,4,4),(8,3,4),(8,3,3),(8,2,3),(8,2,2),(8,1,2),
25:(0,11,5),(1,11,5),(2,11,5),(3,11,5),(4,11,5),(4,11,4),(4,11,3),(4,11,2),(4,10,2),(4,9,2),(4,8,2),(4,7,2),(4,6,2),(4,5,2),(4,4,2),(4,3,2),(4,2,2),
26:(3,0,3),(4,0,3),(5,0,3),(6,0,3),(7,0,3),(8,0,3),(9,0,3),(10,0,3),(11,0,3),(12,0,3),(12,0,4),(12,0,5),(12,1,5),(12,2,5),(12,3,5),(12,4,5),(12,5,5),(12,6,5),(12,7,5),(12,8,5),(12,9,5),(12,10,5),(12,11,5),(13,11,5),(13,12,5),(14,12,5),(14,13,5),(14,14,5),
27:(11,6,5),(10,6,5),(10,6,4),(10,6,3),(10,5,3),(10,4,3),(10,3,3),(10,2,3),(10,1,3),
28:(4,9,2),(3,9,2),(3,9,1),(3,10,1),(3,11,1),(3,12,1),
29:(7,8,0),(8,8,0),(8,8,1),(8,8,2),(8,9,2),(8,10,2),(8,10,3),(8,11,3),(8,12,3),(8,13,3),(8,14,3),
30:(9,0,1),(10,0,1),(11,0,1),(12,0,1),(13,0,1),(14,0,1),(14,0,2),(14,0,3),(14,0,4),(14,1,4),(14,2,4),(14,2,5),(14,3,5),(14,4,5),
31:(11,12,5),(12,12,5),(13,12,5),(13,12,4),(13,12,3),(13,12,2),(13,12,1),(13,11,1),(13,10,1),(13,9,1),(13,8,1),(13,7,1),(13,6,1),(13,5,1),
32:(12,13,2),(11,13,2),(10,13,2),(9,13,2),(8,13,2),(7,13,2),(6,13,2),(6,12,2),(6,11,2),(6,10,2),(6,9,2),
33:(13,1,3),(12,1,3),(11,1,3),(10,1,3),(9,1,3),(8,1,3),(7,1,3),(6,1,3),(5,1,3),(4,1,3),(3,1,3),(2,1,3),(1,1,3),(0,1,3),(0,1,2),(0,2,2),(0,2,1),(0,2,0),(0,3,0),(0,4,0),
34:(0,12,5),(1,12,5),(2,12,5),(3,12,5),(4,12,5),(5,12,5),(5,11,5),(5,10,5),(5,9,5),(5,8,5),(5,7,5),(5,7,4),(5,6,4),(5,5,4),(5,5,3),(6,5,3),(6,5,2),(6,5,1),(6,4,1),(6,3,1),(6,2,1),(7,2,1),(7,1,1),(7,0,1),
35:(9,1,2),(8,1,2),(7,1,2),(6,1,2),(5,1,2),(4,1,2),(3,1,2),(3,1,3),(2,1,3),(1,1,3),(0,1,3),(0,1,4),(0,2,4),
36:(3,7,1),(4,7,1),(5,7,1),(6,7,1),(7,7,1),(8,7,1),(9,7,1),(10,7,1),(11,7,1),(11,7,2),(11,6,2),(11,5,2),(11,4,2),
37:(2,13,2),(3,13,2),(4,13,2),(5,13,2),(5,12,2),(5,11,2),(6,11,2),(7,11,2),(8,11,2),(9,11,2),(10,11,2),(10,10,2),
38:(1,5,3),(2,5,3),(3,5,3),(4,5,3),(5,5,3),(6,5,3),(7,5,3),(8,5,3),(8,5,4),(8,5,5),(8,4,5),(8,3,5),(8,2,5),
39:(3,5,3),(4,5,3),(4,6,3),(4,7,3),(5,7,3),(5,8,3),(6,8,3),(7,8,3),(8,8,3),(8,8,4),(9,8,4),(10,8,4),(10,8,4),(11,8,4),(12,8,4),(13,8,4),(14,8,4),(14,8,5),
40:(13,10,0),(12,10,0),(11,10,0),(10,10,0),(9,10,0),(8,10,0),
41:(2,14,5),(1,14,5),(0,14,5),(0,14,4),(0,14,3),(0,14,2),(0,14,1),(0,13,1),(0,12,1),(0,11,1),(0,10,1),(0,9,1),(0,8,1),(0,7,1),(0,6,1),(0,5,1),(0,4,1),(0,3,1),(0,2,1),(0,2,0),(0,1,0),(0,0,0),
42:(3,4,4),(2,4,4),(2,4,3),(2,4,2),(2,3,2),
43:(11,12,1),(10,12,1),(9,12,1),(8,12,1),(8,12,2),(8,12,3),(8,12,4),(8,11,4),(8,10,4),(8,9,4),(8,8,4),
44:(10,2,1),(9,2,1),(8,2,1),(8,3,1),(7,3,1),(6,3,1),(5,3,1),(4,3,1),(3,3,1),(3,3,0),(3,4,0),
45:(8,2,2),(9,2,2),(10,2,2),(11,2,2),(12,2,2),(12,3,2),(12,4,2),(12,5,2),(12,6,2),(12,7,2),
46:(4,2,0),(5,2,0),(6,2,0),(7,2,0),(8,2,0),(8,2,1),(9,2,1),(10,2,1),(11,2,1),(12,2,1),(13,2,1),(13,2,2),(13,2,3),(13,1,3),(13,1,4),(13,1,5),(13,0,5),(14,0,5),
47:(1,7,5),(2,7,5),(3,7,5),(4,7,5),(4,7,4),(4,6,4),(4,5,4),(4,4,4),(4,3,4),
48:(11,14,2),(12,14,2),(13,14,2),(13,13,2),(13,12,2),(13,11,2),(13,10,2),(13,9,2),(13,8,2),(13,7,2),(13,6,2),(13,5,2),(12,5,2),(12,5,3),(12,5,4),(13,5,4),
49:(1,9,0),(2,9,0),(3,9,0),(3,8,0),(4,8,0),(5,8,0),(6,8,0),(7,8,0),(8,8,0),(8,8,1),(9,8,1),
50:(8,5,2),(7,5,2),(6,5,2),(5,5,2),(4,5,2),(3,5,2),(2,5,2),(2,6,2),(2,7,2),(2,8,2),(2,8,3),(2,8,4),(2,8,5),(2,9,5),(2,10,5),
51:(10,5,3),(11,5,3),(12,5,3),(13,5,3),(13,5,4),(13,6,4),
52:(1,10,4),(2,10,4),(3,10,4),(4,10,4),(4,10,3),(4,11,3),(4,11,2),(4,11,1),(4,11,0),(4,12,0),(4,13,0),(5,13,0),(6,13,0),
53:(14,12,2),(13,12,2),(12,12,2),(11,12,2),(10,12,2),(9,12,2),(9,12,3),(9,12,4),(9,12,5),(9,11,5),(9,10,5),
54:(1,3,2),(1,4,2),(1,5,2),(1,6,2),(1,7,2),(1,8,2),(1,9,2),(1,10,2),(1,11,2),(1,12,2),(1,13,2),
55:(3,6,5),(4,6,5),(5,6,5),(6,6,5),(7,6,5),(7,7,5),(8,7,5),(8,8,5),(8,9,5),(8,10,5),(8,10,4),(9,10,4),(9,10,3),(10,10,3),(10,11,3),(10,11,2),(11,11,2),(11,11,1),(12,11,1),(12,11,0),(12,12,0),(12,13,0),
56:(0,3,5),(1,3,5),(2,3,5),(3,3,5),(4,3,5),(5,3,5),(6,3,5),(7,3,5),(8,3,5),(9,3,5),(9,3,4),(9,4,4),(9,5,4),(9,6,4),
57:(2,6,4),(3,6,4),(4,6,4),(5,6,4),(6,6,4),(6,6,3),(7,6,3),(8,6,3),(9,6,3),(10,6,3),(11,6,3),(11,6,2),(11,6,1),
58:(1,3,3),(1,4,3),(1,4,4),(1,5,4),(1,6,4),(2,6,4),(3,6,4),(3,7,4),(4,7,4),(4,8,4),(4,9,4),(5,9,4),(6,9,4),(7,9,4),(8,9,4),(8,10,4),(9,10,4),(9,11,4),(9,12,4),(9,12,5),
59:(14,14,3),(13,14,3),(12,14,3),(11,14,3),(10,14,3),(9,14,3),(8,14,3),(7,14,3),(6,14,3),(5,14,3),(4,14,3),(3,14,3),(2,14,3),(1,14,3),(0,14,3),(0,14,2),(0,14,1),
60:(11,13,2),(10,13,2),(9,13,2),(9,13,3),(9,13,4),(9,13,5),(9,12,5),(9,11,5),(9,10,5),(9,9,5),(9,8,5),(9,7,5),(9,6,5),(9,5,5),
61:(1,14,0),(2,14,0),(3,14,0),(4,14,0),(5,14,0),(6,14,0),(7,14,0),(8,14,0),(8,14,1),(9,14,1),(10,14,1),(11,14,1),(12,14,1),(13,14,1),(13,14,2),(13,14,3),(13,14,4),
62:(7,1,4),(6,1,4),(5,1,4),(4,1,4),(3,1,4),(2,1,4),(1,1,4),(1,2,4),(1,3,4),(1,4,4),(1,5,4),(1,6,4),(1,7,4),(1,8,4),(1,9,4),
63:(5,13,1),(6,13,1),(7,13,1),(8,13,1),(9,13,1),(10,13,1),(11,13,1),(12,13,1),(13,13,1),(14,13,1),
64:(9,2,5),(10,2,5),(11,2,5),(12,2,5),(13,2,5),(13,3,5),(13,4,5),(13,5,5),(13,6,5),
65:(7,0,5),(7,1,5),(7,2,5),(6,2,5),(6,2,6),(6,3,6),(6,4,6),(6,5,6),(6,6,6),(6,7,6),(6,7,5),(6,8,5),(6,8,4),(6,8,3),(6,9,3),(6,10,3),(6,10,2),(6,10,1),
66:(0,11,3),(1,11,3),(2,11,3),(3,11,3),(4,11,3),(5,11,3),(5,10,3),(5,9,3),(6,9,3),(7,9,3),(7,9,2),(7,9,1),(7,8,1),
67:(14,4,2),(14,5,2),(14,6,2),(13,6,2),(12,6,2),(12,7,2),(12,8,2),(12,9,2),(12,10,2),(11,10,2),(11,11,2),(11,12,2),(11,13,2),(11,14,2),(10,14,2),(9,14,2),(8,14,2),(7,14,2),(6,14,2),(6,14,3),(5,14,3),(4,14,3),
68:(0,2,4),(1,2,4),(2,2,4),(3,2,4),(4,2,4),(5,2,4),(5,2,3),(6,2,3),(7,2,3),(8,2,3),(9,2,3),(10,2,3),(11,2,3),(11,3,3),(11,4,3),(11,5,3),(12,5,3),(12,6,3),(12,7,3),
69:(2,6,1),(3,6,1),(4,6,1),(4,6,1),(4,7,1),(4,6,1),
70:(1,8,2),(0,8,2),(0,9,2),(0,10,2),(0,10,2),(0,11,2),
71:(14,7,5),(14,7,4),(14,7,3),(14,7,2),(14,7,1),(14,6,1),(14,5,1),(14,4,1),(14,3,1),(14,2,1),(14,2,1),(14,2,0),
72:(8,10,1),(7,10,1),(6,10,1),(5,10,1),(4,10,1),(4,10,0),(4,11,0),(4,12,0),(3,12,0),
73:(8,6,0),(8,6,1),(8,7,1),(8,7,2),(8,7,3),(8,7,4),(7,7,4),(7,7,5),(7,6,5),(6,6,5),(5,6,5),(4,6,5),(3,6,5),
74:(8,11,4),(9,11,4),(10,11,4),(11,11,4),(12,11,4),(13,11,4),(13,11,3),(13,11,2),(13,11,1),(13,11,0),(13,10,0),(13,9,0),(13,8,0),(13,7,0),(13,6,0),(13,5,0),(13,4,0),
75:(2,13,5),(3,13,5),(4,13,5),(5,13,5),(6,13,5),(7,13,5),(8,13,5),(9,13,5),(10,13,5),(11,13,5),(11,13,4),(11,12,4),(11,11,4),(11,10,4),(11,9,4),(12,9,4),(13,9,4),(13,8,4),(13,7,4),(13,7,3),
76:(14,13,4),(13,13,4),(12,13,4),(11,13,4),(11,13,5),(11,12,5),(11,11,5),(11,10,5),(11,9,5),(11,8,5),(11,7,5),(11,6,5),(11,5,5),(11,4,5),(11,3,5),(11,2,5),
77:(0,14,0),(1,14,0),(2,14,0),(3,14,0),(4,14,0),(5,14,0),(6,14,0),(7,14,0),(7,14,1),(7,14,2),(7,14,3),(7,14,4),(7,14,5),(7,13,5),
78:(4,9,1),(5,9,1),(6,9,1),(7,9,1),(8,9,1),(9,9,1),(10,9,1),(11,9,1),(11,9,0),(11,10,0),(12,10,0),(13,10,0),(13,10,0),(13,9,0),
79:(10,11,2),(11,11,2),(11,11,1),(11,11,0),(11,10,0),(11,9,0),(11,8,0),(11,7,0),
80:(8,14,3),(7,14,3),(6,14,3),(5,14,3),(4,14,3),(3,14,3),(2,14,3),(1,14,3),(0,14,3),(0,14,2),(0,14,1),(0,13,1),(0,12,1),(0,11,1),(0,10,1),(0,9,1),(0,8,1),(0,7,1),(0,6,1),
81:(3,13,5),(4,13,5),(5,13,5),(6,13,5),(7,13,5),(8,13,5),(9,13,5),(9,12,5),(9,11,5),(9,10,5),(9,9,5),(9,8,5),(9,8,4),(10,8,4),(10,7,4),(10,6,4),(11,6,4),(12,6,4),(12,5,4),
82:(7,1,3),(6,1,3),(5,1,3),(4,1,3),(3,1,3),(3,1,2),(3,1,1),(3,1,0),
83:(14,8,4),(13,8,4),(12,8,4),(11,8,4),(10,8,4),(9,8,4),(8,8,4),(7,8,4),(6,8,4),(5,8,4),(5,7,4),(5,6,4),(5,5,4),(5,4,4),(5,3,4),(5,2,4),(4,2,4),(3,2,4),(3,1,4),(3,0,4),
84:(12,12,3),(11,12,3),(10,12,3),(9,12,3),(8,12,3),(7,12,3),(6,12,3),(5,12,3),(4,12,3),(3,12,3),(3,11,3),(3,10,3),(3,10,4),(3,10,5),(3,9,5),
85:(10,9,3),(11,9,3),(12,9,3),(13,9,3),(13,10,3),(13,11,3),(13,12,3),
86:(12,9,1),(13,9,1),(14,9,1),(14,9,2),(14,8,2),(14,7,2),(14,6,2),(14,5,2),(14,4,2),(14,3,2),
87:(9,3,1),(9,4,1),(9,4,0),(9,5,0),(9,6,0),(9,7,0),(9,8,0),(9,9,0),(9,9,1),(9,10,1),(8,10,1),(7,10,1),(6,10,1),(6,11,1),(5,11,1),(5,11,2),(4,11,2),(3,11,2),(3,12,2),(3,13,2),(3,14,2),
88:(0,2,0),(1,2,0),(2,2,0),(3,2,0),(4,2,0),(5,2,0),(6,2,0),(7,2,0),(8,2,0),(8,3,0),(8,4,0),(8,5,0),(8,6,0),(8,7,0),(8,7,0),(9,7,0),(10,7,0),(10,8,0),(11,8,0),(12,8,0),
89:(7,4,5),(8,4,5),(9,4,5),(10,4,5),(11,4,5),(12,4,5),(12,5,5),(12,6,5),(12,7,5),(12,8,5),(12,9,5),(12,10,5),(12,11,5),(12,11,4),(12,11,3),(12,11,2),(12,11,1),(12,12,1),
90:(9,0,2),(8,0,2),(7,0,2),(7,1,2),(7,2,2),(7,3,2),(7,4,2),(7,5,2),(7,6,2),(7,7,2),(7,8,2),(7,9,2),(7,10,2),(6,10,2),(6,11,2),(6,12,2),(6,13,2),(6,13,1),(6,14,1),
91:(1,4,0),(2,4,0),(3,4,0),(4,4,0),(5,4,0),(6,4,0),(7,4,0),(8,4,0),(9,4,0),(9,3,0),(10,3,0),(10,3,1),(10,3,2),
92:(14,5,3),(13,5,3),(13,5,2),(12,5,2),(11,5,2),(10,5,2),(10,6,2),(9,6,2),(8,6,2),(8,7,2),
93:(13,14,4),(12,14,4),(11,14,4),(10,14,4),(9,14,4),(8,14,4),(8,13,4),(8,13,3),(8,13,2),(7,13,2),(6,13,2),(5,13,2),(5,12,2),(4,12,2),(4,11,2),(4,10,2),(4,10,1),(4,9,1),(4,8,1),(4,7,1),(3,7,1),(3,6,1),(3,5,1),(3,4,1),
94:(12,6,3),(11,6,3),(10,6,3),(9,6,3),(8,6,3),(7,6,3),(7,6,2),(6,6,2),(5,6,2),(4,6,2),(4,5,2),(4,5,1),(4,4,1),
95:(14,8,3),(13,8,3),(12,8,3),(11,8,3),(10,8,3),(10,8,2),(9,8,2),(8,8,2),(7,8,2),(7,9,2),(7,10,2),(6,10,2),(5,10,2),(5,10,1),(4,10,1),(4,11,1),(3,11,1),
96:(0,11,2),(1,11,2),(1,11,1),(2,11,1),(2,10,1),(3,10,1),(4,10,1),(5,10,1),(5,9,1),(6,9,1),
97:(6,0,0),(7,0,0),(7,0,1),(7,0,2),(7,1,2),(7,1,3),(7,2,3),(7,3,3),
98:(6,8,2),(5,8,2),(4,8,2),(3,8,2),(3,7,2),(3,6,2),(3,5,2),(3,5,1),(3,4,1),(3,3,1),(3,2,1),(3,1,1),
99:(13,14,2),(13,13,2),(12,13,2),(11,13,2),(10,13,2),(9,13,2),(8,13,2),(7,13,2),(6,13,2),(5,13,2),(4,13,2),(4,12,2),(3,12,2),(2,12,2),(2,11,2),(2,10,2),(2,9,2),(2,9,3),(2,8,3),(2,7,3),(2,6,3),(2,6,2),
100:(8,0,0),(9,0,0),(10,0,0),(11,0,0),(12,0,0),(12,1,0),(13,1,0),(13,2,0),(13,3,0),(13,4,0),(13,5,0),(13,6,0),(13,7,0),(13,7,1),(13,8,1),(13,9,1),
101:(6,7,2),(5,7,2),(5,7,2),(5,7,1),
102:(12,7,5),(12,7,6),(11,7,6),(10,7,6),(9,7,6),(8,7,6),(7,7,6),(6,7,6),(5,7,6),(4,7,6),(3,7,6),(2,7,6),(2,7,5),(2,7,4),(2,7,4),(1,7,4),(0,7,4),
103:(3,11,5),(4,11,5),(4,11,4),(4,11,3),(4,11,2),(4,11,1),(4,12,1),(4,13,1),(4,14,1),
104:(11,8,2),(10,8,2),(9,8,2),(9,8,3),
105:(5,8,2),(4,8,2),(4,7,2),(4,6,2),(4,6,2),(4,5,2),(4,4,2),(4,3,2),(4,2,2),(3,2,2),(2,2,2),
106:(8,4,2),(9,4,2),(10,4,2),(10,4,3),(11,4,3),(12,4,3),
107:(10,3,5),(9,3,5),(8,3,5),(7,3,5),(6,3,5),(6,3,4),(5,3,4),(4,3,4),(3,3,4),(2,3,4),(1,3,4),(1,3,3),(1,4,3),(1,5,3),(1,6,3),(1,7,3),(1,8,3),(1,9,3),(1,10,3),(1,11,3),(1,12,3),(1,12,2),(1,12,1),
108:(12,3,2),(12,3,2),(12,4,2),(12,4,3),(12,5,3),(11,5,3),(11,5,4),(11,6,4),(11,7,4),(11,8,4),(11,9,4),(11,9,5),(10,9,5),(9,9,5),(8,9,5),(8,10,5),
109:(13,3,3),(12,3,3),(12,3,2),(12,3,1),(12,4,1),(11,4,1),(11,5,1),(11,6,1),(10,6,1),(10,7,1),(10,7,1),(9,7,1),(8,7,1),
110:(10,1,1),(9,1,1),(8,1,1),(7,1,1),(6,1,1),(5,1,1),(4,1,1),(4,2,1),
111:(2,13,1),(3,13,1),(4,13,1),(5,13,1),(6,13,1),(7,13,1),(8,13,1),(9,13,1),(10,13,1),(11,13,1),(12,13,1),(12,13,2),(12,12,2),(12,11,2),(12,10,2),(12,9,2),
112:(12,10,5),(11,10,5),(10,10,5),(10,10,4),(10,10,3),(10,10,2),(10,10,1),
113:(13,4,2),(12,4,2),(11,4,2),(10,4,2),(9,4,2),(9,4,3),(8,4,3),(8,4,4),(8,3,4),(8,2,4),
114:(13,8,4),(12,8,4),(11,8,4),(11,9,4),(11,9,3),(11,9,2),(11,9,1),(11,8,1),
115:(12,1,3),(11,1,3),(10,1,3),(9,1,3),(8,1,3),(8,1,4),(7,1,4),(7,1,5),(7,2,5),(7,3,5),(7,4,5),(7,5,5),
116:(2,11,1),(3,11,1),(3,10,1),(4,10,1),(4,9,1),(4,8,1),(4,8,2),(5,8,2),(5,7,2),(5,6,2),(6,6,2),(6,6,3),(6,5,3),(7,5,3),(8,5,3),(8,4,3),(9,4,3),(10,4,3),(11,4,3),(11,3,3),(12,3,3),(13,3,3),(14,3,3),(14,4,3),
117:(3,12,5),(4,12,5),(4,12,4),(4,12,3),(4,12,2),(4,13,2),(4,14,2),
118:(6,1,3),(5,1,3),(4,1,3),(3,1,3),(2,1,3),(2,1,2),(2,1,1),(2,2,1),(2,3,1),(2,4,1),(2,5,1),(2,6,1),(2,7,1),(2,8,1),
119:(4,8,4),(3,8,4),(2,8,4),(1,8,4),(0,8,4),(0,8,3),(0,8,2),(0,7,2),(0,6,2),(0,5,2),(0,4,2),(0,3,2),(0,2,2),(0,1,2),(0,0,2),
120:(1,5,0),(2,5,0),(3,5,0),(4,5,0),(5,5,0),(6,5,0),(7,5,0),(8,5,0),(8,5,1),(8,5,2),(8,5,3),(8,4,3),(8,3,3),(8,2,3),(8,1,3),
121:(9,4,2),(10,4,2),(10,4,3),(11,4,3),(11,4,4),(11,3,4),
122:(9,9,2),(8,9,2),(7,9,2),(7,8,2),(7,7,2),(7,6,2),(7,5,2),(7,5,3),(7,4,3),
123:(1,10,3),(0,10,3),(0,10,4),(0,10,5),(0,11,5),(0,12,5),(0,13,5),(0,14,5),
124:(11,6,1),(11,5,1),(11,4,1),(11,3,1),(11,3,2),(11,3,3),(11,2,3),(11,2,4),(11,1,4),(11,0,4),
125:(13,8,3),(12,8,3),(11,8,3),(10,8,3),(10,8,2),(9,8,2),(8,8,2),(7,8,2),(7,8,1),(6,8,1),(5,8,1),(4,8,1),(3,8,1),
126:(9,4,3),(10,4,3),(11,4,3),(11,4,4),(11,5,4),(11,6,4),(11,7,4),(11,8,4),(11,9,4),(11,10,4),(11,10,5),(11,11,5),(11,12,5),(11,13,5),(11,14,5),
127:(2,4,3),(3,4,3),(4,4,3),(5,4,3),(6,4,3),(7,4,3),(7,4,4),(7,3,4),(7,3,4),(8,3,4),(8,3,4),(9,3,4),
128:(13,13,0),(13,13,1),(13,12,1),(13,11,1),(13,10,1),(13,9,1),(13,8,1),(13,7,1),(13,6,1),(13,5,1),(13,4,1),(13,3,1),(13,3,2),(13,2,2),(13,1,2),
129:(1,3,4),(2,3,4),(3,3,4),(4,3,4),(5,3,4),(5,4,4),(6,4,4),(7,4,4),(8,4,4),(9,4,4),(10,4,4),(11,4,4),(12,4,4),(13,4,4),(13,5,4),(14,5,4),(14,6,4),(14,7,4),(14,7,3),(14,8,3),
130:(8,14,4),(7,14,4),(7,14,3),(7,14,2),(7,13,2),(7,12,2),(7,12,1),(7,11,1),(7,10,1),(7,9,1),(7,8,1),(7,7,1),(7,6,1),(7,6,1),(6,6,1),(6,5,1),(6,4,1),(7,4,1),(7,3,1),
131:(7,14,1),(6,14,1),(5,14,1),(4,14,1),(3,14,1),(2,14,1),(1,14,1),(0,14,1),(0,13,1),(0,12,1),(0,11,1),(0,10,1),(0,9,1),(0,8,1),(0,7,1),(0,6,1),(0,5,1),(0,4,1),(0,3,1),(0,2,1),(0,2,0),
132:(9,11,2),(10,11,2),(10,11,1),(10,11,0),(10,12,0),
133:(3,13,0),(4,13,0),(5,13,0),(5,13,0),(5,13,1),(5,13,2),(5,13,3),(6,13,3),(7,13,3),(7,13,4),(8,13,4),
134:(6,7,5),(7,7,5),(8,7,5),(9,7,5),(10,7,5),(10,8,5),(10,9,5),(10,10,5),(10,11,5),(10,12,5),(10,12,4),(10,13,4),(10,13,3),(10,13,2),(10,13,1),(10,13,0),(10,14,0),
135:(5,10,5),(4,10,5),(3,10,5),(2,10,5),(2,10,4),(2,10,3),(2,10,2),(2,10,1),(2,10,0),(2,9,0),
136:(5,2,4),(6,2,4),(7,2,4),(8,2,4),(9,2,4),(9,2,3),(9,2,2),(9,1,2),(9,0,2),
137:(10,5,1),(9,5,1),(8,5,1),(7,5,1),(6,5,1),(5,5,1),(4,5,1),(4,5,2),(3,5,2),(2,5,2),(1,5,2),(1,5,3),(1,5,4),(1,6,4),(1,6,5),(1,7,5),
138:(3,2,2),(4,2,2),(5,2,2),(6,2,2),(6,2,3),(7,2,3),(8,2,3),(9,2,3),(10,2,3),(11,2,3),(11,3,3),(11,4,3),(11,5,3),(11,6,3),(11,6,3),(11,7,3),(11,8,3),(11,9,3),(11,9,4),
139:(11,13,3),(10,13,3),(9,13,3),(8,13,3),(7,13,3),(6,13,3),(6,13,3),(6,13,2),(6,12,2),(6,11,2),(6,11,1),(6,10,1),(6,10,0),
140:(13,1,1),(12,1,1),(11,1,1),(10,1,1),(10,1,2),(10,1,3),(10,1,4),(10,1,5),(10,2,5),
141:(10,3,4),(9,3,4),(8,3,4),(7,3,4),(6,3,4),(5,3,4),(4,3,4),(3,3,4),(2,3,4),(1,3,4),(1,3,3),(1,4,3),(1,5,3),(1,6,3),(1,7,3),(1,8,3),(1,8,2),
142:(14,4,5),(13,4,5),(12,4,5),(12,4,4),(12,4,3),(12,5,3),(12,6,3),(12,7,3),(12,8,3),(12,9,3),(12,10,3),(12,11,3),(12,12,3),(12,12,3),(12,12,2),
143:(5,5,0),(6,5,0),(7,5,0),(8,5,0),(8,4,0),(8,3,0),(8,2,0),(8,1,0),
144:(12,3,4),(11,3,4),(10,3,4),(10,4,4),(10,4,3),(10,4,2),(10,5,2),
145:(2,0,2),(3,0,2),(4,0,2),(5,0,2),(6,0,2),(7,0,2),(8,0,2),(8,0,3),(8,0,4),(8,0,5),(8,1,5),
146:(10,14,0),(9,14,0),(8,14,0),(7,14,0),(6,14,0),(6,14,1),(5,14,1),(4,14,1),(3,14,1),(3,14,2),(3,14,3),(3,13,3),(3,12,3),(3,11,3),(3,10,3),(3,10,4),
147:(11,3,2),(10,3,2),(9,3,2),(8,3,2),(8,3,3),(8,3,4),(8,3,5),(8,4,5),(8,5,5),(8,6,5),(8,7,5),(8,8,5),
148:(11,11,0),(10,11,0),(10,12,0),(10,13,0),(9,13,0),(8,13,0),(7,13,0),(6,13,0),(5,13,0),(5,13,1),(5,14,1),(5,14,2),(5,14,3),(4,14,3),(4,14,4),
149:(2,3,5),(3,3,5),(3,4,5),(3,4,4),(3,4,3),(3,4,2),(3,4,1),(3,4,0),(3,5,0),
150:(2,10,4),(2,10,3),(2,10,2),(2,11,2),(2,12,2),(2,12,1),(2,13,1),(2,14,1),
151:(3,3,3),(3,3,4),(3,3,5),(3,4,5),(2,4,5),(1,4,5),(1,5,5),(1,6,5),(1,7,5),(1,8,5),(1,9,5),(1,10,5),
152:(0,8,5),(1,8,5),(2,8,5),(3,8,5),(4,8,5),(5,8,5),(6,8,5),(7,8,5),(8,8,5),(9,8,5),(9,7,5),(10,7,5),(10,7,4),(11,7,4),(11,7,3),(11,7,2),(11,6,2),(11,5,2),(11,5,1),(11,4,1),(11,3,1),(11,3,0),(11,2,0),
153:(11,1,5),(10,1,5),(9,1,5),(8,1,5),(7,1,5),(6,1,5),(5,1,5),(4,1,5),(3,1,5),(3,1,4),(3,2,4),(3,2,3),(3,3,3),(3,3,3),(3,4,3),(2,4,3),(2,5,3),(2,6,3),(2,7,3),(1,7,3),(1,8,3),(1,9,3),(1,10,3),(0,10,3),(0,11,3),
154:(4,1,3),(4,1,2),(5,1,2),(5,1,1),(5,0,1),(6,0,1),(7,0,1),(8,0,1),(9,0,1),(10,0,1),(11,0,1),(12,0,1),
155:(0,3,4),(1,3,4),(1,3,5),(1,4,5),(1,5,5),(1,6,5),(1,7,5),(1,8,5),(2,8,5),(3,8,5),(4,8,5),(5,8,5),(6,8,5),(7,8,5),(7,9,5),(8,9,5),(9,9,5),(10,9,5),(10,10,5),(10,11,5),(10,12,5),
156:(13,14,3),(12,14,3),(11,14,3),(10,14,3),(9,14,3),(8,14,3),(8,14,2),(8,14,1),(8,13,1),(8,13,0),(8,14,0),
157:(10,4,3),(10,5,3),(9,5,3),(9,5,2),(9,5,1),(9,5,0),(9,6,0),(9,7,0),(9,8,0),
158:(0,3,2),(1,3,2),(2,3,2),(3,3,2),(4,3,2),(5,3,2),(5,3,3),
159:(9,1,3),(8,1,3),(7,1,3),(6,1,3),(5,1,3),(4,1,3),(4,1,2),(4,2,2),(3,2,2),(3,3,2),(3,4,2),(3,5,2),(3,6,2),(3,7,2),(3,8,2),(4,8,2),(4,9,2),(4,10,2),(3,10,2),(3,11,2),
160:(7,0,3),(6,0,3),(6,1,3),(5,1,3),(4,1,3),(3,1,3),(2,1,3),(1,1,3),(1,0,3),
161:(5,12,4),(5,11,4),(5,11,4),(5,10,4),(6,10,4),(7,10,4),(8,10,4),(8,9,4),(9,9,4),(9,8,4),(10,8,4),(11,8,4),(11,7,4),(12,7,4),(12,6,4),(12,5,4),(12,4,4),(12,3,4),(12,3,3),(12,3,2),(12,3,1),(12,2,1),
162:(11,5,2),(10,5,2),(9,5,2),(8,5,2),(7,5,2),(6,5,2),(5,5,2),(5,6,2),(4,6,2),(3,6,2),(3,7,2),(3,8,2),(3,8,3),(3,9,3),(2,9,3),(2,10,3),(2,11,3),(2,12,3),(2,12,2),(2,12,1),
163:(4,8,1),(4,8,0),(4,9,0),
164:(9,0,4),(8,0,4),(7,0,4),(6,0,4),(5,0,4),(4,0,4),(3,0,4),(2,0,4),(1,0,4),(1,1,4),(1,2,4),
165:(6,14,1),(6,14,2),(7,14,2),(8,14,2),(9,14,2),(10,14,2),(11,14,2),(12,14,2),(13,14,2),(13,13,2),(13,12,2),
166:(12,0,1),(11,0,1),(11,0,2),(10,0,2),(9,0,2),(8,0,2),(8,0,3),(7,0,3),(6,0,3),(6,0,4),(6,0,5),(6,1,5),(6,2,5),(6,3,5),(6,4,5),(6,5,5),
167:(11,7,2),(12,7,2),(12,7,3),(12,7,4),(12,6,4),(12,5,4),(12,5,4),(12,4,4),(12,3,4),(12,2,4),(12,1,4),(12,0,4),
168:(4,9,5),(5,9,5),(6,9,5),(7,9,5),(8,9,5),(9,9,5),(9,10,5),(9,10,4),(9,10,3),(9,11,3),(9,11,2),(10,11,2),(10,11,2),(10,12,2),
169:(6,13,3),(5,13,3),(4,13,3),(3,13,3),(2,13,3),(1,13,3),(1,12,3),(1,11,3),(1,10,3),(1,9,3),(1,8,3),(1,7,3),(1,6,3),(0,6,3),(0,6,4),(0,6,5),(0,5,5),(0,4,5),(0,3,5),(0,2,5),
170:(2,2,5),(3,2,5),(4,2,5),(4,3,5),(4,4,5),(4,4,4),(4,4,3),(4,5,3),
171:(4,11,5),(5,11,5),(6,11,5),(7,11,5),(8,11,5),(9,11,5),(10,11,5),(10,12,5),(10,12,4),(10,12,3),
172:(13,10,5),(12,10,5),(11,10,5),(10,10,5),(9,10,5),(8,10,5),(7,10,5),(6,10,5),(5,10,5),(4,10,5),(3,10,5),(2,10,5),(2,9,5),(1,9,5),(0,9,5),(0,9,5),(0,9,4),(0,9,3),
173:(11,11,5),(10,11,5),(9,11,5),(8,11,5),(8,12,5),(7,12,5),(7,12,6),(6,12,6),(5,12,6),(5,12,5),
174:(4,3,4),(5,3,4),(6,3,4),(6,3,5),(6,4,5),(7,4,5),(8,4,5),(8,5,5),(8,6,5),(8,7,5),(8,8,5),(8,9,5),(8,10,5),(7,10,5),(7,11,5),(7,12,5),(8,12,5),
175:(8,3,5),(7,3,5),(6,3,5),(6,4,5),(6,4,4),(6,4,3),(6,4,2),(6,4,1),(6,5,1),(6,6,1),(6,7,1),(6,8,1),
176:(6,4,0),(5,4,0),(4,4,0),(4,4,1),(3,4,1),(2,4,1),(1,4,1),(0,4,1),(0,5,1),(0,6,1),(0,6,2),(0,7,2),(0,7,3),(0,7,4),(0,8,4),(0,9,4),(0,10,4),(0,11,4),
177:(0,7,1),(0,7,2),(0,7,3),(0,7,4),(0,6,4),(0,5,4),(0,4,4),(0,3,4),(0,2,4),(0,1,4),(0,0,4),
178:(0,11,1),(1,11,1),(2,11,1),(3,11,1),(4,11,1),(5,11,1),(6,11,1),(6,11,2),(7,11,2),(8,11,2),(8,10,2),(8,10,2),(8,9,2),(9,9,2),(10,9,2),(10,8,2),(11,8,2),(12,8,2),
179:(7,10,5),(8,10,5),(9,10,5),(9,10,4),(10,10,4),(11,10,4),(11,11,4),(11,12,4),(11,13,4),(11,14,4),
180:(10,7,2),(9,7,2),(8,7,2),(7,7,2),(7,6,2),(7,6,1),(7,6,0),(7,5,0),
181:(2,7,0),(3,7,0),(4,7,0),(5,7,0),(6,7,0),(7,7,0),(8,7,0),(8,7,1),(9,7,1),(9,7,2),(9,7,3),(8,7,3),(8,7,4),(8,7,5),(9,7,5),
182:(5,11,1),(6,11,1),(7,11,1),(8,11,1),(9,11,1),(10,11,1),(11,11,1),(12,11,1),(12,10,1),(12,9,1),
183:(11,9,4),(10,9,4),(9,9,4),(9,9,3),(9,9,2),(9,10,2),(9,11,2),(9,12,2),
184:(12,7,1),(11,7,1),(11,6,1),(11,5,1),(11,4,1),(11,3,1),(11,2,1),(11,1,1),(10,1,1),(9,1,1),(9,2,1),(8,2,1),(7,2,1),(6,2,1),(6,1,1),
185:(12,5,1),(12,5,2),(11,5,2),(10,5,2),(9,5,2),
186:(1,1,2),(2,1,2),(3,1,2),(4,1,2),(4,1,1),(4,1,0),(5,1,0),(6,1,0),(7,1,0),(7,2,0),(7,3,0),(8,3,0),(8,4,0),(8,5,0),
187:(12,9,3),(12,10,3),(11,10,3),(10,10,3),(9,10,3),(8,10,3),(7,10,3),(6,10,3),(5,10,3),(4,10,3),(3,10,3),(2,10,3),(2,10,2),(2,10,1),(2,10,0),
188:(10,6,2),(9,6,2),(8,6,2),(7,6,2),(6,6,2),(5,6,2),(4,6,2),(4,7,2),(3,7,2),(2,7,2),(2,8,2),
189:(8,5,5),(8,6,5),(8,6,6),(8,7,6),(8,8,6),(8,9,6),(8,10,6),(8,10,5),(8,11,5),(8,11,4),(8,12,4),(8,12,3),(9,12,3),(9,13,3),(8,13,3),(8,13,2),
190:(10,7,4),(11,7,4),(11,7,3),(12,7,3),(13,7,3),(14,7,3),(14,7,2),(14,7,1),(14,8,1),
191:(14,13,2),(14,13,3),(14,12,3),(14,11,3),(14,10,3),(14,9,3),(14,8,3),(14,7,3),(14,6,3),(14,5,3),(14,4,3),(14,3,3),(14,2,3),(14,1,3),(14,0,3),
192:(6,9,0),(7,9,0),(7,9,1),(7,9,2),(7,9,3),(7,10,3),(7,11,3),
193:(0,14,5),(0,13,5),(1,13,5),(2,13,5),(2,12,5),(2,11,5),
194:(0,8,0),(1,8,0),(2,8,0),(2,8,1),(2,8,2),(2,8,3),(2,8,4),(2,7,4),(2,6,4),(2,6,4),(3,6,4),
195:(10,1,3),(9,1,3),(8,1,3),(7,1,3),(6,1,3),(5,1,3),(4,1,3),(4,2,3),(3,2,3),(3,3,3),(3,3,2),(3,4,2),(3,5,2),(3,6,2),(3,6,1),(3,6,0),
196:(1,6,3),(2,6,3),(3,6,3),(4,6,3),(5,6,3),(5,6,4),(6,6,4),(7,6,4),(8,6,4),(9,6,4),(10,6,4),(11,6,4),(12,6,4),(12,6,5),(12,7,5),(13,7,5),(13,8,5),(13,9,5),(14,9,5),
197:(1,1,4),(2,1,4),(2,1,3),(2,1,2),(3,1,2),(3,2,2),(3,3,2),(3,4,2),(4,4,2),(4,5,2),(5,5,2),(6,5,2),(7,5,2),(7,6,2),(8,6,2),(9,6,2),(10,6,2),
198:(13,13,2),(12,13,2),(11,13,2),(10,13,2),(9,13,2),(9,13,3),(8,13,3),(7,13,3),(7,13,2),(6,13,2),(5,13,2),(4,13,2),
199:(7,11,3),(8,11,3),(9,11,3),(10,11,3),(10,12,3),(10,13,3),(10,14,3),
200:(7,13,1),(7,13,2),(6,13,2),(6,13,3),(5,13,3),(4,13,3),(4,13,4),(4,12,4),(4,11,4),(3,11,4),
201:(1,3,5),(2,3,5),(2,4,5),(2,5,5),(3,5,5),(4,5,5),(5,5,5),(6,5,5),(7,5,5),(7,5,4),
202:(8,1,1),(8,2,1),(8,2,2),(9,2,2),(10,2,2),(10,2,3),(10,2,4),(10,3,4),
203:(3,1,0),(4,1,0),(4,2,0),(4,3,0),(4,4,0),(4,5,0),(4,6,0),(4,7,0),(4,8,0),(5,8,0),(5,8,0),(5,8,0),(5,8,1),
204:(0,14,2),(1,14,2),(2,14,2),(3,14,2),(4,14,2),(5,14,2),(6,14,2),(7,14,2),(8,14,2),(9,14,2),(10,14,2),(11,14,2),(12,14,2),(12,14,1),(12,14,0),(13,14,0),
205:(6,1,1),(6,1,2),(6,0,2),(6,0,2),(7,0,2),(7,0,3),(7,0,4),(8,0,4),(9,0,4),
206:(14,10,4),(13,10,4),(12,10,4),(11,10,4),(11,9,4),(10,9,4),(9,9,4),(9,8,4),(9,7,4),
207:(4,7,0),(5,7,0),(5,6,0),(5,5,0),(5,5,1),(5,5,2),(5,5,3),(5,5,4),(5,4,4),(5,3,4),(5,2,4),(5,1,4),
208:(7,14,0),(6,14,0),(6,14,1),(6,14,2),(6,14,3),(6,14,4),(6,13,4),(6,12,4),(6,12,5),(6,11,5),(5,11,5),(5,10,5),(5,9,5),(5,8,5),(5,7,5),(5,7,4),(5,6,4),(5,5,4),(5,4,4),(5,3,4),(5,2,4),(4,2,4),(4,1,4),
209:(10,4,0),(11,4,0),(12,4,0),(13,4,0),(14,4,0),(14,4,1),(14,4,2),(14,4,3),(14,4,4),(14,4,5),(14,5,5),(14,6,5),(14,7,5),(14,8,5),(14,9,5),(14,10,5),(14,11,5),
210:(1,12,5),(1,12,4),(1,12,3),(1,12,2),(1,12,1),(1,12,0),(1,11,0),(1,10,0),
211:(14,2,4),(14,3,4),(14,4,4),(14,5,4),(14,6,4),(14,7,4),(13,7,4),(13,8,4),(13,9,4),(13,9,3),(13,9,2),(13,9,1),(13,10,1),(13,10,0),
212:(9,3,4),(8,3,4),(8,3,3),(8,4,3),(8,4,2),(8,5,2),(8,6,2),(7,6,2),(6,6,2),(6,6,2),(6,6,1),(6,7,1),
213:(7,9,3),(6,9,3),(6,9,4),(6,8,4),(6,7,4),(6,6,4),(6,5,4),(6,4,4),(6,4,4),(5,4,4),(4,4,4),
214:(14,10,0),(14,9,0),(14,8,0),(14,7,0),(14,6,0),(14,5,0),
215:(11,2,1),(10,2,1),(9,2,1),(9,3,1),(8,3,1),(7,3,1),(6,3,1),(5,3,1),(5,3,2),(5,4,2),(5,4,3),(5,5,3),(5,6,3),(5,7,3),(5,8,3),(5,9,3),(4,9,3),(4,10,3),(4,11,3),(4,11,4),(4,12,4),(4,13,4),(5,13,4),(5,14,4),
216:(0,4,2),(0,4,3),(1,4,3),(2,4,3),(2,5,3),(3,5,3),
217:(0,14,1),(1,14,1),(2,14,1),(2,14,2),(2,13,2),(2,12,2),(3,12,2),(3,11,2),(3,11,3),(4,11,3),(5,11,3),(5,10,3),(5,10,4),(6,10,4),(7,10,4),(7,9,4),(7,8,4),(7,7,4),(8,7,4),(8,6,4),(8,5,4),(8,5,3),(8,4,3),
218:(6,1,0),(6,2,0),(6,3,0),(6,4,0),(6,5,0),(6,6,0),(6,6,1),(6,6,1),(6,7,1),(7,7,1),(7,7,2),(7,8,2),(8,8,2),(8,9,2),(8,10,2),(8,11,2),(9,11,2),(10,11,2),
219:(3,10,4),(4,10,4),(5,10,4),(6,10,4),(7,10,4),(8,10,4),(9,10,4),(9,10,3),(10,10,3),(11,10,3),(11,10,2),(12,10,2),(13,10,2),(14,10,2),(14,10,1),(14,10,0),(14,11,0),(14,12,0),(14,13,0),
220:(2,3,2),(2,4,2),(2,5,2),(2,6,2),(2,7,2),(2,8,2),(2,9,2),(2,10,2),(2,11,2),(3,11,2),(3,12,2),(3,13,2),(3,13,2),(3,13,3),(3,13,4),
221:(7,14,4),(6,14,4),(5,14,4),(4,14,4),(3,14,4),(3,13,4),(3,12,4),
222:(13,8,1),(12,8,1),(11,8,1),(10,8,1),(9,8,1),(8,8,1),(7,8,1),(6,8,1),(5,8,1),(5,9,1),(5,9,2),(5,9,3),(5,10,3),
223:(4,0,5),(5,0,5),(6,0,5),(6,1,5),(6,1,4),(6,1,3),(6,1,2),(7,1,2),(7,1,1),(7,1,0),
224:(4,10,0),(5,10,0),(6,10,0),(7,10,0),(7,10,1),(7,10,2),(8,10,2),(9,10,2),
225:(12,10,4),(11,10,4),(10,10,4),(10,9,4),(9,9,4),(8,9,4),(7,9,4),(6,9,4),(5,9,4),(5,9,4),(5,8,4),
226:(4,13,2),(5,13,2),(5,13,3),(5,13,4),(6,13,4),(6,12,4),(6,11,4),
227:(9,7,2),(8,7,2),(7,7,2),(6,7,2),(5,7,2),(4,7,2),(3,7,2),(2,7,2),(2,7,1),(1,7,1),(1,8,1),(1,9,1),(1,10,1),(1,11,1),
228:(13,11,2),(12,11,2),(11,11,2),(10,11,2),(9,11,2),(8,11,2),(7,11,2),(7,10,2),(7,10,3),(6,10,3),(6,11,3),(5,11,3),(5,11,4),
229:(11,14,1),(11,13,1),(11,12,1),(11,12,0),(11,11,0),(10,11,0),(10,10,0),(10,9,0),(10,8,0),(10,7,0),(10,6,0),(10,6,1),(10,5,1),(10,4,1),(9,4,1),(9,4,2),(9,3,2),(8,3,2),(8,3,3),(8,3,4),(7,3,4),(7,2,4),
230:(12,11,1),(12,11,1),(12,11,2),(11,11,2),(10,11,2),(9,11,2),(8,11,2),(8,10,2),(7,10,2),(7,10,3),(7,9,3),(7,8,3),(7,7,3),(7,6,3),(7,5,3),
231:(4,0,4),(5,0,4),(5,0,4),(5,0,3),(6,0,3),(6,0,2),(7,0,2),
232:(8,9,0),(8,9,1),(8,9,2),(8,9,3),(8,10,3),(8,11,3),(8,12,3),(7,12,3),(6,12,3),(5,12,3),(4,12,3),(3,12,3),(2,12,3),(1,12,3),(1,13,3),
233:(12,4,5),(12,3,5),(13,3,5),(14,3,5),(14,2,5),(14,1,5),
234:(4,4,0),(4,5,0),(5,5,0),(6,5,0),(7,5,0),(8,5,0),(9,5,0),(10,5,0),(11,5,0),(12,5,0),(12,6,0),(12,7,0),
235:(7,3,4),(7,4,4),(7,5,4),(7,6,4),(7,7,4),(7,8,4),(7,8,4),(7,9,4),(8,9,4),(9,9,4),
236:(13,9,2),(12,9,2),(12,9,1),(12,9,0),(12,8,0),(12,7,0),(12,6,0),(12,5,0),(12,4,0),(12,3,0),(12,2,0),(12,2,-1),(12,1,-1),(12,0,-1),(12,0,0),
237:(4,7,3),(3,7,3),(2,7,3),(1,7,3),(0,7,3),(0,7,4),(0,7,5),
238:(3,12,2),(4,12,2),(5,12,2),(6,12,2),(6,13,2),(6,14,2),(7,14,2),(8,14,2),(9,14,2),(10,14,2),(11,14,2),(12,14,2),(12,14,3),(12,14,4),
239:(5,13,5),(5,12,5),(5,11,5),(5,10,5),(5,9,5),(5,9,4),(5,9,4),(5,8,4),(5,7,4),(5,6,4),(6,6,4),(6,6,4),(6,6,3),(6,5,3),(6,5,2),(6,5,2),(7,5,2),(8,5,2),
240:(10,1,0),(9,1,0),(8,1,0),(7,1,0),(7,1,1),(6,1,1),(5,1,1),(4,1,1),(3,1,1),(3,1,2),(3,2,2),(3,3,2),(3,4,2),(3,5,2),(3,6,2),(3,7,2),(3,7,3),(3,8,3),
241:(2,1,3),(3,1,3),(3,2,3),(4,2,3),(5,2,3),(6,2,3),(6,2,2),(7,2,2),(8,2,2),(9,2,2),(10,2,2),(11,2,2),(12,2,2),(12,3,2),(12,4,2),(12,5,2),(13,5,2),(13,6,2),(13,7,2),(13,8,2),(13,9,2),(13,10,2),(14,10,2),(14,10,1),
242:(6,11,5),(6,11,4),(6,11,3),(6,10,3),(6,9,3),(6,8,3),(6,7,3),(6,6,3),(6,5,3),(6,4,3),(6,3,3),(6,2,3),(5,2,3),(5,1,3),(5,0,3),
243:(3,10,2),(4,10,2),(5,10,2),(6,10,2),(7,10,2),(7,11,2),(7,12,2),(8,12,2),
244:(14,13,0),(13,13,0),(13,12,0),(13,11,0),(13,10,0),(13,9,0),(13,8,0),(12,8,0),(12,7,0),(12,6,0),(11,6,0),(11,5,0),(10,5,0),(9,5,0),(9,4,0),(8,4,0),(7,4,0),(6,4,0),(6,3,0),(6,2,0),(6,1,0),(5,1,0),(4,1,0),(4,1,-1),(3,1,-1),(3,0,-1),(3,0,0),
245:(3,5,2),(3,6,2),(3,7,2),(3,7,3),(4,7,3),(4,8,3),(4,9,3),(4,10,3),(4,11,3),(5,11,3),(5,12,3),
246:(10,7,0),(9,7,0),(9,7,1),(9,7,2),(9,7,3),(9,7,4),(9,7,5),(9,8,5),(9,9,5),(8,9,5),(8,10,5),(8,11,5),
247:(7,6,4),(8,6,4),(9,6,4),(9,5,4),(9,5,3),
248:(3,2,3),(2,2,3),(1,2,3),(1,2,4),(1,3,4),(1,4,4),(1,5,4),(1,6,4),(1,7,4),(1,8,4),(1,9,4),(1,10,4),(1,11,4),(1,12,4),(2,12,4),(2,13,4),(2,14,4),(1,14,4),
249:(2,12,1),(2,11,1),(2,10,1),(2,9,1),(2,8,1),(2,7,1),(2,6,1),(2,5,1),(2,4,1),(3,4,1),(4,4,1),(5,4,1),(6,4,1),(7,4,1),(8,4,1),(9,4,1),(9,4,2),(9,3,2),(9,2,2),(10,2,2),(11,2,2),(12,2,2),(13,2,2),(14,2,2),(14,1,2),(14,0,2),
250:(2,0,1),(1,0,1),(1,1,1),(1,2,1),(0,2,1),(0,3,1),(0,4,1),(0,5,1),(0,6,1),(0,7,1),(0,7,2),(0,7,3),(0,8,3),
251:(4,3,5),(5,3,5),(5,3,4),(6,3,4),(6,3,3),(7,3,3),(8,3,3),(9,3,3),(10,3,3),(11,3,3),(11,4,3),(11,5,3),(11,6,3),(11,7,3),(11,8,3),(12,8,3),(12,9,3),(12,10,3),(12,11,3),(12,12,3),(12,13,3),(12,13,2),(12,13,1),(12,14,1),(12,14,0),
252:(3,10,0),(4,10,0),(5,10,0),(6,10,0),(7,10,0),(7,10,1),(7,10,2),(7,9,2),(8,9,2),(9,9,2),(9,9,3),(10,9,3),(10,8,3),(10,7,3),(9,7,3),
253:(14,0,2),(14,1,2),(15,1,2),(15,2,2),(15,3,2),(15,4,2),(15,5,2),(15,6,2),(15,7,2),(15,8,2),(15,9,2),(15,10,2),(15,11,2),(15,11,2),(14,11,2),(13,11,2),(12,11,2),
254:(2,1,0),(3,1,0),(4,1,0),(5,1,0),(6,1,0),(7,1,0),(8,1,0),(9,1,0),(10,1,0),(11,1,0),(11,2,0),(11,3,0),(11,4,0),
255:(7,14,2),(8,14,2),(9,14,2),(10,14,2),(10,14,2),(10,13,2),(10,12,2),(10,12,3),(10,11,3),(10,10,3),(10,9,3),(10,8,3),(10,7,3),(10,6,3),(10,6,3),(11,6,3),(11,5,3),(11,4,3),(11,3,3),(10,3,3),
256:(14,14,1),(13,14,1),(13,13,1),(13,12,1),(13,11,1),(13,10,1),(13,9,1),(13,8,1),(13,7,1),(13,6,1),(13,5,1),(13,5,1),(12,5,1),(12,5,0),
257:(7,8,2),(6,8,2),(5,8,2),(4,8,2),(4,8,3),(4,8,4),(4,8,5),(4,9,5),(4,10,5),(4,11,5),(4,12,5),(4,12,5),(3,12,5),
258:(12,6,2),(11,6,2),(10,6,2),(9,6,2),(8,6,2),(8,6,3),(8,6,4),(8,5,4),(7,5,4),(6,5,4),(6,4,4),(6,3,4),(5,3,4),(5,2,4),(4,2,4),(3,2,4),(3,1,4),(3,1,5),(3,0,5),
259:(8,1,4),(9,1,4),(10,1,4),(10,1,5),(10,2,5),(10,3,5),(10,4,5),(10,5,5),(10,6,5),
260:(5,11,3),(6,11,3),(6,11,2),(6,11,1),(6,11,0),
261:(8,9,4),(7,9,4),(7,9,3),(6,9,3),(5,9,3),(4,9,3),(3,9,3),(3,9,2),(2,9,2),(1,9,2),(0,9,2),(0,8,2),(0,7,2),(0,6,2),(0,5,2),
262:(4,2,1),(5,2,1),(5,3,1),(5,4,1),(6,4,1),(6,4,1),(6,5,1),(6,5,2),(7,5,2),(7,5,3),(7,6,3),(7,7,3),(7,7,4),(7,8,4),(7,9,4),(8,9,4),(8,10,4),(8,11,4),(8,12,4),(8,12,3),(8,13,3),
263:(2,9,2),(2,9,1),(2,8,1),(3,8,1),(4,8,1),(5,8,1),(6,8,1),(6,7,1),(7,7,1),(7,6,1),(7,6,0),(8,6,0),(9,6,0),(10,6,0),(10,6,1),
264:(3,1,2),(3,1,1),(2,1,1),(1,1,1),(1,2,1),(1,3,1),
265:(2,12,5),(3,12,5),(4,12,5),(5,12,5),(6,12,5),(6,11,5),(7,11,5),(7,10,5),(7,9,5),(7,8,5),(7,7,5),(7,6,5),(8,6,5),(8,5,5),(8,4,5),(9,4,5),(10,4,5),
266:(12,2,0),(11,2,0),(11,3,0),(11,4,0),(11,5,0),(11,6,0),(10,6,0),(9,6,0),(8,6,0),(8,7,0),(8,8,0),(8,8,0),(8,8,1),(8,8,2),(7,8,2),(7,8,3),(6,8,3),(6,8,4),
267:(14,11,1),(13,11,1),(12,11,1),(11,11,1),(10,11,1),(10,12,1),(9,12,1),
268:(6,5,1),(7,5,1),(7,6,1),(8,6,1),(9,6,1),(10,6,1),(10,7,1),(10,8,1),(10,9,1),(11,9,1),
269:(14,7,1),(13,7,1),(12,7,1),(11,7,1),(11,7,2),(11,6,2),(11,5,2),(11,4,2),(11,3,2),(11,2,2),(11,2,3),(11,1,3),
270:(1,11,0),(2,11,0),(3,11,0),(3,10,0),(3,10,1),(3,10,2),(3,10,3),(3,10,4),(4,10,4),
271:(7,12,4),(7,11,4),(6,11,4),(5,11,4),(4,11,4),(3,11,4),(2,11,4),(2,10,4),
272:(12,4,2),(11,4,2),(11,3,2),(10,3,2),(9,3,2),(9,3,3),(9,3,4),(9,3,5),(9,2,5),(8,2,5),(7,2,5),(6,2,5),(5,2,5),(4,2,5),(4,3,5),
273:(9,5,3),(8,5,3),(7,5,3),(6,5,3),(6,6,3),(5,6,3),(5,6,4),(5,6,3),(4,6,3),(4,7,3),(4,8,3),
274:(8,14,2),(9,14,2),(9,14,1),(9,13,1),(9,12,1),(9,11,1),(10,11,1),(10,11,0),(10,10,0),(10,9,0),(10,8,0),(10,7,0),(10,6,0),(10,5,0),(10,5,1),(10,4,1),(10,3,1),(10,3,0),(10,2,0),(10,1,0),(10,0,0),
275:(0,10,4),(0,10,5),(0,9,5),(0,8,5),(0,7,5),(0,6,5),(0,5,5),(0,5,5),(1,5,5),
276:(11,10,4),(11,9,4),(11,9,5),(11,8,5),(11,7,5),(11,6,5),(11,5,5),(11,4,5),(11,3,5),(11,2,5),(11,1,5),(10,1,5),(9,1,5),(9,0,5),(8,0,5),(7,0,5),
277:(7,11,1),(8,11,1),(9,11,1),(9,10,1),(9,9,1),(9,8,1),(9,8,1),(9,7,1),(9,6,1),(9,5,1),(9,4,1),(9,4,2),(9,4,3),(9,3,3),(9,2,3),(9,2,4),
278:(2,1,2),(3,1,2),(4,1,2),(5,1,2),(5,1,1),(5,0,1),
279:(0,13,3),(1,13,3),(2,13,3),(2,13,2),(3,13,2),(3,12,2),(3,11,2),(3,11,1),(3,10,1),(3,9,1),(3,8,1),(3,7,1),(3,6,1),(3,5,1),(4,5,1),(5,5,1),(6,5,1),(6,4,1),(7,4,1),(8,4,1),(9,4,1),(10,4,1),(10,3,1),(10,2,1),(10,1,1),
280:(7,10,3),(8,10,3),(9,10,3),(9,10,3),(9,9,3),(10,9,3),(11,9,3),(12,9,3),(13,9,3),(14,9,3),
281:(4,14,0),(4,14,-1),(4,13,-1),(4,12,-1),(4,11,-1),(4,10,-1),(4,9,-1),(4,8,-1),(4,7,-1),(4,6,-1),(4,5,-1),(4,4,-1),(4,3,-1),(4,3,0),
282:(13,5,3),(12,5,3),(12,5,4),(11,5,4),(10,5,4),(9,5,4),(8,5,4),(7,5,4),(6,5,4),(6,5,3),(6,5,2),(6,5,1),(5,5,1),(4,5,1),(4,5,2),(3,5,2),(3,5,1),(2,5,1),(1,5,1),(0,5,1),
283:(10,5,0),(9,5,0),(8,5,0),(8,5,1),(7,5,1),(6,5,1),(5,5,1),(4,5,1),(3,5,1),(2,5,1),(1,5,1),(1,6,1),(1,7,1),
284:(5,7,0),(5,7,1),(5,6,1),(5,6,2),(5,5,2),(5,5,3),(4,5,3),(4,5,4),(3,5,4),(3,4,4),(2,4,4),(1,4,4),(1,4,5),(1,3,5),
285:(3,0,2),(4,0,2),(5,0,2),(5,0,1),(6,0,1),(7,0,1),(8,0,1),(9,0,1),(10,0,1),(11,0,1),(12,0,1),(13,0,1),(14,0,1),(14,1,1),(14,2,1),(14,3,1),(14,4,1),
286:(7,12,1),(8,12,1),(8,12,0),(9,12,0),(9,12,-1),(9,11,-1),(9,10,-1),(9,9,-1),(9,8,-1),(9,7,-1),(9,7,0),(9,6,0),(9,5,0),(9,4,0),(9,3,0),(9,2,0),(9,1,0),(9,0,0),
287:(6,5,2),(6,6,2),(6,7,2),(6,8,2),(6,9,2),(7,9,2),(8,9,2),(9,9,2),(9,9,3),(9,10,3),(9,10,4),(9,11,4),(9,11,5),
288:(3,11,4),(2,11,4),(1,11,4),(0,11,4),(0,11,3),(0,12,3),
289:(10,0,1),(10,1,1),(10,2,1),(10,3,1),(10,4,1),(10,5,1),(10,6,1),(10,6,1),(10,7,1),(9,7,1),(8,7,1),(8,8,1),(8,9,1),
290:(4,1,0),(4,2,0),(4,3,0),(3,3,0),(2,3,0),(1,3,0),(0,3,0),(0,4,0),(0,5,0),(0,6,0),(0,7,0),(0,8,0),(0,9,0),(0,10,0),(0,11,0),(0,11,1),(0,12,1),(0,12,2),(0,13,2),(0,13,3),
291:(0,12,4),(0,12,3),(0,12,2),(0,12,1),(0,12,0),(0,11,0),(0,10,0),(0,9,0),(1,9,0),
292:(7,2,3),(8,2,3),(9,2,3),(10,2,3),(11,2,3),(12,2,3),(12,2,2),(12,3,2),(12,3,2),(12,4,2),(12,5,2),(12,6,2),
293:(12,11,0),(11,11,0),(10,11,0),(9,11,0),(8,11,0),(7,11,0),(7,11,0),(7,10,0),(7,9,0),(7,8,0),(7,7,0),(6,7,0),(6,6,0),(6,6,1),(6,6,2),
294:(14,1,5),(13,1,5),(12,1,5),(11,1,5),(10,1,5),(9,1,5),(8,1,5),(8,1,4),(7,1,4),(6,1,4),(5,1,4),(4,1,4),(4,2,4),(4,2,3),(4,3,3),(4,4,3),(4,4,2),(4,5,2),(4,6,2),(4,7,2),(4,8,2),(4,9,2),(4,10,2),(3,10,2),(2,10,2),(2,11,2),(2,12,2),(1,12,2),(0,12,2),(0,12,1),(0,13,1),(1,13,1),
295:(1,10,2),(2,10,2),(3,10,2),(4,10,2),(5,10,2),(6,10,2),(6,10,1),(6,9,1),(7,9,1),(8,9,1),(9,9,1),(10,9,1),(10,8,1),(10,8,1),(10,7,1),(11,7,1),(12,7,1),(12,6,1),(12,5,1),(12,4,1),
296:(10,10,5),(10,10,4),(10,10,3),(10,10,2),(11,10,2),(11,10,2),(11,9,2),
297:(13,2,2),(13,2,1),(13,2,0),(13,1,0),(13,0,0),
298:(5,8,5),(6,8,5),(6,7,5),(6,7,5),(6,6,5),(6,5,5),(7,5,5),(7,4,5),(7,4,4),
299:(10,7,3),(9,7,3),(8,7,3),(8,8,3),(8,8,4),(8,8,5),(7,8,5),(7,9,5),(6,9,5),(6,10,5),
300:(2,2,3),(1,2,3),(1,2,4),(2,2,4),(3,2,4),(3,3,4),(3,4,4),(3,5,4),(3,6,4),(3,7,4),(3,8,4),
301:(3,12,1),(4,12,1),(5,12,1),(6,12,1),(7,12,1),(8,12,1),(8,12,0),(9,12,0),(9,11,0),(10,11,0),(11,11,0),(11,10,0),(11,9,0),(11,8,0),(12,8,0),(13,8,0),(13,7,0),
302:(0,10,3),(0,10,2),(1,10,2),(2,10,2),(3,10,2),(4,10,2),(5,10,2),(5,11,2),(5,11,1),(5,12,1),(5,13,1),(5,14,1),
303:(12,1,2),(11,1,2),(10,1,2),(9,1,2),(8,1,2),(7,1,2),(7,1,1),(6,1,1),(5,1,1),(4,1,1),(3,1,1),(2,1,1),(2,1,0),(2,2,0),
304:(3,3,2),(3,3,3),(3,4,3),(3,5,3),(3,6,3),
305:(1,6,2),(2,6,2),(3,6,2),(3,7,2),(4,7,2),(4,8,2),(5,8,2),(6,8,2),
306:(12,0,0),(11,0,0),(11,1,0),(10,1,0),(10,1,1),(10,2,1),(10,3,1),(10,4,1),(10,5,1),(10,6,1),(10,6,2),(10,7,2),(10,8,2),(10,8,3),(10,9,3),(10,10,3),(10,11,3),
307:(10,7,5),(10,7,4),(10,8,4),(10,8,4),(10,9,4),(10,10,4),
308:(14,6,1),(13,6,1),(12,6,1),(11,6,1),(10,6,1),(10,6,2),(9,6,2),(8,6,2),(8,6,3),(8,6,4),(8,6,5),(8,7,5),(7,7,5),(6,7,5),
309:(6,10,4),(6,9,4),(6,8,4),(6,7,4),(5,7,4),(6,7,4),
310:(2,8,5),(3,8,5),(4,8,5),(4,8,4),(4,9,4),(4,10,4),(4,10,3),(4,10,2),(4,10,1),(4,10,0),(4,11,0),(4,11,0),(5,11,0),
311:(13,2,3),(12,2,3),(11,2,3),(11,2,4),(10,2,4),(9,2,4),(8,2,4),(8,2,5),(8,1,5),(7,1,5),(6,1,5),(5,1,5),(4,1,5),(4,0,5),
312:(14,12,3),(13,12,3),(12,12,3),(11,12,3),(11,12,2),(10,12,2),(10,11,2),(10,10,2),(10,9,2),(10,9,1),(10,8,1),(10,7,1),(9,7,1),(9,7,0),(9,6,0),(9,5,0),(9,4,0),(9,3,0),(9,2,0),(9,1,0),
313:(5,3,0),(4,3,0),(3,3,0),(2,3,0),(1,3,0),(0,3,0),(0,3,1),(0,3,2),(0,3,3),(0,3,3),(0,3,3),(0,3,3),(0,3,3),(0,3,2),(0,3,2),(0,3,2),(0,3,3),
314:(8,2,0),(7,2,0),(7,3,0),(6,3,0),(6,4,0),(6,4,-1),(6,5,-1),(6,5,0),(6,6,0),(6,7,0),(6,8,0),(6,9,0),
315:(11,6,2),(10,6,2),(9,6,2),(8,6,2),(8,7,2),(7,7,2),(6,7,2),(5,7,2),(4,7,2),(3,7,2),(3,7,1),(3,7,0),
316:(0,7,2),(1,7,2),(2,7,2),(2,7,3),(3,7,3),(4,7,3),(5,7,3),(6,7,3),(6,7,2),
317:(14,12,1),(13,12,1),(12,12,1),(11,12,1),(10,12,1),(9,12,1),(9,11,1),(9,10,1),(8,10,1),(7,10,1),(7,9,1),(7,8,1),(7,8,2),(7,7,2),(7,6,2),(7,5,2),(7,4,2),
318:(13,9,3),(14,9,3),(14,8,3),(14,7,3),(14,6,3),(14,5,3),(14,4,3),(13,4,3),(13,3,3),(12,3,3),(12,2,3),
319:(4,8,5),(5,8,5),(5,8,4),(5,8,3),(6,8,3),(6,7,3),(6,6,3),(6,5,3),(6,4,3),(6,3,3),(6,2,3),(7,2,3),
320:(12,3,5),(11,3,5),(10,3,5),(9,3,5),(8,3,5),(7,3,5),(7,3,4),(6,3,4),(6,3,3),(6,3,2),
321:(8,8,0),(9,8,0),(10,8,0),(11,8,0),(11,9,0),(12,9,0),
322:(0,5,2),(0,4,2),(0,3,2),(1,3,2),(1,2,2),(2,2,2),(2,1,2),
323:(9,13,3),(8,13,3),(7,13,3),(7,12,3),(6,12,3),(5,12,3),(4,12,3),(3,12,3),(2,12,3),(2,11,3),(2,10,3),(2,9,3),(2,8,3),(2,7,3),(2,6,3),(2,6,2),(2,5,2),
324:(8,3,2),(7,3,2),(6,3,2),(5,3,2),(5,4,2),(4,4,2),(4,4,1),(4,4,0),(4,5,0),
325:(12,0,4),(13,0,4),(13,1,4),(13,2,4),
326:(8,4,5),(8,5,5),(8,6,5),(8,7,5),(8,8,5),(8,9,5),(8,10,5),(8,11,5),(8,11,4),(8,11,3),
327:(1,2,0),(2,2,0),(3,2,0),(4,2,0),(5,2,0),(5,2,1),(5,2,2),(5,3,2),(5,4,2),(5,4,3),(5,5,3),(5,6,3),(5,7,3),(5,8,3),(6,8,3),(6,9,3),
328:(4,14,4),(5,14,4),(5,13,4),(6,13,4),(7,13,4),(8,13,4),(9,13,4),(10,13,4),(10,13,4),(11,13,4),(11,12,4),(11,11,4),(11,10,4),(11,9,4),(11,8,4),
329:(13,5,2),(13,6,2),(12,6,2),(11,6,2),(10,6,2),(9,6,2),(9,6,3),(9,7,3),(8,7,3),(7,7,3),(7,7,4),(7,8,4),(7,9,4),(7,10,4),(7,11,4),(7,12,4),(6,12,4),(6,13,4),
330:(3,5,4),(4,5,4),(5,5,4),(6,5,4),(7,5,4),(8,5,4),(8,4,4),(9,4,4),(10,4,4),(11,4,4),(12,4,4),(13,4,4),(13,4,3),(13,3,3),(13,2,3),(13,1,3),(13,0,3),
331:(3,4,3),(4,4,3),(5,4,3),(6,4,3),(7,4,3),(8,4,3),(7,4,3),(8,4,3),(8,4,3),(8,4,2),
332:(13,2,5),(13,3,5),(13,4,5),(13,5,5),(13,6,5),(13,7,5),(13,8,5),(13,9,5),(13,10,5),
333:(13,3,4),(12,3,4),(11,3,4),(10,3,4),(10,4,4),(10,5,4),(10,5,3),(10,6,3),(10,6,2),(10,7,2),(10,8,2),(10,9,2),(10,9,1),(9,9,1),(9,9,0),
334:(8,11,2),(7,11,2),(7,10,2),(7,10,1),(6,10,1),(5,10,1),(5,9,1),(4,9,1),(3,9,1),(3,9,0),(3,8,0),
335:(4,1,5),(5,1,5),(6,1,5),(7,1,5),(7,1,4),(7,0,4),(8,0,4),(9,0,4),(10,0,4),
336:(13,13,3),(12,13,3),(11,13,3),(10,13,3),(9,13,3),(8,13,3),(7,13,3),(7,13,4),(6,13,4),(5,13,4),(4,13,4),(4,13,5),(4,12,5),(4,11,5),(4,10,5),(4,9,5),(4,8,5),(3,8,5),(2,8,5),
337:(2,8,0),(2,8,1),(2,8,2),(2,8,3),(2,8,4),(2,8,5),(2,7,5),(2,6,5),(2,5,5),
338:(4,5,0),(4,5,1),(4,5,2),(4,4,2),(4,4,3),(5,4,3),(5,4,4),(5,4,5),(6,4,5),(6,3,5),(6,3,5),(7,3,5),(8,3,5),(9,3,5),
339:(8,13,5),(8,13,4),(8,12,4),(8,11,4),(7,11,4),(7,11,3),(7,12,3),(7,12,2),(7,12,2),(7,11,2),
340:(7,4,4),(6,4,4),(5,4,4),(4,4,4),(3,4,4),(2,4,4),(2,5,4),
341:(12,8,2),(11,8,2),(10,8,2),(9,8,2),(8,8,2),(7,8,2),(6,8,2),(6,8,3),(5,8,3),(5,7,3),(4,7,3),(4,7,4),(4,7,5),(3,7,5),
342:(3,0,0),(2,0,0),(2,0,1),(2,0,2),(2,0,3),(2,1,3),(2,2,3),(2,3,3),(2,4,3),(2,5,3),(2,6,3),(2,6,4),(2,6,5),
343:(5,5,4),(5,6,4),(5,7,4),(4,7,4),(4,8,4),(4,9,4),(3,9,4),(3,9,3),(3,10,3),(3,10,2),(3,10,1),
344:(0,7,0),(1,7,0),(2,7,0),(3,7,0),(4,7,0),(5,7,0),(6,7,0),(7,7,0),(7,6,0),(8,6,0),(9,6,0),(10,6,0),(11,6,0),(11,5,0),(11,5,1),(12,5,1),(12,5,2),(13,5,2),(14,5,2),(14,5,3),(14,5,4),(14,5,5),
345:(10,2,2),(11,2,2),(12,2,2),(12,3,2),(12,4,2),(12,5,2),(12,5,3),(12,6,3),(12,7,3),(12,8,3),(12,9,3),(13,9,3),
346:(1,11,5),(2,11,5),(3,11,5),(4,11,5),(5,11,5),(5,10,5),(5,9,5),(5,8,5),(5,7,5),(6,7,5),(6,6,5),(6,5,5),(6,4,5),(6,4,5),(7,4,5),(8,4,5),(9,4,5),(9,4,4),(9,4,3),(9,4,2),
347:(5,3,1),(4,3,1),(3,3,1),(2,3,1),(1,3,1),(1,4,1),(1,5,1),(1,6,1),(1,7,1),(1,8,1),(1,9,1),(1,10,1),(1,11,1),(1,12,1),(1,13,1),(1,14,1),
348:(2,4,5),(3,4,5),(4,4,5),(5,4,5),(5,5,5),(5,6,5),(5,7,5),(6,7,5),(6,8,5),(6,9,5),(7,9,5),(7,9,4),(8,9,4),(8,10,4),(9,10,4),(9,10,3),(9,11,3),(9,12,3),(9,13,3),(9,14,3),
349:(11,13,5),(11,12,5),(11,11,5),(11,10,5),(11,10,4),(11,9,4),(11,8,4),(11,8,3),(11,8,2),(10,8,2),(9,8,2),
350:(9,0,5),(10,0,5),(11,0,5),(12,0,5),(12,1,5),(12,2,5),(12,3,5),(12,4,5),(12,5,5),(12,6,5),(12,7,5),(12,7,4),(12,8,4),(12,9,4),(12,9,3),(12,10,3),(13,10,3),(13,10,2),(13,10,1),(13,11,1),(13,12,1),
351:(0,10,0),(1,10,0),(2,10,0),(2,11,0),(3,11,0),(4,11,0),(4,11,1),(5,11,1),(5,12,1),(5,12,2),(6,12,2),(7,12,2),(7,12,3),(8,12,3),(9,12,3),(9,12,4),(10,12,4),(11,12,4),(12,12,4),
352:(9,6,0),(8,6,0),(7,6,0),(7,6,1),(7,6,1),(7,5,1),
353:(12,5,4),(11,5,4),(10,5,4),(10,6,4),(9,6,4),(9,6,3),(10,6,3),(10,6,2),(9,6,2),(9,6,3),
354:(2,12,0),(3,12,0),(4,12,0),(5,12,0),(6,12,0),(7,12,0),(7,12,0),(8,12,0),(9,12,0),(9,13,0),(10,13,0),(11,13,0),(11,14,0),
355:(11,10,3),(10,10,3),(10,9,3),(11,9,3),(11,8,3),(11,7,3),(11,6,3),(11,6,3),(10,6,3),(10,5,3),
356:(6,8,0),(7,8,0),(8,8,0),(9,8,0),(9,7,0),(9,7,1),(9,6,1),(9,5,1),(9,4,1),(10,4,1),(10,3,1),(10,2,1),(10,2,2),(10,1,2),
357:(4,6,1),(5,6,1),(5,6,2),(6,6,2),(6,6,1),(6,6,1),(7,6,1),(8,6,1),
358:(4,12,3),(4,11,3),(4,10,3),(4,9,3),(4,9,2),(4,9,1),(4,8,1),(4,7,1),(3,7,1),(3,6,1),(3,5,1),(3,4,1),(3,3,1),(3,3,0),(3,2,0),(4,2,0),(4,1,0),(4,0,0),
359:(11,5,1),(10,5,1),(10,6,1),(10,7,1),(10,8,1),(10,9,1),(10,9,2),(10,9,3),(10,9,3),(9,9,3),(9,10,3),(8,10,3),(8,10,4),(8,11,4),(8,12,4),(8,12,4),(7,12,4),(6,12,4),
360:(10,9,1),(11,9,1),(11,9,2),(12,9,2),(13,9,2),(14,9,2),(14,9,3),(14,9,4),(14,8,4),(14,7,4),(14,6,4),(14,5,4),(14,4,4),
361:(12,6,1),(11,6,1),(11,6,2),(11,5,2),(11,4,2),(11,3,2),(11,2,2),(11,1,2),
362:(11,5,5),(10,5,5),(9,5,5),(8,5,5),(7,5,5),(7,5,4),(7,6,4),(7,7,4),(7,7,3),(7,8,3),(6,8,3),(6,9,3),(6,9,3),(5,9,3),(4,9,3),(4,10,3),(4,11,3),(4,11,3),(5,11,3),
363:(6,5,3),(6,5,4),(6,6,4),(6,6,4),(7,6,4),(8,6,4),(9,6,4),(10,6,4),(11,6,4),(12,6,4),(12,6,5),(12,7,5),(13,7,5),(14,7,5),
364:(4,7,5),(5,7,5),(5,8,5),(6,8,5),(7,8,5),(7,9,5),(8,9,5),(9,9,5),(10,9,5),(10,10,5),(10,11,5),(10,12,5),(10,12,5),(11,12,5),
365:(6,4,3),(7,4,3),(7,3,3),(7,2,3),(8,2,3),(8,2,2),(8,2,1),(8,1,1),
366:(4,8,0),(3,8,0),(3,8,1),(3,9,1),(2,9,1),(2,9,2),(2,9,3),(1,9,3),(1,9,4),(1,10,4),(1,11,4),(1,12,4),(1,13,4),
367:(6,13,0),(6,12,0),(6,11,0),(6,11,0),(6,10,0),(7,10,0),(7,10,0),(7,9,0),(8,9,0),(9,9,0),(10,9,0),(11,9,0),(11,8,0),(12,8,0),(13,8,0),(13,7,0),(13,6,0),(13,5,0),
368:(4,13,5),(5,13,5),(5,12,5),(5,11,5),(5,10,5),(5,9,5),(5,8,5),(5,7,5),(5,6,5),(5,5,5),(5,4,5),(5,4,4),(5,4,3),(5,4,2),(5,3,2),(5,3,2),(4,3,2),
369:(11,10,0),(11,10,1),(11,10,2),(12,10,2),(13,10,2),(13,10,3),(13,10,3),(13,11,3),(13,11,3),(13,11,4),
370:(7,6,5),(7,6,4),(7,6,3),(7,7,3),(7,8,3),(7,9,3),(7,9,2),(8,9,2),(8,9,1),(8,10,1),(8,11,1),(8,12,1),(8,13,1),(9,13,1),(9,13,1),(10,13,1),
371:(7,11,0),(6,11,0),(5,11,0),(4,11,0),(4,10,0),(3,10,0),(2,10,0),(2,9,0),(2,9,1),(1,9,1),(0,9,1),(0,8,1),(0,7,1),(0,6,1),(0,5,1),(0,4,1),(0,3,1),(0,2,1),(-1,2,1),(-1,2,1),(0,2,1),
372:(2,0,3),(1,0,3),(0,0,3),(0,1,3),(0,2,3),(0,3,3),(0,4,3),(0,5,3),(0,5,4),
373:(6,5,5),(5,5,5),(4,5,5),(3,5,5),(3,5,4),(2,5,4),(2,5,3),(1,5,3),(1,5,2),(1,6,2),(1,7,2),(1,8,2),(1,9,2),(1,10,2),(1,11,2),
374:(7,8,3),(8,8,3),(8,9,3),(8,10,3),(8,11,3),(9,11,3),(10,11,3),(11,11,3),(12,11,3),(13,11,3),(14,11,3),(14,11,4),
375:(9,10,4),(8,10,4),(7,10,4),(7,11,4),(7,12,4),(7,13,4),(7,13,4),(6,13,4),(5,13,4),(4,13,4),(3,13,4),(2,13,4),(2,14,4),(1,14,4),(0,14,4),
376:(5,4,5),(6,4,5),(7,4,5),(8,4,5),(9,4,5),(10,4,5),(11,4,5),(11,4,4),(12,4,4),(13,4,4),(14,4,4),(14,3,4),(14,2,4),(14,1,4),(14,0,4),
377:(10,3,2),(9,3,2),(8,3,2),(7,3,2),(6,3,2),(6,4,2),(5,4,2),(5,5,2),(5,5,3),(5,6,3),(5,7,3),(5,8,3),(5,9,3),(5,9,4),(4,9,4),(4,9,4),(4,9,5),(4,10,5),(4,11,5),(4,12,5),(4,13,5),(3,13,5),(2,13,5),(2,14,5),
378:(8,2,4),(7,2,4),(7,2,3),(6,2,3),(6,2,4),(6,1,4),(5,1,4),(4,1,4),(4,1,3),(4,1,2),(4,1,1),
379:(10,11,0),(9,11,0),(8,11,0),(7,11,0),(7,12,0),(7,13,0),(6,13,0),(5,13,0),(4,13,0),(3,13,0),(2,13,0),(1,13,0),(1,14,0),
380:(11,0,4),(10,0,4),(9,0,4),(8,0,4),(8,1,4),(8,2,4),(7,2,4),(7,2,3),(7,2,2),(7,3,2),(7,4,2),(7,5,2),(7,6,2),(6,6,2),(6,6,3),(7,6,3),
381:(9,11,5),(8,11,5),(7,11,5),(7,12,5),(7,12,5),(6,12,5),(6,12,4),(6,12,3),(5,12,3),(4,12,3),(3,12,3),(2,12,3),(2,13,3),(2,14,3),
382:(4,3,1),(4,4,1),(5,4,1),(6,4,1),(7,4,1),(8,4,1),(9,4,1),(9,4,1),(10,4,1),(11,4,1),(12,4,1),(13,4,1),(14,4,1),(14,4,2),(14,5,2),(14,6,2),(14,7,2),(14,8,2),(14,9,2),
383:(0,7,4),(1,7,4),(2,7,4),(2,6,4),(2,6,3),(2,6,2),(3,6,2),(3,5,2),(3,4,2),(4,4,2),(4,3,2),(5,3,2),(5,3,1),(6,3,1),(7,3,1),(8,3,1),(8,2,1),(9,2,1),(10,2,1),(10,1,1),(11,1,1),(12,1,1),(13,1,1),
384:(6,8,3),(7,8,3),(8,8,3),(8,8,4),(9,8,4),(9,8,5),(10,8,5),
385:(11,7,3),(12,7,3),(12,6,3),(12,6,2),(12,6,1),(12,6,0),(12,5,0),(12,4,0),(12,3,0),(12,2,0),(12,1,0),
386:(8,10,0),(7,10,0),(7,10,1),(6,10,1),(5,10,1),(4,10,1),(4,10,2),(3,10,2),(2,10,2),(1,10,2),(1,10,3),(1,9,3),(1,8,3),(1,7,3),(1,7,4),(1,6,4),(1,6,5),
387:(7,8,1),(8,8,1),(8,8,2),(8,9,2),(8,9,3),
388:(11,9,0),(11,8,0),(11,7,0),(10,7,0),(10,6,0),(10,5,0),(10,4,0),
389:(8,7,3),(7,7,3),(6,7,3),(6,8,3),(6,8,2),(6,9,2),(5,9,2),(4,9,2),(3,9,2),(2,9,2),(2,9,1),(2,10,1),(2,11,1),
390:(12,1,4),(12,2,4),(12,2,3),(11,2,3),(11,2,2),(10,2,2),(10,2,1),(10,3,1),(9,3,1),
391:(10,1,4),(10,2,4),(10,2,5),(11,2,5),(12,2,5),(13,2,5),(14,2,5),(14,3,5),(14,4,5),(14,5,5),(14,6,5),(14,7,5),(14,7,4),(14,8,4),(14,9,4),(14,10,4),(14,10,3),(14,11,3),(14,12,3),(14,13,3),(14,14,3),
392:(4,13,0),(5,13,0),(5,12,0),(5,11,0),(5,10,0),(5,9,0),(5,8,0),(5,8,1),(5,8,2),(5,7,2),(5,6,2),(6,6,2),(6,5,2),(6,4,2),(7,4,2),(7,3,2),
393:(2,6,5),(3,6,5),(4,6,5),(5,6,5),(5,6,4),(5,7,4),(5,8,4),(6,8,4),(6,9,4),(6,9,3),(6,10,3),(6,11,3),
394:(2,13,0),(3,13,0),(3,12,0),(3,11,0),(3,10,0),(3,9,0),(3,9,1),(3,8,1),(3,8,2),(3,9,2),
395:(10,0,5),(10,0,6),(9,0,6),(8,0,6),(8,1,6),(8,2,6),(8,3,6),(8,4,6),(8,5,6),(8,6,6),(8,7,6),(8,8,6),(8,9,6),(8,10,6),(8,11,6),(8,12,6),(8,13,6),(8,13,5),(8,14,5),(8,14,4),
396:(1,11,1),(1,10,1),(1,9,1),(1,8,1),(1,7,1),(1,7,1),(1,7,2),(1,7,2),(1,7,2),(1,7,2),(1,7,1),(1,7,1),(1,7,2),
397:(2,1,1),(2,2,1),(3,2,1),(4,2,1),(5,2,1),(6,2,1),(7,2,1),(8,2,1),(9,2,1),(10,2,1),(11,2,1),(12,2,1),(13,2,1),(14,2,1),(14,2,2),(14,2,3),
398:(11,14,3),(11,13,3),(11,12,3),(11,11,3),(11,10,3),(10,10,3),(10,9,3),(10,9,4),
399:(10,12,5),(10,12,4),(11,12,4),(12,12,4),(12,12,4),(12,11,4),(12,10,4),
400:(9,7,3),(8,7,3),(7,7,3),(7,8,3),(7,8,2),(7,8,1),(7,7,1),(7,6,1),(6,6,1),(5,6,1),(5,6,0),(5,5,0),(5,4,0),(4,4,0),(4,4,-1),(3,4,-1),(3,3,-1),(3,3,0),
401:(7,1,5),(8,1,5),(8,1,4),(8,1,4),(8,2,4),(8,2,3),(8,2,2),(8,2,2),(8,2,1),(8,2,0),
402:(12,3,0),(11,3,0),(10,3,0),(9,3,0),(8,3,0),(7,3,0),(6,3,0),(5,3,0),(5,4,0),(5,4,1),(5,4,2),(4,4,2),(4,4,3),(3,4,3),(2,4,3),(1,4,3),(1,5,3),(1,6,3),
403:(6,8,4),(5,8,4),(4,8,4),(3,8,4),(3,8,3),(3,8,2),(3,8,1),(3,7,1),(3,6,1),(3,5,1),(3,4,1),(2,4,1),
404:(10,6,4),(9,6,4),(9,5,4),(8,5,4),(8,5,5),(7,5,5),(7,5,4),(6,5,4),(5,5,4),(4,5,4),(3,5,4),(3,4,4),(2,4,4),(1,4,4),(1,5,4),
405:(8,10,5),(8,9,5),(7,9,5),(7,8,5),(7,7,5),(6,7,5),(6,7,5),(6,6,5),(6,6,4),(6,6,3),(6,5,3),(6,5,3),(5,5,3),(5,5,2),(5,5,1),(5,5,0),(5,4,0),
406:(13,7,3),(13,7,2),(13,6,2),(13,5,2),(13,4,2),
407:(7,5,0),(7,5,0),(7,5,1),(6,5,1),(6,5,2),(6,6,2),(5,6,2),(4,6,2),(3,6,2),(2,6,2),(2,7,2),(2,7,3),(1,7,3),(0,7,3),
408:(14,1,4),(13,1,4),(12,1,4),(11,1,4),(10,1,4),(9,1,4),(8,1,4),(7,1,4),(6,1,4),(5,1,4),(4,1,4),(3,1,4),(2,1,4),(2,2,4),(2,3,4),(1,3,4),(0,3,4),(0,4,4),(-1,4,4),(-1,5,4),(-1,6,4),(-1,7,4),(-1,8,4),(0,8,4),(0,9,4),(0,10,4),
409:(4,2,4),(4,3,4),(4,4,4),(4,5,4),(4,5,4),(3,5,4),(3,5,4),(3,5,5),(3,5,5),(3,5,4),(3,5,5),(3,5,5),(3,5,4),
410:(8,14,5),(7,14,5),(6,14,5),(5,14,5),(5,14,4),(5,13,4),(5,12,4),(5,11,4),(5,11,3),(5,11,2),(5,10,2),(5,9,2),(5,8,2),(5,7,2),(5,6,2),(5,6,1),(5,5,1),(5,4,1),(5,3,1),(5,3,0),(5,2,0),
411:(0,0,1),(0,0,2),(0,1,2),(0,2,2),(0,3,2),(1,3,2),(1,3,2),(1,3,3),(2,3,3),
412:(5,10,1),(5,11,1),(5,11,2),(5,12,2),(5,12,1),(6,12,1),(6,13,1),(7,13,1),(7,13,1),(8,13,1),(9,13,1),(10,13,1),(10,14,1),
413:(5,6,1),(5,6,2),(5,5,2),(5,5,3),(5,5,4),(5,5,5),(5,4,5),(5,3,5),
414:(4,6,5),(4,6,4),(4,5,4),(3,5,4),(3,5,3),(3,4,3),(3,3,3),(3,2,3),(2,2,3),(2,2,2),(2,2,1),(2,2,1),(2,1,1),(2,1,1),(2,1,0),
415:(3,4,1),(3,4,2),(4,4,2),(4,4,3),(4,5,3),(4,6,3),(5,6,3),(5,7,3),(6,7,3),(6,8,3),(6,9,3),(7,9,3),(7,10,3),(8,10,3),(9,10,3),(9,11,3),(9,12,3),(9,13,3),(10,13,3),(11,13,3),(11,13,3),(12,13,3),
416:(7,2,2),(8,2,2),(9,2,2),(10,2,2),(10,2,3),(10,2,4),(10,3,4),(10,4,4),(11,4,4),(11,5,4),(11,6,4),(11,7,4),(11,7,5),(11,8,5),(11,9,5),(11,10,5),(11,11,5),
417:(7,2,1),(7,3,1),(7,4,1),(8,4,1),(8,5,1),(9,5,1),(10,5,1),(11,5,1),(12,5,1),(12,6,1),(12,7,1),(12,8,1),(13,8,1),(13,9,1),(13,10,1),(13,11,1),(13,11,2),(13,11,3),(13,10,3),
418:(11,4,4),(11,4,3),(11,5,3),(11,6,3),(11,7,3),(10,7,3),(9,7,3),(9,7,2),(9,8,2),(9,8,2),(9,9,2),(8,9,2),(7,9,2),(7,10,2),(6,10,2),(5,10,2),(4,10,2),(4,10,1),
419:(12,11,5),(11,11,5),(10,11,5),(9,11,5),(9,11,4),(8,11,4),(7,11,4),(7,12,4),(6,12,4),(6,12,3),(6,13,3),(5,13,3),(5,13,2),(5,14,2),
420:(0,9,4),(1,9,4),(2,9,4),(3,9,4),(3,8,4),(3,7,4),(4,7,4),(5,7,4),(5,6,4),(6,6,4),(6,5,4),
421:(5,14,2),(5,14,1),(5,14,0),(6,14,0),(6,13,0),(6,12,0),(6,12,-1),(7,12,-1),(8,12,-1),(8,11,-1),(8,10,-1),(8,9,-1),(8,8,-1),(8,7,-1),(8,6,-1),(8,5,-1),(8,4,-1),(8,3,-1),(8,2,-1),(8,1,-1),(8,0,-1),(8,0,0),
422:(0,4,1),(0,3,1),(0,2,1),(0,1,1),
423:(3,14,0),(3,14,1),(3,13,1),(2,13,1),(2,12,1),(2,11,1),(2,10,1),(2,9,1),(2,8,1),(2,7,1),(2,6,1),(2,6,2),(2,5,2),(2,4,2),
424:(6,3,1),(6,4,1),(6,5,1),(6,6,1),(6,7,1),(7,7,1),(8,7,1),(8,7,2),(9,7,2),(9,7,3),(10,7,3),(11,7,3),(11,8,3),(11,9,3),(11,10,3),(11,11,3),(12,11,3),(12,11,3),(13,11,3),(14,11,3),(14,12,3),
425:(14,14,4),(13,14,4),(12,14,4),(11,14,4),(10,14,4),(9,14,4),(8,14,4),(7,14,4),(6,14,4),(5,14,4),(4,14,4),(3,14,4),(3,14,3),(3,14,2),(2,14,2),(2,13,2),(2,12,2),(2,11,2),(2,10,2),(1,10,2),(1,10,1),(1,9,1),(1,8,1),(1,8,0),(1,7,0),(1,6,0),(1,5,0),(1,4,0),(1,3,0),(0,3,0),
426:(4,7,4),(5,7,4),(6,7,4),(7,7,4),(8,7,4),(8,7,5),(8,6,5),(9,6,5),(9,5,5),(9,4,5),(9,4,5),(9,3,5),(9,2,5),
427:(1,8,3),(2,8,3),(3,8,3),(4,8,3),(4,9,3),(4,9,2),(4,9,1),(4,10,1),(4,10,0),(4,11,0),(4,12,0),(4,13,0),(5,13,0),(5,14,0),(6,14,0),
428:(9,10,0),(9,10,1),(9,9,1),(9,8,1),(9,7,1),(9,6,1),(9,5,1),(10,5,1),(9,5,1),(9,4,1),(8,4,1),(7,4,1),(7,4,2),(7,3,2),(7,2,2),(6,2,2),(6,2,3),(6,1,3),
429:(1,5,1),(2,5,1),(3,5,1),(4,5,1),(4,5,0),(5,5,0),(6,5,0),(6,6,0),(6,7,0),(7,7,0),(8,7,0),(9,7,0),(10,7,0),(10,7,1),(11,7,1),(12,7,1),(13,7,1),(13,6,1),
430:(3,0,5),(2,0,5),(2,1,5),(2,2,5),(2,3,5),
431:(0,14,3),(1,14,3),(2,14,3),(3,14,3),(3,13,3),(3,13,2),(4,13,2),(5,13,2),(5,13,1),(6,13,1),(7,13,1),(8,13,1),(9,13,1),(10,13,1),(11,13,1),(11,13,0),(11,12,0),(11,11,0),(11,10,0),
432:(7,7,4),(6,7,4),(7,7,4),(7,7,5),(6,7,5),(5,7,5),(4,7,5),(3,7,5),(3,6,5),(3,5,5),(3,4,5),(3,3,5),(3,3,4),
433:(13,4,1),(12,4,1),(12,5,1),(12,6,1),(12,7,1),(12,8,1),(12,9,1),(12,10,1),(11,10,1),(11,10,1),(11,11,1),(10,11,1),(9,11,1),(8,11,1),(7,11,1),(6,11,1),(5,11,1),(4,11,1),(4,11,2),(4,12,2),(3,12,2),(3,13,2),
434:(13,11,5),(12,11,5),(12,11,5),(11,11,5),(10,11,5),(10,11,4),(9,11,4),(9,11,3),(9,11,2),(9,11,1),(9,10,1),(8,10,1),(7,10,1),(6,10,1),(5,10,1),(4,10,1),(4,9,1),(4,8,1),(4,7,1),(3,7,1),(2,7,1),(2,7,0),
435:(8,5,1),(8,5,0),(8,6,0),(8,7,0),(8,8,0),(9,8,0),(9,9,0),(9,10,0),(9,10,0),(9,10,0),(10,10,0),
436:(10,9,5),(9,9,5),(8,9,5),(8,10,5),(7,10,5),(7,11,5),(7,12,5),(7,13,5),(7,13,4),(6,13,4),(7,13,4),(7,13,3),
437:(13,6,2),(13,6,3),(13,6,4),(12,6,4),(11,6,4),(10,6,4),(10,7,4),(9,7,4),(8,7,4),(7,7,4),(7,6,4),
438:(3,8,2),(3,8,1),(4,8,1),(5,8,1),(6,8,1),(6,8,0),(6,9,0),(6,10,0),(6,10,-1),(6,11,-1),(6,12,-1),(6,12,-1),(6,12,0),
439:(5,9,3),(5,8,3),(5,7,3),(5,7,3),(6,7,3),(7,7,3),(7,7,3),(7,6,3),(7,6,3),(8,6,3),
440:(10,14,4),(9,14,4),(8,14,4),(7,14,4),(6,14,4),(5,14,4),(4,14,4),(3,14,4),(2,14,4),(1,14,4),(1,14,3),(1,13,3),(1,12,3),(1,11,3),(1,10,3),(1,10,2),(1,9,2),
441:(7,9,2),(6,9,2),(5,9,2),(4,9,2),(3,9,2),(3,9,3),(3,8,3),(2,8,3),(2,7,3),(2,6,3),(2,6,2),(2,5,2),(2,5,3),(2,4,3),(2,4,4),(2,3,4),(2,2,4),
442:(1,2,3),(1,2,2),(2,2,2),(3,2,2),(4,2,2),(5,2,2),(5,1,2),(6,1,2),(7,1,2),(8,1,2),(9,1,2),(10,1,2),(10,1,1),(11,1,1),(11,2,1),
443:(3,11,3),(3,10,3),(3,10,3),(4,10,3),(5,10,3),(6,10,3),(6,9,3),(7,9,3),(7,8,3),(8,8,3),(8,7,3),(8,7,4),(8,6,4),(8,5,4),(9,5,4),(10,5,4),(11,5,4),(12,5,4),(12,5,5),(13,5,5),
444:(12,10,3),(12,10,4),(12,9,4),(12,8,4),(11,8,4),(11,7,4),(11,7,5),(10,7,5),(9,7,5),(9,6,5),(9,5,5),(8,5,5),(8,4,5),(7,4,5),(7,3,5),(6,3,5),(6,2,5),(5,2,5),(5,2,6),(4,2,6),(3,2,6),(2,2,6),(2,2,5),
445:(12,13,5),(11,13,5),(10,13,5),(9,13,5),(8,13,5),(8,12,5),(8,11,5),(7,11,5),(7,10,5),(7,10,4),(6,10,4),(6,10,3),(6,10,2),(5,10,2),(5,9,2),(5,9,1),(5,9,0),(5,8,0),(4,8,0),(4,7,0),
446:(5,11,0),(4,11,0),(4,11,1),(4,11,2),(3,11,2),(3,11,3),(3,11,4),(3,11,5),
447:(8,13,0),(9,13,0),(10,13,0),(10,13,1),(11,13,1),(12,13,1),(13,13,1),(14,13,1),(14,13,2),(14,12,2),(14,11,2),(14,10,2),(14,9,2),(14,8,2),(14,8,3),(14,7,3),(14,6,3),(14,6,3),(14,6,4),
448:(9,8,3),(9,8,4),(8,8,4),(7,8,4),(6,8,4),(5,8,4),(4,8,4),(4,8,5),(4,7,5),(4,6,5),(4,5,5),(4,4,5),(4,3,5),(4,3,6),(4,2,6),(4,2,5),
449:(10,13,2),(10,13,1),(10,12,1),(10,11,1),(10,10,1),(9,10,1),(9,9,1),(9,8,1),(9,8,1),(9,8,1),(9,7,1),(9,6,1),(9,5,1),
