soc=5626
lb_soc=4475
makespan=26
lb_makespan=23
comp_time=89293
highLevelExpanded=128
lowLevelExpanded=102390
solution=
0:(7,11,1),(6,11,1),(5,11,1),(4,11,1),(3,11,1),(2,11,1),(2,10,1),(2,9,1),(2,8,1),(2,7,1),(2,6,1),(2,5,1),(2,4,1),(2,3,1),(2,2,1),
1:(8,4,2),(9,4,2),(9,4,1),(9,4,0),(9,5,0),(9,6,0),(9,7,0),(9,8,0),(9,9,0),
2:(14,2,3),(13,2,3),(12,2,3),(11,2,3),(10,2,3),(9,2,3),(9,2,2),(8,2,2),(8,2,1),(8,3,1),(7,3,1),(7,4,1),(6,4,1),(6,5,1),(5,5,1),(5,6,1),(4,6,1),(3,6,1),(2,6,1),(1,6,1),(0,6,1),(0,6,0),
3:(4,8,3),(4,7,3),(4,6,3),(4,5,3),(4,4,3),(4,3,3),(4,2,3),(4,1,3),(4,0,3),
4:(2,0,5),(3,0,5),(4,0,5),(5,0,5),(6,0,5),(7,0,5),(8,0,5),(9,0,5),(9,1,5),(9,2,5),(9,3,5),(9,4,5),(9,4,4),(9,5,4),(9,5,3),(9,6,3),(9,6,2),(9,6,1),(9,6,0),(9,7,0),(9,8,0),
5:(4,7,2),(5,7,2),(5,7,3),(5,7,4),(5,7,5),(5,8,5),(5,9,5),(5,10,5),
6:(5,3,3),(6,3,3),(7,3,3),(8,3,3),(9,3,3),(9,3,4),(9,4,4),(9,5,4),(9,6,4),(9,7,4),(9,8,4),(9,9,4),(9,10,4),(9,11,4),(9,12,4),
7:(13,5,5),(12,5,5),(11,5,5),(10,5,5),(9,5,5),(8,5,5),(7,5,5),(6,5,5),(5,5,5),(5,5,4),(5,5,3),(5,4,3),(5,3,3),(5,2,3),(5,1,3),(5,0,3),
8:(2,9,4),(3,9,4),(3,10,4),
9:(4,1,1),(4,2,1),(4,3,1),(3,3,1),(2,3,1),(2,4,1),(2,5,1),(2,6,1),(2,7,1),(2,7,2),(2,8,2),(2,9,2),(2,10,2),(2,11,2),(2,11,3),(2,12,3),(2,13,3),(1,13,3),(0,13,3),
10:(10,9,2),(11,9,2),(12,9,2),(13,9,2),(14,9,2),(14,9,3),(14,9,4),(14,9,5),(14,10,5),
11:(9,11,4),(8,11,4),(7,11,4),(6,11,4),(5,11,4),(4,11,4),(3,11,4),(2,11,4),(2,11,5),(2,10,5),(2,9,5),
12:(1,8,4),(2,8,4),(3,8,4),(3,8,3),(3,7,3),(3,7,2),(3,7,1),
13:(1,0,1),(2,0,1),(3,0,1),(3,0,2),(3,0,3),(3,0,4),(3,0,5),(3,1,5),(3,2,5),(3,3,5),(3,4,5),
14:(3,10,4),(3,10,3),(3,9,3),(3,9,3),(3,8,3),(3,7,3),(2,7,3),(2,6,3),(2,5,3),(1,5,3),(1,4,3),
15:(1,9,1),(2,9,1),(3,9,1),(4,9,1),(5,9,1),(6,9,1),(7,9,1),(8,9,1),(9,9,1),(10,9,1),(11,9,1),(12,9,1),(13,9,1),(13,9,0),(13,10,0),(13,11,0),
16:(5,6,2),(6,6,2),(7,6,2),(7,7,2),(7,8,2),(7,9,2),(7,10,2),(7,11,2),(7,12,2),(7,13,2),(7,14,2),
17:(12,6,4),(11,6,4),(10,6,4),(9,6,4),(8,6,4),(7,6,4),(6,6,4),(5,6,4),(5,5,4),(5,4,4),(5,3,4),(4,3,4),(3,3,4),(3,3,5),(3,2,5),(3,1,5),
18:(13,11,4),(12,11,4),(11,11,4),(10,11,4),(9,11,4),(9,11,3),(9,11,2),(9,11,1),(9,11,0),(9,12,0),(9,13,0),
19:(7,3,1),(6,3,1),(5,3,1),(4,3,1),(4,3,2),(4,4,2),(4,4,3),(4,4,4),(4,4,5),(4,5,5),(4,6,5),(4,7,5),(4,8,5),
20:(5,11,2),(4,11,2),(3,11,2),(3,12,2),(3,13,2),(3,14,2),
21:(3,10,3),(3,10,2),(3,9,2),(3,8,2),
22:(12,3,2),(12,3,1),(12,3,0),(12,4,0),(12,5,0),(12,6,0),(12,7,0),(12,8,0),(12,9,0),(12,10,0),(12,11,0),(12,12,0),(12,13,0),(12,14,0),
23:(12,5,3),(11,5,3),(10,5,3),(10,5,4),(10,6,4),(10,7,4),
24:(7,2,2),(8,2,2),(9,2,2),(10,2,2),(11,2,2),(12,2,2),(13,2,2),(14,2,2),(14,2,1),(14,3,1),(14,4,1),(14,5,1),(14,6,1),(14,7,1),(14,8,1),(14,9,1),(14,10,1),
25:(11,10,4),(12,10,4),(13,10,4),(14,10,4),(14,10,3),(14,11,3),(14,11,2),(14,11,1),(14,12,1),(14,13,1),(14,14,1),
26:(7,5,1),(8,5,1),(9,5,1),(9,5,2),(9,5,3),(9,4,3),(9,3,3),(9,3,4),
27:(14,0,2),(13,0,2),(12,0,2),(11,0,2),(10,0,2),(9,0,2),(9,0,3),(9,1,3),(9,2,3),(9,3,3),
28:(0,0,4),(1,0,4),(1,1,4),(1,2,4),(1,3,4),(1,4,4),(1,5,4),(1,6,4),(1,6,5),(1,7,5),(1,8,5),(1,9,5),(1,10,5),(2,10,5),(3,10,5),(4,10,5),(4,11,5),(5,11,5),(6,11,5),
29:(7,10,0),(7,10,1),(7,11,1),(7,12,1),(7,13,1),
30:(10,3,5),(9,3,5),(8,3,5),(7,3,5),(6,3,5),(5,3,5),(4,3,5),(4,3,4),(4,4,4),(4,5,4),(4,6,4),(4,7,4),(4,8,4),
31:(8,0,1),(7,0,1),(6,0,1),(5,0,1),(4,0,1),(4,0,2),(4,0,3),(4,0,4),(4,1,4),(4,2,4),(4,3,4),(4,4,4),(4,5,4),(3,5,4),(3,6,4),(3,7,4),(3,8,4),(2,8,4),(2,9,4),
32:(12,7,3),(11,7,3),(10,7,3),(9,7,3),(8,7,3),(7,7,3),(6,7,3),(5,7,3),(4,7,3),(4,7,2),(4,8,2),(4,9,2),(4,10,2),(4,11,2),(4,12,2),(4,13,2),
33:(7,7,4),(8,7,4),(9,7,4),(10,7,4),(11,7,4),(12,7,4),(12,7,3),(12,8,3),(12,9,3),(12,10,3),
34:(13,10,4),(14,10,4),(14,10,3),(14,11,3),(14,11,2),(14,12,2),(14,13,2),(14,14,2),
35:(14,0,3),(13,0,3),(12,0,3),(12,0,2),(12,0,1),(12,1,1),(12,2,1),(12,3,1),(12,4,1),(12,5,1),(12,6,1),(12,6,0),(12,7,0),
36:(1,5,0),(0,5,0),(0,6,0),(0,7,0),(0,8,0),(0,9,0),
37:(11,3,5),(12,3,5),(13,3,5),(13,3,4),(13,3,3),(13,3,2),(13,4,2),(13,5,2),(13,6,2),(13,7,2),(13,8,2),(13,9,2),(13,10,2),(13,10,1),
38:(11,0,0),(10,0,0),(9,0,0),(8,0,0),(8,1,0),(8,2,0),(8,3,0),(8,4,0),(8,5,0),(8,6,0),(8,7,0),(8,8,0),(8,9,0),
39:(13,8,1),(12,8,1),(11,8,1),(10,8,1),(10,8,0),(10,7,0),(10,7,-1),(9,7,-1),(8,7,-1),(7,7,-1),(6,7,-1),(5,7,-1),(4,7,-1),(3,7,-1),(2,7,-1),(1,7,-1),(1,7,0),(1,7,1),(1,6,1),(1,6,2),
40:(6,14,0),(5,14,0),(4,14,0),(3,14,0),(2,14,0),(1,14,0),(0,14,0),(0,14,1),(0,13,1),(0,12,1),(0,11,1),(0,10,1),(0,9,1),(0,8,1),(0,7,1),(0,6,1),(0,5,1),(0,4,1),
41:(10,4,4),(9,4,4),(8,4,4),(8,4,3),(8,4,2),(8,4,1),(8,4,0),(8,5,0),(8,6,0),(8,7,0),(8,8,0),(8,9,0),(8,10,0),
42:(14,3,3),(13,3,3),(12,3,3),(11,3,3),(10,3,3),(9,3,3),(8,3,3),(7,3,3),(6,3,3),(5,3,3),(4,3,3),(3,3,3),(3,3,2),(3,4,2),(3,4,1),(3,4,0),(3,5,0),(3,6,0),(2,6,0),(2,7,0),(2,8,0),
43:(13,10,3),(14,10,3),(14,10,2),
44:(13,4,1),(12,4,1),(11,4,1),(11,5,1),(11,6,1),(11,7,1),(11,8,1),(11,9,1),(10,9,1),(10,9,2),(10,10,2),(9,10,2),(9,10,3),(8,10,3),(8,11,3),(7,11,3),(7,12,3),(7,13,3),(7,13,4),(7,14,4),
45:(8,3,4),(7,3,4),(6,3,4),(5,3,4),(5,3,3),(5,3,2),(4,3,2),(4,2,2),(4,1,2),
46:(5,13,3),(5,13,2),(5,13,1),(5,12,1),(5,11,1),(5,10,1),(5,9,1),(5,8,1),(5,7,1),(5,6,1),(5,5,1),(5,4,1),
47:(4,12,2),(5,12,2),(6,12,2),(7,12,2),(8,12,2),(9,12,2),(10,12,2),(11,12,2),(11,11,2),(11,11,1),(11,11,0),(11,10,0),(12,10,0),
48:(2,8,1),(3,8,1),(4,8,1),(5,8,1),(6,8,1),(7,8,1),(7,8,2),(7,8,2),(7,9,2),(8,9,2),(8,9,3),(9,9,3),(9,9,4),(9,10,4),(9,11,4),(10,11,4),(11,11,4),(12,11,4),(12,12,4),(12,13,4),(12,14,4),(13,14,4),
49:(9,14,3),(8,14,3),(7,14,3),(6,14,3),(5,14,3),(4,14,3),(3,14,3),(2,14,3),(2,14,2),(2,14,1),
50:(3,8,2),(2,8,2),(1,8,2),(0,8,2),(0,8,3),(0,7,3),
51:(6,4,1),(7,4,1),(8,4,1),(9,4,1),(9,4,2),(10,4,2),(11,4,2),(12,4,2),(13,4,2),(14,4,2),(14,4,3),(14,4,4),(14,4,5),(14,3,5),(14,2,5),(14,1,5),(14,0,5),
52:(9,4,2),(10,4,2),(11,4,2),(12,4,2),(13,4,2),(14,4,2),(14,4,1),(14,4,0),(14,3,0),(14,2,0),(14,1,0),(14,0,0),
53:(12,2,3),(12,2,2),(13,2,2),(13,2,1),(13,3,1),(13,4,1),(13,4,0),(13,5,0),(13,6,0),(14,6,0),(14,7,0),(14,8,0),(14,9,0),
54:(1,2,0),(2,2,0),(3,2,0),(4,2,0),(5,2,0),(6,2,0),(7,2,0),(8,2,0),(9,2,0),(10,2,0),(11,2,0),(11,2,1),(11,2,2),(11,3,2),(11,4,2),(11,5,2),(11,6,2),(11,7,2),(11,8,2),(11,9,2),(11,10,2),(11,11,2),(11,12,2),
55:(14,1,5),(13,1,5),(12,1,5),(11,1,5),(10,1,5),(9,1,5),(9,2,5),(9,3,5),(9,4,5),(9,5,5),(9,5,4),(9,6,4),(9,7,4),(9,8,4),(9,9,4),(8,9,4),(7,9,4),(7,10,4),
56:(14,14,4),(13,14,4),(13,13,4),(13,12,4),(13,11,4),(13,10,4),(13,10,4),(12,10,4),(11,10,4),(11,9,4),(11,8,4),(11,7,4),(11,6,4),(11,6,4),(10,6,4),(10,5,4),(9,5,4),(8,5,4),(8,4,4),(7,4,4),(7,3,4),(6,3,4),(5,3,4),(5,2,4),(5,1,4),(5,0,4),
57:(11,7,3),(10,7,3),(9,7,3),(8,7,3),(8,7,2),(8,7,1),(8,7,0),(8,7,0),(8,7,0),(9,7,0),(9,7,0),(8,7,0),
58:(0,10,1),(0,9,1),(0,8,1),(0,7,1),(0,6,1),(0,5,1),(0,4,1),(0,3,1),(0,2,1),
59:(12,11,5),(11,11,5),(10,11,5),(9,11,5),(9,10,5),(9,10,4),(9,10,3),(9,9,3),(9,8,3),(9,7,3),
60:(2,12,0),(3,12,0),(4,12,0),(5,12,0),(6,12,0),(7,12,0),(8,12,0),(8,12,1),(8,12,2),(8,12,3),(8,11,3),(8,10,3),(8,9,3),
61:(8,11,2),(9,11,2),(9,11,1),(9,11,0),(10,11,0),(10,10,0),(10,9,0),(10,8,0),(11,8,0),
62:(4,5,0),(5,5,0),(6,5,0),(7,5,0),(7,5,1),(7,5,2),(7,5,3),(7,5,4),(7,6,4),
63:(0,7,1),(1,7,1),(1,7,2),(1,7,3),(1,6,3),
64:(14,0,1),(13,0,1),(12,0,1),(12,1,1),(12,1,2),(12,1,3),(12,1,4),(12,2,4),(12,3,4),(12,4,4),(12,5,4),(12,6,4),
65:(0,13,1),(0,12,1),(0,11,1),(0,10,1),(0,9,1),(0,8,1),(0,8,0),(0,7,0),(0,6,0),(0,5,0),(0,4,0),(0,3,0),(0,2,0),(0,1,0),(1,1,0),(2,1,0),
66:(8,11,4),(8,11,3),(9,11,3),(10,11,3),(11,11,3),(12,11,3),(12,11,2),(12,11,1),(12,10,1),
67:(8,2,0),(9,2,0),(10,2,0),(11,2,0),(11,2,1),(11,2,2),(11,2,3),(11,2,4),(11,2,5),(11,3,5),(11,4,5),(11,5,5),(11,6,5),
68:(1,1,4),(1,2,4),(1,3,4),(1,4,4),(1,5,4),(1,6,4),(1,6,4),(1,7,4),(1,7,3),(1,8,3),(1,8,2),(1,9,2),(1,10,2),(1,11,2),
69:(2,11,2),(3,11,2),(3,11,3),(4,11,3),(5,11,3),(6,11,3),(7,11,3),(8,11,3),(9,11,3),(10,11,3),(10,11,4),(10,11,5),(10,10,5),(10,9,5),(10,8,5),(10,7,5),(10,7,6),(10,6,6),(10,5,6),(10,5,5),(10,4,5),
70:(5,1,4),(5,1,3),(5,1,2),(5,2,2),(5,3,2),(5,4,2),(4,4,2),(4,4,1),(4,5,1),(4,5,0),(4,6,0),(4,7,0),
71:(6,6,1),(7,6,1),(8,6,1),(9,6,1),(10,6,1),(11,6,1),(12,6,1),(12,7,1),(12,7,2),(12,7,3),(13,7,3),(13,8,3),(13,9,3),(13,9,4),
72:(4,0,0),(5,0,0),(6,0,0),(7,0,0),(8,0,0),(9,0,0),(10,0,0),(11,0,0),(11,0,1),(11,0,2),(11,0,3),
73:(13,0,4),(12,0,4),(12,1,4),(12,1,3),(12,2,3),(12,3,3),(12,4,3),(12,5,3),(12,6,3),(11,6,3),(11,7,3),(10,7,3),(10,8,3),(9,8,3),(9,9,3),(9,9,3),(9,10,3),(8,10,3),(8,11,3),(7,11,3),(6,11,3),(5,11,3),(4,11,3),(3,11,3),(2,11,3),(2,12,3),
74:(4,2,2),(3,2,2),(2,2,2),(2,2,3),(1,2,3),(1,2,4),(1,2,5),(1,1,5),
75:(8,11,1),(7,11,1),(6,11,1),(6,11,2),(6,10,2),(6,9,2),(6,8,2),(6,7,2),(6,6,2),(6,5,2),(6,4,2),
76:(3,0,4),(4,0,4),(5,0,4),(6,0,4),(7,0,4),(7,0,3),(8,0,3),(9,0,3),(10,0,3),(11,0,3),(12,0,3),(12,0,2),(12,1,2),(12,2,2),(13,2,2),(13,3,2),(13,4,2),(13,5,2),(13,6,2),
77:(2,5,5),(3,5,5),(4,5,5),(5,5,5),(6,5,5),(7,5,5),(7,5,4),(8,5,4),(9,5,4),(9,5,3),(9,4,3),
78:(12,10,4),(12,10,3),(12,10,2),(12,9,2),(12,8,2),(12,7,2),(12,6,2),(12,5,2),(11,5,2),(11,4,2),(11,3,2),(11,2,2),(11,1,2),(10,1,2),(9,1,2),(8,1,2),(7,1,2),
79:(1,6,2),(2,6,2),(3,6,2),(4,6,2),(5,6,2),(5,6,1),(5,5,1),(5,4,1),(5,3,1),(5,2,1),
80:(5,7,2),(6,7,2),(7,7,2),(7,7,3),(7,6,3),(7,5,3),(7,4,3),
81:(5,9,5),(5,8,5),(5,7,5),(5,6,5),(5,5,5),(5,5,5),(5,4,5),(5,3,5),(5,2,5),(5,2,4),(5,2,3),(5,1,3),(5,1,2),(5,1,1),(5,0,1),(5,0,0),
82:(13,3,2),(12,3,2),(11,3,2),(10,3,2),(9,3,2),(8,3,2),(7,3,2),(7,2,2),(7,2,3),(7,1,3),(7,0,3),
83:(9,4,4),(9,4,3),(10,4,3),(11,4,3),(12,4,3),(13,4,3),(14,4,3),(14,5,3),
84:(5,8,4),(4,8,4),(4,9,4),(3,9,4),(2,9,4),(1,9,4),(1,10,4),(1,11,4),(1,12,4),(1,13,4),
85:(10,3,4),(9,3,4),(8,3,4),(7,3,4),(6,3,4),(5,3,4),(4,3,4),(3,3,4),(3,3,3),(3,2,3),
86:(12,12,3),(12,11,3),(12,11,2),(12,11,1),(12,10,1),(12,9,1),(12,8,1),(12,8,1),(11,8,1),(11,7,1),(10,7,1),(10,7,0),(10,6,0),(10,5,0),(9,5,0),(8,5,0),(7,5,0),
87:(10,11,3),(10,11,2),(10,10,2),(10,9,2),(10,8,2),(10,7,2),(10,6,2),(10,5,2),(10,4,2),(10,3,2),(10,2,2),(10,1,2),(10,0,2),
88:(12,13,0),(11,13,0),(10,13,0),(9,13,0),(8,13,0),(7,13,0),(6,13,0),(5,13,0),(4,13,0),(4,12,0),
89:(5,9,1),(4,9,1),(4,9,0),(3,9,0),(2,9,0),(1,9,0),
90:(3,3,0),(4,3,0),(5,3,0),(6,3,0),(7,3,0),(8,3,0),(9,3,0),(9,4,0),(10,4,0),(11,4,0),(11,4,1),(12,4,1),(12,3,1),(13,3,1),(14,3,1),(14,2,1),(14,1,1),
91:(2,11,4),(3,11,4),(4,11,4),(5,11,4),(5,12,4),(5,12,3),(5,12,2),(5,12,1),(5,12,0),(5,13,0),(5,14,0),
92:(2,3,2),(3,3,2),(4,3,2),(5,3,2),(6,3,2),(7,3,2),(7,4,2),(8,4,2),(9,4,2),(10,4,2),(10,3,2),
93:(3,1,3),(4,1,3),(5,1,3),(6,1,3),(7,1,3),(8,1,3),(9,1,3),(10,1,3),(11,1,3),(11,1,4),(11,2,4),(11,3,4),(11,4,4),(11,5,4),
94:(0,11,2),(1,11,2),(2,11,2),(3,11,2),(4,11,2),(5,11,2),(6,11,2),(6,11,1),(7,11,1),(8,11,1),(9,11,1),(10,11,1),(11,11,1),
95:(7,12,2),(8,12,2),(9,12,2),(10,12,2),(11,12,2),(12,12,2),(13,12,2),(14,12,2),(14,12,2),(14,12,1),
96:(13,13,5),(12,13,5),(11,13,5),(10,13,5),(10,14,5),
97:(1,7,5),(2,7,5),(3,7,5),(4,7,5),(4,7,4),(4,7,3),(4,6,3),(4,5,3),(4,5,2),(5,5,2),(6,5,2),(7,5,2),(7,5,1),(8,5,1),(9,5,1),(9,4,1),(9,4,2),
98:(3,13,2),(4,13,2),(5,13,2),(6,13,2),(7,13,2),(8,13,2),(9,13,2),(10,13,2),(11,13,2),(11,12,2),(12,12,2),(13,12,2),(13,11,2),(13,10,2),(13,9,2),(14,9,2),(14,8,2),(14,8,1),(14,8,0),(14,7,0),
99:(14,3,0),(13,3,0),(13,3,-1),(12,3,-1),(11,3,-1),(10,3,-1),(9,3,-1),(8,3,-1),(7,3,-1),(6,3,-1),(5,3,-1),(4,3,-1),(3,3,-1),(2,3,-1),(1,3,-1),(1,3,0),
100:(2,4,4),(2,4,5),(2,5,5),(2,6,5),
101:(10,0,3),(9,0,3),(9,0,4),(9,0,5),(9,1,5),(9,2,5),(9,3,5),(9,4,5),(9,5,5),(9,6,5),(9,7,5),
102:(4,12,4),(3,12,4),(2,12,4),(2,11,4),(2,10,4),(2,9,4),(2,9,4),(1,9,4),
103:(11,1,2),(11,2,2),(11,2,3),(11,2,4),(11,3,4),(11,4,4),(12,4,4),(12,5,4),(12,6,4),(12,7,4),(12,8,4),(12,9,4),(12,10,4),(12,11,4),(11,11,4),(11,12,4),(10,12,4),(10,13,4),(9,13,4),(8,13,4),(7,13,4),(6,13,4),(5,13,4),(5,14,4),(4,14,4),
104:(14,9,0),(13,9,0),(12,9,0),(11,9,0),(10,9,0),(9,9,0),(8,9,0),(7,9,0),(6,9,0),(6,9,1),(6,10,1),(6,11,1),(6,12,1),(6,12,2),(6,13,2),(6,13,3),(6,13,4),(5,13,4),(4,13,4),
105:(14,0,0),(13,0,0),(12,0,0),(12,1,0),(12,1,1),(12,2,1),(12,3,1),(12,4,1),(12,5,1),(12,6,1),(12,6,2),(12,7,2),(11,7,2),(11,8,2),(11,8,3),(10,8,3),(10,8,4),(10,8,5),(10,9,5),
106:(4,3,1),(5,3,1),(5,3,2),(6,3,2),(7,3,2),(7,4,2),(7,5,2),(8,5,2),(9,5,2),(10,5,2),(11,5,2),(11,6,2),(12,6,2),
107:(1,13,5),(2,13,5),(3,13,5),(4,13,5),(4,12,5),(4,11,5),(4,10,5),(4,9,5),(5,9,5),(6,9,5),(6,8,5),(6,8,4),(6,8,3),(6,8,2),(7,8,2),(7,8,1),(7,8,0),
108:(3,11,2),(3,12,2),(4,12,2),(5,12,2),(6,12,2),(7,12,2),(8,12,2),(9,12,2),(10,12,2),(10,12,1),(10,12,0),(10,13,0),
109:(8,13,3),(7,13,3),(6,13,3),(5,13,3),(4,13,3),(3,13,3),(2,13,3),(2,13,4),(2,12,4),(2,11,4),(2,10,4),
110:(12,9,0),(11,9,0),(10,9,0),(9,9,0),(8,9,0),(7,9,0),(6,9,0),(6,9,1),(6,9,2),(6,9,3),(6,9,4),(6,9,5),(6,8,5),
111:(9,0,3),(8,0,3),(8,1,3),(8,2,3),(8,3,3),(8,4,3),(8,5,3),(7,5,3),(7,6,3),(7,7,3),(7,7,4),(7,8,4),
112:(5,10,4),(6,10,4),(7,10,4),(8,10,4),(9,10,4),(10,10,4),(10,9,4),
113:(0,13,5),(1,13,5),(2,13,5),(3,13,5),(4,13,5),(4,12,5),(4,11,5),(4,10,5),(4,9,5),(4,9,4),(4,9,3),(5,9,3),(5,8,3),(5,7,3),(5,6,3),(5,5,3),(5,4,3),
114:(13,2,0),(12,2,0),(11,2,0),(11,3,0),(10,3,0),(9,3,0),(9,4,0),(9,4,1),(8,4,1),(7,4,1),(7,5,1),(7,6,1),(7,7,1),(7,8,1),(7,9,1),(7,10,1),(7,11,1),
115:(14,12,1),(13,12,1),(12,12,1),(12,12,2),(12,12,3),
116:(7,13,5),(7,13,4),(7,13,3),(7,12,3),(7,11,3),(7,10,3),
117:(12,11,1),(11,11,1),(10,11,1),(10,11,2),(10,11,3),(10,10,3),(10,9,3),(10,8,3),(10,7,3),(10,6,3),(10,6,4),(10,5,4),(10,4,4),(10,3,4),(10,2,4),
118:(14,7,4),(13,7,4),(12,7,4),(11,7,4),(11,7,3),(10,7,3),(10,7,2),(10,8,2),
119:(5,4,1),(4,4,1),(3,4,1),(2,4,1),(2,4,2),(2,4,3),(1,4,3),(1,4,4),
120:(6,0,4),(5,0,4),(5,1,4),(4,1,4),(4,2,4),(4,3,4),(4,4,4),(4,5,4),(4,6,4),(4,7,4),(4,8,4),(4,9,4),(4,9,5),(4,10,5),(4,11,5),(4,11,4),(4,12,4),
121:(0,4,5),(1,4,5),(2,4,5),(3,4,5),(4,4,5),(5,4,5),(6,4,5),(7,4,5),(8,4,5),(9,4,5),(10,4,5),(10,3,5),(10,2,5),
122:(12,0,4),(11,0,4),(10,0,4),(9,0,4),(8,0,4),(7,0,4),(7,0,3),(6,0,3),(5,0,3),(5,0,2),(5,1,2),(5,2,2),
123:(7,11,5),(8,11,5),(9,11,5),(9,11,4),(9,11,3),(10,11,3),(11,11,3),(11,10,3),(11,9,3),(11,8,3),(12,8,3),(12,7,3),
124:(6,7,4),(7,7,4),(8,7,4),(9,7,4),(10,7,4),(11,7,4),(12,7,4),(13,7,4),(14,7,4),(14,8,4),(14,9,4),(14,10,4),(14,11,4),(14,11,5),(14,12,5),
125:(2,10,0),(3,10,0),(4,10,0),(5,10,0),(5,10,1),(5,10,2),(5,9,2),(5,8,2),(6,8,2),(7,8,2),(8,8,2),(8,7,2),(9,7,2),(9,6,2),(9,5,2),
126:(12,1,3),(11,1,3),(11,1,2),(11,2,2),(11,3,2),(11,4,2),(11,5,2),(11,6,2),(10,6,2),(10,7,2),
127:(9,14,0),(10,14,0),(11,14,0),(11,14,1),(11,14,2),(11,14,3),(11,14,4),(11,14,5),
128:(4,0,5),(4,1,5),(3,1,5),(2,1,5),(1,1,5),(1,1,4),
129:(13,0,2),(12,0,2),(11,0,2),(10,0,2),(9,0,2),(9,0,1),(9,1,1),(9,2,1),(9,3,1),
130:(9,5,4),(8,5,4),(8,5,3),(8,5,2),(8,5,1),(8,6,1),(8,7,1),(8,8,1),(8,9,1),
131:(10,10,0),(9,10,0),(8,10,0),(7,10,0),(7,9,0),(7,8,0),(7,7,0),(7,6,0),(7,5,0),(7,4,0),(7,3,0),(7,2,0),(7,1,0),(7,0,0),
132:(4,13,4),(5,13,4),(6,13,4),(6,12,4),(6,11,4),(6,10,4),(6,9,4),(6,8,4),(6,7,4),(7,7,4),(8,7,4),(8,6,4),(9,6,4),(10,6,4),(10,5,4),(10,5,3),(10,4,3),(10,3,3),
133:(1,9,0),(2,9,0),(3,9,0),(3,9,1),(4,9,1),(5,9,1),(6,9,1),(6,9,2),(6,9,3),(6,8,3),(6,7,3),(6,6,3),(6,5,3),(6,4,3),(6,4,4),(6,4,5),(6,3,5),(6,2,5),
134:(2,9,3),(1,9,3),(1,10,3),
135:(8,1,1),(7,1,1),(6,1,1),(5,1,1),(5,1,2),(5,2,2),(5,3,2),(5,4,2),(4,4,2),(4,5,2),(4,6,2),(4,7,2),(4,8,2),(4,9,2),(3,9,2),(3,10,2),
136:(10,7,4),(11,7,4),(11,7,3),(12,7,3),(12,8,3),(12,9,3),(12,10,3),(12,11,3),
137:(5,13,1),(4,13,1),(3,13,1),(2,13,1),(1,13,1),(0,13,1),(0,12,1),(0,11,1),(0,10,1),(0,9,1),(0,8,1),(0,8,2),(0,7,2),(0,6,2),(0,5,2),(0,4,2),(0,3,2),(0,3,3),
138:(13,9,0),(12,9,0),(11,9,0),(10,9,0),(9,9,0),(8,9,0),(7,9,0),(6,9,0),(5,9,0),(4,9,0),(3,9,0),(2,9,0),(2,9,1),(2,9,2),(2,8,2),
139:(2,13,5),(3,13,5),(4,13,5),(5,13,5),(6,13,5),(7,13,5),(8,13,5),(8,12,5),(8,11,5),(8,10,5),(8,9,5),(8,8,5),(8,7,5),(8,6,5),(8,5,5),(8,4,5),
140:(5,14,3),(4,14,3),(3,14,3),(2,14,3),(1,14,3),(1,14,4),(1,14,5),(1,13,5),
141:(4,7,5),(5,7,5),(6,7,5),(7,7,5),(8,7,5),(9,7,5),(10,7,5),(11,7,5),(12,7,5),(13,7,5),(14,7,5),(14,6,5),
142:(0,6,3),(1,6,3),(2,6,3),(3,6,3),(4,6,3),(5,6,3),(6,6,3),(7,6,3),(7,6,2),
143:(5,6,0),(6,6,0),(7,6,0),(8,6,0),(9,6,0),(10,6,0),(11,6,0),(12,6,0),(12,6,1),(12,7,1),(12,8,1),(12,8,1),(12,8,2),
144:(7,2,4),(8,2,4),(9,2,4),(10,2,4),(11,2,4),(12,2,4),(12,2,5),(12,3,5),(12,4,5),(12,5,5),(12,6,5),(12,7,5),(12,8,5),(12,9,5),
145:(5,1,0),(6,1,0),(7,1,0),(8,1,0),(9,1,0),(10,1,0),(10,1,1),(10,2,1),(10,3,1),(10,4,1),(10,4,2),
146:(10,6,0),(9,6,0),(8,6,0),(8,6,1),(8,6,2),(8,6,3),(8,7,3),
147:(12,7,1),(11,7,1),(10,7,1),(9,7,1),(8,7,1),(7,7,1),(7,7,1),(7,7,0),
148:(12,6,0),(11,6,0),(10,6,0),(9,6,0),(9,7,0),(8,7,0),(8,8,0),(7,8,0),(6,8,0),(6,8,1),(6,9,1),(5,9,1),(4,9,1),(4,9,0),(3,9,0),
149:(8,9,0),(7,9,0),(6,9,0),(5,9,0),(5,8,0),(5,8,1),(5,7,1),(5,6,1),(5,5,1),(5,4,1),(5,4,2),(5,3,2),(5,3,2),(5,3,3),(5,2,3),
150:(9,12,0),(10,12,0),(11,12,0),(12,12,0),(12,12,1),(12,11,1),(12,10,1),(12,10,2),(12,10,3),(12,10,4),(12,10,5),
151:(11,11,3),(11,11,2),(11,11,1),(10,11,1),(9,11,1),(8,11,1),(7,11,1),(7,11,1),(7,12,1),(6,12,1),(5,12,1),(5,13,1),
152:(0,10,3),(1,10,3),(2,10,3),(3,10,3),(4,10,3),(4,9,3),(4,8,3),(4,7,3),(4,6,3),(4,5,3),(4,4,3),(4,3,3),(4,2,3),
153:(6,12,2),(6,12,3),(6,11,3),(6,10,3),(6,10,4),(6,9,4),(6,8,4),(6,7,4),(6,6,4),(6,5,4),
154:(14,9,1),(13,9,1),(12,9,1),(11,9,1),(10,9,1),(9,9,1),(9,9,2),(9,10,2),(9,10,3),(9,11,3),(9,11,3),(8,11,3),(7,11,3),(6,11,3),(6,12,3),(5,12,3),(5,12,4),
155:(8,13,5),(7,13,5),(6,13,5),(6,12,5),(5,12,5),(5,11,5),(5,11,5),(4,11,5),(3,11,5),(3,10,5),(3,9,5),(3,9,4),(3,8,4),(3,8,3),(3,8,3),(2,8,3),(1,8,3),
156:(7,1,0),(7,2,0),(7,2,1),(7,2,2),(7,2,3),(7,2,4),(7,2,5),(7,3,5),(7,4,5),(7,5,5),(7,6,5),(7,6,6),(7,7,6),(7,8,6),(7,8,5),(7,9,5),(7,10,5),(7,11,5),(7,12,5),
157:(5,5,3),(4,5,3),(3,5,3),(3,5,2),(3,6,2),(3,6,1),(2,6,1),(1,6,1),(1,6,2),(1,7,2),
158:(13,12,3),(12,12,3),(11,12,3),(10,12,3),(9,12,3),(8,12,3),(7,12,3),(6,12,3),(5,12,3),(5,11,3),(4,11,3),(3,11,3),(2,11,3),(1,11,3),(0,11,3),(0,12,3),
159:(8,3,3),(7,3,3),(7,3,2),(7,3,1),(6,3,1),(5,3,1),(4,3,1),(3,3,1),(2,3,1),(1,3,1),(1,4,1),(1,5,1),(1,6,1),(1,7,1),(1,8,1),(0,8,1),(0,9,1),(0,10,1),(0,11,1),(0,12,1),
160:(3,14,4),(4,14,4),(5,14,4),(6,14,4),(7,14,4),(8,14,4),(8,14,3),(9,14,3),(10,14,3),(10,13,3),(10,13,2),(10,13,1),(10,12,1),(10,11,1),(10,10,1),(11,10,1),(11,9,1),(12,9,1),(12,9,0),(12,8,0),
161:(3,8,4),(3,8,3),(4,8,3),(5,8,3),(6,8,3),(6,8,2),(6,8,1),(6,7,1),
162:(8,2,5),(7,2,5),(6,2,5),(6,2,4),(6,1,4),
163:(8,6,2),(9,6,2),(9,7,2),(9,8,2),(9,9,2),(10,9,2),(10,9,2),(10,9,3),
164:(7,7,3),(8,7,3),(8,7,2),(9,7,2),(10,7,2),(11,7,2),(12,7,2),(13,7,2),(13,7,1),(13,6,1),(13,5,1),(13,4,1),
165:(1,3,1),(2,3,1),(3,3,1),(3,3,0),(4,3,0),(4,4,0),
166:(9,2,0),(9,2,1),(8,2,1),(7,2,1),(6,2,1),(5,2,1),(4,2,1),(4,3,1),(4,4,1),(4,5,1),(4,5,2),(4,6,2),(4,7,2),(4,8,2),(4,8,3),(4,9,3),(4,9,4),(4,9,5),(4,10,5),(3,10,5),(3,11,5),(3,11,4),(3,12,4),(3,13,4),(3,14,4),
167:(10,14,0),(10,14,1),(9,14,1),(8,14,1),(7,14,1),(6,14,1),(6,14,2),(6,14,3),(6,13,3),(6,12,3),(6,11,3),(6,10,3),(6,9,3),(6,8,3),(6,7,3),(6,6,3),(6,5,3),(6,4,3),(6,3,3),
168:(5,0,2),(4,0,2),(3,0,2),(3,0,3),(3,1,3),(3,2,3),(3,3,3),(3,4,3),(3,5,3),(3,6,3),(3,7,3),(3,8,3),(3,9,3),
169:(2,8,3),(2,7,3),(2,7,4),(2,7,4),(2,6,4),(2,5,4),(2,5,5),(2,4,5),(2,3,5),(2,2,5),(3,2,5),(4,2,5),(4,1,5),(4,0,5),
170:(13,14,0),(13,13,0),(13,13,1),(13,12,1),(13,11,1),(13,10,1),(13,9,1),(12,9,1),(12,9,2),(12,8,2),(12,7,2),(11,7,2),(11,6,2),(10,6,2),(9,6,2),(9,6,1),(9,5,1),(9,4,1),(8,4,1),(7,4,1),(7,3,1),(7,3,2),(7,3,3),(7,2,3),(7,1,3),(6,1,3),(6,0,3),
171:(4,14,5),(3,14,5),(2,14,5),(2,13,5),
172:(0,4,3),(1,4,3),(1,4,2),(1,5,2),
173:(0,9,5),(1,9,5),(2,9,5),(3,9,5),(4,9,5),(5,9,5),(6,9,5),(7,9,5),(8,9,5),(9,9,5),(10,9,5),(11,9,5),(12,9,5),(12,9,4),(12,9,3),(12,9,2),
174:(9,12,1),(8,12,1),(7,12,1),(6,12,1),(5,12,1),(4,12,1),(3,12,1),(2,12,1),(2,11,1),(2,10,1),(2,9,1),(2,9,1),(2,8,1),(2,7,1),
175:(10,5,5),(11,5,5),(11,5,4),(12,5,4),(13,5,4),(13,5,3),(13,6,3),(13,7,3),(13,8,3),(13,9,3),(13,10,3),(13,11,3),
176:(10,12,0),(11,12,0),(12,12,0),(13,12,0),(13,12,1),(13,12,2),(13,12,3),(13,13,3),
177:(9,6,5),(8,6,5),(7,6,5),(6,6,5),(5,6,5),(4,6,5),(3,6,5),(3,6,4),(3,5,4),(3,5,3),(3,4,3),(3,4,2),(3,4,1),(2,4,1),(1,4,1),(1,4,0),
178:(7,5,3),(6,5,3),(5,5,3),(5,5,2),(4,5,2),(3,5,2),(2,5,2),(2,5,1),(1,5,1),(1,5,0),(1,6,0),
179:(6,6,0),(7,6,0),(7,6,1),(7,6,2),(7,5,2),(8,5,2),(8,4,2),(8,3,2),(8,2,2),(9,2,2),(9,2,3),(10,2,3),(11,2,3),(12,2,3),(13,2,3),(14,2,3),(14,1,3),(14,0,3),
180:(2,7,5),(3,7,5),(3,7,4),(3,6,4),(3,6,3),(3,6,2),(3,6,1),(3,5,1),
181:(4,10,3),(4,9,3),(4,9,3),(5,9,3),(5,8,3),(5,7,3),(5,6,3),(6,6,3),(6,5,3),(7,5,3),
182:(3,14,0),(4,14,0),(4,14,1),(5,14,1),(6,14,1),(6,14,2),(7,14,2),(8,14,2),(9,14,2),(10,14,2),(11,14,2),(11,14,3),(11,13,3),(11,13,4),
183:(12,2,0),(12,2,1),(13,2,1),(14,2,1),(14,2,2),(14,2,3),(14,2,4),(14,3,4),(14,4,4),(14,5,4),(14,6,4),(14,7,4),(14,7,5),(14,8,5),(14,9,5),
184:(7,9,4),(8,9,4),(9,9,4),(10,9,4),(11,9,4),(11,9,3),(11,8,3),(11,7,3),(11,6,3),(11,6,2),(11,6,1),(12,6,1),(12,5,1),(12,5,1),(12,4,1),(12,3,1),(12,2,1),(12,1,1),(12,0,1),(13,0,1),(13,0,0),
185:(10,10,4),(9,10,4),(8,10,4),(8,9,4),(8,9,5),(8,8,5),(8,7,5),(8,7,5),(8,6,5),(8,5,5),(7,5,5),(7,4,5),(7,3,5),(7,2,5),(7,1,5),(7,1,4),(7,0,4),
186:(14,7,0),(13,7,0),(12,7,0),(11,7,0),(11,6,0),(11,5,0),(10,5,0),(9,5,0),(9,5,0),(8,5,0),(8,5,1),(7,5,1),(6,5,1),(5,5,1),(4,5,1),(4,5,2),(4,5,3),(3,5,3),(3,4,3),
187:(12,13,4),(11,13,4),(10,13,4),(9,13,4),(8,13,4),(7,13,4),(7,13,3),(7,12,3),(7,11,3),(7,11,2),(7,10,2),(7,9,2),(7,8,2),(8,8,2),(8,8,1),(8,7,1),(7,7,1),(7,7,1),(7,6,1),(7,5,1),
188:(1,9,4),(2,9,4),(3,9,4),(3,8,4),(4,8,4),(5,8,4),(5,8,5),(6,8,5),(7,8,5),(8,8,5),(9,8,5),(10,8,5),(11,8,5),(12,8,5),(13,8,5),(13,7,5),(13,6,5),(13,5,5),(13,4,5),(13,3,5),(13,2,5),(13,2,4),(13,1,4),(13,0,4),(13,0,5),
189:(10,2,5),(9,2,5),(8,2,5),(7,2,5),(6,2,5),(5,2,5),(4,2,5),(3,2,5),(2,2,5),(2,2,4),(2,2,3),(2,2,2),(2,2,1),(2,2,0),(2,1,0),(2,0,0),
190:(4,6,5),(3,6,5),(2,6,5),(2,6,4),(2,6,3),(2,6,2),
191:(11,10,1),(10,10,1),(9,10,1),(8,10,1),(7,10,1),(6,10,1),(5,10,1),(4,10,1),(4,9,1),(4,9,1),(4,8,1),(4,8,0),
192:(11,3,4),(10,3,4),(9,3,4),(8,3,4),(7,3,4),(6,3,4),(5,3,4),(5,3,3),(5,4,3),(5,5,3),(5,6,3),(4,6,3),(4,7,3),
193:(0,7,3),(1,7,3),(2,7,3),(3,7,3),(4,7,3),(4,7,2),(5,7,2),(5,7,1),(5,7,0),(6,7,0),(6,6,0),(7,6,0),(8,6,0),(9,6,0),(10,6,0),(10,6,-1),(11,6,-1),(12,6,-1),(13,6,-1),(13,6,0),
194:(11,3,2),(10,3,2),(9,3,2),(8,3,2),(8,3,1),(7,3,1),(6,3,1),(5,3,1),(4,3,1),(4,4,1),(4,5,1),(4,6,1),(4,7,1),(4,8,1),(4,9,1),(4,10,1),(4,11,1),(4,12,1),(4,13,1),(4,14,1),
195:(0,12,5),(0,12,4),(0,11,4),(0,10,4),(0,9,4),(0,8,4),(0,7,4),(0,6,4),(1,6,4),(1,5,4),(1,5,3),(2,5,3),(2,4,3),(3,4,3),(3,4,2),(3,3,2),(3,2,2),
196:(6,4,4),(5,4,4),(4,4,4),(3,4,4),
197:(9,6,2),(10,6,2),(11,6,2),(12,6,2),(12,5,2),(12,4,2),(12,3,2),(13,3,2),(13,2,2),(13,1,2),
198:(11,10,3),(10,10,3),(10,9,3),(10,8,3),(10,7,3),(10,6,3),(10,6,4),(10,6,5),
199:(0,8,3),(1,8,3),(2,8,3),(2,8,4),(3,8,4),(4,8,4),(5,8,4),(5,9,4),(5,10,4),(5,11,4),
200:(2,3,3),(1,3,3),(1,2,3),(1,1,3),
201:(14,12,3),(13,12,3),(12,12,3),(11,12,3),(10,12,3),(9,12,3),(8,12,3),(8,12,2),(8,11,2),(8,10,2),(8,9,2),(8,8,2),(8,7,2),(8,6,2),(8,5,2),(7,5,2),(6,5,2),(5,5,2),(4,5,2),(4,4,2),(3,4,2),(3,3,2),
202:(5,12,2),(5,12,1),(4,12,1),(3,12,1),(2,12,1),(1,12,1),(1,13,1),
203:(7,6,4),(8,6,4),(9,6,4),(9,6,3),(10,6,3),(11,6,3),(12,6,3),(12,6,2),(12,5,2),
204:(6,11,1),(5,11,1),(5,11,2),(5,11,3),(5,10,3),
205:(11,12,4),(10,12,4),(9,12,4),(8,12,4),(7,12,4),(6,12,4),(6,12,3),(6,12,2),(6,11,2),(6,10,2),
206:(3,12,3),(4,12,3),(5,12,3),(6,12,3),(7,12,3),(7,12,4),(8,12,4),(9,12,4),(10,12,4),(11,12,4),(11,11,4),(11,10,4),
207:(7,12,3),(8,12,3),(9,12,3),(9,12,2),(9,12,1),(9,13,1),(9,14,1),
208:(14,11,5),(13,11,5),(13,10,5),(13,10,4),(13,9,4),(13,8,4),(13,7,4),(13,6,4),(13,6,3),(12,6,3),(12,5,3),(12,4,3),(12,3,3),(11,3,3),(10,3,3),(10,2,3),
209:(2,8,2),(1,8,2),(1,8,3),(1,8,4),(1,8,5),(1,7,5),(1,6,5),(1,5,5),(1,4,5),(1,3,5),(1,2,5),
210:(4,1,0),(5,1,0),(6,1,0),(7,1,0),(7,2,0),(7,3,0),(7,3,1),(7,4,1),(7,5,1),(7,6,1),(7,7,1),(7,8,1),(7,9,1),(7,9,2),(7,10,2),(7,11,2),(7,12,2),(7,13,2),
211:(3,12,2),(4,12,2),(5,12,2),(6,12,2),(6,11,2),(6,10,2),(6,10,3),(6,9,3),(6,8,3),(6,7,3),(7,7,3),(7,7,3),(7,7,4),(8,7,4),(9,7,4),(9,6,4),(10,6,4),(10,5,4),(10,4,4),(11,4,4),(11,3,4),(11,2,4),(11,1,4),(12,1,4),(12,0,4),(12,0,5),
212:(11,5,2),(10,5,2),(10,5,1),(10,6,1),(10,7,1),(10,8,1),
213:(4,5,1),(5,5,1),(5,6,1),(5,6,1),(5,7,1),(5,7,2),(5,7,3),(5,7,4),(5,7,5),(6,7,5),(7,7,5),
214:(13,14,2),(12,14,2),(11,14,2),(10,14,2),(10,13,2),(10,12,2),(10,11,2),(9,11,2),(9,11,2),(8,11,2),(7,11,2),(7,10,2),(7,9,2),(6,9,2),(6,8,2),(6,7,2),(6,6,2),
215:(9,0,4),(8,0,4),(7,0,4),(7,1,4),(7,2,4),(6,2,4),(5,2,4),(4,2,4),(4,3,4),(4,4,4),(4,5,4),(3,5,4),(3,6,4),(3,7,4),(2,7,4),
216:(9,8,0),(8,8,0),(7,8,0),(7,8,1),(7,7,1),(7,7,2),(7,6,2),(6,6,2),(5,6,2),(4,6,2),(3,6,2),
217:(5,11,3),(6,11,3),(7,11,3),(8,11,3),(8,11,4),(8,11,5),(8,10,5),(8,9,5),(8,8,5),(8,7,5),(8,6,5),(9,6,5),(9,5,5),
218:(0,3,2),(1,3,2),(2,3,2),(3,3,2),(3,3,1),(4,3,1),(4,3,0),(5,3,0),(6,3,0),(7,3,0),(8,3,0),(9,3,0),(9,2,0),(9,1,0),(9,1,0),(10,1,0),(11,1,0),(12,1,0),
219:(1,13,0),(2,13,0),(3,13,0),(4,13,0),(5,13,0),(6,13,0),(6,13,1),(6,12,1),(6,11,1),(7,11,1),(8,11,1),(9,11,1),(10,11,1),(10,10,1),(11,10,1),(11,9,1),(12,9,1),(13,9,1),(13,8,1),(13,7,1),(13,6,1),(13,5,1),(14,5,1),(14,4,1),
220:(8,12,2),(9,12,2),(10,12,2),(10,12,1),(10,12,0),(10,11,0),(10,10,0),
221:(14,14,1),(14,13,1),(14,12,1),(14,11,1),(14,10,1),(14,9,1),(14,8,1),(14,7,1),(14,6,1),(14,5,1),(15,5,1),(15,4,1),(15,3,1),(15,2,1),(15,1,1),(15,0,1),(14,0,1),
222:(11,9,2),(11,8,2),(10,8,2),(10,7,2),(10,6,2),(9,6,2),(8,6,2),(7,6,2),(7,6,1),(7,6,0),(7,5,0),(7,4,0),(7,3,0),(7,2,0),(7,1,0),
223:(6,0,2),(7,0,2),(8,0,2),(9,0,2),(9,1,2),(9,2,2),(10,2,2),(11,2,2),(12,2,2),(13,2,2),(13,3,2),(13,4,2),(13,5,2),(13,6,2),(13,7,2),(13,7,3),(13,7,4),(13,7,5),(13,8,5),(13,9,5),(13,10,5),(13,11,5),(13,12,5),
224:(6,8,4),(5,8,4),(4,8,4),(4,7,4),(3,7,4),(2,7,4),(1,7,4),(0,7,4),(0,6,4),
225:(1,0,0),(0,0,0),(0,0,1),(0,0,2),(0,0,3),(0,0,4),(0,0,5),(0,1,5),(0,2,5),(0,3,5),(0,4,5),(0,5,5),
226:(0,0,5),(1,0,5),(2,0,5),(3,0,5),(4,0,5),(5,0,5),(6,0,5),(7,0,5),(8,0,5),(9,0,5),(10,0,5),(10,0,4),(11,0,4),(11,1,4),(11,1,3),(11,1,2),(11,2,2),(11,3,2),(11,4,2),(11,5,2),
227:(5,7,0),(6,7,0),(7,7,0),(8,7,0),(8,8,0),(9,8,0),(9,8,1),(9,8,2),
228:(6,5,0),(6,5,0),(6,6,0),(5,6,0),(4,6,0),(3,6,0),(3,7,0),(3,8,0),(3,9,0),(3,10,0),(3,11,0),(3,12,0),(3,13,0),(3,14,0),
229:(11,0,5),(10,0,5),(9,0,5),(8,0,5),(8,1,5),(8,1,4),(8,1,3),(8,2,3),(8,3,3),(8,4,3),(8,5,3),(8,6,3),(7,6,3),(7,7,3),(7,7,3),(7,7,3),(6,7,3),
230:(10,11,5),(10,10,5),(11,10,5),(12,10,5),(13,10,5),(13,9,5),(13,8,5),(13,8,4),
231:(5,10,0),(6,10,0),(7,10,0),(7,9,0),(7,8,0),(7,7,0),(7,6,0),(8,6,0),(8,6,1),(8,5,1),(8,4,1),(8,3,1),(8,2,1),(9,2,1),(9,1,1),(9,0,1),
232:(3,14,1),(4,14,1),(5,14,1),(6,14,1),(6,14,0),(7,14,0),(8,14,0),(9,14,0),
233:(3,12,5),(3,12,5),(3,12,4),(2,12,4),(1,12,4),(1,12,3),(1,12,2),
234:(7,3,0),(6,3,0),(6,3,1),(5,3,1),(4,3,1),(4,3,0),(3,3,0),(2,3,0),
235:(1,10,4),(2,10,4),(2,9,4),(2,9,3),(2,8,3),(2,7,3),(2,6,3),(2,5,3),(2,5,2),(2,5,1),(2,4,1),(3,4,1),(3,3,1),
236:(5,0,3),(6,0,3),(7,0,3),(8,0,3),(8,1,3),(9,1,3),(10,1,3),(11,1,3),(12,1,3),(12,1,4),(12,1,5),(13,1,5),
237:(11,14,5),(10,14,5),(9,14,5),(8,14,5),(7,14,5),(6,14,5),(5,14,5),(4,14,5),(3,14,5),(3,13,5),(3,12,5),(2,12,5),(1,12,5),(1,11,5),(1,10,5),(1,9,5),(1,8,5),
238:(1,2,4),(0,2,4),(0,2,3),(0,3,3),(0,4,3),
239:(1,8,1),(2,8,1),(3,8,1),(4,8,1),(4,8,0),(4,9,0),(4,10,0),(4,11,0),
240:(11,6,5),(11,7,5),(11,8,5),(11,9,5),(11,10,5),(11,10,4),(11,11,4),(11,12,4),(11,13,4),(11,14,4),
241:(13,3,3),(12,3,3),(11,3,3),(11,3,4),(11,3,5),(11,2,5),(11,1,5),(11,0,5),
242:(12,10,1),(11,10,1),(10,10,1),(9,10,1),(8,10,1),(7,10,1),(7,10,0),(7,10,0),(7,9,0),
243:(6,10,4),(6,9,4),(6,8,4),(6,7,4),(6,6,4),(6,5,4),(6,5,4),(6,5,4),(7,5,4),
244:(5,11,4),(5,10,4),(5,9,4),(5,8,4),(5,7,4),(5,6,4),(5,5,4),(5,5,3),(5,5,2),(5,5,1),(5,5,0),
245:(8,7,3),(8,8,3),(7,8,3),(6,8,3),(6,9,3),(5,9,3),(4,9,3),(4,10,3),(4,11,3),(4,12,3),(4,13,3),
246:(5,8,3),(4,8,3),(4,7,3),(4,6,3),(4,6,4),(3,6,4),(2,6,4),(2,5,4),(2,5,5),(2,4,5),(2,3,5),(2,2,5),(2,1,5),(2,0,5),
247:(12,14,1),(13,14,1),(13,14,2),(13,13,2),(13,12,2),(13,11,2),(13,10,2),(13,9,2),(14,9,2),(14,8,2),(14,7,2),(14,6,2),(14,5,2),(14,4,2),(14,4,3),
248:(6,13,0),(7,13,0),(8,13,0),(8,13,1),(9,13,1),(10,13,1),(11,13,1),(12,13,1),(13,13,1),(13,13,2),(14,13,2),(14,13,3),(14,13,4),(14,12,4),(14,11,4),(14,10,4),(14,9,4),(14,8,4),(14,7,4),(14,7,5),
249:(2,4,2),(3,4,2),(4,4,2),(5,4,2),(6,4,2),(6,4,1),(7,4,1),(8,4,1),(8,5,1),(9,5,1),(9,6,1),(9,7,1),
250:(12,10,2),(11,10,2),(11,10,2),(10,10,2),(9,10,2),(8,10,2),(8,11,2),(8,11,2),(7,11,2),(6,11,2),(5,11,2),(5,12,2),
251:(6,11,4),(5,11,4),(5,10,4),(4,10,4),(4,9,4),(3,9,4),(3,8,4),(2,8,4),(2,7,4),(2,6,4),(2,5,4),
252:(11,4,0),(10,4,0),(9,4,0),(8,4,0),(7,4,0),(6,4,0),(6,4,1),(6,4,2),(5,4,2),(4,4,2),(3,4,2),(3,3,2),(2,3,2),(1,3,2),(0,3,2),(0,3,3),(0,3,4),(0,3,5),(0,2,5),(0,1,5),
253:(13,1,5),(12,1,5),(11,1,5),(10,1,5),(10,1,4),(9,1,4),(8,1,4),(7,1,4),(7,2,4),(6,2,4),(5,2,4),(4,2,4),(4,3,4),(4,4,4),(4,5,4),(3,5,4),(3,6,4),(3,7,4),(3,8,4),
254:(12,3,3),(12,4,3),(12,4,2),(12,4,1),(12,5,1),(12,6,1),(12,6,0),(12,7,0),(12,8,0),(12,9,0),(12,10,0),(12,11,0),(12,11,0),(11,11,0),(10,11,0),(9,11,0),
255:(7,5,4),(7,6,4),(8,6,4),(8,7,4),(9,7,4),(9,8,4),(10,8,4),(11,8,4),(12,8,4),(12,9,4),(13,9,4),(13,10,4),(13,11,4),(13,12,4),(13,13,4),
256:(8,10,5),(8,10,4),(8,10,3),(8,10,2),(8,10,2),(8,10,1),(9,10,1),
257:(3,2,0),(4,2,0),(5,2,0),(6,2,0),(6,3,0),(6,3,0),(7,3,0),(7,3,1),(7,4,1),(7,5,1),(7,6,1),(8,6,1),(8,7,1),(8,8,1),(9,8,1),(9,9,1),(9,9,2),(9,9,3),(9,10,3),(9,11,3),(9,12,3),(9,13,3),(9,14,3),
258:(11,8,2),(10,8,2),(9,8,2),(8,8,2),(8,8,1),(8,9,1),(8,10,1),(8,11,1),(8,12,1),(7,12,1),
259:(0,6,0),(1,6,0),(1,7,0),(1,8,0),(1,9,0),(1,10,0),(1,11,0),(1,12,0),(1,13,0),(1,14,0),(1,14,1),
260:(13,7,2),(12,7,2),(11,7,2),(11,7,3),(11,6,3),(11,6,4),(11,5,4),(10,5,4),(10,4,4),(9,4,4),(8,4,4),(8,4,4),(7,4,4),(6,4,4),(5,4,4),
261:(13,9,3),(12,9,3),(11,9,3),(11,9,2),(11,9,1),(11,10,1),(11,11,1),(11,12,1),
262:(11,8,0),(10,8,0),(9,8,0),(9,8,1),(9,8,2),(9,8,3),(9,8,4),(9,8,5),(9,9,5),(9,9,6),(8,9,6),(8,9,5),
263:(1,13,3),(2,13,3),(3,13,3),(3,12,3),(3,11,3),(3,10,3),(3,9,3),(3,8,3),(4,8,3),(5,8,3),(6,8,3),(6,7,3),(6,6,3),(7,6,3),(8,6,3),(8,6,2),(8,5,2),(8,5,1),(9,5,1),(10,5,1),(11,5,1),(12,5,1),(12,4,1),(12,4,2),(12,3,2),
264:(4,10,1),(5,10,1),(6,10,1),(7,10,1),(7,11,1),(7,12,1),(8,12,1),(9,12,1),(9,12,1),(8,12,1),
265:(12,8,1),(11,8,1),(10,8,1),(10,7,1),(9,7,1),(9,6,1),(8,6,1),(7,6,1),(6,6,1),(6,6,1),(5,6,1),(5,6,1),(4,6,1),(3,6,1),(2,6,1),(2,5,1),
266:(7,10,2),(6,10,2),(5,10,2),(4,10,2),(3,10,2),(2,10,2),(1,10,2),(1,11,2),(1,11,3),(1,12,3),
267:(10,11,0),(9,11,0),(8,11,0),(8,11,1),(8,11,2),(8,11,3),(9,11,3),(9,11,4),(9,12,4),(8,12,4),
268:(8,14,3),(8,13,3),(9,13,3),(10,13,3),(10,13,4),(10,12,4),(10,11,4),(10,11,5),(10,11,6),(10,10,6),(10,9,6),(10,8,6),(10,7,6),(10,6,6),(10,5,6),(10,4,6),(10,3,6),(10,2,6),(10,1,6),(10,1,5),(10,1,4),(10,1,3),
269:(11,2,3),(10,2,3),(9,2,3),(9,2,4),(8,2,4),(8,3,4),(7,3,4),(6,3,4),(5,3,4),(5,3,5),(5,4,5),(5,5,5),(5,6,5),(5,7,5),(5,8,5),
270:(1,4,2),(2,4,2),(3,4,2),(4,4,2),(5,4,2),(5,5,2),(5,6,2),(5,7,2),(5,8,2),(5,9,2),(5,10,2),(5,11,2),(6,11,2),(7,11,2),(8,11,2),(9,11,2),(10,11,2),(10,11,3),(10,12,3),(10,13,3),
271:(11,10,0),(10,10,0),(9,10,0),(9,10,0),(9,10,1),(9,10,2),(9,10,2),(9,10,3),(9,10,4),(8,10,4),
272:(1,9,3),(1,9,4),(1,9,5),(2,9,5),(3,9,5),(3,10,5),(3,11,5),(3,12,5),(4,12,5),(4,13,5),(5,13,5),(6,13,5),(7,13,5),(8,13,5),(9,13,5),(10,13,5),(10,13,6),(11,13,6),(12,13,6),(12,14,6),(12,14,5),
273:(13,5,2),(12,5,2),(11,5,2),(10,5,2),(9,5,2),(9,5,1),(8,5,1),(7,5,1),(6,5,1),(6,4,1),(5,4,1),(4,4,1),(4,3,1),(4,2,1),(3,2,1),(3,1,1),(2,1,1),(1,1,1),(1,1,0),(1,0,0),
274:(12,11,3),(11,11,3),(11,11,2),(11,10,2),(11,9,2),(11,8,2),(11,7,2),(11,7,2),(10,7,2),(9,7,2),(8,7,2),(8,6,2),(8,5,2),(7,5,2),(6,5,2),(5,5,2),(4,5,2),(4,4,2),(3,4,2),(3,3,2),(2,3,2),(1,3,2),(0,3,2),
275:(4,7,4),(5,7,4),(6,7,4),(6,6,4),(6,5,4),(6,4,4),(6,4,3),(6,3,3),(6,3,2),(6,2,2),(6,2,1),(6,2,0),(7,2,0),(7,1,0),(8,1,0),(9,1,0),
276:(4,4,1),(4,4,2),(5,4,2),(6,4,2),(7,4,2),(8,4,2),(8,4,3),(9,4,3),(10,4,3),(10,4,4),(11,4,4),(12,4,4),(12,5,4),(13,5,4),(13,5,5),(14,5,5),
277:(1,2,1),(2,2,1),(3,2,1),(3,2,0),(3,3,0),(3,4,0),(3,5,0),(4,5,0),(4,6,0),(4,7,0),(5,7,0),(6,7,0),(6,7,-1),(7,7,-1),(8,7,-1),(8,8,-1),(8,9,-1),(8,10,-1),(8,11,-1),(9,11,-1),(10,11,-1),(11,11,-1),(12,11,-1),(12,11,0),(12,12,0),(12,13,0),
278:(0,3,3),(0,3,2),(1,3,2),(2,3,2),(3,3,2),(4,3,2),(4,2,2),(4,1,2),(5,1,2),(6,1,2),(7,1,2),(7,2,2),
279:(12,7,0),(11,7,0),(10,7,0),(9,7,0),(8,7,0),(8,8,0),(7,8,0),(6,8,0),(6,8,1),(6,8,2),(6,9,2),(6,9,3),(6,9,4),(6,9,5),(6,10,5),(6,11,5),(6,12,5),(6,13,5),
280:(9,7,1),(8,7,1),(7,7,1),(6,7,1),(6,7,1),(6,8,1),(6,8,0),(6,8,-1),(6,8,-1),(6,8,0),
281:(9,1,0),(8,1,0),(8,1,1),(7,1,1),(7,2,1),
282:(13,3,5),(13,4,5),(12,4,5),(11,4,5),(10,4,5),(9,4,5),(8,4,5),(8,4,6),(7,4,6),(6,4,6),(5,4,6),(4,4,6),(3,4,6),(2,4,6),(2,4,5),(2,4,4),
283:(3,10,1),(4,10,1),(5,10,1),(6,10,1),(6,9,1),(7,9,1),(8,9,1),(8,9,2),(9,9,2),(9,9,1),(10,9,1),(11,9,1),(12,9,1),(12,8,1),(12,7,1),(12,6,1),(12,5,1),(12,4,1),(12,4,2),(12,4,3),(12,3,3),
284:(2,7,3),(3,7,3),(3,7,2),(4,7,2),(4,7,1),(4,7,0),(4,8,0),(4,8,0),(5,8,0),
285:(2,14,3),(3,14,3),(3,14,2),(4,14,2),(5,14,2),(5,13,2),(6,13,2),(7,13,2),(8,13,2),
286:(0,2,1),(0,2,2),(0,3,2),(0,4,2),(0,5,2),(0,6,2),(0,7,2),(0,8,2),(0,9,2),
287:(10,13,0),(9,13,0),(9,12,0),(8,12,0),(7,12,0),(7,11,0),(6,11,0),(5,11,0),(5,11,1),(4,11,1),(3,11,1),(2,11,1),(2,10,1),(2,9,1),(2,8,1),(1,8,1),(1,7,1),(1,6,1),(1,5,1),(1,4,1),(1,3,1),(1,2,1),(1,1,1),(0,1,1),(0,1,2),(0,1,3),
288:(11,14,2),(10,14,2),(9,14,2),(8,14,2),(7,14,2),(7,14,3),(6,14,3),(5,14,3),(4,14,3),(3,14,3),(2,14,3),(2,14,4),(2,13,4),(2,12,4),(2,12,5),(2,11,5),(2,10,5),(2,10,6),(2,9,6),(2,8,6),(2,7,6),(2,6,6),(2,5,6),(2,5,5),(2,4,5),
289:(7,14,4),(7,14,4),(7,13,4),(7,12,4),(7,11,4),(7,11,4),(7,12,4),
290:(12,12,1),(12,11,1),(12,10,1),(11,10,1),(10,10,1),(9,10,1),(9,9,1),(9,8,1),(8,8,1),(7,8,1),(6,8,1),(5,8,1),(5,7,1),(5,6,1),(4,6,1),(4,5,1),(4,4,1),
291:(4,2,3),(5,2,3),(6,2,3),(6,2,2),(6,2,2),(6,2,1),(6,2,0),(6,2,0),(7,2,0),(8,2,0),(9,2,0),(10,2,0),(10,2,1),
292:(8,5,5),(7,5,5),(6,5,5),(6,5,5),(6,6,5),(5,6,5),(4,6,5),(4,7,5),(4,8,5),(4,9,5),(4,10,5),(4,11,5),(4,12,5),(4,13,5),(3,13,5),(3,14,5),(2,14,5),
293:(11,7,5),(10,7,5),(9,7,5),(8,7,5),(8,6,5),(8,6,4),(8,5,4),(8,4,4),(8,3,4),(8,3,4),(8,3,3),(8,3,2),(7,3,2),(6,3,2),(6,2,2),(6,1,2),
294:(10,12,1),(10,11,1),(10,11,0),(10,10,0),(10,10,-1),(10,9,-1),(10,8,-1),(10,7,-1),(10,6,-1),(10,5,-1),(10,4,-1),(10,3,-1),(10,2,-1),(10,2,0),(10,1,0),(10,1,1),
295:(9,6,4),(9,6,5),(8,6,5),(7,6,5),(7,7,5),(6,7,5),(5,7,5),(5,7,5),(4,7,5),(3,7,5),
296:(14,8,2),(13,8,2),(12,8,2),(11,8,2),(11,8,3),(11,7,3),(11,6,3),(11,5,3),(11,4,3),
297:(13,8,5),(12,8,5),(12,8,4),(11,8,4),(10,8,4),(10,8,3),(9,8,3),(8,8,3),(8,8,2),(8,7,2),(8,6,2),(8,5,2),(8,4,2),
298:(1,11,2),(2,11,2),(2,11,3),(3,11,3),(4,11,3),(4,10,3),(4,10,4),
299:(13,10,0),(13,10,1),(13,10,2),(12,10,2),(11,10,2),(10,10,2),(10,10,3),(10,10,4),(10,10,5),(9,10,5),(9,9,5),(9,8,5),(8,8,5),(8,7,5),(8,6,5),(7,6,5),(6,6,5),(6,5,5),(6,4,5),(6,3,5),(5,3,5),
300:(10,10,1),(9,10,1),(8,10,1),(8,10,0),(7,10,0),(7,10,-1),(6,10,-1),(5,10,-1),(5,9,-1),(5,8,-1),(5,7,-1),(5,6,-1),(5,5,-1),(5,4,-1),(5,4,0),(5,3,0),
301:(5,5,2),(6,5,2),(7,5,2),(7,5,3),(8,5,3),(9,5,3),(9,5,4),(9,6,4),(9,7,4),(9,8,4),(9,9,4),(9,10,4),(9,11,4),(9,11,5),
302:(8,13,2),(9,13,2),(10,13,2),(11,13,2),(12,13,2),(12,13,2),(12,12,2),(12,11,2),(12,10,2),
303:(4,3,3),(3,3,3),(3,3,2),(3,4,2),(3,4,2),(3,4,2),(2,4,2),
304:(5,6,1),(4,6,1),(3,6,1),(2,6,1),(1,6,1),(1,7,1),(1,8,1),(1,9,1),
305:(5,7,1),(6,7,1),(6,7,2),(6,7,3),(7,7,3),(7,7,4),(8,7,4),(9,7,4),(9,7,5),(10,7,5),(11,7,5),(11,6,5),(12,6,5),
306:(4,8,1),(5,8,1),(6,8,1),(6,8,2),(6,7,2),(6,6,2),(6,5,2),(7,5,2),(7,5,3),(8,5,3),(9,5,3),(10,5,3),(10,5,4),(10,4,4),(11,4,4),(11,3,4),(11,2,4),(12,2,4),
307:(14,14,5),(13,14,5),(12,14,5),(11,14,5),(11,13,5),(10,13,5),(9,13,5),(8,13,5),(7,13,5),(7,12,5),(7,11,5),(7,11,4),(7,10,4),(7,9,4),(7,9,3),(7,9,2),(7,9,1),
308:(7,4,3),(6,4,3),(5,4,3),(4,4,3),(3,4,3),(3,3,3),(2,3,3),(1,3,3),
309:(5,3,4),(6,3,4),(6,3,3),(7,3,3),(7,3,3),(8,3,3),(8,3,2),(9,3,2),
310:(5,10,3),(6,10,3),(6,10,2),(6,9,2),(6,8,2),(6,7,2),(6,6,2),(6,5,2),(7,5,2),(7,4,2),
311:(12,3,1),(11,3,1),(10,3,1),(9,3,1),(9,3,1),(9,3,2),(9,4,2),(9,5,2),(9,5,3),(9,6,3),(9,6,4),(9,7,4),(9,8,4),(9,8,5),(9,9,5),(9,10,5),(8,10,5),(8,11,5),(8,12,5),(8,13,5),(8,14,5),
312:(11,0,1),(11,1,1),(11,2,1),(11,3,1),(11,4,1),(11,5,1),(11,6,1),(11,7,1),(11,7,2),(11,8,2),(11,9,2),(10,9,2),(10,10,2),(10,10,3),(10,11,3),(10,12,3),(10,13,3),(10,14,3),
313:(10,11,1),(9,11,1),(8,11,1),(7,11,1),(6,11,1),(5,11,1),(5,11,2),(5,10,2),(5,9,2),(5,9,3),(5,9,4),(5,8,4),(5,7,4),(4,7,4),
314:(12,12,0),(12,12,1),(11,12,1),(11,11,1),(10,11,1),(10,10,1),(10,9,1),(9,9,1),(9,8,1),(8,8,1),(7,8,1),(6,8,1),(5,8,1),(5,7,1),
315:(7,7,0),(8,7,0),(8,7,1),(8,7,2),(9,7,2),(9,7,3),(9,7,4),(9,8,4),(9,9,4),(9,10,4),(10,10,4),
316:(10,3,2),(9,3,2),(8,3,2),(7,3,2),(7,2,2),(6,2,2),(6,1,2),(6,0,2),(5,0,2),(4,0,2),(3,0,2),(2,0,2),
317:(11,6,3),(10,6,3),(10,6,3),(10,5,3),(10,4,3),(10,3,3),(10,2,3),(9,2,3),(8,2,3),(8,2,2),(8,2,1),(8,1,1),
318:(2,5,3),(3,5,3),(3,5,2),(4,5,2),(4,5,1),(5,5,1),(5,5,0),(5,4,0),(5,3,0),(5,2,0),(5,1,0),
319:(11,9,5),(10,9,5),(10,8,5),(10,7,5),(10,6,5),(10,5,5),(10,4,5),(10,3,5),(9,3,5),(8,3,5),(7,3,5),(6,3,5),(5,3,5),(5,2,5),(4,2,5),(3,2,5),(2,2,5),
320:(7,6,2),(8,6,2),(9,6,2),(10,6,2),(11,6,2),(12,6,2),(13,6,2),(14,6,2),(14,6,3),(14,7,3),
321:(9,6,0),(9,5,0),(10,5,0),(11,5,0),(11,5,0),(12,5,0),
322:(11,13,1),(10,13,1),(9,13,1),(9,12,1),(8,12,1),(8,12,0),(8,11,0),(7,11,0),(6,11,0),(5,11,0),(5,11,1),(4,11,1),(3,11,1),(3,10,1),
323:(8,0,4),(7,0,4),(6,0,4),(6,0,3),(5,0,3),(4,0,3),(3,0,3),(2,0,3),(1,0,3),(1,0,2),(1,0,1),(1,0,0),(1,1,0),(1,2,0),
324:(10,7,5),(10,7,4),(11,7,4),(11,6,4),(12,6,4),(13,6,4),(13,5,4),(13,5,3),(13,5,2),(14,5,2),(14,4,2),(14,3,2),(14,3,1),(14,3,0),(14,2,0),(14,1,0),
325:(7,11,2),(8,11,2),(8,10,2),(8,9,2),(8,8,2),(8,7,2),(9,7,2),(9,6,2),(9,6,2),(10,6,2),(11,6,2),(12,6,2),(12,6,3),(12,5,3),
326:(5,3,5),(6,3,5),(7,3,5),(7,4,5),(7,4,4),(7,5,4),(7,6,4),(7,7,4),(7,7,3),(7,8,3),(8,8,3),(9,8,3),(9,9,3),(9,10,3),(9,11,3),(9,12,3),(9,12,2),(9,13,2),(9,14,2),
327:(11,2,5),(10,2,5),(9,2,5),(8,2,5),(7,2,5),(6,2,5),(5,2,5),(4,2,5),(4,2,4),(4,3,4),(4,4,4),(4,5,4),(3,5,4),(3,5,3),(3,6,3),(3,7,3),
328:(3,11,4),(4,11,4),(5,11,4),(5,11,5),(6,11,5),(7,11,5),(8,11,5),(9,11,5),(10,11,5),(11,11,5),(11,10,5),(11,10,5),(11,9,5),(11,9,4),(11,8,4),
329:(1,10,2),(2,10,2),(3,10,2),(3,9,2),(4,9,2),(5,9,2),(6,9,2),(7,9,2),(8,9,2),(9,9,2),(10,9,2),(10,9,1),(11,9,1),(12,9,1),(12,8,1),(12,7,1),(12,6,1),(12,5,1),(12,4,1),(12,3,1),(13,3,1),(13,2,1),(13,1,1),(13,0,1),
330:(14,10,1),(14,10,2),(14,9,2),(14,9,3),(13,9,3),(13,8,3),(12,8,3),(11,8,3),(10,8,3),(10,7,3),(10,6,3),(9,6,3),(9,5,3),(8,5,3),(8,4,3),
331:(8,8,4),(9,8,4),(10,8,4),(10,8,4),(10,8,3),(11,8,3),(11,7,3),(11,6,3),(11,5,3),
332:(14,2,0),(13,2,0),(13,1,0),(13,1,1),(13,1,2),(13,1,3),
333:(4,14,4),(5,14,4),(5,13,4),(5,12,4),(6,12,4),(6,11,4),(7,11,4),(7,10,4),(7,9,4),(7,8,4),(7,8,3),
334:(14,13,3),(14,13,4),(14,13,5),(14,12,5),(14,11,5),(14,10,5),(14,9,5),(14,8,5),(14,7,5),(14,6,5),(14,5,5),(14,4,5),(14,3,5),(13,3,5),(12,3,5),(12,2,5),(12,2,6),(11,2,6),(11,1,6),(11,1,5),
335:(0,8,2),(0,9,2),(1,9,2),(2,9,2),(3,9,2),(4,9,2),(4,10,2),(4,11,2),(5,11,2),(5,12,2),(6,12,2),(7,12,2),(8,12,2),(9,12,2),(10,12,2),(11,12,2),(11,13,2),(11,13,1),(11,14,1),
336:(7,6,0),(8,6,0),(8,5,0),(9,5,0),(10,5,0),(10,5,1),(10,5,2),(10,5,3),(10,5,4),(11,5,4),(11,5,5),(12,5,5),(12,4,5),
337:(1,1,5),(2,1,5),(2,2,5),(2,3,5),(2,3,4),(2,4,4),(2,5,4),(3,5,4),(4,5,4),(4,6,4),(5,6,4),(5,6,3),(5,6,2),(5,7,2),(5,8,2),(6,8,2),(7,8,2),(7,9,2),(7,10,2),(8,10,2),(8,11,2),(9,11,2),(10,11,2),(11,11,2),
338:(5,10,2),(5,10,3),(6,10,3),(7,10,3),(8,10,3),(8,10,4),(9,10,4),(9,10,4),(10,10,4),(11,10,4),(11,9,4),(11,8,4),(11,7,4),
339:(3,4,5),(4,4,5),(5,4,5),(6,4,5),(7,4,5),(8,4,5),(8,4,4),(9,4,4),(9,4,3),(9,4,2),(9,4,1),(10,4,1),(11,4,1),(12,4,1),(12,3,1),(13,3,1),(13,2,1),(13,1,1),(13,1,1),(13,1,0),
340:(5,4,4),(5,5,4),(6,5,4),(7,5,4),(8,5,4),(9,5,4),(10,5,4),(10,4,4),(11,4,4),(11,4,4),(12,4,4),(13,4,4),
341:(2,6,2),(3,6,2),(4,6,2),(5,6,2),(6,6,2),(6,6,3),(7,6,3),(8,6,3),(9,6,3),(9,6,2),(10,6,2),(10,6,2),(10,6,3),
342:(13,0,0),(12,0,0),(11,0,0),(10,0,0),(10,0,1),(10,0,2),(9,0,2),(9,0,2),(9,0,3),
343:(12,11,4),(12,12,4),(12,13,4),(11,13,4),(11,13,3),(11,13,2),(12,13,2),
344:(3,5,4),(4,5,4),(4,6,4),(4,6,5),(4,7,5),(4,8,5),(4,8,5),(5,8,5),(6,8,5),(7,8,5),(8,8,5),(8,8,6),(8,8,6),(8,8,5),
345:(8,8,0),(7,8,0),(7,8,1),(7,8,2),(7,9,2),(7,10,2),(6,10,2),(6,10,2),(5,10,2),(4,10,2),(3,10,2),(3,11,2),
346:(13,7,3),(13,8,3),(13,9,3),(13,10,3),(13,11,3),(13,11,3),(12,11,3),(11,11,3),(10,11,3),(10,12,3),(9,12,3),(8,12,3),(7,12,3),(6,12,3),(6,12,4),
347:(0,2,3),(1,2,3),(2,2,3),(2,3,3),(2,4,3),(3,4,3),(3,5,3),(3,6,3),(3,7,3),(3,8,3),(3,9,3),(3,10,3),(3,11,3),(4,11,3),(5,11,3),(6,11,3),(7,11,3),(8,11,3),(8,12,3),(8,13,3),(8,13,4),
348:(1,3,5),(2,3,5),(3,3,5),(3,3,4),(3,3,3),(3,3,2),(3,3,1),(3,3,0),(4,3,0),(5,3,0),(6,3,0),(7,3,0),(8,3,0),(8,2,0),(8,2,0),(8,2,0),(9,2,0),
349:(6,3,4),(6,4,4),(5,4,4),(4,4,4),(4,5,4),(4,5,3),(4,5,2),(3,5,2),
350:(5,6,3),(6,6,3),(7,6,3),(8,6,3),(9,6,3),(9,6,3),(10,6,3),(10,7,3),(11,7,3),(11,7,2),(11,7,2),(11,8,2),(11,9,2),(11,10,2),(11,11,2),(12,11,2),(13,11,2),(13,12,2),
351:(14,3,2),(13,3,2),(12,3,2),(12,3,3),(12,3,4),(12,4,4),(12,5,4),(12,6,4),(12,7,4),(12,8,4),(12,9,4),(12,10,4),(12,11,4),(11,11,4),(10,11,4),(10,12,4),(10,12,5),(9,12,5),(9,12,5),(8,12,5),
352:(7,5,0),(7,5,1),(7,5,1),(7,5,2),(6,5,2),(6,5,3),(5,5,3),(5,6,3),(5,6,4),(5,6,5),(5,7,5),(5,8,5),(5,9,5),(4,9,5),(4,10,5),(4,11,5),(4,12,5),
353:(0,12,1),(1,12,1),(2,12,1),(2,12,2),(3,12,2),(4,12,2),(4,12,2),(5,12,2),(6,12,2),(7,12,2),(8,12,2),(9,12,2),(10,12,2),(11,12,2),(12,12,2),(13,12,2),(14,12,2),(14,12,3),(14,13,3),
354:(2,5,2),(1,5,2),(1,6,2),(1,7,2),(1,8,2),(1,9,2),(1,9,3),
355:(8,13,1),(7,13,1),(7,13,0),(7,12,0),(7,11,0),(6,11,0),(6,10,0),(6,10,0),(6,10,0),(6,9,0),
356:(0,5,0),(0,5,1),(1,5,1),(1,6,1),(1,7,1),(1,8,1),(1,9,1),(1,10,1),(2,10,1),(3,10,1),(4,10,1),(5,10,1),(6,10,1),(6,11,1),(6,12,1),(6,13,1),(6,14,1),(7,14,1),(8,14,1),(8,14,2),
357:(3,11,1),(4,11,1),(4,11,0),(5,11,0),(5,10,0),(5,9,0),(5,8,0),(5,7,0),(6,7,0),(6,6,0),(7,6,0),(7,5,0),(7,4,0),(8,4,0),(9,4,0),(10,4,0),(11,4,0),(11,3,0),(11,2,0),(11,1,0),(10,1,0),
358:(3,3,1),(3,2,1),(3,2,2),(2,2,2),(1,2,2),
359:(8,11,5),(9,11,5),(9,10,5),(10,10,5),(10,9,5),(11,9,5),(11,8,5),(11,8,6),(11,7,6),(11,6,6),(11,5,6),(11,4,6),(11,4,5),(11,3,5),(11,2,5),
360:(11,3,0),(10,3,0),(9,3,0),(8,3,0),(8,4,0),(7,4,0),(6,4,0),(6,4,1),(5,4,1),(5,4,2),(4,4,2),(4,5,2),(4,6,2),(4,7,2),(4,8,2),(4,8,3),(4,9,3),(4,9,4),(4,9,5),(4,10,5),(4,11,5),(4,11,4),
361:(2,0,2),(3,0,2),(3,1,2),(3,2,2),(4,2,2),(4,2,2),(5,2,2),(6,2,2),(7,2,2),(7,2,2),(8,2,2),(9,2,2),(10,2,2),(11,2,2),(11,3,2),(11,4,2),(11,5,2),(11,6,2),(11,7,2),
362:(12,7,4),(12,7,3),(12,8,3),(11,8,3),(11,9,3),(10,9,3),(9,9,3),(8,9,3),(7,9,3),(7,9,2),(7,9,1),(6,9,1),(5,9,1),(4,9,1),(4,10,1),(4,11,1),(4,12,1),(4,13,1),(3,13,1),(2,13,1),
363:(13,8,3),(12,8,3),(11,8,3),(11,9,3),(10,9,3),(9,9,3),(8,9,3),(8,10,3),(8,10,2),(7,10,2),(7,9,2),(6,9,2),(5,9,2),(5,9,2),(4,9,2),(3,9,2),(2,9,2),(2,9,3),
364:(4,4,3),(5,4,3),(5,3,3),(6,3,3),(6,2,3),(7,2,3),(7,2,4),(8,2,4),(9,2,4),(10,2,4),(10,2,5),(11,2,5),(12,2,5),(12,1,5),
365:(10,7,1),(9,7,1),(9,8,1),(8,8,1),(8,9,1),(8,9,2),(8,10,2),(8,10,1),(7,10,1),(6,10,1),(5,10,1),(5,11,1),(4,11,1),(3,11,1),(2,11,1),
366:(8,13,0),(8,13,1),(7,13,1),(6,13,1),(6,13,2),(6,13,3),(5,13,3),
367:(6,2,4),(7,2,4),(7,3,4),(7,4,4),(8,4,4),(9,4,4),(9,4,3),(9,4,2),(9,4,1),(9,4,0),(9,5,0),(10,5,0),(11,5,0),(11,6,0),
368:(14,4,1),(13,4,1),(13,4,0),(13,3,0),
369:(9,1,1),(9,1,0),(9,2,0),(9,3,0),(9,4,0),(9,4,1),(9,5,1),(9,6,1),(9,7,1),(9,8,1),(9,9,1),(9,9,2),(8,9,2),
370:(4,13,2),(4,13,3),(4,13,2),(3,13,2),(2,13,2),(2,13,1),(2,13,0),(2,12,0),(2,11,0),(2,10,0),(2,9,0),(2,8,0),(2,7,0),(2,6,0),(2,5,0),
371:(5,0,5),(4,0,5),(4,0,4),(4,0,3),(4,1,3),(3,1,3),(2,1,3),(2,2,3),(2,3,3),(2,4,3),(2,5,3),(2,6,3),(2,7,3),(2,8,3),(2,9,3),(2,9,2),(2,9,1),(2,10,1),
372:(11,1,1),(11,2,1),(11,3,1),(11,4,1),(12,4,1),(12,5,1),(12,5,1),(12,6,1),(12,7,1),(12,8,1),(13,8,1),(13,9,1),(13,10,1),(13,11,1),(13,12,1),(13,13,1),(13,13,2),(13,14,2),
373:(2,10,4),(2,10,3),(3,10,3),(3,10,2),(3,10,1),(3,9,1),
374:(0,7,5),(1,7,5),(2,7,5),(2,8,5),(2,8,4),(2,8,3),(2,9,3),(2,10,3),(3,10,3),(3,11,3),(3,12,3),(3,13,3),(3,14,3),
375:(12,6,2),(13,6,2),(14,6,2),(14,6,1),(14,6,0),(14,5,0),
376:(0,1,1),(1,1,1),(1,2,1),(2,2,1),(2,2,2),(2,2,3),(2,2,4),(2,3,4),(2,4,4),(2,5,4),(2,5,5),(3,5,5),
377:(7,0,4),(7,1,4),(8,1,4),(9,1,4),(9,2,4),(10,2,4),(11,2,4),(11,2,5),(12,2,5),(13,2,5),(13,3,5),(13,4,5),(13,5,5),(13,6,5),(13,7,5),(14,7,5),(14,8,5),
378:(2,13,1),(3,13,1),(3,13,2),(3,13,3),(3,12,3),(3,11,3),(3,10,3),(3,9,3),(4,9,3),(4,8,3),(5,8,3),(6,8,3),(6,7,3),(6,6,3),(6,5,3),(6,4,3),(6,4,4),
379:(13,6,4),(13,6,3),(13,6,2),(13,6,1),(13,6,0),(13,7,0),(13,8,0),(13,9,0),(13,10,0),(13,11,0),(13,12,0),(13,13,0),
380:(8,7,1),(7,7,1),(6,7,1),(5,7,1),(5,7,2),(5,8,2),(4,8,2),(4,9,2),(4,10,2),(4,11,2),(4,12,2),(3,12,2),(2,12,2),(2,13,2),
381:(0,14,5),(1,14,5),(1,14,4),(2,14,4),(3,14,4),(4,14,4),(5,14,4),(6,14,4),(6,14,3),(6,13,3),(6,12,3),(6,11,3),(6,10,3),(6,9,3),(6,8,3),(6,7,3),(6,6,3),(7,6,3),(8,6,3),(8,6,2),(8,5,2),(8,5,1),(8,4,1),(8,4,0),(8,3,0),
382:(3,8,5),(4,8,5),(5,8,5),(6,8,5),(6,7,5),(6,6,5),(6,5,5),(6,4,5),(6,4,4),(6,3,4),(6,2,4),(7,2,4),
383:(0,8,1),(0,8,2),(0,9,2),(0,10,2),(0,11,2),(0,12,2),
384:(12,5,1),(11,5,1),(11,5,0),(11,4,0),(10,4,0),(10,3,0),(10,2,0),(9,2,0),(9,1,0),(8,1,0),(7,1,0),(6,1,0),(6,0,0),(5,0,0),(4,0,0),(3,0,0),
385:(14,2,2),(13,2,2),(13,2,3),(12,2,3),(12,3,3),(12,4,3),(12,5,3),(12,6,3),(12,7,3),(12,8,3),(12,9,3),(11,9,3),(11,10,3),(11,10,3),(10,10,3),(9,10,3),(9,10,4),(9,10,5),(8,10,5),
386:(7,1,4),(6,1,4),(6,1,3),(6,1,2),(6,1,1),(5,1,1),(4,1,1),(3,1,1),(2,1,1),(1,1,1),(1,2,1),(1,3,1),(1,4,1),(1,5,1),(1,6,1),(1,7,1),(0,7,1),(0,8,1),(0,9,1),(0,10,1),(0,10,0),(0,11,0),(0,12,0),(0,13,0),(0,14,0),
387:(10,10,5),(9,10,5),(9,10,4),(9,10,3),(9,9,3),(9,9,2),(9,8,2),(9,7,2),(8,7,2),(8,7,1),(8,6,1),(8,6,0),(8,5,0),(7,5,0),(7,4,0),
388:(8,7,4),(8,7,5),(7,7,5),(7,8,5),(6,8,5),(6,9,5),(6,10,5),(6,11,5),(5,11,5),(5,12,5),(4,12,5),(3,12,5),(2,12,5),(1,12,5),
389:(1,12,1),(2,12,1),(3,12,1),(3,12,0),(4,12,0),(5,12,0),(6,12,0),(7,12,0),(8,12,0),(8,11,0),(9,11,0),(10,11,0),(11,11,0),(11,10,0),(11,10,-1),(12,10,-1),(13,10,-1),(14,10,-1),(14,9,-1),(14,8,-1),(14,7,-1),(14,6,-1),(14,5,-1),(14,4,-1),(14,4,0),(14,3,0),
390:(10,5,1),(9,5,1),(9,5,2),(9,6,2),(9,6,2),(9,7,2),(9,7,3),(9,8,3),(9,8,4),(9,9,4),(9,10,4),(9,10,5),(9,10,5),(9,10,5),(10,10,5),(10,9,5),(9,9,5),(9,9,5),(9,10,5),
391:(9,0,1),(8,0,1),(7,0,1),(6,0,1),(6,0,1),(6,1,1),(6,2,1),(6,3,1),
392:(0,13,0),(1,13,0),(2,13,0),(3,13,0),(3,12,0),(3,11,0),(3,10,0),(3,9,0),(4,9,0),(4,8,0),(4,7,0),(5,7,0),(6,7,0),(6,6,0),(6,6,1),(6,6,1),(7,6,1),(8,6,1),
393:(1,5,4),(2,5,4),(3,5,4),(3,5,5),(3,4,5),(3,3,5),(3,3,5),(4,3,5),
394:(4,9,0),(5,9,0),(5,10,0),(6,10,0),(6,11,0),(6,12,0),(7,12,0),(7,13,0),
395:(13,13,1),(12,13,1),(11,13,1),(10,13,1),(10,13,0),(9,13,0),(8,13,0),(8,14,0),(7,14,0),
396:(9,13,3),(9,13,3),(9,13,2),(8,13,2),(8,13,1),(8,12,1),(8,11,1),(8,11,0),(7,11,0),(6,11,0),(5,11,0),(5,10,0),(5,10,1),(5,9,1),
397:(14,4,3),(13,4,3),(13,4,2),(13,3,2),(12,3,2),(11,3,2),(11,2,2),(11,1,2),(10,1,2),(9,1,2),(8,1,2),(7,1,2),(6,1,2),(5,1,2),(5,0,2),(4,0,2),(3,0,2),
398:(7,12,4),(6,12,4),(5,12,4),(4,12,4),(3,12,4),(2,12,4),(1,12,4),(0,12,4),(0,12,3),(0,11,3),(0,10,3),
399:(6,9,0),(6,8,0),(5,8,0),(4,8,0),(3,8,0),(2,8,0),(2,7,0),(2,7,1),(2,7,2),(2,7,3),(2,7,4),(2,6,4),
400:(0,0,3),(1,0,3),(2,0,3),(2,0,4),(3,0,4),(4,0,4),(5,0,4),(5,0,5),(5,1,5),(5,2,5),(5,3,5),(5,4,5),
401:(1,12,5),(2,12,5),(3,12,5),(4,12,5),(4,11,5),(4,10,5),(4,9,5),(4,9,4),(4,8,4),(5,8,4),(5,7,4),(5,7,3),(5,7,2),(6,7,2),(6,6,2),(6,5,2),(6,5,1),(6,5,0),(6,4,0),(6,3,0),(6,2,0),(6,1,0),
402:(9,2,5),(8,2,5),(7,2,5),(6,2,5),(5,2,5),(4,2,5),(4,2,4),(4,2,3),(4,2,2),
403:(8,9,3),(9,9,3),(9,8,3),(8,8,3),(7,8,3),(6,8,3),(6,8,3),(6,8,3),(6,7,3),(6,6,3),(6,5,3),(6,4,3),(6,3,3),(6,2,3),
404:(0,14,1),(1,14,1),(2,14,1),(2,14,2),(2,14,3),(2,13,3),(2,12,3),(2,11,3),(2,10,3),
405:(7,3,4),(7,4,4),(6,4,4),(5,4,4),(4,4,4),(4,5,4),(4,6,4),(4,7,4),(3,7,4),(2,7,4),(1,7,4),(1,8,4),
406:(6,9,3),(7,9,3),(8,9,3),(8,10,3),(8,10,4),(8,11,4),
407:(7,1,1),(7,2,1),(7,3,1),(7,4,1),(7,4,1),(7,5,1),(7,6,1),(7,7,1),(7,8,1),(7,9,1),(7,10,1),(8,10,1),(8,10,2),(9,10,2),
408:(10,5,2),(9,5,2),(8,5,2),(8,6,2),(7,6,2),(7,6,3),(7,7,3),(7,7,2),(6,7,2),(5,7,2),(5,8,2),(5,9,2),(5,10,2),(4,10,2),(4,11,2),
409:(11,8,1),(10,8,1),(10,8,0),(9,8,0),(9,8,1),(9,8,2),(8,8,2),(8,7,2),(7,7,2),
410:(10,13,5),(11,13,5),(11,12,5),(12,12,5),(13,12,5),(13,11,5),(13,10,5),(13,9,5),(13,8,5),(14,8,5),(14,8,5),(14,8,4),(14,7,4),(14,6,4),(14,5,4),(14,4,4),(14,3,4),(14,3,3),(14,2,3),
411:(9,3,1),(9,3,0),(9,3,-1),(9,4,-1),(9,5,-1),(9,6,-1),(9,7,-1),(9,8,-1),(9,9,-1),(9,10,-1),(9,10,0),(9,11,0),(9,11,1),(9,12,1),(9,13,1),
412:(6,1,4),(6,1,5),(7,1,5),(8,1,5),(8,2,5),(8,3,5),(8,3,6),(9,3,6),(10,3,6),(10,4,6),(10,5,6),(10,6,6),(11,6,6),(11,7,6),(11,7,5),(11,8,5),(11,9,5),(11,10,5),
413:(11,7,4),(11,8,4),(11,9,4),(11,10,4),(11,10,3),(11,10,2),(11,10,1),(11,10,0),(11,10,-1),(10,10,-1),(9,10,-1),(8,10,-1),(7,10,-1),(6,10,-1),(5,10,-1),(4,10,-1),(3,10,-1),(2,10,-1),(2,10,0),
414:(10,14,4),(11,14,4),(11,14,3),(11,14,2),(11,13,2),(11,12,2),(11,11,2),(11,10,2),(11,10,1),(11,9,1),(11,8,1),(11,7,1),(11,6,1),(11,5,1),(11,4,1),(11,3,1),
415:(6,5,2),(7,5,2),(7,5,3),(6,5,3),(5,5,3),(5,5,4),(4,5,4),(4,5,5),(4,6,5),(4,7,5),(4,8,5),(3,8,5),(3,9,5),
416:(2,3,0),(3,3,0),(4,3,0),(4,4,0),(4,5,0),(4,6,0),(4,7,0),(3,7,0),(3,8,0),(3,9,0),(3,10,0),(4,10,0),
417:(7,3,2),(6,3,2),(6,4,2),(6,5,2),(5,5,2),(4,5,2),(4,6,2),(4,7,2),(4,8,2),(4,9,2),(4,10,2),(4,11,2),(4,12,2),(3,12,2),(3,12,1),
418:(4,2,5),(5,2,5),(5,2,4),(5,2,3),(5,1,3),(6,1,3),(7,1,3),(8,1,3),(8,1,2),(8,1,1),(8,0,1),
419:(11,13,3),(11,13,2),(11,12,2),(11,12,2),(12,12,2),(12,11,2),(12,10,2),(12,9,2),(12,8,2),(12,7,2),(12,7,3),(12,6,3),(12,5,3),(12,5,4),(12,4,4),(12,3,4),
420:(7,7,5),(6,7,5),(6,8,5),(6,8,4),(5,8,4),(5,8,3),(5,9,3),(4,9,3),(4,10,3),
421:(3,5,2),(4,5,2),(5,5,2),(5,5,1),(6,5,1),(6,6,1),(6,6,0),(6,6,-1),(7,6,-1),(8,6,-1),(9,6,-1),(10,6,-1),(11,6,-1),(12,6,-1),(13,6,-1),(14,6,-1),(14,6,0),(14,6,1),
422:(2,9,0),(3,9,0),(3,8,0),(3,7,0),(4,7,0),(5,7,0),(6,7,0),(6,6,0),(7,6,0),(7,5,0),(8,5,0),(8,5,1),(8,5,1),(8,5,2),(8,5,3),
423:(3,0,1),(4,0,1),(5,0,1),(5,0,0),(6,0,0),(7,0,0),(8,0,0),(8,1,0),(8,2,0),(9,2,0),(9,3,0),(9,4,0),(9,5,0),(9,5,-1),(9,6,-1),(9,7,-1),(9,8,-1),(9,9,-1),(9,10,-1),(9,10,0),
424:(10,1,1),(10,1,1),(10,1,2),(10,1,3),(10,1,3),(10,1,4),(9,1,4),(8,1,4),
425:(4,1,2),(4,2,2),(4,2,3),(4,2,4),(4,2,5),(4,3,5),(4,4,5),(5,4,5),(5,4,5),(5,5,5),(5,6,5),(5,7,5),(5,8,5),(5,9,5),(6,9,5),
426:(12,13,5),(12,13,4),(11,13,4),(10,13,4),(9,13,4),(8,13,4),(7,13,4),(6,13,4),(5,13,4),(5,12,4),(5,12,3),(5,11,3),(5,11,2),(5,10,2),(5,9,2),(5,8,2),(4,8,2),(4,8,1),(3,8,1),(3,8,0),
427:(8,8,2),(8,8,2),(8,8,3),(8,8,4),
428:(7,12,5),(8,12,5),(9,12,5),(10,12,5),(11,12,5),(12,12,5),(12,11,5),
429:(6,2,1),(6,2,2),(7,2,2),(8,2,2),(8,2,3),(8,2,3),(8,2,4),(8,2,5),(8,2,4),(8,2,3),
430:(2,1,4),(3,1,4),(4,1,4),(4,1,5),(5,1,5),(6,1,5),(7,1,5),(7,2,5),(7,3,5),(7,4,5),(8,4,5),(8,5,5),(8,6,5),(9,6,5),
431:(0,0,2),(0,1,2),(0,2,2),(0,3,2),(0,4,2),(0,5,2),(0,6,2),(0,6,1),(0,7,1),(0,7,1),(0,7,1),(0,7,1),(0,7,1),(0,7,1),(-1,7,1),(-1,7,1),(-1,7,1),(0,7,1),
432:(9,3,3),(10,3,3),(10,3,2),(10,3,1),(10,4,1),(10,4,0),(10,3,0),
433:(14,1,3),(13,1,3),(12,1,3),(11,1,3),(11,1,2),(10,1,2),(9,1,2),(8,1,2),(8,1,1),(8,2,1),(8,3,1),(7,3,1),(7,4,1),(6,4,1),(6,5,1),(5,5,1),(5,6,1),(4,6,1),(4,7,1),(4,8,1),(4,9,1),(4,10,1),(4,11,1),(3,11,1),(3,11,0),(2,11,0),(1,11,0),
434:(13,5,4),(12,5,4),(12,5,5),(11,5,5),(10,5,5),(9,5,5),(8,5,5),(7,5,5),(6,5,5),(6,6,5),(6,6,4),(5,6,4),(5,6,4),(5,7,4),
435:(10,1,4),(10,2,4),(10,3,4),(10,4,4),(10,5,4),(10,6,4),(10,6,5),(10,7,5),(10,8,5),(10,9,5),(10,10,5),(10,10,5),(11,10,5),(11,11,5),(11,12,5),(12,12,5),(12,13,5),
436:(5,2,4),(4,2,4),(3,2,4),(2,2,4),(1,2,4),(0,2,4),(0,1,4),(0,0,4),(0,0,3),
437:(7,13,1),(7,12,1),(7,12,0),(7,11,0),(8,11,0),(9,11,0),(9,10,0),(9,9,0),(10,9,0),(10,8,0),(10,7,0),(10,6,0),(10,5,0),(10,4,0),(11,4,0),(11,3,0),(11,2,0),(10,2,0),
438:(11,14,4),(11,14,3),(10,14,3),(9,14,3),(8,14,3),(8,14,3),(8,13,3),(8,12,3),(8,11,3),(8,10,3),(8,10,2),(8,9,2),(8,8,2),(8,7,2),(8,6,2),(8,5,2),(7,5,2),(6,5,2),(5,5,2),(4,5,2),(4,4,2),(4,3,2),(4,3,1),(4,2,1),(3,2,1),(3,1,1),(2,1,1),
439:(14,7,5),(13,7,5),(12,7,5),(11,7,5),(10,7,5),(10,6,5),(9,6,5),(8,6,5),(8,5,5),(8,4,5),(8,3,5),(7,3,5),(6,3,5),(5,3,5),(5,3,4),(4,3,4),(4,2,4),
440:(12,3,4),(12,4,4),(12,4,3),(12,4,3),(12,4,2),(12,4,1),(12,4,0),
441:(9,12,4),(9,11,4),(10,11,4),(10,10,4),(11,10,4),(11,10,3),(11,10,2),(11,9,2),(11,8,2),(11,8,1),(11,7,1),(11,6,1),(11,5,1),(11,4,1),(11,3,1),(11,2,1),(11,2,1),(11,2,2),
442:(0,12,0),(1,12,0),(2,12,0),(2,11,0),(3,11,0),(4,11,0),(5,11,0),(5,11,1),(5,10,1),(5,9,1),(5,8,1),(5,8,2),(6,8,2),(7,8,2),(8,8,2),(8,8,3),(9,8,3),(10,8,3),(11,8,3),(12,8,3),(13,8,3),(13,7,3),(13,7,4),(13,6,4),(13,5,4),
443:(6,12,4),(6,12,5),(7,12,5),(8,12,5),(9,12,5),(10,12,5),(11,12,5),(11,13,5),
444:(5,13,2),(5,13,1),(4,13,1),(4,12,1),(4,11,1),(4,10,1),(4,9,1),(4,8,1),(4,7,1),(4,7,1),(4,7,2),(3,7,2),
445:(9,9,0),(10,9,0),(10,9,-1),(11,9,-1),(11,9,0),
446:(2,13,3),(2,13,2),(2,12,2),(2,11,2),(2,10,2),(2,10,1),(2,9,1),(2,8,1),(3,8,1),(3,8,0),(3,7,0),(3,6,0),(4,6,0),(5,6,0),(6,6,0),(7,6,0),(8,6,0),(8,5,0),
447:(8,1,0),(8,2,0),(8,2,0),(9,2,0),(9,3,0),(9,4,0),(9,5,0),(9,6,0),(9,7,0),(9,8,0),(9,8,0),(9,8,1),(9,9,1),(10,9,1),(10,9,2),(10,10,2),(10,10,3),(10,10,3),(10,11,3),
448:(1,1,0),(2,1,0),(3,1,0),(4,1,0),(5,1,0),(6,1,0),(7,1,0),(7,2,0),(7,3,0),(8,3,0),(8,4,0),(8,4,1),(9,4,1),(10,4,1),(10,5,1),(11,5,1),(11,6,1),(11,7,1),(12,7,1),(12,7,2),
449:(8,0,5),(9,0,5),(9,1,5),(9,2,5),(10,2,5),(10,3,5),(11,3,5),(11,4,5),(11,5,5),(11,5,5),(12,5,5),(12,5,4),(13,5,4),(13,5,3),(13,6,3),(13,6,3),(12,6,3),
