soc=5616
lb_soc=4481
makespan=29
lb_makespan=25
comp_time=101855
highLevelExpanded=126
lowLevelExpanded=123507
solution=
0:(0,0,4),(1,0,4),(2,0,4),(3,0,4),(4,0,4),(5,0,4),(5,1,4),(5,2,4),(6,2,4),(6,3,4),(6,4,4),(6,5,4),
1:(10,2,2),(9,2,2),(8,2,2),(7,2,2),(6,2,2),(6,2,1),(6,3,1),(6,4,1),(6,5,1),(6,6,1),(6,7,1),
2:(9,3,2),(9,4,2),(9,5,2),(9,6,2),(9,7,2),(9,8,2),(9,9,2),(9,10,2),(9,11,2),
3:(4,6,1),(3,6,1),(2,6,1),(2,7,1),(2,8,1),(2,9,1),(2,10,1),(2,11,1),(2,12,1),
4:(9,6,4),(8,6,4),(7,6,4),(6,6,4),(5,6,4),(4,6,4),(3,6,4),(3,6,3),(3,7,3),
5:(12,13,1),(11,13,1),(10,13,1),(9,13,1),(8,13,1),(7,13,1),(6,13,1),(5,13,1),(5,13,2),(5,13,3),(5,13,4),(5,12,4),(5,11,4),(5,10,4),(5,9,4),(4,9,4),(4,8,4),(4,7,4),(4,6,4),(4,5,4),(4,4,4),(3,4,4),(2,4,4),(1,4,4),(0,4,4),(0,3,4),(0,2,4),(0,1,4),(0,0,4),
6:(7,10,5),(8,10,5),(8,10,4),(8,10,3),(8,10,2),(8,10,1),(8,10,0),(8,9,0),(8,8,0),(8,7,0),(8,6,0),(8,5,0),(8,4,0),(8,3,0),(8,2,0),
7:(4,2,0),(5,2,0),(6,2,0),(7,2,0),(8,2,0),(9,2,0),(9,2,1),(9,3,1),(9,4,1),
8:(1,10,0),(2,10,0),(3,10,0),(4,10,0),(5,10,0),(5,9,0),(5,8,0),(5,7,0),(6,7,0),(6,6,0),(7,6,0),(7,5,0),(7,4,0),(8,4,0),(9,4,0),(10,4,0),(11,4,0),(12,4,0),(13,4,0),(13,4,1),(13,3,1),(13,2,1),(14,2,1),
9:(1,11,0),(2,11,0),(3,11,0),(3,11,1),(3,10,1),(3,9,1),(3,8,1),(3,7,1),(3,6,1),(3,5,1),(3,4,1),(3,3,1),
10:(12,4,1),(11,4,1),(10,4,1),(9,4,1),(8,4,1),(7,4,1),(6,4,1),(5,4,1),(4,4,1),(3,4,1),(3,4,2),(3,5,2),(3,6,2),(3,7,2),(3,8,2),(3,9,2),
11:(11,12,3),(10,12,3),(10,12,4),(10,11,4),
12:(2,9,2),(3,9,2),(3,9,1),(3,9,0),(3,10,0),(3,11,0),(3,12,0),(3,13,0),
13:(13,11,4),(12,11,4),(12,10,4),(12,9,4),(12,8,4),(12,7,4),(12,6,4),(12,5,4),(12,4,4),(11,4,4),(10,4,4),(9,4,4),(8,4,4),(8,4,3),(7,4,3),(7,3,3),(7,2,3),
14:(5,13,3),(5,13,2),(5,13,1),(5,13,0),(6,13,0),(7,13,0),(7,12,0),(7,11,0),(7,11,-1),(7,10,-1),(7,9,-1),(7,8,-1),(8,8,-1),(8,7,-1),(8,6,-1),(8,5,-1),(8,4,-1),(8,3,-1),(8,2,-1),(8,2,-1),(9,2,-1),(9,2,0),
15:(5,10,5),(4,10,5),(3,10,5),(2,10,5),(1,10,5),(0,10,5),(0,10,4),(0,11,4),
16:(11,2,1),(10,2,1),(10,3,1),
17:(6,10,2),(7,10,2),(8,10,2),(9,10,2),(10,10,2),(11,10,2),(12,10,2),(12,9,2),(12,9,1),(12,8,1),(12,7,1),(13,7,1),(13,6,1),(13,5,1),(13,5,0),(14,5,0),
18:(13,8,2),(12,8,2),(11,8,2),(10,8,2),(9,8,2),(8,8,2),(7,8,2),(7,8,1),(7,7,1),(7,6,1),(7,5,1),(7,4,1),
19:(5,2,4),(5,2,4),(5,2,5),(5,3,5),(5,4,5),(5,5,5),(6,5,5),(6,6,5),(6,7,5),(7,7,5),(8,7,5),(8,8,5),(8,8,4),(8,9,4),(8,10,4),(8,10,3),
20:(11,7,4),(10,7,4),(9,7,4),(8,7,4),(7,7,4),(6,7,4),(5,7,4),(5,7,3),(5,7,2),(5,7,1),(5,6,1),
21:(9,11,4),(8,11,4),(7,11,4),(6,11,4),(5,11,4),(5,11,3),(5,11,2),(5,11,1),(5,11,0),(5,10,0),(5,9,0),(5,8,0),(5,7,0),(5,6,0),(5,5,0),(5,4,0),
22:(0,6,2),(1,6,2),(2,6,2),(3,6,2),(4,6,2),(5,6,2),(5,7,2),(5,8,2),(5,8,2),(6,8,2),(6,8,1),(7,8,1),(8,8,1),(8,7,1),(9,7,1),(10,7,1),(10,7,2),(10,8,2),(11,8,2),(12,8,2),(13,8,2),(14,8,2),
23:(12,1,2),(11,1,2),(10,1,2),(9,1,2),(8,1,2),(7,1,2),(6,1,2),(5,1,2),(4,1,2),(3,1,2),(3,0,2),
24:(3,10,3),(4,10,3),(5,10,3),(6,10,3),(7,10,3),(8,10,3),(9,10,3),(10,10,3),(11,10,3),(11,9,3),(11,8,3),(11,7,3),(11,6,3),(11,6,3),(12,6,3),(13,6,3),(14,6,3),(14,5,3),(14,4,3),
25:(10,10,3),(9,10,3),(8,10,3),(7,10,3),(7,11,3),(6,11,3),(5,11,3),(4,11,3),(3,11,3),(2,11,3),(2,12,3),
26:(3,1,5),(4,1,5),(5,1,5),(6,1,5),(7,1,5),(8,1,5),(9,1,5),(10,1,5),(11,1,5),(12,1,5),(13,1,5),(13,2,5),(13,3,5),(13,3,5),(13,4,5),(13,5,5),(13,6,5),(13,7,5),(13,8,5),(13,9,5),(14,9,5),(14,10,5),(14,11,5),(14,12,5),(14,13,5),
27:(12,0,5),(11,0,5),(10,0,5),(10,0,4),(10,0,3),(10,1,3),(10,2,3),(10,3,3),(10,4,3),(10,4,2),(10,4,1),(10,5,1),(10,6,1),(10,7,1),(10,8,1),(10,9,1),(10,10,1),
28:(9,0,5),(8,0,5),(7,0,5),(6,0,5),(5,0,5),(4,0,5),(3,0,5),(3,1,5),(3,2,5),(3,3,5),(3,4,5),(3,5,5),(2,5,5),(2,6,5),(2,7,5),(2,8,5),(2,8,4),(2,9,4),(2,9,3),
29:(12,11,5),(11,11,5),(10,11,5),(9,11,5),(8,11,5),(8,10,5),(8,9,5),(8,8,5),(8,7,5),(8,6,5),
30:(13,13,1),(13,13,2),(13,12,2),(13,11,2),(13,10,2),(13,9,2),(13,8,2),(13,7,2),
31:(2,4,2),(2,5,2),(2,5,2),(2,6,2),(2,7,2),(2,7,3),(2,8,3),(2,9,3),(2,9,4),(2,10,4),(2,11,4),(2,11,5),(3,11,5),(3,12,5),(3,13,5),
32:(1,6,5),(2,6,5),(3,6,5),(4,6,5),(5,6,5),(6,6,5),(7,6,5),(7,6,4),(7,6,3),(7,7,3),(7,7,4),(7,8,4),(7,8,3),(7,8,2),(7,8,2),(7,8,1),(7,8,0),(7,9,0),
33:(6,0,5),(5,0,5),(4,0,5),(3,0,5),(2,0,5),(2,0,4),(2,1,4),(2,1,3),(2,1,2),(2,2,2),(2,2,1),(2,2,0),(2,3,0),(2,4,0),(2,5,0),(2,6,0),(2,7,0),(2,8,0),(2,9,0),
34:(12,0,1),(11,0,1),(10,0,1),(9,0,1),(9,0,2),(9,0,3),(9,0,4),(9,1,4),(9,2,4),(9,3,4),(9,4,4),(9,5,4),
35:(11,0,3),(10,0,3),(9,0,3),(8,0,3),(7,0,3),(6,0,3),(5,0,3),(4,0,3),(3,0,3),(3,1,3),(2,1,3),(2,2,3),(2,3,3),(2,4,3),(2,5,3),(2,6,3),(2,7,3),(1,7,3),(1,8,3),(1,8,4),(2,8,4),(2,9,4),(2,10,4),(2,11,4),(2,12,4),(2,13,4),
36:(5,11,0),(6,11,0),(7,11,0),(7,11,-1),(7,10,-1),(7,9,-1),(7,8,-1),(8,8,-1),(9,8,-1),(9,7,-1),(9,7,0),(9,7,1),(9,7,2),
37:(8,1,5),(7,1,5),(6,1,5),(6,1,4),(5,1,4),(4,1,4),(3,1,4),(2,1,4),(1,1,4),(1,1,3),(1,1,2),(1,2,2),(1,3,2),
38:(10,5,2),(10,4,2),(10,3,2),(9,3,2),(9,2,2),(9,1,2),
39:(12,1,3),(13,1,3),(14,1,3),
40:(10,7,3),(11,7,3),(12,7,3),(13,7,3),(14,7,3),(14,7,2),(14,7,1),(14,7,0),(14,8,0),(14,9,0),
41:(2,1,2),(2,2,2),(2,2,2),(2,3,2),(2,4,2),(2,5,2),(2,6,2),(3,6,2),(3,7,2),(3,8,2),(3,8,1),(3,9,1),(4,9,1),(4,10,1),(4,11,1),(5,11,1),(6,11,1),(7,11,1),(8,11,1),(8,12,1),(8,13,1),(8,14,1),(9,14,1),(10,14,1),(11,14,1),
42:(13,11,5),(13,11,4),(13,11,3),(13,10,3),(13,9,3),(13,8,3),(13,7,3),(13,6,3),(13,5,3),(13,4,3),(13,4,3),(12,4,3),(11,4,3),(11,4,2),(11,3,2),
43:(8,8,3),(9,8,3),(10,8,3),(10,9,3),(10,9,2),
44:(4,9,4),(5,9,4),(6,9,4),(7,9,4),(7,9,3),(7,9,2),(7,9,1),(7,9,0),(7,10,0),(7,11,0),
45:(11,3,5),(10,3,5),(9,3,5),(9,3,4),(9,3,3),(9,3,2),(9,4,2),(9,5,2),(8,5,2),(8,6,2),(8,7,2),(8,8,2),(8,9,2),(8,10,2),
46:(2,3,1),(3,3,1),(4,3,1),(5,3,1),(6,3,1),(6,3,2),(6,3,3),(6,4,3),(6,5,3),(6,6,3),(6,7,3),(6,8,3),(6,9,3),
47:(4,4,1),(3,4,1),(2,4,1),(2,4,2),(2,4,3),(2,5,3),(2,6,3),(2,7,3),(2,8,3),
48:(14,2,3),(13,2,3),(12,2,3),(11,2,3),(10,2,3),(9,2,3),(9,3,3),
49:(5,5,4),(6,5,4),(7,5,4),(8,5,4),(9,5,4),(10,5,4),(10,5,5),(10,6,5),(10,7,5),(10,8,5),(10,9,5),(11,9,5),(11,10,5),(11,11,5),(11,12,5),(11,13,5),
50:(3,3,4),(4,3,4),(5,3,4),(5,4,4),(5,5,4),(5,6,4),(5,6,5),(5,7,5),(5,7,5),(6,7,5),(7,7,5),(8,7,5),(8,8,5),(9,8,5),(9,9,5),(10,9,5),(11,9,5),(11,10,5),(11,11,5),(11,12,5),(12,12,5),(13,12,5),(13,13,5),
51:(8,7,0),(9,7,0),(10,7,0),(11,7,0),(11,7,1),(11,7,2),(11,7,3),(11,7,4),(11,7,5),(11,8,5),
52:(0,9,2),(1,9,2),(2,9,2),(3,9,2),(4,9,2),(5,9,2),(5,9,3),(5,9,4),(5,9,5),(5,10,5),(5,11,5),(5,12,5),
53:(3,10,0),(4,10,0),(5,10,0),(6,10,0),(7,10,0),(8,10,0),(9,10,0),(10,10,0),
54:(10,8,2),(10,8,2),(10,9,2),(10,10,2),(10,11,2),(10,12,2),(9,12,2),(8,12,2),(7,12,2),(7,13,2),(7,13,1),(6,13,1),(6,13,0),(6,14,0),
55:(1,12,1),(1,11,1),(1,10,1),(1,9,1),(2,9,1),(2,9,0),(3,9,0),(4,9,0),(4,8,0),(4,8,-1),(5,8,-1),(6,8,-1),(7,8,-1),(8,8,-1),(9,8,-1),(10,8,-1),(10,8,0),(10,8,0),(10,8,1),(10,8,2),
56:(0,7,5),(1,7,5),(2,7,5),(2,6,5),(2,5,5),(3,5,5),(4,5,5),(5,5,5),(5,4,5),(6,4,5),(7,4,5),(8,4,5),(9,4,5),(9,4,4),(9,3,4),(9,2,4),(9,2,3),
57:(6,12,3),(7,12,3),(7,12,4),(7,11,4),(7,10,4),(7,9,4),(7,8,4),(7,7,4),(7,6,4),(7,5,4),(7,4,4),(7,3,4),
58:(11,5,4),(10,5,4),(9,5,4),(9,5,3),(8,5,3),(8,5,2),(8,5,1),(8,6,1),(8,7,1),(8,8,1),(8,8,0),(8,9,0),(8,10,0),(8,11,0),(8,11,-1),(8,12,-1),(8,13,-1),(8,13,0),
59:(14,8,3),(13,8,3),(12,8,3),(11,8,3),(10,8,3),(10,8,2),(9,8,2),(8,8,2),(8,8,1),(7,8,1),(7,7,1),(7,6,1),
60:(10,1,4),(11,1,4),(12,1,4),(12,1,5),(12,2,5),(12,3,5),(12,4,5),(12,5,5),
61:(11,4,4),(11,5,4),(12,5,4),(12,6,4),(12,7,4),(12,7,3),(12,8,3),(12,9,3),(12,10,3),(12,11,3),(12,12,3),(11,12,3),(10,12,3),(10,13,3),(10,14,3),(9,14,3),(8,14,3),
62:(13,14,0),(12,14,0),(11,14,0),(10,14,0),(9,14,0),(8,14,0),(7,14,0),(6,14,0),(6,14,-1),(6,13,-1),(6,12,-1),(6,11,-1),(6,10,-1),(6,9,-1),(6,8,-1),(6,7,-1),(6,7,0),(6,6,0),(6,6,1),(6,5,1),(6,5,2),(6,4,2),(6,3,2),(6,3,3),(6,2,3),(6,1,3),(6,0,3),
63:(1,4,3),(2,4,3),(3,4,3),(3,5,3),(4,5,3),(5,5,3),(6,5,3),(7,5,3),(8,5,3),(8,5,3),(8,5,4),(8,6,4),(9,6,4),(10,6,4),(11,6,4),(11,6,3),
64:(14,9,1),(14,9,2),(14,10,2),(14,11,2),(14,11,2),(13,11,2),
65:(6,13,1),(5,13,1),(4,13,1),(4,13,2),(4,12,2),(4,11,2),(4,10,2),(4,9,2),(4,8,2),(4,7,2),(4,6,2),
66:(12,10,5),(11,10,5),(10,10,5),(9,10,5),(8,10,5),(7,10,5),(6,10,5),(5,10,5),(4,10,5),(3,10,5),(2,10,5),(1,10,5),(0,10,5),(0,10,4),(0,9,4),(0,9,3),(0,8,3),(0,8,2),(0,7,2),(0,6,2),
67:(9,7,3),(10,7,3),(11,7,3),(11,7,3),(11,8,3),(11,9,3),(11,10,3),(12,10,3),(12,11,3),(12,12,3),(11,12,3),(11,13,3),
68:(3,12,3),(4,12,3),(5,12,3),(5,11,3),(5,10,3),
69:(2,5,5),(3,5,5),(4,5,5),(5,5,5),(6,5,5),(7,5,5),(8,5,5),(9,5,5),(10,5,5),(10,6,5),(10,7,5),(10,8,5),
70:(6,9,5),(7,9,5),(8,9,5),(9,9,5),(10,9,5),(11,9,5),(12,9,5),(13,9,5),(14,9,5),(14,9,4),(14,8,4),(14,8,3),(14,7,3),(14,6,3),(14,5,3),(14,4,3),(14,3,3),(14,2,3),(14,2,2),(14,2,1),(14,1,1),(14,0,1),
71:(14,14,0),(13,14,0),(12,14,0),(11,14,0),(10,14,0),(9,14,0),(8,14,0),(7,14,0),(6,14,0),(5,14,0),(5,14,1),(5,14,2),(5,14,3),(5,14,4),(5,13,4),(5,12,4),(5,11,4),(5,10,4),(5,9,4),(5,8,4),(5,7,4),(5,6,4),
72:(5,7,4),(6,7,4),(7,7,4),(7,6,4),(8,6,4),(9,6,4),(10,6,4),(11,6,4),(12,6,4),(13,6,4),(13,5,4),(13,4,4),(13,3,4),(13,2,4),
73:(1,14,4),(2,14,4),(3,14,4),(3,13,4),(3,12,4),(4,12,4),(4,11,4),(4,10,4),(4,10,3),(4,10,2),(4,10,1),(4,9,1),(5,9,1),(5,8,1),
74:(10,3,1),(9,3,1),(8,3,1),(7,3,1),(7,3,2),(7,3,3),(7,3,4),(6,3,4),(5,3,4),(4,3,4),(3,3,4),(3,4,4),(3,5,4),
75:(12,7,2),(11,7,2),(10,7,2),(9,7,2),(8,7,2),(7,7,2),(6,7,2),(5,7,2),(4,7,2),(3,7,2),(2,7,2),(1,7,2),(0,7,2),(0,7,1),(0,6,1),(0,5,1),(0,5,0),(0,4,0),
76:(1,14,1),(2,14,1),(3,14,1),(4,14,1),(5,14,1),(6,14,1),(7,14,1),
77:(1,1,1),(0,1,1),(0,1,2),(0,2,2),(0,3,2),(0,4,2),
78:(8,11,2),(9,11,2),(10,11,2),(11,11,2),(11,11,1),(11,11,0),(11,12,0),
79:(8,3,4),(7,3,4),(6,3,4),(6,3,3),(5,3,3),(4,3,3),(3,3,3),(2,3,3),(1,3,3),(1,2,3),
80:(5,9,2),(6,9,2),(6,9,1),(6,9,0),(6,8,0),(6,7,0),(6,6,0),(6,5,0),(6,4,0),
81:(1,3,0),(2,3,0),(3,3,0),(4,3,0),(5,3,0),(6,3,0),(7,3,0),(8,3,0),(9,3,0),(10,3,0),(11,3,0),(11,4,0),(11,5,0),(11,6,0),(11,7,0),(11,8,0),(11,9,0),(12,9,0),(12,10,0),
82:(0,12,5),(1,12,5),(1,12,4),(1,12,3),(1,12,2),(1,12,1),(1,11,1),(1,10,1),(1,9,1),(1,8,1),(1,7,1),
83:(9,13,4),(9,13,3),
84:(4,10,3),(4,9,3),(4,8,3),(4,7,3),(4,6,3),(4,5,3),(4,4,3),(4,4,4),(4,3,4),(4,2,4),(4,2,3),(4,1,3),
85:(2,11,3),(1,11,3),(1,11,2),(1,12,2),(1,13,2),(1,14,2),
86:(11,12,0),(11,12,1),(11,12,2),(11,12,3),(11,12,3),(11,11,3),
87:(8,3,2),(8,3,3),(8,2,3),(8,1,3),(8,0,3),(8,0,3),(9,0,3),
88:(0,3,2),(1,3,2),(2,3,2),(2,3,1),(2,4,1),(2,5,1),(2,6,1),(2,7,1),
89:(8,5,3),(9,5,3),(10,5,3),(11,5,3),(12,5,3),(12,5,2),(12,6,2),(12,7,2),(12,8,2),(12,9,2),(12,10,2),
90:(7,6,5),(6,6,5),(5,6,5),(5,6,4),(4,6,4),(3,6,4),(2,6,4),(2,6,3),(2,7,3),(2,7,2),(2,8,2),(2,8,1),(1,8,1),
91:(11,11,2),(10,11,2),(10,11,3),(9,11,3),(9,11,4),(9,11,5),(9,10,5),
92:(8,14,5),(8,13,5),(8,12,5),(8,12,6),(8,11,6),(8,10,6),(8,9,6),(8,8,6),(8,7,6),(8,6,6),(8,5,6),(8,5,5),(8,5,4),(8,5,3),(8,4,3),(8,3,3),(8,2,3),(8,2,2),
93:(12,6,2),(11,6,2),(10,6,2),(10,6,1),(9,6,1),(8,6,1),(7,6,1),(6,6,1),(5,6,1),(5,5,1),(5,4,1),(5,3,1),(5,2,1),(5,1,1),
94:(0,2,5),(1,2,5),(1,2,4),(1,2,3),(1,2,2),(1,2,1),(1,2,0),(1,3,0),(1,4,0),(1,5,0),
95:(1,4,2),(2,4,2),(3,4,2),(4,4,2),(5,4,2),(6,4,2),(7,4,2),(7,5,2),
96:(13,4,5),(12,4,5),(11,4,5),(10,4,5),(9,4,5),(8,4,5),(7,4,5),(6,4,5),(6,5,5),(6,6,5),(6,7,5),(6,8,5),(6,9,5),
97:(11,10,0),(10,10,0),(9,10,0),(8,10,0),(8,10,1),(7,10,1),(6,10,1),(5,10,1),(4,10,1),(3,10,1),(2,10,1),(2,10,2),(2,9,2),(2,8,2),(2,7,2),(2,6,2),(2,5,2),(2,4,2),(2,3,2),(2,2,2),(2,1,2),(1,1,2),
98:(13,10,0),(12,10,0),(11,10,0),(10,10,0),(9,10,0),(9,10,1),(8,10,1),(7,10,1),(6,10,1),(6,10,2),(6,10,3),(6,10,4),(6,11,4),
99:(9,4,4),(8,4,4),(7,4,4),(6,4,4),(5,4,4),(4,4,4),(3,4,4),(3,3,4),(3,2,4),
100:(0,6,4),(1,6,4),(2,6,4),(3,6,4),(3,6,3),(4,6,3),(5,6,3),(6,6,3),(6,6,2),(6,7,2),(7,7,2),(7,7,1),(7,8,1),(7,9,1),(8,9,1),(8,10,1),(8,11,1),(8,12,1),(9,12,1),(9,13,1),
101:(5,5,1),(6,5,1),(7,5,1),(8,5,1),(9,5,1),(10,5,1),(11,5,1),(12,5,1),(13,5,1),(14,5,1),(14,5,2),(14,5,3),(14,5,4),
102:(13,11,0),(13,11,1),(13,11,2),(13,11,3),(13,10,3),(13,9,3),(13,8,3),(13,7,3),(13,6,3),(13,5,3),(13,5,3),(13,5,4),
103:(6,4,2),(6,4,3),(6,4,4),(6,5,4),(6,6,4),
104:(4,12,5),(3,12,5),(2,12,5),(1,12,5),(0,12,5),(0,11,5),(0,10,5),(0,9,5),(0,9,4),(0,8,4),(0,7,4),(0,6,4),(0,5,4),(0,4,4),(0,3,4),(0,3,3),(0,3,2),(0,2,2),
105:(5,13,2),(6,13,2),(7,13,2),(8,13,2),(9,13,2),(9,13,1),(9,12,1),(9,11,1),(10,11,1),(10,10,1),(10,9,1),(10,8,1),(10,7,1),(11,7,1),(12,7,1),(13,7,1),(13,6,1),(13,5,1),(13,5,0),(13,4,0),(14,4,0),
106:(3,5,4),(4,5,4),(5,5,4),(5,5,3),(6,5,3),(6,4,3),(6,4,2),(6,3,2),(6,2,2),(6,2,1),(7,2,1),(8,2,1),(9,2,1),(9,1,1),(9,0,1),
107:(9,13,2),(10,13,2),(11,13,2),(11,13,3),(11,13,4),(11,12,4),(11,11,4),(11,10,4),(11,9,4),(11,8,4),(11,7,4),(11,6,4),(11,5,4),(11,4,4),(12,4,4),(12,3,4),(12,2,4),(11,2,4),(11,1,4),
108:(4,3,4),(5,3,4),(5,3,3),(5,4,3),(5,5,3),(5,6,3),(6,6,3),(6,7,3),(6,8,3),(6,8,3),(6,9,3),(7,9,3),(7,9,2),(8,9,2),
109:(5,2,3),(4,2,3),(3,2,3),(2,2,3),(2,1,3),(2,0,3),
110:(7,1,5),(6,1,5),(6,2,5),(5,2,5),(4,2,5),(3,2,5),(2,2,5),(1,2,5),(1,3,5),(1,4,5),(0,4,5),(0,5,5),(0,6,5),
111:(7,4,4),(6,4,4),(5,4,4),(4,4,4),(3,4,4),(2,4,4),(2,4,5),
112:(5,3,3),(6,3,3),(7,3,3),(7,3,2),(7,2,2),
113:(7,8,4),(7,8,3),(7,8,2),(7,9,2),(7,10,2),
114:(11,9,2),(10,9,2),(9,9,2),(8,9,2),(7,9,2),(6,9,2),(5,9,2),(5,9,2),(4,9,2),(3,9,2),(2,9,2),(1,9,2),(0,9,2),
115:(7,12,2),(6,12,2),(5,12,2),(4,12,2),(3,12,2),(3,12,1),(3,13,1),(3,14,1),
116:(5,4,0),(6,4,0),(7,4,0),(8,4,0),(9,4,0),(10,4,0),(11,4,0),(12,4,0),(12,4,1),(12,5,1),(12,5,1),(12,5,2),(12,6,2),(12,6,3),(12,7,3),
117:(10,1,2),(9,1,2),(9,1,3),(9,1,4),(9,2,4),(9,3,4),(9,4,4),(9,5,4),(9,6,4),(9,7,4),(9,8,4),
118:(3,1,2),(3,1,3),(2,1,3),(2,1,4),(2,1,5),(2,2,5),(2,3,5),
119:(13,5,5),(12,5,5),(11,5,5),(10,5,5),(10,6,5),(10,7,5),(9,7,5),(9,7,5),(9,7,4),(9,7,3),
120:(14,4,0),(13,4,0),(12,4,0),(11,4,0),(11,4,1),(11,4,2),(11,5,2),(11,6,2),
121:(3,13,4),(4,13,4),(5,13,4),(6,13,4),(7,13,4),(7,12,4),(7,11,4),(7,10,4),(7,9,4),
122:(5,3,4),(6,3,4),(6,2,4),(6,2,4),(6,1,4),
123:(14,6,0),(13,6,0),(12,6,0),(11,6,0),(10,6,0),(9,6,0),(8,6,0),(7,6,0),(7,5,0),(7,4,0),(7,3,0),(7,2,0),(6,2,0),(6,2,0),(5,2,0),(4,2,0),(4,1,0),
124:(12,14,3),(13,14,3),(13,14,2),(13,14,1),(13,14,0),(13,13,0),(13,12,0),(13,11,0),(13,10,0),(13,9,0),(13,8,0),(13,7,0),(13,6,0),(13,5,0),(13,4,0),(13,3,0),
125:(9,10,1),(8,10,1),(7,10,1),(6,10,1),(5,10,1),(4,10,1),(3,10,1),(3,9,1),(3,8,1),(3,7,1),(3,6,1),(2,6,1),(1,6,1),(1,5,1),(1,4,1),(1,3,1),
126:(14,7,5),(13,7,5),(12,7,5),(11,7,5),(10,7,5),(9,7,5),(8,7,5),(8,6,5),(7,6,5),(7,5,5),(6,5,5),(5,5,5),(4,5,5),(3,5,5),(2,5,5),(1,5,5),(1,4,5),(1,3,5),
127:(2,2,3),(3,2,3),(3,2,2),(4,2,2),(5,2,2),(6,2,2),(6,2,1),(7,2,1),(8,2,1),(9,2,1),(9,2,0),(9,3,0),(9,4,0),(9,5,0),
128:(3,6,5),(4,6,5),(4,6,4),(4,6,3),(5,6,3),(6,6,3),(7,6,3),(8,6,3),(9,6,3),(10,6,3),(11,6,3),(12,6,3),(13,6,3),(13,7,3),
129:(2,9,3),(3,9,3),(4,9,3),(5,9,3),(6,9,3),(7,9,3),(7,9,4),(7,9,5),(7,10,5),(7,11,5),(7,12,5),(7,13,5),
130:(13,5,2),(12,5,2),(11,5,2),(10,5,2),(9,5,2),(9,6,2),(8,6,2),(8,7,2),(7,7,2),(7,8,2),(6,8,2),(5,8,2),(4,8,2),(3,8,2),(3,9,2),(3,10,2),(2,10,2),(1,10,2),(0,10,2),
131:(3,2,4),(4,2,4),(5,2,4),(5,1,4),(5,1,5),(5,0,5),
132:(5,7,5),(4,7,5),(3,7,5),(3,7,4),(2,7,4),(1,7,4),(1,7,3),(1,7,2),(1,8,2),(1,9,2),(1,9,1),(1,10,1),(1,11,1),(1,12,1),(1,13,1),
133:(10,11,1),(9,11,1),(8,11,1),(7,11,1),(7,12,1),
134:(4,2,5),(5,2,5),(5,3,5),(5,4,5),(5,5,5),(5,5,4),(5,5,3),(5,6,3),(5,7,3),
135:(4,13,3),(5,13,3),(6,13,3),(7,13,3),(8,13,3),(8,13,4),(9,13,4),(10,13,4),(11,13,4),(11,12,4),(11,11,4),(12,11,4),(12,10,4),(12,9,4),(12,8,4),(12,7,4),(12,6,4),(13,6,4),(13,6,3),(13,5,3),(13,4,3),(13,4,4),
136:(4,3,3),(4,4,3),(4,4,4),(4,4,5),(4,5,5),(4,6,5),(4,7,5),(4,8,5),(4,9,5),(4,10,5),(4,10,5),(3,10,5),
137:(8,14,0),(7,14,0),(7,13,0),(7,12,0),(7,11,0),(7,10,0),(7,9,0),(7,8,0),(6,8,0),(6,8,0),(6,7,0),(5,7,0),(5,6,0),(5,5,0),(5,4,0),(5,3,0),(4,3,0),
138:(3,0,0),(4,0,0),(5,0,0),(6,0,0),(7,0,0),(8,0,0),(9,0,0),(10,0,0),(11,0,0),(11,1,0),(11,2,0),(11,3,0),(11,4,0),(11,5,0),(11,6,0),(11,7,0),(11,7,1),(11,8,1),(11,9,1),(11,9,2),(12,9,2),(12,9,3),(12,10,3),(12,11,3),(12,11,4),
139:(7,13,3),(8,13,3),(8,13,4),(9,13,4),(10,13,4),(11,13,4),(11,12,4),(11,11,4),(11,10,4),(11,9,4),(11,8,4),(11,7,4),(11,6,4),(11,5,4),(11,4,4),(12,4,4),(13,4,4),(13,3,4),
140:(8,7,1),(7,7,1),(6,7,1),(5,7,1),(4,7,1),(3,7,1),(3,7,2),(3,7,3),(3,7,4),(3,6,4),
141:(10,13,3),(10,13,3),(10,12,3),(10,11,3),(9,11,3),(8,11,3),(7,11,3),(6,11,3),(5,11,3),(4,11,3),(4,10,3),(4,9,3),(4,9,4),(4,8,4),(4,7,4),(4,7,3),(4,6,3),(3,6,3),(2,6,3),(2,5,3),
142:(12,8,4),(11,8,4),(10,8,4),(10,8,3),(10,8,2),(10,8,1),(9,8,1),(9,8,1),(9,9,1),
143:(14,13,0),(13,13,0),(12,13,0),(11,13,0),(10,13,0),(9,13,0),(8,13,0),(7,13,0),(6,13,0),(6,13,1),(6,12,1),(6,11,1),(6,10,1),
144:(7,4,3),(7,5,3),(6,5,3),(6,6,3),(6,7,3),(6,8,3),(6,9,3),(6,10,3),(6,11,3),(5,11,3),(5,12,3),(5,13,3),
145:(3,5,0),(2,5,0),(1,5,0),(0,5,0),(0,5,1),(0,5,2),(0,5,3),(0,5,4),(0,5,5),(0,6,5),(0,7,5),(0,8,5),(0,9,5),(0,10,5),
146:(9,3,3),(10,3,3),(11,3,3),(11,3,2),(11,3,1),(11,2,1),(11,1,1),
147:(5,6,3),(6,6,3),(7,6,3),(8,6,3),(9,6,3),(10,6,3),(11,6,3),(11,5,3),(11,4,3),(11,3,3),(12,3,3),(12,2,3),(12,1,3),(13,1,3),(12,1,3),(12,0,3),
148:(14,0,2),(13,0,2),(12,0,2),(11,0,2),(10,0,2),(9,0,2),(8,0,2),(7,0,2),(6,0,2),(5,0,2),(5,1,2),(5,2,2),(5,3,2),(5,3,1),(4,3,1),(4,4,1),(4,5,1),(4,6,1),(4,7,1),(4,8,1),(4,9,1),(4,10,1),(4,10,0),(4,11,0),(3,11,0),(3,12,0),
149:(13,9,4),(12,9,4),(11,9,4),(10,9,4),(9,9,4),(8,9,4),(8,9,3),(7,9,3),(6,9,3),(5,9,3),(4,9,3),(3,9,3),(2,9,3),(1,9,3),(1,9,2),(1,10,2),(0,10,2),(0,10,1),(0,11,1),(0,12,1),(0,13,1),
150:(8,2,3),(9,2,3),(10,2,3),(10,2,2),(10,3,2),
151:(9,8,0),(8,8,0),(7,8,0),(6,8,0),(5,8,0),(4,8,0),(3,8,0),(2,8,0),(1,8,0),(0,8,0),(0,8,1),(0,7,1),(0,6,1),(0,5,1),(0,4,1),(0,3,1),(0,2,1),(0,1,1),(0,0,1),
152:(13,3,0),(12,3,0),(11,3,0),(10,3,0),(9,3,0),(8,3,0),(8,3,1),(7,3,1),(6,3,1),(5,3,1),(4,3,1),(4,4,1),(3,4,1),(3,4,2),(2,4,2),(1,4,2),(1,4,3),(1,4,4),(0,4,4),(0,4,5),(0,5,5),
153:(14,1,1),(14,1,2),(14,2,2),(14,3,2),(14,4,2),(14,5,2),(14,6,2),(14,7,2),(14,8,2),(14,9,2),(14,10,2),(14,11,2),(14,11,3),(14,12,3),(14,13,3),(14,14,3),
154:(0,8,0),(1,8,0),(2,8,0),(3,8,0),(4,8,0),(4,8,1),(5,8,1),(6,8,1),(7,8,1),(7,9,1),(8,9,1),(8,9,2),(8,10,2),(9,10,2),(10,10,2),(11,10,2),(11,9,2),(12,9,2),(13,9,2),(14,9,2),
155:(5,9,4),(6,9,4),(7,9,4),(8,9,4),(8,9,3),(9,9,3),(9,8,3),(9,8,2),
156:(8,14,4),(7,14,4),(6,14,4),(6,14,3),(6,14,2),(6,13,2),(6,12,2),(6,12,1),(6,11,1),(6,10,1),(6,9,1),
157:(2,2,0),(3,2,0),(3,2,1),(3,1,1),
158:(6,11,2),(5,11,2),(4,11,2),(3,11,2),(2,11,2),(2,10,2),(2,9,2),(2,8,2),(2,7,2),(2,6,2),(2,5,2),(2,4,2),(2,3,2),(2,2,2),(1,2,2),
159:(7,6,2),(6,6,2),(5,6,2),(4,6,2),(4,6,1),(4,6,0),(4,7,0),
160:(4,9,3),(5,9,3),(6,9,3),(6,9,4),(6,9,5),(6,10,5),(6,11,5),(6,12,5),(6,13,5),
161:(11,10,3),(10,10,3),(9,10,3),(9,10,4),(8,10,4),(7,10,4),(6,10,4),(5,10,4),(4,10,4),(3,10,4),(3,9,4),(3,8,4),
162:(0,5,0),(1,5,0),(1,5,1),(2,5,1),(3,5,1),(4,5,1),(4,4,1),(4,3,1),(5,3,1),(5,2,1),(6,2,1),
163:(14,5,3),(13,5,3),(12,5,3),(12,5,2),(11,5,2),(10,5,2),(9,5,2),(8,5,2),(8,5,1),(8,6,1),
164:(9,3,1),(8,3,1),(7,3,1),(6,3,1),(6,3,2),(5,3,2),(4,3,2),
165:(4,10,4),(3,10,4),(2,10,4),(1,10,4),(1,10,3),(1,10,2),(0,10,2),(0,10,1),(0,10,0),(0,9,0),(0,8,0),(0,7,0),(0,6,0),(0,5,0),(0,4,0),(0,3,0),(0,2,0),(0,1,0),
166:(12,11,1),(11,11,1),(10,11,1),(10,12,1),
167:(11,5,1),(12,5,1),(13,5,1),(13,5,2),
168:(14,6,2),(13,6,2),(12,6,2),(11,6,2),(10,6,2),(10,6,1),(10,6,0),(10,5,0),
169:(3,9,2),(4,9,2),(5,9,2),(6,9,2),(6,10,2),(6,10,3),(7,10,3),(8,10,3),(9,10,3),(10,10,3),(11,10,3),(12,10,3),(13,10,3),(14,10,3),(14,10,4),
170:(1,10,3),(2,10,3),(3,10,3),(4,10,3),(4,10,4),(5,10,4),(5,10,5),(5,9,5),(6,9,5),(7,9,5),(8,9,5),(9,9,5),(9,8,5),(9,7,5),(10,7,5),(11,7,5),(11,6,5),(12,6,5),(13,6,5),(13,5,5),(13,4,5),(13,3,5),(13,2,5),(13,1,5),
171:(9,2,4),(10,2,4),(11,2,4),(12,2,4),(13,2,4),(14,2,4),(14,2,3),(14,3,3),(14,4,3),(14,5,3),(14,6,3),(14,6,2),(14,7,2),(14,8,2),(14,9,2),(14,10,2),(14,11,2),(14,12,2),
172:(10,9,5),(9,9,5),(9,9,4),(9,9,3),(9,9,2),(8,9,2),(7,9,2),(7,9,1),(7,9,0),(7,10,0),(6,10,0),
173:(10,5,1),(9,5,1),(8,5,1),(8,5,2),(7,5,2),(7,5,3),(7,5,4),(6,5,4),(6,5,4),(6,5,5),(5,5,5),(4,5,5),(3,5,5),(2,5,5),(1,5,5),(1,6,5),
174:(10,0,4),(9,0,4),(9,1,4),(8,1,4),(8,2,4),(8,3,4),(8,4,4),(7,4,4),(6,4,4),(5,4,4),(4,4,4),(4,4,4),(3,4,4),(2,4,4),(1,4,4),(0,4,4),(0,5,4),(0,6,4),(0,7,4),(0,8,4),
175:(14,0,5),(13,0,5),(13,0,4),(13,0,3),(13,0,2),(13,0,1),(13,1,1),
176:(1,3,5),(2,3,5),(3,3,5),(4,3,5),(5,3,5),(6,3,5),(7,3,5),(8,3,5),(9,3,5),(10,3,5),(10,4,5),(11,4,5),(12,4,5),(13,4,5),(13,5,5),(13,6,5),(13,6,4),(14,6,4),(14,6,3),(14,6,2),(14,6,1),(14,7,1),(14,8,1),(14,9,1),(14,10,1),(14,11,1),(14,12,1),(14,13,1),(14,13,0),
177:(1,7,0),(2,7,0),(3,7,0),(4,7,0),(5,7,0),(5,7,-1),(6,7,-1),(7,7,-1),(7,8,-1),(7,8,0),(7,8,1),(8,8,1),(8,8,2),(8,7,2),(8,6,2),
178:(7,1,3),(8,1,3),(8,1,2),(8,1,1),(9,1,1),(10,1,1),(10,1,0),(11,1,0),(12,1,0),(12,2,0),(12,3,0),(12,4,0),(12,5,0),(12,6,0),(13,6,0),(13,7,0),(13,8,0),(13,9,0),(13,10,0),(13,11,0),(14,11,0),(14,12,0),
179:(1,1,5),(1,1,4),(1,1,3),(1,1,3),(1,2,3),(1,3,3),(1,4,3),(1,5,3),(0,5,3),
180:(0,5,5),(1,5,5),(2,5,5),(3,5,5),(3,6,5),(3,7,5),(3,8,5),
181:(8,8,0),(8,7,0),(9,7,0),(10,7,0),(10,7,0),(11,7,0),(12,7,0),(13,7,0),(14,7,0),(14,7,1),(14,6,1),(14,5,1),
182:(0,10,4),(1,10,4),(1,10,3),(2,10,3),(3,10,3),(4,10,3),(4,9,3),(5,9,3),(5,9,2),(6,9,2),(7,9,2),(7,9,1),(8,9,1),(8,8,1),(8,7,1),(9,7,1),(10,7,1),(11,7,1),(12,7,1),(13,7,1),
183:(10,5,0),(9,5,0),(8,5,0),(7,5,0),(6,5,0),(5,5,0),(4,5,0),(3,5,0),(3,4,0),(3,3,0),(3,2,0),(3,2,0),(2,2,0),
184:(2,10,4),(2,10,5),(2,9,5),(2,8,5),(2,7,5),(2,6,5),(3,6,5),(4,6,5),(4,5,5),(4,4,5),(4,3,5),(5,3,5),(6,3,5),(7,3,5),(8,3,5),(8,2,5),(9,2,5),(9,1,5),(9,0,5),
185:(7,4,1),(8,4,1),(8,4,2),(8,3,2),
186:(0,8,5),(1,8,5),(2,8,5),(3,8,5),(4,8,5),(5,8,5),(6,8,5),(7,8,5),(8,8,5),(9,8,5),(10,8,5),(10,8,6),(11,8,6),(12,8,6),(12,8,5),(12,7,5),
187:(3,9,0),(4,9,0),(5,9,0),(5,9,0),(6,9,0),(7,9,0),(8,9,0),(8,8,0),(8,7,0),(8,6,0),(8,5,0),(8,4,0),(8,3,0),(9,3,0),
188:(12,8,0),(11,8,0),(10,8,0),(10,9,0),(10,10,0),(10,11,0),(10,12,0),(10,13,0),(10,13,1),
189:(10,10,5),(9,10,5),(9,9,5),(9,8,5),(8,8,5),(8,7,5),(7,7,5),(7,6,5),(6,6,5),(5,6,5),(4,6,5),(4,6,4),(4,6,3),(3,6,3),(3,6,2),(3,6,1),(3,5,1),(3,4,1),(3,4,1),(3,4,0),
190:(3,1,0),(4,1,0),(4,1,1),(4,1,2),(4,1,3),(4,2,3),(4,3,3),
191:(12,12,1),(12,11,1),(11,11,1),(10,11,1),(10,10,1),(10,9,1),(10,8,1),(10,7,1),(9,7,1),(9,6,1),(9,5,1),(8,5,1),(7,5,1),(6,5,1),(6,4,1),
192:(11,14,2),(10,14,2),(9,14,2),(8,14,2),(8,13,2),(8,12,2),(8,11,2),(8,10,2),(8,9,2),(7,9,2),(7,8,2),(6,8,2),(6,8,1),(6,8,0),
193:(9,3,4),(8,3,4),(7,3,4),(7,3,3),(6,3,3),(5,3,3),(5,3,2),(5,3,1),(5,4,1),(4,4,1),(4,5,1),(4,6,1),(4,7,1),(4,8,1),(4,9,1),(4,10,1),(4,11,1),(4,12,1),(4,13,1),
194:(14,3,5),(13,3,5),(12,3,5),(11,3,5),(10,3,5),(9,3,5),(8,3,5),(8,3,4),(7,3,4),(7,3,4),(6,3,4),(5,3,4),(4,3,4),(3,3,4),(2,3,4),(2,3,3),(2,3,2),(2,3,1),(2,3,0),(1,3,0),
195:(8,11,3),(9,11,3),(9,11,2),(10,11,2),(11,11,2),(11,11,1),(11,10,1),(11,9,1),(11,8,1),(11,7,1),(11,6,1),
196:(2,13,2),(1,13,2),(0,13,2),(0,13,3),(0,13,4),(0,14,4),
197:(3,8,5),(2,8,5),(2,8,4),(2,8,3),(2,8,2),(2,8,1),(2,8,0),(2,9,0),(2,10,0),(2,11,0),(2,12,0),
198:(14,5,2),(13,5,2),(12,5,2),(11,5,2),(10,5,2),(9,5,2),(8,5,2),(8,5,1),(7,5,1),(6,5,1),(5,5,1),(4,5,1),(4,6,1),(4,7,1),(4,8,1),(4,8,0),(4,9,0),
199:(9,8,1),(9,8,1),(9,8,2),(9,8,3),(9,8,3),(9,8,3),(8,8,3),(9,8,3),
200:(3,8,3),(3,8,2),(3,8,1),(3,7,1),(3,7,0),(3,6,0),(3,5,0),(3,4,0),(4,4,0),
201:(11,11,1),(11,10,1),(12,10,1),(13,10,1),(13,9,1),(13,8,1),
202:(14,4,5),(14,4,4),(14,3,4),(14,2,4),(14,1,4),
203:(0,1,0),(1,1,0),(2,1,0),(2,1,1),
204:(7,8,5),(8,8,5),(9,8,5),(9,7,5),(9,6,5),(9,5,5),(9,4,5),(9,3,5),(9,2,5),(9,1,5),(9,1,4),
205:(11,13,3),(11,12,3),(11,11,3),(11,10,3),(10,10,3),(9,10,3),(9,9,3),(8,9,3),(7,9,3),(7,8,3),(7,7,3),(6,7,3),(6,6,3),(5,6,3),(4,6,3),(3,6,3),(3,5,3),(3,4,3),(2,4,3),(2,3,3),(2,2,3),(3,2,3),(3,1,3),
206:(0,12,0),(0,12,1),(0,12,2),(0,11,2),(0,10,2),(0,9,2),(0,9,3),(0,8,3),(0,7,3),
207:(9,1,5),(8,1,5),(7,1,5),(7,1,4),(7,1,3),(6,1,3),(6,2,3),(6,2,2),(5,2,2),(5,3,2),(5,4,2),
208:(0,14,4),(1,14,4),(2,14,4),(3,14,4),(4,14,4),(5,14,4),(5,13,4),(5,12,4),(5,11,4),(5,10,4),(5,10,4),(5,10,5),
209:(12,13,5),(11,13,5),(10,13,5),(10,12,5),(10,11,5),(10,10,5),(10,9,5),(10,8,5),(10,8,4),
210:(5,13,4),(6,13,4),(7,13,4),(8,13,4),(9,13,4),(10,13,4),(11,13,4),(12,13,4),(12,14,4),(12,14,5),
211:(7,0,3),(6,0,3),(5,0,3),(4,0,3),(3,0,3),(3,0,2),(2,0,2),(1,0,2),(1,1,2),(1,2,2),(1,3,2),(1,4,2),(1,5,2),(0,5,2),(0,6,2),(0,6,1),
212:(6,0,4),(7,0,4),(8,0,4),(9,0,4),(10,0,4),(11,0,4),(12,0,4),(13,0,4),(14,0,4),(14,0,3),(14,0,2),(14,0,1),(14,0,0),(14,1,0),(14,2,0),
213:(13,1,0),(12,1,0),(11,1,0),(10,1,0),(9,1,0),(8,1,0),(7,1,0),(6,1,0),(5,1,0),(5,2,0),(5,2,0),(5,3,0),(4,3,0),(4,3,1),(4,4,1),(4,5,1),(4,6,1),(4,7,1),(4,8,1),(4,9,1),(3,9,1),(2,9,1),(2,10,1),(2,11,1),(2,11,2),(2,12,2),(2,13,2),(2,14,2),
214:(10,5,4),(9,5,4),(8,5,4),(8,6,4),(8,7,4),(8,8,4),(8,8,4),(8,8,3),(8,9,3),
215:(7,11,4),(7,11,3),(8,11,3),(8,11,2),(9,11,2),(10,11,2),(11,11,2),(12,11,2),(12,11,1),(12,10,1),(12,9,1),(12,8,1),(12,7,1),(13,7,1),(13,6,1),(13,5,1),(13,4,1),(13,3,1),(13,2,1),(12,2,1),(12,1,1),(12,0,1),(13,0,1),
216:(12,4,3),(11,4,3),(11,5,3),(11,6,3),(11,6,2),(11,6,2),(11,6,2),(11,7,2),
217:(4,13,0),(4,13,1),(4,13,2),(4,13,3),(4,13,4),(4,13,5),(4,12,5),(4,11,5),
218:(10,10,0),(9,10,0),(8,10,0),(7,10,0),(7,10,1),(6,10,1),(5,10,1),(4,10,1),(4,10,2),(4,9,2),(4,9,2),(4,9,2),(4,9,3),
219:(6,3,2),(6,4,2),(6,4,3),(6,5,3),(6,5,4),(6,5,4),(5,5,4),
220:(7,11,3),(6,11,3),(5,11,3),(4,11,3),(3,11,3),(3,11,4),(3,11,5),(3,12,5),(3,13,5),(3,14,5),
221:(5,12,4),(4,12,4),(3,12,4),(3,11,4),(3,10,4),(3,9,4),(3,9,3),(3,9,2),(3,9,1),(3,8,1),(3,7,1),(3,6,1),(2,6,1),(2,5,1),
222:(3,5,5),(4,5,5),(5,5,5),(6,5,5),(6,6,5),(6,7,5),(6,7,4),(6,8,4),(6,9,4),(6,10,4),(6,11,4),(6,11,3),(6,12,3),(6,12,2),(6,13,2),
223:(4,8,2),(5,8,2),(6,8,2),(6,8,1),(7,8,1),(8,8,1),(8,9,1),(8,10,1),(9,10,1),(9,11,1),(9,12,1),(9,12,0),(10,12,0),(10,13,0),(10,14,0),
224:(7,13,4),(8,13,4),(9,13,4),(10,13,4),(10,13,5),(11,13,5),(11,12,5),(12,12,5),(13,12,5),(13,11,5),
225:(3,3,1),(4,3,1),(5,3,1),(5,4,1),(6,4,1),(6,5,1),(6,5,2),(6,5,3),(7,5,3),
226:(6,1,2),(6,2,2),(6,3,2),(6,4,2),(7,4,2),(8,4,2),
227:(3,14,5),(4,14,5),(5,14,5),(6,14,5),(7,14,5),(7,13,5),(7,12,5),(7,11,5),(7,11,6),(7,10,6),(7,9,6),(7,8,6),(7,7,6),(7,6,6),(7,5,6),(7,4,6),(7,4,5),(7,4,4),(7,4,3),(7,3,3),
228:(5,12,1),(5,12,2),(5,11,2),(5,10,2),(5,9,2),(5,9,3),(5,9,4),(5,8,4),(5,8,5),(5,7,5),(5,6,5),(6,6,5),(6,5,5),(6,4,5),
229:(2,9,1),(2,9,2),(2,8,2),(3,8,2),(3,7,2),(3,6,2),(3,5,2),(3,4,2),(4,4,2),
230:(0,1,2),(1,1,2),(2,1,2),(3,1,2),(4,1,2),(5,1,2),(5,1,1),(6,1,1),(7,1,1),(8,1,1),(9,1,1),(10,1,1),(10,1,0),(11,1,0),(11,2,0),(11,3,0),
231:(0,2,4),(1,2,4),(1,2,3),(1,2,2),(1,3,2),(1,4,2),(1,5,2),(1,6,2),(1,7,2),(1,8,2),
232:(1,8,3),(2,8,3),(3,8,3),(4,8,3),(5,8,3),(5,8,4),(6,8,4),(7,8,4),(8,8,4),(9,8,4),(9,9,4),(9,10,4),(10,10,4),(11,10,4),(12,10,4),(13,10,4),(13,11,4),(14,11,4),
233:(0,0,1),(0,0,1),(0,1,1),(0,2,1),(0,3,1),(0,4,1),(0,5,1),(0,6,1),(0,7,1),(0,8,1),(0,9,1),
234:(12,6,4),(11,6,4),(11,5,4),(11,4,4),(11,3,4),
235:(8,9,1),(8,9,1),(8,10,1),(8,11,1),(8,11,0),(8,12,0),
236:(7,2,0),(8,2,0),(9,2,0),(10,2,0),(11,2,0),(12,2,0),(12,3,0),(12,3,0),(12,4,0),(12,5,0),(12,6,0),(12,7,0),(12,8,0),(13,8,0),(13,9,0),(13,10,0),(14,10,0),
237:(1,6,2),(2,6,2),(2,6,3),(2,6,4),(2,6,4),(2,7,4),
238:(14,5,0),(13,5,0),(12,5,0),(11,5,0),(10,5,0),(9,5,0),(8,5,0),(7,5,0),(6,5,0),(5,5,0),(4,5,0),(3,5,0),(3,6,0),(3,7,0),(3,8,0),(3,8,1),(3,9,1),(3,10,1),(3,11,1),
239:(2,0,5),(3,0,5),(3,0,4),(4,0,4),(5,0,4),(6,0,4),(7,0,4),(7,0,3),(7,0,2),(7,0,1),(7,1,1),(7,2,1),(7,3,1),
240:(12,9,4),(12,8,4),(12,7,4),(12,7,3),(12,6,3),(12,5,3),(12,4,3),(12,4,2),(12,3,2),(12,3,1),(12,2,1),(12,2,0),(12,1,0),
241:(0,6,3),(1,6,3),(1,5,3),(2,5,3),(3,5,3),(3,4,3),(3,4,3),(4,4,3),(5,4,3),(6,4,3),(6,3,3),(6,3,3),(6,3,4),
242:(5,13,0),(5,12,0),(5,11,0),(5,10,0),(5,9,0),(5,8,0),(5,7,0),(5,6,0),(5,5,0),(5,4,0),(5,3,0),(4,3,0),(4,3,1),(4,2,1),(4,1,1),(4,0,1),(3,0,1),
243:(13,9,1),(12,9,1),(11,9,1),(10,9,1),(9,9,1),(8,9,1),(8,9,2),(7,9,2),(6,9,2),(6,9,3),(5,9,3),(5,9,2),(4,9,2),(3,9,2),(2,9,2),(1,9,2),(1,9,3),
244:(12,5,1),(12,6,1),(11,6,1),(11,7,1),(10,7,1),(9,7,1),(8,7,1),(7,7,1),(6,7,1),(6,8,1),(5,8,1),(4,8,1),(3,8,1),(2,8,1),(2,9,1),(2,10,1),(1,10,1),(1,10,1),(0,10,1),
245:(1,9,0),(2,9,0),(2,9,0),(2,8,0),(2,7,0),(2,6,0),(2,5,0),(2,5,1),(2,4,1),(2,4,2),(2,3,2),(2,2,2),(2,1,2),(3,1,2),(4,1,2),(5,1,2),(6,1,2),(7,1,2),(8,1,2),(8,0,2),
246:(10,6,5),(10,7,5),(10,8,5),(10,9,5),(10,10,5),(9,10,5),(10,10,5),(10,11,5),
247:(11,8,0),(10,8,0),(9,8,0),(8,8,0),(7,8,0),(7,7,0),(7,6,0),(7,6,-1),(7,5,-1),(7,5,0),(7,4,0),(7,3,0),(7,2,0),
248:(9,8,3),(9,7,3),(9,6,3),(9,6,3),(9,5,3),
249:(11,7,0),(11,7,0),(11,8,0),(10,8,0),(9,8,0),(8,8,0),(7,8,0),(6,8,0),(5,8,0),(4,8,0),(3,8,0),(3,9,0),(3,10,0),
250:(2,3,4),(3,3,4),(3,4,4),(3,5,4),(3,6,4),(3,6,3),(3,7,3),(3,8,3),(3,9,3),(3,10,3),(3,10,2),(4,10,2),(4,10,1),(4,11,1),(5,11,1),(6,11,1),(7,11,1),(8,11,1),(8,12,1),(8,13,1),(8,14,1),(9,14,1),(10,14,1),(11,14,1),(12,14,1),(13,14,1),
251:(10,2,1),(9,2,1),(8,2,1),(7,2,1),(6,2,1),(5,2,1),(4,2,1),(3,2,1),(2,2,1),(2,2,0),(2,3,0),(2,4,0),(2,5,0),(2,6,0),(2,7,0),(2,8,0),(2,9,0),(2,10,0),(2,11,0),
252:(10,11,0),(9,11,0),(9,11,1),(9,11,2),(9,10,2),(8,10,2),(8,10,3),(8,10,4),(7,10,4),(7,10,4),(6,10,4),(5,10,4),(4,10,4),
253:(5,5,0),(6,5,0),(7,5,0),(7,5,1),(8,5,1),(9,5,1),(10,5,1),(10,5,2),(10,5,3),(10,5,4),(10,5,5),(10,4,5),(10,3,5),(10,2,5),(10,1,5),
254:(14,3,0),(13,3,0),(12,3,0),(11,3,0),(10,3,0),(9,3,0),(8,3,0),(8,3,1),(7,3,1),(6,3,1),(5,3,1),(4,3,1),(4,4,1),(4,5,1),(4,6,1),(4,7,1),(4,8,1),(4,9,1),(4,10,1),(4,11,1),(4,12,1),(3,12,1),(3,13,1),(2,13,1),(2,14,1),(1,14,1),(0,14,1),
255:(12,13,3),(13,13,3),(13,13,2),(13,13,1),(13,13,0),(13,12,0),(13,11,0),(13,10,0),(13,9,0),(13,8,0),(13,7,0),(13,6,0),(13,6,-1),(13,6,-1),(13,6,-1),(13,6,0),
256:(5,14,0),(4,14,0),(4,14,1),(4,14,2),(4,14,3),(4,14,4),(4,13,4),(4,12,4),(4,11,4),(4,10,4),(4,9,4),(4,9,5),(4,8,5),(4,7,5),(4,6,5),(4,5,5),(4,4,5),
257:(1,11,2),(2,11,2),(2,11,1),(2,11,0),(3,11,0),(4,11,0),(5,11,0),(5,10,0),(5,9,0),(5,8,0),(6,8,0),(7,8,0),(8,8,0),(8,7,0),(8,6,0),
258:(11,13,4),(10,13,4),(10,14,4),(9,14,4),(8,14,4),(7,14,4),(6,14,4),(5,14,4),(4,14,4),(3,14,4),(2,14,4),(2,14,5),
259:(14,11,5),(13,11,5),(12,11,5),(11,11,5),(11,11,5),(10,11,5),(9,11,5),(8,11,5),(8,11,4),
260:(7,6,4),(7,6,5),(8,6,5),(8,5,5),(8,4,5),(8,3,5),(8,4,5),(9,4,5),(9,4,5),(9,3,5),
261:(7,4,5),(6,4,5),(6,3,5),(6,2,5),(6,2,4),(6,2,3),(6,2,2),(6,2,1),(6,2,0),(6,1,0),
262:(0,2,1),(0,2,2),(0,2,3),(0,2,4),(0,2,5),(0,3,5),
263:(14,4,2),(13,4,2),(12,4,2),(12,4,1),(12,4,0),(11,4,0),(11,5,0),(11,6,0),(11,7,0),(11,8,0),(11,9,0),(11,10,0),(11,11,0),(10,11,0),(9,11,0),(9,12,0),(9,13,0),(9,14,0),(8,14,0),
264:(0,11,0),(0,11,1),(0,11,2),(0,10,2),(0,10,3),
265:(4,0,5),(4,0,4),(4,-1,4),(3,-1,4),(3,0,4),
266:(5,2,0),(5,2,1),(4,2,1),(3,2,1),(2,2,1),(2,2,2),(1,2,2),(1,3,2),(1,4,2),(1,5,2),(1,6,2),
267:(5,7,1),(6,7,1),(6,7,2),(7,7,2),(7,7,3),(8,7,3),(9,7,3),(10,7,3),(11,7,3),(11,6,3),(11,5,3),
268:(14,1,3),(14,1,4),(14,1,5),(14,2,5),(14,3,5),(14,4,5),(14,5,5),(14,6,5),(14,7,5),(14,8,5),
269:(12,4,4),(11,4,4),(10,4,4),(10,3,4),(10,2,4),(9,2,4),(8,2,4),(7,2,4),
270:(7,5,1),(8,5,1),(8,5,2),(9,5,2),(9,6,2),(10,6,2),(10,6,3),(11,6,3),(12,6,3),(13,6,3),(13,6,4),(14,6,4),(14,6,5),
271:(8,11,0),(8,10,0),(8,9,0),(9,9,0),(10,9,0),(11,9,0),(12,9,0),(13,9,0),(14,9,0),(14,9,1),(14,9,2),(14,8,2),(14,8,3),(14,7,3),(14,6,3),(14,5,3),(14,4,3),(14,4,4),(14,4,5),(14,3,5),(14,2,5),
272:(3,8,0),(2,8,0),(2,7,0),(2,6,0),(2,5,0),(2,4,0),(2,4,1),(2,4,2),(2,4,3),(2,3,3),(2,3,4),(2,2,4),(2,1,4),(2,0,4),
273:(0,6,5),(1,6,5),(1,6,4),(1,6,3),(2,6,3),(2,6,2),(3,6,2),(3,6,1),(3,6,0),(3,7,0),(3,7,0),(3,7,1),
274:(8,1,0),(8,1,1),(8,1,1),(8,2,1),(8,2,2),(8,2,3),(8,3,3),(8,4,3),(8,4,4),(8,5,4),(8,6,4),(7,6,4),(7,7,4),
275:(10,14,0),(9,14,0),(8,14,0),(7,14,0),(6,14,0),(5,14,0),(4,14,0),(3,14,0),(2,14,0),(2,14,1),(2,14,2),(2,13,2),(2,12,2),(2,11,2),(2,10,2),(2,9,2),(2,8,2),(2,7,2),(2,7,3),
276:(4,12,3),(5,12,3),(6,12,3),(7,12,3),(8,12,3),(8,13,3),
277:(11,2,2),(12,2,2),(12,3,2),(12,4,2),(12,5,2),(12,6,2),(12,7,2),(12,8,2),(12,9,2),(12,10,2),(12,11,2),(12,12,2),(13,12,2),
278:(6,1,0),(7,1,0),(7,2,0),(7,3,0),(7,4,0),(7,5,0),(7,5,1),(7,6,1),(8,6,1),(8,7,1),(8,8,1),(8,9,1),(8,10,1),(9,10,1),(9,11,1),
279:(1,9,4),(2,9,4),(3,9,4),(4,9,4),(4,8,4),(4,7,4),(4,6,4),(5,6,4),(5,6,5),(5,5,5),(5,4,5),(6,4,5),(7,4,5),(8,4,5),(8,4,5),(9,4,5),(10,4,5),(11,4,5),(12,4,5),(12,4,4),(12,3,4),
280:(8,5,1),(8,6,1),(8,7,1),(8,8,1),(8,9,1),(7,9,1),(7,10,1),(7,11,1),(8,11,1),(7,11,1),(7,11,2),(7,11,3),(7,11,4),(7,12,4),(7,13,4),(7,14,4),(7,14,5),
281:(13,12,1),(12,12,1),(11,12,1),(11,11,1),(10,11,1),(10,10,1),(10,9,1),(10,8,1),(9,8,1),(9,7,1),(9,6,1),(9,5,1),(8,5,1),(8,4,1),(8,3,1),(8,2,1),(7,2,1),(7,1,1),(6,1,1),(6,0,1),(5,0,1),
282:(0,11,2),(0,11,3),(0,10,3),(0,9,3),(0,8,3),(0,7,3),(0,6,3),(0,5,3),(-1,5,3),(-1,4,3),(-1,3,3),(0,3,3),(0,2,3),
283:(8,6,0),(7,6,0),(6,6,0),(5,6,0),(4,6,0),(4,5,0),(4,5,1),(3,5,1),(3,4,1),(3,4,2),(3,4,3),(3,3,3),
284:(8,7,2),(7,7,2),(7,6,2),(7,5,2),(7,5,3),(7,4,3),(7,3,3),(7,2,3),(7,1,3),(7,1,4),
285:(13,2,0),(12,2,0),(11,2,0),(11,2,1),(10,2,1),(9,2,1),(8,2,1),(8,2,2),(8,2,3),(7,2,3),(6,2,3),(6,2,4),(6,2,4),(5,2,4),(4,2,4),(4,3,4),(3,3,4),
286:(14,8,4),(13,8,4),(12,8,4),(11,8,4),(10,8,4),(9,8,4),(9,7,4),(8,7,4),(8,6,4),(7,6,4),(7,6,5),
287:(6,6,2),(6,6,1),(6,6,1),(6,7,1),(6,8,1),(6,9,1),(6,9,0),
288:(1,4,5),(2,4,5),(2,4,4),(2,4,3),(2,5,3),(2,6,3),(2,7,3),(2,8,3),(3,8,3),(3,9,3),(3,10,3),(4,10,3),(4,11,3),(5,11,3),(5,12,3),
289:(0,12,4),(0,12,3),(0,11,3),
290:(8,12,3),(8,12,4),(8,11,4),(8,11,4),(7,11,4),(6,11,4),(5,11,4),(4,11,4),(3,11,4),(2,11,4),(1,11,4),
291:(1,11,5),(2,11,5),(3,11,5),(4,11,5),(4,11,4),(4,11,3),(4,11,2),(5,11,2),(5,10,2),(5,9,2),(5,8,2),(5,7,2),(5,6,2),(5,5,2),(5,5,1),(5,4,1),(5,3,1),(5,2,1),
292:(11,12,2),(10,12,2),(9,12,2),(8,12,2),(7,12,2),(6,12,2),(5,12,2),(4,12,2),(3,12,2),(2,12,2),(1,12,2),(1,12,3),(1,11,3),(1,10,3),(1,9,3),(1,8,3),(1,7,3),(1,6,3),
293:(3,14,1),(3,14,2),(2,14,2),(1,14,2),(1,14,3),(1,14,4),(1,14,5),
294:(10,1,0),(10,2,0),(10,3,0),(10,4,0),(11,4,0),(11,5,0),(11,6,0),(11,7,0),(11,8,0),(11,9,0),(11,9,1),(11,9,2),(11,9,3),(11,9,4),(11,9,4),(12,9,4),
295:(6,4,5),(6,3,5),(7,3,5),(8,3,5),(9,3,5),(9,2,5),(10,2,5),(11,2,5),(11,2,4),(11,2,3),(11,1,3),
296:(1,2,2),(1,2,1),(2,2,1),(2,2,0),(3,2,0),(4,2,0),(4,3,0),(4,4,0),(4,5,0),(4,6,0),(5,6,0),(6,6,0),(7,6,0),(7,7,0),(7,7,1),(8,7,1),(9,7,1),(10,7,1),(11,7,1),(11,8,1),(11,9,1),(11,10,1),(11,11,1),(12,11,1),(12,12,1),
297:(6,12,2),(6,12,1),(5,12,1),(5,12,2),(5,13,2),(5,13,2),(4,13,2),(3,13,2),(2,13,2),(2,13,3),
298:(10,7,5),(9,7,5),(8,7,5),(7,7,5),(7,8,5),(7,9,5),(7,10,5),(6,10,5),(6,11,5),(6,11,4),(6,11,3),(6,12,3),(6,13,3),(6,14,3),(5,14,3),
299:(13,6,4),(12,6,4),(11,6,4),(10,6,4),(9,6,4),(9,6,3),(9,6,2),(8,6,2),(8,7,2),(8,8,2),(8,9,2),(8,10,2),(8,11,2),(7,11,2),(6,11,2),(5,11,2),(5,11,1),(5,12,1),(5,13,1),
300:(7,3,2),(6,3,2),(5,3,2),(4,3,2),(4,4,2),(4,4,3),(4,4,4),(4,5,4),(4,6,4),(4,7,4),(4,8,4),(4,9,4),(3,9,4),(2,9,4),(2,10,4),(2,11,4),(2,12,4),(1,12,4),(0,12,4),(0,13,4),
301:(5,4,2),(4,4,2),(4,4,3),(3,4,3),(3,3,3),(3,3,4),(3,2,4),(3,1,4),
302:(1,14,5),(2,14,5),(2,13,5),(2,12,5),(2,11,5),(2,10,5),(2,9,5),(2,8,5),(2,7,5),(3,7,5),(4,7,5),(5,7,5),(6,7,5),(6,6,5),(6,5,5),(7,5,5),(8,5,5),
303:(14,6,1),(13,6,1),(12,6,1),(11,6,1),(10,6,1),(10,6,0),(10,7,0),(10,8,0),(10,9,0),
304:(2,5,0),(2,6,0),(3,6,0),(4,6,0),(4,7,0),(5,7,0),(6,7,0),(7,7,0),(7,7,0),(7,7,0),(8,7,0),(9,7,0),(10,7,0),
305:(7,9,3),(8,9,3),(8,8,3),(8,7,3),(9,7,3),(10,7,3),(10,7,2),(10,6,2),(10,5,2),(11,5,2),(12,5,2),(12,4,2),(13,4,2),(14,4,2),(14,3,2),(14,2,2),(14,1,2),
306:(11,11,5),(10,11,5),(9,11,5),(8,11,5),(7,11,5),(7,11,4),(7,10,4),(7,9,4),(7,8,4),(6,8,4),(6,7,4),(6,7,4),(6,7,3),
307:(1,3,3),(1,4,3),(1,4,2),(1,5,2),(1,5,1),(1,6,1),(1,7,1),(1,8,1),(2,8,1),(2,9,1),(2,9,1),(1,9,1),
308:(12,13,4),(12,13,3),(12,13,2),(12,13,1),(12,12,1),(12,11,1),(12,10,1),(12,9,1),(12,8,1),(12,7,1),(12,6,1),(12,5,1),
309:(6,11,3),(6,10,3),(7,10,3),(7,9,3),(7,8,3),(8,8,3),(8,7,3),(9,7,3),(10,7,3),(10,7,2),(10,7,2),(10,6,2),(10,5,2),(11,5,2),(11,4,2),(12,4,2),(13,4,2),
310:(6,7,4),(6,6,4),(6,5,4),(7,5,4),(7,4,4),(7,4,4),(7,4,3),(7,3,3),(8,3,3),(8,2,3),(8,1,3),
311:(13,6,1),(13,7,1),(12,7,1),(12,7,0),(11,7,0),(11,8,0),(11,9,0),(11,10,0),(11,11,0),(10,11,0),(10,12,0),(10,13,0),(9,13,0),(8,13,0),(7,13,0),(6,13,0),(5,13,0),(5,14,0),(4,14,0),(3,14,0),
312:(6,5,1),(7,5,1),(7,5,2),(7,5,3),(7,6,3),(8,6,3),(9,6,3),(10,6,3),(11,6,3),(12,6,3),(13,6,3),(13,7,3),(13,8,3),(13,9,3),(13,10,3),(14,10,3),(14,11,3),(14,12,3),(14,12,4),(14,13,4),
313:(14,12,3),(13,12,3),(12,12,3),(12,11,3),(12,10,3),(11,10,3),(10,10,3),(10,9,3),(9,9,3),(9,9,2),
314:(1,2,3),(2,2,3),(2,2,4),(3,2,4),(4,2,4),(5,2,4),(6,2,4),(6,2,5),(7,2,5),(8,2,5),(8,3,5),(8,3,5),(8,4,5),(9,4,5),(9,5,5),(9,6,5),(9,7,5),(9,8,5),(9,9,5),(10,9,5),(11,9,5),(11,10,5),(11,11,5),(11,12,5),
315:(9,13,1),(8,13,1),(8,13,0),(8,12,0),(8,12,-1),(8,11,-1),(8,10,-1),(8,9,-1),(8,8,-1),(8,7,-1),(8,6,-1),(8,6,0),(8,5,0),(8,5,1),(8,4,1),(8,3,1),(8,2,1),
316:(13,8,4),(13,8,5),(12,8,5),(11,8,5),(11,9,5),(11,10,5),(11,11,5),(11,12,5),(11,13,5),(11,14,5),(10,14,5),(9,14,5),(8,14,5),(7,14,5),(6,14,5),
317:(1,13,5),(2,13,5),(3,13,5),(4,13,5),(5,13,5),(6,13,5),(7,13,5),(8,13,5),(9,13,5),(10,13,5),(10,13,4),
318:(13,10,2),(13,10,1),(13,11,1),(13,12,1),(13,13,1),(13,14,1),(13,14,0),
319:(7,0,0),(6,0,0),(6,1,0),(5,1,0),(5,2,0),(5,3,0),(5,4,0),(5,5,0),(5,5,-1),(5,6,-1),(5,7,-1),(5,8,-1),(5,9,-1),(5,9,0),(5,10,0),(5,11,0),
320:(8,10,2),(9,10,2),(10,10,2),(11,10,2),(12,10,2),(13,10,2),(13,10,3),(13,11,3),(13,12,3),
321:(5,6,1),(4,6,1),(3,6,1),(3,5,1),(3,4,1),(3,3,1),(2,3,1),(1,3,1),(1,2,1),(1,1,1),
322:(4,2,3),(4,2,2),(5,2,2),(6,2,2),(6,2,3),(7,2,3),(8,2,3),(9,2,3),(10,2,3),(10,2,2),(11,2,2),(11,3,2),(11,3,2),(12,3,2),
323:(2,8,4),(3,8,4),(3,8,4),(3,8,3),(3,8,2),(3,9,2),(3,10,2),(3,11,2),
324:(5,11,1),(5,10,1),(5,9,1),(5,8,1),(5,7,1),(5,6,1),(5,5,1),(6,5,1),(6,5,2),(6,5,3),(6,4,3),(6,4,3),(6,3,3),(7,3,3),(8,3,3),(8,2,3),(8,2,4),(9,2,4),(10,2,4),(11,2,4),(11,2,3),
325:(12,10,4),(11,10,4),(10,10,4),(10,10,4),(9,10,4),(9,11,4),(8,11,4),(7,11,4),(6,11,4),(5,11,4),(4,11,4),(3,11,4),(2,11,4),(2,10,4),(1,10,4),(1,9,4),(1,8,4),(1,7,4),(1,6,4),(0,6,4),
326:(4,6,3),(5,6,3),(6,6,3),(7,6,3),(8,6,3),(8,6,2),(8,6,1),(9,6,1),(10,6,1),(10,7,1),(10,8,1),(11,8,1),(11,9,1),(11,10,1),(11,11,1),(11,12,1),(11,13,1),
327:(3,3,5),(3,4,5),(3,5,5),(3,6,5),(3,7,5),(3,8,5),(3,9,5),
328:(2,7,0),(3,7,0),(4,7,0),(4,7,1),(4,7,2),(4,7,3),(4,6,3),(4,5,3),(4,4,3),(4,4,4),(4,3,4),(4,2,4),(5,2,4),(5,1,4),(5,0,4),
329:(1,0,2),(2,0,2),(3,0,2),(4,0,2),(5,0,2),(6,0,2),(7,0,2),(7,1,2),(8,1,2),(8,1,3),(9,1,3),(10,1,3),(10,1,4),(10,2,4),(10,3,4),(10,4,4),(11,4,4),(11,5,4),(11,6,4),(12,6,4),
330:(9,12,3),(9,12,4),(9,12,5),(9,12,5),(10,12,5),(11,12,5),(12,12,5),(12,11,5),(12,10,5),(12,9,5),
331:(2,6,1),(2,5,1),(3,5,1),(4,5,1),(5,5,1),(5,5,2),(5,4,2),(6,4,2),(7,4,2),(7,4,3),(8,4,3),(9,4,3),(10,4,3),(11,4,3),(12,4,3),(13,4,3),(13,3,3),(13,2,3),(13,1,3),(13,0,3),(13,0,4),(13,0,5),
332:(10,13,2),(10,13,1),(9,13,1),(8,13,1),(7,13,1),(6,13,1),(5,13,1),(4,13,1),(3,13,1),(2,13,1),(1,13,1),(1,13,0),(1,12,0),(1,11,0),
333:(11,4,5),(10,4,5),(9,4,5),(8,4,5),(7,4,5),(6,4,5),(5,4,5),(4,4,5),(3,4,5),(3,4,4),(2,4,4),(2,4,3),(2,4,2),(2,4,1),(2,4,0),(2,5,0),(2,6,0),(2,7,0),
334:(2,12,0),(3,12,0),(4,12,0),(5,12,0),(5,11,0),(5,10,0),(5,9,0),(5,8,0),(5,7,0),(6,7,0),(7,7,0),(8,7,0),(8,6,0),(8,5,0),(8,5,1),
335:(0,12,1),(1,12,1),(2,12,1),(3,12,1),(4,12,1),(5,12,1),(6,12,1),(6,12,0),(6,12,-1),(7,12,-1),(8,12,-1),(9,12,-1),(10,12,-1),(11,12,-1),(12,12,-1),(13,12,-1),(13,12,0),
336:(11,5,0),(10,5,0),(9,5,0),(8,5,0),(7,5,0),(6,5,0),(6,4,0),(6,4,0),(5,4,0),(5,3,0),(4,3,0),(4,2,0),(4,2,1),(4,2,2),(4,2,3),
337:(10,12,4),(11,12,4),(12,12,4),(12,12,5),(12,13,5),
338:(2,12,2),(3,12,2),(4,12,2),(4,12,3),(5,12,3),(6,12,3),(7,12,3),(8,12,3),(9,12,3),(9,11,3),(9,10,3),
339:(14,4,4),(13,4,4),(12,4,4),(12,4,3),(11,4,3),(10,4,3),(9,4,3),(9,4,3),(8,4,3),(8,3,3),(7,3,3),(7,4,3),(6,4,3),
340:(9,9,2),(9,9,1),(9,9,0),(9,8,0),(9,7,0),(10,7,0),(11,7,0),(12,7,0),(13,7,0),(14,7,0),(14,6,0),
341:(3,6,2),(4,6,2),(4,7,2),(4,8,2),(4,8,3),
342:(6,5,2),(7,5,2),(7,5,3),(8,5,3),(8,5,4),(9,5,4),(9,6,4),(9,7,4),(9,8,4),(9,9,4),(9,10,4),(9,11,4),(9,11,4),(9,12,4),(10,12,4),(10,12,5),(10,13,5),(10,14,5),
343:(9,1,3),(9,1,3),(8,1,3),(7,1,3),(6,1,3),(5,1,3),(4,1,3),(3,1,3),(3,2,3),(3,2,2),(3,3,2),(3,4,2),(3,5,2),(3,6,2),(3,7,2),(3,8,2),(3,8,2),(2,8,2),(2,9,2),(2,10,2),
344:(5,11,2),(4,11,2),(3,11,2),(3,12,2),(3,13,2),(4,13,2),(4,14,2),
345:(7,1,4),(8,1,4),(8,2,4),(8,3,4),(8,4,4),(8,5,4),(9,5,4),(10,5,4),(11,5,4),(12,5,4),(12,6,4),(12,7,4),(12,7,3),(12,7,2),
346:(7,12,0),(8,12,0),(8,12,1),(8,12,1),(8,12,2),(8,12,3),(8,12,4),(8,12,5),(8,11,5),
347:(7,5,3),(8,5,3),(9,5,3),(10,5,3),(10,4,3),(10,4,2),(10,4,1),(10,4,0),(10,3,0),(10,2,0),(10,1,0),(10,0,0),
348:(12,10,2),(11,10,2),(11,10,3),(10,10,3),(10,10,4),(10,9,4),(10,8,4),(10,7,4),(10,6,4),(9,6,4),(9,5,4),(8,5,4),(7,5,4),(7,4,4),(6,4,4),(5,4,4),(4,4,4),(3,4,4),(2,4,4),(2,5,4),
349:(12,5,3),(12,5,4),(12,5,5),(11,5,5),(11,4,5),(11,3,5),
350:(8,14,2),(8,14,3),(8,13,3),(8,12,3),(8,12,4),(8,11,4),(8,10,4),(8,9,4),(8,9,4),(8,8,4),(8,8,3),(8,7,3),(7,7,3),(7,6,3),(7,6,4),(8,6,4),
351:(0,13,1),(1,13,1),(2,13,1),(3,13,1),(4,13,1),(5,13,1),(5,13,2),(6,13,2),(7,13,2),(8,13,2),(9,13,2),(9,12,2),(9,12,3),(9,11,3),(9,11,4),(9,10,4),(8,10,4),(8,9,4),(9,9,4),(9,9,3),
352:(11,13,5),(10,13,5),(9,13,5),(8,13,5),(7,13,5),(7,13,4),(6,13,4),(5,13,4),(4,13,4),(3,13,4),(2,13,4),(1,13,4),(1,13,3),(1,12,3),
353:(1,0,3),(2,0,3),(2,0,2),(2,1,2),(2,2,2),(2,3,2),(2,4,2),(2,5,2),(3,5,2),(3,6,2),(3,7,2),(3,8,2),(3,9,2),(3,10,2),(4,10,2),(4,11,2),(5,11,2),(6,11,2),(6,11,1),(6,12,1),
354:(2,13,3),(2,12,3),(2,11,3),(2,11,3),(2,10,3),(3,10,3),(4,10,3),(4,9,3),(5,9,3),(5,8,3),(5,8,3),(5,8,3),(5,8,2),
355:(2,6,0),(3,6,0),(4,6,0),(4,6,-1),(5,6,-1),(6,6,-1),(7,6,-1),(8,6,-1),(9,6,-1),(10,6,-1),(11,6,-1),(12,6,-1),(12,6,0),(12,7,0),(12,8,0),
356:(13,10,3),(12,10,3),(12,10,2),(12,9,2),(11,9,2),(11,8,2),(10,8,2),(10,7,2),(10,6,2),(10,5,2),(9,5,2),(9,4,2),(9,3,2),(9,2,2),
357:(6,10,0),(6,10,1),(6,10,2),(7,10,2),(7,11,2),(8,11,2),(9,11,2),(10,11,2),(11,11,2),(12,11,2),(12,12,2),(13,12,2),(14,12,2),(14,13,2),(14,14,2),
358:(1,3,2),(2,3,2),(3,3,2),(3,3,1),(4,3,1),(5,3,1),(5,3,0),(6,3,0),(7,3,0),(8,3,0),(9,3,0),(10,3,0),(11,3,0),(11,4,0),(11,5,0),(11,6,0),(11,7,0),(11,8,0),(11,9,0),(12,9,0),(12,9,0),(12,9,1),
359:(6,10,3),(7,10,3),(7,9,3),(7,8,3),(7,8,4),(7,7,4),(7,6,4),(8,6,4),(8,6,3),
360:(0,11,5),(1,11,5),(2,11,5),(2,11,4),(2,11,3),(2,11,2),(3,11,2),(4,11,2),(5,11,2),(5,10,2),
361:(7,9,2),(7,9,1),(7,8,1),(7,7,1),(6,7,1),(6,6,1),(6,6,1),(5,6,1),(4,6,1),(3,6,1),(2,6,1),(1,6,1),(1,6,0),(0,6,0),
362:(5,8,4),(6,8,4),(7,8,4),(8,8,4),(9,8,4),(9,7,4),(10,7,4),(10,6,4),(11,6,4),(11,5,4),(11,4,4),(11,4,3),(11,3,3),
363:(10,9,4),(9,9,4),(9,10,4),(9,11,4),(9,11,5),(9,12,5),
364:(4,2,1),(3,2,1),(3,3,1),(4,3,1),(4,3,2),(4,4,2),(4,5,2),
365:(5,11,3),(5,11,4),(5,10,4),(5,9,4),(5,8,4),(5,7,4),(5,7,5),(6,7,5),(7,7,5),(8,7,5),(9,7,5),(10,7,5),(11,7,5),(12,7,5),(13,7,5),(13,7,4),
366:(14,14,3),(14,14,3),(13,14,3),(12,14,3),(11,14,3),(10,14,3),(9,14,3),(8,14,3),(7,14,3),(6,14,3),(5,14,3),(4,14,3),(3,14,3),
367:(6,7,3),(6,8,3),(6,8,3),(6,9,3),(6,10,3),(7,10,3),(7,9,3),(7,10,3),(8,10,3),(9,10,3),(10,10,3),
368:(1,6,1),(2,6,1),(2,7,1),(2,7,2),(2,7,3),(3,7,3),(4,7,3),(4,7,4),(5,7,4),(5,8,4),(5,9,4),(6,9,4),(6,10,4),(7,10,4),(7,11,4),
369:(5,1,1),(5,1,2),(5,1,3),(4,1,3),(3,1,3),(2,1,3),(1,1,3),(1,1,4),(1,1,5),(1,2,5),(1,3,5),(1,4,5),(1,5,5),(1,6,5),(1,7,5),(1,8,5),(1,9,5),
370:(10,11,5),(9,11,5),(8,11,5),(8,10,5),(8,9,5),(8,8,5),(8,8,5),(8,7,5),(8,6,5),(7,6,5),(7,5,5),(7,5,4),(7,4,4),(7,4,3),(7,4,2),(7,3,2),
371:(6,9,4),(6,9,3),(6,9,2),(6,8,2),(6,7,2),(6,6,2),(7,6,2),
372:(6,2,0),(7,2,0),(8,2,0),(9,2,0),(10,2,0),(11,2,0),(12,2,0),(12,2,1),(12,2,2),(12,2,3),(12,2,4),(12,3,4),(12,4,4),(12,5,4),
373:(6,1,1),(6,2,1),(6,3,1),(6,3,0),(7,3,0),(7,4,0),(8,4,0),(9,4,0),(10,4,0),(11,4,0),(11,5,0),(11,6,0),(11,7,0),(11,8,0),(11,9,0),(12,9,0),(12,10,0),(12,11,0),
374:(7,7,2),(7,8,2),(7,9,2),(7,9,1),(7,9,0),(8,9,0),(8,9,-1),(9,9,-1),(9,9,0),(9,10,0),
375:(8,0,1),(9,0,1),(9,1,1),(9,2,1),(9,3,1),(9,4,1),(9,5,1),(10,5,1),(10,5,1),(10,6,1),(10,7,1),(10,7,2),(10,7,2),(10,7,3),
376:(0,14,3),(1,14,3),(2,14,3),(3,14,3),(3,13,3),(4,13,3),(5,13,3),(6,13,3),(7,13,3),(7,13,4),(7,12,4),(7,11,4),(7,10,4),(8,10,4),(9,10,4),(10,10,4),(11,10,4),(12,10,4),
377:(6,13,3),(6,12,3),(6,12,2),(6,11,2),(6,11,2),(6,10,2),(6,9,2),(6,8,2),(6,7,2),(5,7,2),(6,7,2),(6,6,2),
378:(3,12,0),(4,12,0),(5,12,0),(6,12,0),(7,12,0),(7,11,0),(8,11,0),(9,11,0),(10,11,0),(10,11,1),(10,10,1),(10,9,1),(10,8,1),(10,8,2),(10,7,2),(10,6,2),(10,5,2),(10,5,3),
379:(10,3,5),(9,3,5),(8,3,5),(8,3,6),(7,3,6),(6,3,6),(5,3,6),(4,3,6),(3,3,6),(2,3,6),(1,3,6),(1,4,6),(1,5,6),(1,6,6),(1,7,6),(1,8,6),(1,9,6),(1,10,6),(1,11,6),(1,12,6),(1,12,5),
380:(12,12,3),(12,12,3),(11,12,3),(10,12,3),(10,12,4),(9,12,4),(9,12,4),(8,12,4),(7,12,4),(6,12,4),(5,12,4),(4,12,4),(3,12,4),(2,12,4),(1,12,4),(1,12,5),(1,11,5),
381:(5,0,0),(5,0,1),(5,1,1),(5,2,1),(5,2,1),(5,2,2),(5,2,2),(5,3,2),(5,3,3),(5,4,3),
382:(3,7,2),(4,7,2),(4,8,2),(4,9,2),(4,10,2),(5,10,2),(6,10,2),(6,11,2),(7,11,2),(8,11,2),(8,12,2),(8,12,2),(9,12,2),(10,12,2),(11,12,2),
383:(2,11,4),(3,11,4),(4,11,4),(5,11,4),(5,11,5),(6,11,5),(7,11,5),(7,10,5),(8,10,5),(8,9,5),(9,9,5),(9,8,5),(9,7,5),(10,7,5),(11,7,5),(11,7,6),(12,7,6),(13,7,6),(14,7,6),(14,7,5),
384:(11,6,3),(10,6,3),(10,6,4),(9,6,4),(9,7,4),(8,7,4),(7,7,4),(7,7,3),(8,7,3),(8,7,4),
385:(11,10,5),(11,9,5),(11,9,5),(11,9,4),(10,9,4),(10,8,4),(10,8,3),(10,8,2),(10,7,2),(9,7,2),(9,6,2),(9,5,2),(9,4,2),(9,3,2),(9,3,1),(9,2,1),
386:(0,3,3),(0,3,4),(0,3,5),(1,3,5),(2,3,5),(3,3,5),(3,4,5),(3,5,5),(3,6,5),(3,6,5),(3,7,5),
387:(4,11,1),(3,11,1),(3,10,1),(2,10,1),(1,10,1),(0,10,1),(0,9,1),(0,9,2),(0,9,3),(0,9,4),(0,8,4),(0,7,4),(0,6,4),(0,5,4),(0,4,4),(0,3,4),(0,2,4),(0,2,5),(0,1,5),
388:(13,12,3),(13,12,4),(13,12,4),(12,12,4),
389:(13,0,5),(13,0,4),(13,0,3),(13,0,2),(13,0,1),(13,0,0),
390:(2,6,2),(3,6,2),(4,6,2),(4,7,2),(5,7,2),(6,7,2),(6,8,2),(7,8,2),(8,8,2),(8,9,2),(8,10,2),(9,10,2),(10,10,2),(11,10,2),(11,10,3),(12,10,3),(13,10,3),(13,10,4),(13,11,4),(13,12,4),(13,13,4),(13,14,4),(14,14,4),
391:(10,6,1),(10,6,2),(10,6,3),(10,6,3),(11,6,3),(12,6,3),(12,5,3),
392:(8,12,1),(7,12,1),(6,12,1),(5,12,1),(5,11,1),(5,10,1),(5,9,1),(5,8,1),(5,7,1),(5,6,1),(5,6,2),(5,6,3),(5,6,4),(4,6,4),(4,5,4),(4,4,4),(4,3,4),(5,3,4),
393:(3,1,4),(4,1,4),(5,1,4),(5,1,5),(6,1,5),(7,1,5),(8,1,5),(8,1,4),
394:(8,3,5),(8,4,5),(8,4,4),(8,4,3),(9,4,3),(9,4,2),(10,4,2),(11,4,2),(12,4,2),(12,5,2),(12,6,2),(12,7,2),(12,8,2),(12,8,1),
395:(13,7,5),(12,7,5),(11,7,5),(10,7,5),(10,8,5),(10,9,5),(10,9,4),
396:(12,0,3),(11,0,3),(10,0,3),(9,0,3),(9,1,3),(8,1,3),(7,1,3),(6,1,3),(5,1,3),(5,1,2),(4,1,2),(3,1,2),(3,2,2),(3,3,2),(3,4,2),(3,5,2),(3,6,2),
397:(9,0,1),(10,0,1),(10,0,2),(10,0,3),(11,0,3),(12,0,3),(12,1,3),(12,2,3),(12,3,3),(12,4,3),(12,4,4),(12,5,4),(12,6,4),(11,6,4),(11,7,4),(11,7,4),(12,7,4),
398:(14,1,0),(13,1,0),(12,1,0),(11,1,0),(10,1,0),(9,1,0),(8,1,0),(7,1,0),(6,1,0),(5,1,0),(4,1,0),(3,1,0),(3,2,0),(3,3,0),(3,4,0),(3,5,0),(3,6,0),(3,7,0),(3,8,0),(3,8,1),(3,8,2),(3,8,3),(3,9,3),(3,10,3),(3,11,3),(3,11,4),(3,11,5),(3,12,5),
399:(1,7,5),(2,7,5),(2,6,5),(2,5,5),(3,5,5),(4,5,5),(5,5,5),(5,4,5),(5,4,4),(5,3,4),(5,2,4),(5,1,4),(5,0,4),(6,0,4),(7,0,4),
400:(5,5,2),(5,5,3),(5,6,3),(5,7,3),(5,7,3),(6,7,3),(6,8,3),(6,9,3),(6,10,3),(6,11,3),(6,12,3),(6,12,4),(6,13,4),
401:(8,6,5),(8,5,5),(7,5,5),(7,4,5),(6,4,5),(5,4,5),(4,4,5),(3,4,5),(3,4,4),(2,4,4),(2,4,3),(2,5,3),(2,5,2),(2,4,2),(2,4,1),
402:(11,8,1),(10,8,1),(9,8,1),(9,8,1),(9,8,1),(9,8,0),
403:(7,14,4),(7,13,4),(7,13,5),(7,12,5),(8,12,5),(8,11,5),(8,10,5),(8,9,5),(8,9,6),(8,8,6),(8,7,6),(8,6,6),(8,5,6),(8,5,5),(8,5,4),(8,5,3),(8,4,3),
404:(8,5,5),(7,5,5),(7,4,5),(7,3,5),(7,2,5),(7,2,5),(7,1,5),
405:(7,13,0),(6,13,0),(5,13,0),(4,13,0),(3,13,0),(3,12,0),(3,12,-1),(3,11,-1),(3,10,-1),(3,9,-1),(3,8,-1),(3,7,-1),(3,6,-1),(3,5,-1),(3,4,-1),(3,3,-1),(3,2,-1),(3,2,0),(3,2,1),
406:(0,4,5),(1,4,5),(1,5,5),(1,6,5),(2,6,5),(3,6,5),(3,7,5),(3,7,4),(3,8,4),(3,9,4),(2,9,4),(3,9,4),(3,10,4),
407:(9,14,0),(9,13,0),(9,12,0),(9,12,1),(9,11,1),(10,11,1),(10,10,1),(10,9,1),(10,8,1),(9,8,1),
408:(4,7,1),(4,8,1),(4,9,1),(4,10,1),(4,11,1),(4,12,1),(4,13,1),(4,13,0),
409:(12,7,0),(12,7,1),(12,7,2),(12,6,2),(12,6,1),(12,5,1),(12,4,1),(12,3,1),(12,2,1),(12,2,2),(12,1,2),(11,1,2),
410:(0,4,0),(1,4,0),(2,4,0),(3,4,0),(3,5,0),(3,5,1),(3,6,1),(4,6,1),(4,7,1),(4,8,1),(4,9,1),(5,9,1),(5,9,2),(6,9,2),(7,9,2),(7,9,3),(7,10,3),(7,11,3),(8,11,3),(8,12,3),(8,12,4),(8,13,4),(8,14,4),
411:(13,2,3),(13,3,3),(13,4,3),(13,5,3),(13,6,3),(13,7,3),(12,7,3),(11,7,3),(11,8,3),(11,8,2),(11,9,2),(11,10,2),(11,11,2),(10,11,2),(10,12,2),
412:(10,1,1),(10,1,2),(10,2,2),(10,3,2),(11,3,2),(12,3,2),(12,4,2),(12,5,2),(12,6,2),(12,7,2),(12,7,3),(12,8,3),(12,9,3),(12,10,3),(12,11,3),(12,12,3),(11,12,3),(10,12,3),(10,13,3),(10,14,3),(10,14,4),
413:(14,8,5),(14,8,4),(14,8,3),(14,8,2),(14,8,1),(14,7,1),(14,6,1),(14,5,1),(14,4,1),(14,3,1),
414:(9,12,2),(8,12,2),(7,12,2),(6,12,2),(5,12,2),(4,12,2),(3,12,2),(2,12,2),(1,12,2),(0,12,2),(0,12,1),(0,12,0),(0,13,0),(0,14,0),
415:(14,1,4),(13,1,4),(13,1,3),(12,1,3),(11,1,3),(11,1,2),(11,2,2),(11,2,1),(11,3,1),(11,4,1),
416:(10,8,4),(10,8,3),(11,8,3),(11,9,3),(12,9,3),(12,9,3),(13,9,3),(14,9,3),
417:(13,2,1),(12,2,1),(11,2,1),(10,2,1),(9,2,1),(9,3,1),(9,4,1),(8,4,1),(7,4,1),(6,4,1),(6,5,1),(5,5,1),(4,5,1),(4,6,1),(4,7,1),(4,7,2),(4,8,2),(4,9,2),(4,10,2),(4,11,2),
418:(11,7,2),(10,7,2),(9,7,2),(8,7,2),(7,7,2),(7,6,2),(7,5,2),(6,5,2),(6,4,2),(6,3,2),(6,3,1),(6,3,0),(5,3,0),(5,2,0),(5,1,0),(5,0,0),
419:(11,4,2),(11,5,2),(10,5,2),(10,6,2),(10,7,2),(9,7,2),(8,7,2),(7,7,2),(7,7,3),(6,7,3),(6,8,3),(6,9,3),(6,10,3),(6,11,3),(5,11,3),
420:(13,14,4),(12,14,4),(11,14,4),(11,13,4),(11,12,4),(11,11,4),(11,10,4),(11,9,4),(11,8,4),(11,7,4),(10,7,4),(10,6,4),(10,5,4),(10,4,4),(9,4,4),(8,4,4),(7,4,4),(7,4,3),(7,4,2),(6,4,2),(6,3,2),(5,3,2),(5,3,3),
421:(9,0,4),(8,0,4),(8,0,3),(8,0,2),(8,0,1),(8,1,1),(8,1,1),(8,2,1),(8,3,1),(7,3,1),(7,4,1),(6,4,1),(5,4,1),(4,4,1),(4,5,1),(4,6,1),(4,7,1),(4,8,1),(4,9,1),(4,10,1),(4,11,1),(4,12,1),(3,12,1),(3,13,1),(2,13,1),(2,14,1),(1,14,1),
422:(8,13,2),(7,13,2),(7,13,1),(6,13,1),(6,12,1),(6,11,1),(6,11,1),(6,10,1),(5,10,1),
423:(13,11,1),(13,11,2),(12,11,2),(12,11,1),(12,10,1),(11,10,1),(11,9,1),(11,8,1),(11,7,1),(11,6,1),(10,6,1),(9,6,1),(9,6,0),(8,6,0),(7,6,0),(6,6,0),(5,6,0),(4,6,0),(3,6,0),(2,6,0),(2,5,0),(2,4,0),(2,3,0),(2,3,1),
424:(7,10,1),(7,11,1),(7,11,2),(7,11,3),(7,12,3),(7,12,3),(8,12,3),(9,12,3),(10,12,3),(11,12,3),(11,12,4),(11,11,4),
425:(13,13,0),(12,13,0),(11,13,0),(10,13,0),(9,13,0),(8,13,0),(7,13,0),(6,13,0),(5,13,0),(5,13,1),(4,13,1),(3,13,1),(2,13,1),(1,13,1),(1,13,2),(1,12,2),(1,11,2),(1,11,3),(1,10,3),(1,10,4),(1,9,4),(1,8,4),(1,7,4),(1,6,4),(1,5,4),(1,4,4),(1,3,4),(1,2,4),(1,2,5),(1,1,5),
426:(4,9,0),(5,9,0),(6,9,0),(7,9,0),(8,9,0),(9,9,0),(10,9,0),(11,9,0),(11,9,1),(11,10,1),(11,10,1),(12,10,1),
427:(11,0,0),(10,0,0),(9,0,0),(8,0,0),(8,1,0),(7,1,0),(6,1,0),(5,1,0),(4,1,0),(3,1,0),(3,1,0),(2,1,0),(1,1,0),
428:(4,3,0),(4,4,0),(4,4,1),(4,4,1),(5,4,1),(5,4,2),(5,4,3),(5,5,3),(5,6,3),(5,6,4),(5,7,4),(5,8,4),(6,8,4),(7,8,4),(8,8,4),(8,9,4),(9,9,4),(9,10,4),(9,11,4),(9,12,4),(10,12,4),(10,12,4),(10,12,5),
429:(9,6,2),(9,6,3),(9,6,4),(9,5,4),(10,5,4),(10,4,4),(10,3,4),(10,2,4),(10,1,4),(10,1,3),(10,0,3),
430:(4,8,0),(5,8,0),(5,8,1),(5,8,2),(5,8,2),(5,8,3),(5,8,4),(5,8,5),(6,8,5),(7,8,5),(8,8,5),(8,9,5),(9,9,5),(10,9,5),(11,9,5),(11,10,5),(12,10,5),(12,11,5),
431:(0,13,4),(1,13,4),(2,13,4),(2,12,4),(2,11,4),(2,10,4),(3,10,4),(3,9,4),(4,9,4),(4,8,4),(3,8,4),(3,7,4),
432:(8,12,5),(7,12,5),(6,12,5),(5,12,5),(5,12,4),(5,12,3),(5,12,3),(5,12,2),(5,12,1),(5,12,0),(5,11,0),(5,10,0),(5,9,0),(5,8,0),
433:(12,9,2),(13,9,2),(13,9,1),(13,9,0),(13,8,0),(13,7,0),(13,6,0),(13,5,0),(13,4,0),(13,3,0),(13,2,0),
434:(3,0,1),(3,0,2),(3,1,2),(3,2,2),(4,2,2),(4,3,2),(4,4,2),(5,4,2),(5,4,2),(6,4,2),(6,5,2),(6,5,3),(6,5,3),(6,6,3),
435:(0,1,5),(0,1,4),(0,1,3),(0,2,3),(0,3,3),(0,4,3),
436:(4,14,2),(5,14,2),(6,14,2),(6,14,1),(6,13,1),(6,13,0),(6,12,0),(7,12,0),
437:(5,14,2),(6,14,2),(7,14,2),(7,14,1),(8,14,1),(8,13,1),(8,12,1),(8,11,1),(8,11,0),(8,10,0),(8,9,0),(8,9,-1),(9,9,-1),(9,8,-1),(9,7,-1),(9,6,-1),(9,5,-1),(9,4,-1),(9,3,-1),(9,2,-1),(9,1,-1),(9,1,0),
438:(7,1,1),(7,1,2),(7,1,3),(7,0,3),(7,0,4),(8,0,4),(8,0,4),(9,0,4),(10,0,4),(11,0,4),(12,0,4),
439:(10,13,5),(9,13,5),(8,13,5),(7,13,5),(6,13,5),(6,13,4),(6,13,3),(6,12,3),(6,12,2),(6,11,2),(6,10,2),(6,9,2),(6,8,2),(6,7,2),(5,7,2),(5,6,2),
440:(14,14,1),(13,14,1),(12,14,1),(11,14,1),(10,14,1),(9,14,1),(8,14,1),(8,14,2),(7,14,2),(7,14,3),(6,14,3),(5,14,3),(4,14,3),(4,13,3),(3,13,3),(3,13,4),(2,13,4),(2,12,4),(2,11,4),(2,10,4),(1,10,4),(1,9,4),(1,8,4),(1,7,4),(1,6,4),(1,5,4),(1,4,4),(1,3,4),(1,2,4),(1,2,5),
441:(4,1,5),(4,2,5),(4,3,5),(4,3,6),(4,4,6),(4,5,6),(4,6,6),(4,7,6),(4,8,6),(4,9,6),(4,10,6),(4,11,6),(4,12,6),(4,12,5),(4,12,4),(4,12,3),(4,12,2),(4,13,2),
442:(6,0,3),(6,1,3),(6,2,3),(5,2,3),
443:(11,2,5),(12,2,5),(13,2,5),(13,2,4),(13,1,4),
444:(1,12,2),(2,12,2),(2,11,2),(2,11,1),(3,11,1),(4,11,1),(5,11,1),(5,11,0),(5,10,0),(5,9,0),(5,8,0),(6,8,0),(7,8,0),(8,8,0),(8,7,0),
445:(5,9,5),(6,9,5),(7,9,5),(8,9,5),(9,9,5),(9,9,4),(9,8,4),(10,8,4),(10,8,3),(10,7,3),(10,6,3),
446:(8,8,1),(7,8,1),(7,7,1),(7,6,1),(7,5,1),(7,5,1),(7,4,1),(7,4,1),(7,4,0),(7,3,0),(7,2,0),(7,1,0),(7,1,1),(7,0,1),
447:(6,8,5),(5,8,5),(4,8,5),(4,7,5),(4,6,5),(4,6,6),(3,6,6),(2,6,6),(2,5,6),(2,4,6),(2,3,6),(2,2,6),(2,2,5),(2,1,5),(2,1,4),
448:(13,0,1),(13,1,1),(13,2,1),(13,3,1),(13,4,1),(13,5,1),(13,6,1),(12,6,1),(12,6,1),(12,6,2),(12,6,3),(12,7,3),(12,8,3),(12,9,3),(12,10,3),(12,11,3),(12,12,3),(11,12,3),(10,12,3),(9,12,3),(8,12,3),
449:(3,7,5),(3,8,5),(3,9,5),(3,10,5),(3,11,5),(3,12,5),(3,13,5),(4,13,5),(4,14,5),(4,14,5),(4,14,4),
