soc=5646
lb_soc=4490
makespan=30
lb_makespan=26
comp_time=104459
highLevelExpanded=132
lowLevelExpanded=105093
solution=
0:(12,5,4),(11,5,4),(10,5,4),(10,5,3),(10,5,2),(10,5,2),(10,6,2),(10,7,2),(10,7,1),(10,8,1),(10,9,1),(10,10,1),(10,11,1),(10,11,0),
1:(3,11,2),(4,11,2),(5,11,2),(6,11,2),(7,11,2),(8,11,2),(9,11,2),(10,11,2),(10,11,3),(11,11,3),(11,10,3),(12,10,3),(12,9,3),(12,8,3),(12,7,3),(12,7,4),(12,6,4),(12,5,4),(12,4,4),(12,3,4),(13,3,4),(14,3,4),(14,2,4),(14,1,4),
2:(5,13,0),(5,13,1),(5,13,2),(5,12,2),(5,11,2),
3:(8,3,4),(7,3,4),(6,3,4),(5,3,4),(4,3,4),(3,3,4),(3,3,3),(3,3,2),(3,3,1),(3,4,1),(3,5,1),
4:(6,2,1),(5,2,1),(4,2,1),(3,2,1),(2,2,1),(1,2,1),(0,2,1),(0,2,2),(0,3,2),(0,4,2),(0,5,2),(0,6,2),(0,6,3),(0,7,3),(0,8,3),(0,8,4),
5:(9,13,2),(10,13,2),(11,13,2),(12,13,2),(13,13,2),(13,12,2),(13,11,2),(14,11,2),(14,10,2),(14,9,2),(14,8,2),(14,8,3),(14,7,3),(14,6,3),(14,5,3),
6:(8,4,5),(9,4,5),(10,4,5),(11,4,5),(11,4,4),(11,4,3),
7:(2,3,5),(3,3,5),(4,3,5),(5,3,5),(6,3,5),(7,3,5),(8,3,5),(9,3,5),(10,3,5),(11,3,5),(11,4,5),(11,5,5),(11,6,5),(11,6,4),(11,7,4),(11,8,4),(11,9,4),(10,9,4),(10,10,4),(10,11,4),(10,12,4),(11,12,4),(11,13,4),(11,14,4),
8:(13,4,1),(12,4,1),(11,4,1),(10,4,1),(9,4,1),(8,4,1),(7,4,1),(6,4,1),(5,4,1),(4,4,1),(3,4,1),(3,4,2),(3,4,3),(3,5,3),(3,6,3),
9:(4,13,2),(5,13,2),(6,13,2),(7,13,2),(8,13,2),(8,13,1),(8,12,1),(8,11,1),(8,10,1),(8,9,1),(8,8,1),(8,7,1),
10:(1,4,5),(2,4,5),(3,4,5),(4,4,5),(5,4,5),(6,4,5),(7,4,5),(8,4,5),(8,4,5),(8,5,5),(8,6,5),(8,6,4),(9,6,4),(9,7,4),
11:(1,9,2),(2,9,2),(3,9,2),(4,9,2),(5,9,2),(6,9,2),(7,9,2),(8,9,2),(9,9,2),(10,9,2),(11,9,2),(12,9,2),(12,10,2),(13,10,2),(14,10,2),(14,10,1),(14,11,1),(14,12,1),
12:(0,3,5),(1,3,5),(1,4,5),(1,5,5),(1,5,5),(1,6,5),(1,7,5),(2,7,5),(2,8,5),(3,8,5),(3,9,5),(4,9,5),(4,10,5),(4,11,5),(4,12,5),(4,13,5),(4,14,5),(5,14,5),(6,14,5),
13:(7,3,0),(8,3,0),(8,3,1),(8,2,1),(8,1,1),
14:(13,9,4),(12,9,4),(11,9,4),(10,9,4),(9,9,4),(8,9,4),(7,9,4),(6,9,4),(5,9,4),(4,9,4),(3,9,4),(3,10,4),(3,11,4),(3,12,4),(3,13,4),
15:(13,10,4),(12,10,4),(11,10,4),(11,10,5),(11,9,5),(11,8,5),
16:(0,4,2),(1,4,2),(2,4,2),(3,4,2),(4,4,2),(5,4,2),(6,4,2),(7,4,2),(8,4,2),(9,4,2),(9,3,2),(9,2,2),
17:(7,6,2),(6,6,2),(5,6,2),(5,7,2),(4,7,2),(4,8,2),(3,8,2),(3,8,3),(2,8,3),(2,9,3),(2,10,3),(2,11,3),(2,12,3),
18:(14,2,0),(13,2,0),(12,2,0),(12,2,1),(12,2,2),(12,2,3),(12,2,4),(12,2,5),(12,3,5),(12,4,5),(12,5,5),(12,6,5),(12,7,5),(12,8,5),
19:(13,6,2),(12,6,2),(11,6,2),(10,6,2),(9,6,2),(8,6,2),(7,6,2),(7,6,1),(7,7,1),(7,8,1),(7,9,1),(7,10,1),(7,11,1),(7,12,1),(7,12,0),(7,13,0),(7,14,0),
20:(7,7,1),(8,7,1),(8,8,1),(8,9,1),(8,9,0),(8,10,0),(9,10,0),(9,11,0),(10,11,0),(11,11,0),(12,11,0),(12,11,1),(12,12,1),
21:(0,5,2),(1,5,2),(2,5,2),(3,5,2),(4,5,2),(5,5,2),(6,5,2),(7,5,2),(8,5,2),(9,5,2),(10,5,2),(10,5,3),(10,5,4),(10,6,4),(11,6,4),(11,7,4),(11,8,4),(11,9,4),(11,9,5),(11,10,5),(11,11,5),(11,12,5),(11,13,5),
22:(13,0,2),(12,0,2),(11,0,2),(11,0,3),(11,0,4),(11,1,4),(11,2,4),(11,3,4),(11,4,4),(11,5,4),
23:(13,14,5),(12,14,5),(11,14,5),(11,14,4),(11,13,4),(11,12,4),(11,11,4),(11,11,3),(11,10,3),(11,9,3),(11,8,3),(11,7,3),(11,7,2),(10,7,2),(10,7,1),(10,6,1),(10,6,0),(10,5,0),(10,4,0),(9,4,0),(8,4,0),(8,3,0),
24:(0,7,1),(1,7,1),(2,7,1),(3,7,1),(4,7,1),(5,7,1),(5,7,2),(5,7,3),(5,7,4),(5,7,5),(5,6,5),(5,5,5),(5,4,5),
25:(1,1,2),(2,1,2),(3,1,2),(4,1,2),(4,1,1),(4,2,1),(4,3,1),(4,4,1),(4,5,1),
26:(3,8,0),(4,8,0),(5,8,0),(6,8,0),(7,8,0),(8,8,0),(9,8,0),(9,7,0),(9,6,0),(10,6,0),(10,5,0),(11,5,0),(12,5,0),(13,5,0),(14,5,0),(14,5,1),(15,5,1),(15,5,2),(15,5,3),(15,5,4),(15,5,5),(14,5,5),
27:(14,8,4),(14,7,4),(14,6,4),(14,5,4),(14,4,4),(13,4,4),(12,4,4),(12,4,3),(12,3,3),(12,2,3),(12,1,3),(12,0,3),(11,0,3),(10,0,3),
28:(2,10,2),(1,10,2),(1,9,2),(0,9,2),(0,8,2),(0,7,2),(0,6,2),(0,5,2),(0,5,3),(0,4,3),(1,4,3),
29:(2,13,5),(2,12,5),(2,11,5),(2,10,5),(2,9,5),(2,8,5),(2,7,5),(2,6,5),(2,6,6),(2,5,6),(2,4,6),(2,3,6),(2,3,5),(2,2,5),(2,1,5),
30:(7,12,2),(8,12,2),(9,12,2),(10,12,2),(11,12,2),(11,12,1),(11,11,1),(11,10,1),(11,9,1),(11,8,1),(11,7,1),(11,6,1),(11,6,0),(11,5,0),(11,4,0),(11,3,0),(11,3,1),(11,2,1),
31:(1,7,1),(2,7,1),(2,7,2),(2,7,3),(2,7,4),(2,8,4),(2,9,4),(2,10,4),(2,11,4),
32:(13,10,2),(12,10,2),(11,10,2),(10,10,2),(10,10,1),(10,10,0),
33:(11,6,2),(10,6,2),(9,6,2),(8,6,2),(7,6,2),(7,7,2),(7,8,2),(7,9,2),(7,10,2),(7,10,2),(6,10,2),(5,10,2),(4,10,2),(3,10,2),(2,10,2),(2,11,2),(2,11,3),(1,11,3),(0,11,3),(0,11,2),(0,11,1),
34:(11,0,1),(11,1,1),(11,2,1),(11,3,1),(12,3,1),(12,4,1),(12,5,1),(12,6,1),(12,7,1),(12,8,1),(12,9,1),
35:(6,12,0),(5,12,0),(4,12,0),(3,12,0),(2,12,0),(1,12,0),(0,12,0),(0,12,1),
36:(7,7,5),(8,7,5),(9,7,5),(10,7,5),(10,7,4),(10,7,3),(10,7,2),(10,7,1),(10,8,1),(10,9,1),(10,10,1),(10,11,1),(10,12,1),(10,13,1),(10,14,1),
37:(8,12,3),(9,12,3),(10,12,3),(11,12,3),(12,12,3),(13,12,3),(13,12,2),(13,11,2),(13,10,2),(13,9,2),
38:(2,2,4),(3,2,4),(4,2,4),(5,2,4),(6,2,4),(7,2,4),(8,2,4),(8,2,3),(8,2,2),(8,2,1),(8,2,0),(8,3,0),(8,4,0),(8,5,0),
39:(9,2,0),(8,2,0),(7,2,0),(6,2,0),(5,2,0),(4,2,0),(3,2,0),(3,3,0),(2,3,0),(1,3,0),(1,4,0),(1,5,0),(1,6,0),(1,7,0),(1,8,0),(1,9,0),(1,10,0),(1,11,0),(1,12,0),(1,13,0),
40:(14,7,4),(13,7,4),(12,7,4),(11,7,4),(11,6,4),(10,6,4),(9,6,4),(8,6,4),(7,6,4),(6,6,4),
41:(3,4,0),(2,4,0),(1,4,0),(0,4,0),(0,4,1),(0,4,2),(0,4,3),(0,4,4),(0,5,4),
42:(9,9,1),(8,9,1),(7,9,1),(7,9,0),(7,10,0),(7,11,0),
43:(5,0,1),(6,0,1),(6,1,1),(6,2,1),(6,3,1),(6,4,1),(6,5,1),(7,5,1),(7,6,1),(7,7,1),
44:(8,4,1),(7,4,1),(6,4,1),(5,4,1),(4,4,1),(3,4,1),(2,4,1),(1,4,1),(1,3,1),(1,2,1),(1,1,1),
45:(2,11,4),(3,11,4),(4,11,4),(5,11,4),(6,11,4),(7,11,4),(7,10,4),(8,10,4),(8,9,4),(9,9,4),(9,9,5),(9,8,5),(10,8,5),(10,7,5),
46:(1,8,5),(2,8,5),(3,8,5),(4,8,5),(5,8,5),(6,8,5),(7,8,5),(8,8,5),(9,8,5),(10,8,5),(10,7,5),(10,6,5),(10,6,4),(10,6,3),(10,5,3),(11,5,3),(12,5,3),(12,4,3),(12,3,3),(13,3,3),(14,3,3),(14,4,3),
47:(5,6,1),(6,6,1),(7,6,1),(8,6,1),(9,6,1),(10,6,1),(11,6,1),(11,6,2),(12,6,2),(13,6,2),(13,5,2),(13,4,2),(13,4,3),(13,3,3),(13,3,4),(13,2,4),(13,1,4),
48:(1,11,5),(2,11,5),(2,10,5),(2,9,5),(2,8,5),(2,7,5),(2,6,5),(3,6,5),(3,5,5),(4,5,5),(5,5,5),(6,5,5),(6,4,5),(7,4,5),(8,4,5),(9,4,5),(9,4,4),(10,4,4),(11,4,4),(12,4,4),(12,3,4),(12,2,4),(12,1,4),(12,0,4),
49:(5,8,1),(6,8,1),(7,8,1),(7,7,1),(7,7,0),(7,6,0),(7,5,0),(8,5,0),(8,4,0),(9,4,0),(9,3,0),(9,2,0),(9,2,0),(10,2,0),(11,2,0),(12,2,0),
50:(3,5,4),(4,5,4),(4,5,5),(4,6,5),(4,7,5),(4,7,6),(4,8,6),(4,9,6),(4,10,6),(4,11,6),(4,12,6),(5,12,6),(5,12,5),(5,13,5),
51:(3,1,3),(2,1,3),(1,1,3),(1,1,2),(1,2,2),(1,3,2),(1,4,2),(1,4,2),(1,4,1),
52:(12,10,1),(11,10,1),(10,10,1),(9,10,1),(8,10,1),(7,10,1),(6,10,1),(5,10,1),(5,10,2),(5,10,3),(5,9,3),(5,9,4),(5,8,4),(5,8,3),(5,7,3),(5,6,3),(5,5,3),(5,4,3),(5,3,3),(4,3,3),(4,2,3),
53:(9,1,3),(10,1,3),(11,1,3),(12,1,3),(12,1,2),(12,1,1),(12,2,1),(12,3,1),(12,4,1),(12,5,1),(12,6,1),(12,6,0),(12,7,0),(13,7,0),(13,8,0),(13,9,0),(13,10,0),(13,11,0),(13,12,0),(12,12,0),
54:(4,5,5),(5,5,5),(6,5,5),(7,5,5),(8,5,5),(9,5,5),(10,5,5),(11,5,5),(12,5,5),(13,5,5),(13,5,4),(13,5,3),(13,5,2),(13,5,1),(13,5,0),(13,6,0),(13,7,0),(13,8,0),(13,9,0),(13,10,0),(13,11,0),
55:(10,14,2),(11,14,2),(12,14,2),(12,14,2),(12,13,2),(12,12,2),(12,11,2),(12,10,2),(12,9,2),(12,8,2),(12,7,2),(12,6,2),(12,6,1),
56:(6,0,0),(5,0,0),(4,0,0),(3,0,0),(2,0,0),(1,0,0),(0,0,0),(0,0,1),(0,0,2),(0,0,3),
57:(13,13,3),(12,13,3),(11,13,3),(10,13,3),(10,13,4),(10,14,4),
58:(3,6,3),(2,6,3),(1,6,3),(0,6,3),(0,6,4),(0,6,5),(0,7,5),(0,8,5),(0,9,5),(0,10,5),(0,11,5),(0,12,5),
59:(11,13,3),(10,13,3),(9,13,3),(8,13,3),(7,13,3),(6,13,3),(6,13,3),(6,12,3),(6,11,3),(6,10,3),(6,9,3),(6,8,3),(6,8,4),(5,8,4),(5,8,5),(5,7,5),(5,6,5),(5,5,5),(4,5,5),
60:(3,3,5),(4,3,5),(5,3,5),(6,3,5),(6,3,4),(6,3,3),(6,3,2),(6,3,1),(6,3,0),(6,2,0),
61:(11,5,4),(10,5,4),(9,5,4),(8,5,4),(7,5,4),(6,5,4),(5,5,4),(4,5,4),(3,5,4),(3,5,3),(3,5,2),(3,6,2),
62:(10,12,5),(11,12,5),(12,12,5),(13,12,5),(13,12,4),(13,11,4),(13,11,3),(13,10,3),(13,10,3),(13,10,2),(13,10,1),(13,9,1),
63:(10,4,2),(11,4,2),(12,4,2),(12,4,3),(12,4,4),(12,4,5),(12,5,5),(12,6,5),(12,7,5),(12,8,5),(12,9,5),
64:(11,0,2),(10,0,2),(9,0,2),(8,0,2),(7,0,2),(7,1,2),(7,2,2),(7,3,2),(7,4,2),(7,4,2),(6,4,2),(6,5,2),(6,6,2),(6,7,2),(6,8,2),(6,9,2),(5,9,2),(5,10,2),(4,10,2),(3,10,2),
65:(2,2,3),(2,2,4),(2,3,4),(2,4,4),(2,5,4),
66:(5,7,5),(4,7,5),(3,7,5),(2,7,5),(1,7,5),(0,7,5),(0,7,4),(0,7,3),(0,7,2),(0,8,2),
67:(8,13,2),(9,13,2),(10,13,2),(11,13,2),(11,13,3),(12,13,3),(13,13,3),(13,12,3),(13,11,3),(13,10,3),(13,9,3),(13,8,3),
68:(10,5,4),(9,5,4),(8,5,4),(7,5,4),(6,5,4),(6,5,3),(6,4,3),(6,4,2),(6,3,2),(6,2,2),
69:(8,6,1),(9,6,1),(9,6,1),(9,7,1),(9,7,1),(9,8,1),(9,9,1),(9,10,1),(9,11,1),
70:(3,14,4),(4,14,4),(5,14,4),(6,14,4),(7,14,4),(8,14,4),(9,14,4),(9,13,4),(10,13,4),(11,13,4),(11,12,4),(12,12,4),(13,12,4),(14,12,4),(14,11,4),(14,10,4),(14,9,4),(14,8,4),(14,7,4),(14,6,4),(15,6,4),(15,5,4),(15,4,4),(15,3,4),(15,2,4),(15,1,4),(15,0,4),(14,0,4),
71:(12,11,5),(12,10,5),(12,10,4),(12,10,3),(12,10,2),(11,10,2),(11,11,2),
72:(14,7,0),(13,7,0),(12,7,0),(12,7,1),(12,7,2),(12,7,3),(12,8,3),(12,9,3),(12,10,3),(12,11,3),(12,12,3),(12,13,3),(12,14,3),
73:(9,1,2),(8,1,2),(8,1,3),(8,1,4),(8,2,4),(8,3,4),(8,4,4),(8,5,4),(8,5,5),(8,6,5),(8,7,5),(8,8,5),(8,9,5),
74:(2,12,2),(3,12,2),(4,12,2),(4,12,1),(5,12,1),(6,12,1),(7,12,1),(8,12,1),(8,11,1),(8,10,1),(9,10,1),(9,9,1),(9,8,1),(9,7,1),(9,6,1),(9,5,1),(9,5,2),(9,4,2),(9,3,2),(9,3,1),
75:(1,4,3),(2,4,3),(3,4,3),(4,4,3),(5,4,3),(6,4,3),(6,4,4),(6,5,4),(6,6,4),(6,7,4),
76:(14,5,1),(13,5,1),(12,5,1),(11,5,1),(10,5,1),(9,5,1),(8,5,1),(8,5,2),(8,5,3),(7,5,3),(6,5,3),(5,5,3),(5,5,4),(4,5,4),(4,5,5),(4,4,5),(4,3,5),
77:(13,12,5),(12,12,5),(12,12,4),(11,12,4),(10,12,4),(9,12,4),(8,12,4),(7,12,4),(6,12,4),(5,12,4),(4,12,4),(3,12,4),(2,12,4),(1,12,4),(1,12,3),(1,12,2),(1,12,1),(1,11,1),(1,10,1),(1,10,0),(1,9,0),(1,8,0),
78:(6,0,5),(5,0,5),(5,0,4),(5,0,3),(5,0,2),(5,0,1),(5,0,0),(5,1,0),(5,2,0),(5,3,0),(5,3,-1),(5,4,-1),(5,5,-1),(5,5,0),(5,6,0),
79:(0,7,5),(1,7,5),(1,8,5),(1,8,4),(1,8,3),(2,8,3),(2,8,2),(3,8,2),(3,8,1),(3,9,1),(3,10,1),(3,11,1),(4,11,1),(5,11,1),(6,11,1),(7,11,1),(7,12,1),(8,12,1),(8,12,0),(9,12,0),(9,13,0),(10,13,0),(11,13,0),
80:(10,8,3),(9,8,3),(8,8,3),(7,8,3),(6,8,3),(5,8,3),(4,8,3),(4,7,3),(4,6,3),(4,5,3),(4,4,3),
81:(7,10,0),(8,10,0),(8,10,1),(8,10,2),(9,10,2),(10,10,2),(10,10,3),(10,9,3),(11,9,3),(12,9,3),(12,9,4),(13,9,4),(13,9,5),(13,8,5),(13,7,5),(13,6,5),(13,5,5),(14,5,5),(14,4,5),
82:(0,9,1),(1,9,1),(2,9,1),(3,9,1),(4,9,1),
83:(6,7,4),(5,7,4),(4,7,4),(3,7,4),(3,8,4),
84:(13,13,2),(12,13,2),(12,13,1),(11,13,1),(10,13,1),(9,13,1),(8,13,1),(7,13,1),(6,13,1),(5,13,1),(4,13,1),(3,13,1),(3,12,1),(3,11,1),(2,11,1),
85:(7,11,4),(6,11,4),(5,11,4),(5,11,3),(4,11,3),(3,11,3),(2,11,3),(1,11,3),(0,11,3),(0,11,2),(0,10,2),(0,10,1),(0,9,1),(0,8,1),(0,7,1),
86:(5,1,0),(6,1,0),(7,1,0),(8,1,0),(9,1,0),(10,1,0),(11,1,0),(12,1,0),(12,2,0),(12,2,1),
87:(4,7,1),(5,7,1),(5,7,2),(5,7,3),(5,7,4),(5,8,4),(5,9,4),(5,10,4),(5,11,4),
88:(3,7,3),(2,7,3),(2,6,3),(2,6,2),(2,6,1),
89:(1,10,4),(1,9,4),(1,8,4),(1,7,4),(1,7,4),(2,7,4),(2,6,4),(3,6,4),(4,6,4),(4,5,4),(5,5,4),(5,4,4),(5,3,4),(5,2,4),
90:(14,6,2),(13,6,2),(12,6,2),(11,6,2),(10,6,2),(9,6,2),(8,6,2),(7,6,2),(6,6,2),(5,6,2),(5,5,2),(4,5,2),(3,5,2),(2,5,2),(2,5,1),(1,5,1),(0,5,1),(0,5,0),(0,4,0),(0,3,0),(0,2,0),
91:(5,12,2),(4,12,2),(4,12,1),(3,12,1),(2,12,1),(1,12,1),(1,11,1),(1,10,1),(1,9,1),(1,8,1),(1,7,1),(1,6,1),(1,6,1),(0,6,1),
92:(6,10,0),(5,10,0),(4,10,0),(3,10,0),(2,10,0),(1,10,0),(0,10,0),(0,10,1),(0,10,2),(0,10,3),(0,10,4),(0,10,5),(0,9,5),
93:(4,12,5),(5,12,5),(6,12,5),(7,12,5),(8,12,5),(9,12,5),(10,12,5),(11,12,5),(12,12,5),(12,12,4),(12,11,4),(12,11,3),(12,11,2),(12,10,2),(12,9,2),(12,8,2),(12,7,2),(12,6,2),(12,5,2),(12,4,2),
94:(4,11,3),(5,11,3),(6,11,3),(7,11,3),(8,11,3),(9,11,3),(9,12,3),(9,12,2),(9,12,1),
95:(8,6,4),(9,6,4),(10,6,4),(11,6,4),(12,6,4),(13,6,4),(13,7,4),(13,7,3),(13,7,2),(13,8,2),(13,8,1),(13,8,0),(13,9,0),(13,10,0),(13,11,0),(13,12,0),(13,13,0),
96:(0,6,5),(1,6,5),(2,6,5),(3,6,5),(3,6,4),(3,6,3),(3,6,2),(3,6,1),(3,6,0),(3,7,0),(3,8,0),(3,9,0),(3,10,0),
97:(8,14,3),(8,14,4),(8,13,4),(8,12,4),(8,11,4),(8,10,4),(8,9,4),(8,8,4),(8,7,4),(8,7,5),(9,7,5),(8,7,5),(8,6,5),(8,5,5),
98:(11,9,2),(11,10,2),(11,11,2),(11,12,2),(11,13,2),(11,14,2),(12,14,2),
99:(10,14,3),(10,14,4),(10,13,4),(10,12,4),(10,11,4),(10,10,4),(10,9,4),(10,8,4),(10,7,4),(10,6,4),(10,5,4),(10,4,4),(9,4,4),(9,3,4),
100:(4,9,2),(5,9,2),(6,9,2),(7,9,2),(8,9,2),(9,9,2),(10,9,2),(10,10,2),(10,11,2),(10,12,2),(11,12,2),
101:(7,9,1),(6,9,1),(5,9,1),(4,9,1),(4,9,0),(3,9,0),(2,9,0),(2,8,0),(2,7,0),(2,6,0),(2,5,0),(2,4,0),
102:(11,9,0),(12,9,0),(13,9,0),(13,9,1),(13,9,2),(13,9,3),(13,9,4),(13,8,4),(13,7,4),
103:(12,14,4),(11,14,4),(11,14,3),(11,13,3),(11,12,3),(11,11,3),(11,10,3),(11,10,2),
104:(0,3,4),(1,3,4),(1,4,4),(1,5,4),(1,6,4),(2,6,4),(3,6,4),(4,6,4),(4,7,4),(5,7,4),(5,8,4),(6,8,4),(6,9,4),(6,10,4),(7,10,4),(8,10,4),(9,10,4),(9,11,4),(9,12,4),(9,13,4),(9,14,4),
105:(4,7,3),(3,7,3),(3,7,4),(3,8,4),(2,8,4),(2,9,4),(1,9,4),
106:(10,6,3),(11,6,3),(12,6,3),(12,7,3),(12,8,3),(12,9,3),(12,10,3),(12,11,3),(12,12,3),(13,12,3),(13,13,3),
107:(7,14,3),(6,14,3),(5,14,3),(5,13,3),(5,12,3),(5,11,3),(5,10,3),(5,9,3),(5,8,3),(5,7,3),(5,7,4),(5,7,5),(5,6,5),(5,5,5),(5,5,6),(5,4,6),(5,3,6),(5,2,6),(5,1,6),(5,1,5),(5,0,5),
108:(13,12,0),(12,12,0),(11,12,0),(10,12,0),(9,12,0),(8,12,0),(7,12,0),(6,12,0),(5,12,0),(4,12,0),(3,12,0),(2,12,0),(2,11,0),(2,10,0),(2,9,0),(2,9,1),(2,8,1),(1,8,1),(1,7,1),(1,6,1),
109:(12,13,4),(11,13,4),(11,13,5),(10,13,5),(9,13,5),(8,13,5),(7,13,5),(7,12,5),(7,11,5),(6,11,5),(6,10,5),(6,10,6),(5,10,6),(5,9,6),(5,9,5),(5,8,5),(5,7,5),
110:(4,9,4),(5,9,4),(5,9,3),(5,8,3),(5,7,3),(5,6,3),(5,5,3),(5,4,3),(5,3,3),(6,3,3),(7,3,3),(8,3,3),(8,2,3),(8,1,3),(9,1,3),(9,1,2),(9,0,2),
111:(9,4,1),(10,4,1),(10,4,0),(11,4,0),(12,4,0),(13,4,0),(14,4,0),
112:(10,8,4),(10,9,4),(10,10,4),(11,10,4),(12,10,4),(13,10,4),(14,10,4),(14,11,4),(14,12,4),(14,13,4),(14,14,4),
113:(12,7,1),(11,7,1),(10,7,1),(10,7,2),(9,7,2),(9,7,3),(9,7,4),(9,6,4),(8,6,4),(7,6,4),(7,5,4),(7,4,4),(6,4,4),(6,4,4),(5,4,4),
114:(6,12,1),(5,12,1),(5,12,2),(4,12,2),(4,12,3),(4,12,4),(4,11,4),(4,10,4),(4,9,4),(4,8,4),(4,7,4),(4,6,4),
115:(0,0,4),(1,0,4),(2,0,4),(3,0,4),(3,0,3),(3,1,3),(3,2,3),(3,3,3),(3,4,3),(3,4,3),(3,5,3),(4,5,3),
116:(9,2,1),(8,2,1),(8,2,0),(8,3,0),(8,4,0),(8,5,0),(8,6,0),
117:(9,10,3),(8,10,3),(7,10,3),(6,10,3),(5,10,3),(4,10,3),(3,10,3),(2,10,3),(2,10,4),(1,10,4),(1,10,5),(1,11,5),(0,11,5),
118:(10,2,1),(10,3,1),(10,4,1),(10,5,1),(10,6,1),(10,7,1),(10,8,1),(10,9,1),(10,10,1),(11,10,1),(11,11,1),(11,12,1),(11,13,1),(11,14,1),
119:(4,2,1),(4,3,1),(5,3,1),(6,3,1),(6,4,1),(6,5,1),(6,6,1),(6,7,1),(6,8,1),(6,9,1),(6,10,1),(6,11,1),(6,12,1),
120:(5,2,3),(4,2,3),(3,2,3),(3,2,2),(3,2,1),(3,2,0),(3,3,0),(3,4,0),(3,5,0),(3,6,0),(3,7,0),
121:(0,4,0),(1,4,0),(1,4,1),(2,4,1),(2,3,1),
122:(2,10,4),(3,10,4),(4,10,4),(5,10,4),(6,10,4),(6,10,5),(6,9,5),
123:(9,3,4),(10,3,4),(11,3,4),(11,3,5),(11,4,5),(11,5,5),(11,6,5),(11,7,5),
124:(3,13,5),(4,13,5),(4,13,4),(4,12,4),(4,11,4),(5,11,4),(6,11,4),(6,11,4),(6,10,4),(7,10,4),(8,10,4),(9,10,4),(9,10,4),(10,10,4),(11,10,4),
125:(2,8,5),(3,8,5),(4,8,5),(5,8,5),(6,8,5),(7,8,5),(8,8,5),(9,8,5),(10,8,5),(10,9,5),
126:(5,3,4),(6,3,4),(6,4,4),(6,5,4),(6,4,4),(6,4,4),(6,5,4),(5,5,4),(6,5,4),
127:(11,10,4),(11,10,3),(11,9,3),(11,8,3),(11,7,3),(11,6,3),(10,6,3),(10,5,3),(10,4,3),(10,3,3),(11,3,3),(11,2,3),(11,1,3),(10,1,3),
128:(10,0,5),(10,0,5),(10,0,4),(10,0,3),(10,1,3),(10,2,3),(10,3,3),(10,3,2),(10,4,2),(10,5,2),(10,6,2),(9,6,2),(9,7,2),(8,7,2),(8,8,2),(8,8,1),
129:(2,2,1),(3,2,1),(3,2,2),(3,3,2),(3,4,2),(4,4,2),(5,4,2),(5,5,2),(5,6,2),(5,7,2),(5,8,2),(5,8,3),(5,9,3),(5,10,3),(5,11,3),(5,12,3),(5,13,3),(5,14,3),
130:(12,9,4),(11,9,4),(10,9,4),(10,9,3),(10,9,2),(10,9,1),(10,9,0),(9,9,0),(8,9,0),(7,9,0),
131:(3,7,2),(4,7,2),(4,7,1),(4,7,0),(4,6,0),(4,5,0),(4,4,0),(4,3,0),(4,2,0),
132:(4,0,2),(5,0,2),(5,1,2),(5,2,2),(5,3,2),
133:(3,10,3),(4,10,3),(5,10,3),(5,9,3),(6,9,3),(7,9,3),(7,8,3),(7,8,4),
134:(9,9,2),(10,9,2),(11,9,2),(11,8,2),(11,7,2),(11,6,2),(11,5,2),(11,5,1),
135:(5,8,0),(5,8,1),(4,8,1),(3,8,1),(3,8,2),(3,7,2),
136:(7,3,1),(8,3,1),(9,3,1),(10,3,1),(10,3,2),(10,2,2),(10,1,2),
137:(4,10,3),(4,10,2),(3,10,2),(2,10,2),(2,10,1),
138:(11,14,5),(10,14,5),(9,14,5),(9,13,5),(9,12,5),(9,11,5),(9,11,4),(9,11,3),(9,10,3),(9,9,3),(9,8,3),(9,7,3),(9,6,3),(9,5,3),
139:(9,3,1),(9,3,2),(8,3,2),(7,3,2),(7,3,3),(7,3,4),(6,3,4),(5,3,4),(4,3,4),(3,3,4),(3,3,5),(3,4,5),(3,5,5),(3,6,5),(2,6,5),(2,7,5),(2,8,5),(2,9,5),(1,9,5),(1,10,5),(1,11,5),(1,12,5),
140:(5,1,4),(6,1,4),(7,1,4),(7,1,3),(8,1,3),(8,1,2),(8,2,2),(8,3,2),
141:(5,8,4),(6,8,4),(7,8,4),(8,8,4),(8,8,3),(8,8,2),(8,9,2),(8,10,2),(8,11,2),(8,11,1),(8,12,1),(8,13,1),(8,13,1),(8,13,0),
142:(4,1,3),(3,1,3),(2,1,3),(2,1,2),(2,1,1),(2,1,0),(2,2,0),
143:(7,13,5),(8,13,5),(9,13,5),(9,13,4),(9,13,3),(10,13,3),(11,13,3),(11,12,3),(11,11,3),(11,10,3),(12,10,3),(12,9,3),(12,8,3),(12,7,3),(12,6,3),(12,5,3),(13,5,3),(13,4,3),
144:(12,11,2),(11,11,2),(10,11,2),(9,11,2),(8,11,2),(8,11,1),(7,11,1),(6,11,1),(5,11,1),(5,10,1),(5,9,1),(5,8,1),(5,7,1),(5,7,2),(5,6,2),(5,5,2),(5,4,2),(5,4,1),
145:(5,0,2),(6,0,2),(7,0,2),(7,0,3),(7,1,3),(8,1,3),(9,1,3),(9,2,3),
146:(10,4,0),(9,4,0),(8,4,0),(7,4,0),(6,4,0),(5,4,0),(5,4,1),(5,3,1),(4,3,1),(3,3,1),(3,2,1),(2,2,1),(2,1,1),
147:(0,14,3),(1,14,3),(2,14,3),(3,14,3),(4,14,3),(5,14,3),(6,14,3),(7,14,3),(8,14,3),(9,14,3),(10,14,3),(11,14,3),(11,13,3),(12,13,3),(12,12,3),(12,11,3),(12,10,3),(12,9,3),(12,8,3),(12,7,3),(12,7,4),(12,6,4),(12,6,5),(12,5,5),(12,4,5),(12,3,5),(13,3,5),(13,2,5),
148:(6,11,1),(7,11,1),(8,11,1),(8,10,1),(8,10,2),(8,10,2),(8,10,3),(9,10,3),(9,9,3),(9,8,3),(9,7,3),(9,6,3),(10,6,3),(10,5,3),(10,4,3),(10,4,4),(11,4,4),(11,3,4),(11,2,4),(11,1,4),
149:(0,4,3),(1,4,3),(2,4,3),(2,5,3),(2,6,3),(2,7,3),(2,7,2),(2,8,2),(2,9,2),(2,10,2),(2,11,2),(2,12,2),
150:(6,3,5),(7,3,5),(8,3,5),(9,3,5),(10,3,5),(11,3,5),(11,2,5),(11,1,5),
151:(5,5,0),(6,5,0),(7,5,0),(8,5,0),(9,5,0),(10,5,0),(11,5,0),(11,6,0),(11,7,0),(11,8,0),(12,8,0),
152:(9,11,1),(9,11,2),(9,11,3),(9,10,3),(9,9,3),(8,9,3),(9,9,3),(9,8,3),(9,7,3),(9,6,3),(9,5,3),(9,4,3),(9,3,3),(8,3,3),(7,3,3),(6,3,3),(5,3,3),(4,3,3),(3,3,3),(2,3,3),
153:(11,6,1),(12,6,1),(13,6,1),(14,6,1),(14,6,2),(14,6,3),(14,6,4),(14,6,5),
154:(14,3,2),(13,3,2),(12,3,2),(11,3,2),(11,3,1),(10,3,1),(9,3,1),(8,3,1),(7,3,1),(6,3,1),(5,3,1),(4,3,1),(4,3,0),(4,4,0),(4,5,0),(4,6,0),(4,7,0),(5,7,0),(5,8,0),(5,9,0),(4,9,0),(4,10,0),
155:(8,6,5),(9,6,5),(10,6,5),(11,6,5),(12,6,5),(12,6,4),(12,6,3),(12,6,2),(12,6,1),(12,6,0),(12,5,0),(12,4,0),(12,3,0),
156:(13,14,2),(12,14,2),(12,14,3),(11,14,3),(10,14,3),(9,14,3),(8,14,3),(8,13,3),(7,13,3),(6,13,3),(5,13,3),(5,13,4),(5,12,4),(4,12,4),(3,12,4),(3,11,4),(3,10,4),(2,10,4),
157:(6,14,1),(7,14,1),(7,13,1),(7,12,1),(7,11,1),(7,11,1),(7,11,2),(7,11,3),(7,11,4),(7,11,5),(7,10,5),(7,9,5),(7,9,6),(7,8,6),(7,7,6),(7,7,5),(7,6,5),
158:(4,10,2),(5,10,2),(5,10,1),(5,10,0),(5,9,0),(5,8,0),(5,7,0),(5,6,0),(5,5,0),(5,4,0),
159:(6,7,5),(7,7,5),(8,7,5),(9,7,5),(10,7,5),(11,7,5),(12,7,5),(13,7,5),(13,8,5),(13,8,4),(13,9,4),(13,10,4),(13,10,3),
160:(10,2,0),(9,2,0),(9,2,1),(9,2,2),(9,3,2),(9,4,2),(9,5,2),(9,6,2),(8,6,2),(7,6,2),(6,6,2),(6,6,3),(6,7,3),(6,8,3),(6,9,3),(6,10,3),(6,11,3),(6,11,4),(6,12,4),(6,13,4),(6,13,3),(6,14,3),
161:(10,7,5),(11,7,5),(12,7,5),(13,7,5),(13,7,4),(13,7,3),(13,7,2),(13,7,1),(14,7,1),
162:(4,0,0),(4,0,1),(5,0,1),(6,0,1),(7,0,1),(8,0,1),(9,0,1),(10,0,1),(11,0,1),(12,0,1),(12,0,2),(12,1,2),(12,2,2),(12,2,3),(12,2,4),(12,2,5),(12,3,5),(12,4,5),(12,5,5),(13,5,5),
163:(12,11,3),(11,11,3),(10,11,3),(9,11,3),(9,12,3),(8,12,3),(8,13,3),(7,13,3),(6,13,3),(5,13,3),(4,13,3),
164:(5,13,2),(5,13,3),(4,13,3),(3,13,3),(3,13,4),(3,12,4),(3,11,4),(3,10,4),(3,9,4),(2,9,4),
165:(9,10,1),(8,10,1),(7,10,1),(7,9,1),(7,8,1),(7,8,0),(7,7,0),(7,6,0),(7,5,0),(7,4,0),(7,3,0),
166:(5,7,0),(6,7,0),(7,7,0),(8,7,0),(9,7,0),(10,7,0),(11,7,0),(12,7,0),(13,7,0),(13,7,1),(13,7,2),(13,6,2),
167:(11,8,4),(12,8,4),(12,8,5),(13,8,5),(13,9,5),(13,10,5),(13,11,5),(13,12,5),(13,13,5),
168:(8,4,4),(7,4,4),(7,4,3),(6,4,3),(6,4,2),(6,5,2),(6,6,2),(5,6,2),(5,7,2),(5,8,2),(5,8,1),(5,8,0),(5,9,0),(5,10,0),(5,11,0),(5,11,-1),(5,12,-1),(5,13,-1),(5,13,0),(5,14,0),
169:(14,1,2),(13,1,2),(12,1,2),(12,2,2),(12,2,3),(12,2,4),(12,3,4),(12,4,4),(12,5,4),(12,6,4),(11,6,4),(10,6,4),(10,7,4),(10,8,4),(10,9,4),(10,9,4),(9,9,4),(8,9,4),
170:(0,2,4),(1,2,4),(2,2,4),(2,2,5),(2,3,5),(2,4,5),(2,5,5),
171:(7,2,2),(8,2,2),(9,2,2),(10,2,2),(11,2,2),(11,2,1),(11,2,0),(11,3,0),(11,4,0),(11,5,0),(11,6,0),(11,7,0),
172:(8,9,5),(9,9,5),(10,9,5),(11,9,5),(11,9,4),(11,9,3),(11,9,2),(11,8,2),(11,7,2),(11,6,2),
173:(0,11,0),(1,11,0),(2,11,0),(2,10,0),(2,9,0),(2,9,1),(2,8,1),(2,7,1),(2,7,2),(2,7,3),(2,6,3),(2,5,3),
174:(14,3,5),(13,3,5),(12,3,5),(12,2,5),(11,2,5),(10,2,5),(9,2,5),(8,2,5),(7,2,5),(6,2,5),(5,2,5),(4,2,5),(4,1,5),(4,1,4),(4,0,4),
175:(6,0,2),(7,0,2),(7,1,2),(7,2,2),(7,3,2),(7,4,2),(7,5,2),(7,5,3),(7,6,3),(7,7,3),(7,7,2),(7,8,2),(7,9,2),(7,10,2),(7,11,2),
176:(0,11,5),(1,11,5),(1,11,4),(2,11,4),(3,11,4),(4,11,4),(4,10,4),(4,9,4),(4,8,4),(4,7,4),(4,6,4),(4,5,4),(4,4,4),(4,3,4),(4,3,3),(4,3,2),(4,2,2),(4,1,2),(4,0,2),(4,0,1),(4,0,0),
177:(9,1,4),(8,1,4),(8,2,4),(7,2,4),(7,2,3),(6,2,3),(6,2,2),(5,2,2),(5,2,1),
178:(10,6,4),(10,7,4),(9,7,4),(8,7,4),(7,7,4),(7,8,4),(7,8,4),(7,9,4),(7,10,4),(7,11,4),(7,12,4),
179:(5,10,4),(4,10,4),(4,10,3),(3,10,3),(2,10,3),(2,9,3),(2,8,3),(2,7,3),(2,6,3),(2,6,2),(2,5,2),(2,4,2),(1,4,2),(1,3,2),(1,2,2),(1,1,2),(1,0,2),(1,0,1),
180:(8,10,3),(7,10,3),(6,10,3),(5,10,3),(4,10,3),(3,10,3),(3,10,4),(3,10,5),
181:(7,2,4),(6,2,4),(6,2,4),(6,3,4),(5,3,4),(4,3,4),(3,3,4),(2,3,4),(1,3,4),(1,4,4),(1,5,4),(1,6,4),(0,6,4),(0,7,4),
182:(12,7,4),(11,7,4),(11,7,3),(11,6,3),(11,5,3),(10,5,3),(9,5,3),(9,4,3),(9,4,2),(9,3,2),(9,2,2),(8,2,2),(8,1,2),(8,0,2),
183:(4,12,4),(5,12,4),(6,12,4),(6,12,3),(6,12,2),(6,11,2),(6,10,2),(6,9,2),(6,8,2),(6,7,2),(6,7,1),(6,6,1),(6,5,1),
184:(12,12,2),(11,12,2),(10,12,2),(10,11,2),(9,11,2),(9,10,2),(8,10,2),(7,10,2),(6,10,2),(5,10,2),(5,9,2),(5,8,2),(5,7,2),(5,6,2),(5,5,2),(4,5,2),
185:(10,11,4),(9,11,4),(8,11,4),(7,11,4),(7,12,4),(6,12,4),(5,12,4),(4,12,4),(3,12,4),(3,12,3),(3,12,2),(3,12,1),(2,12,1),
186:(13,4,4),(14,4,4),(14,4,3),(14,4,2),(14,3,2),(14,2,2),(14,1,2),(14,0,2),
187:(9,0,4),(8,0,4),(7,0,4),(6,0,4),(6,0,3),(6,1,3),(6,2,3),(6,3,3),(6,4,3),(6,4,2),(6,5,2),(6,6,2),(6,7,2),(6,8,2),(6,9,2),(6,10,2),
188:(8,13,4),(7,13,4),(6,13,4),(6,13,4),(6,13,5),
189:(11,7,2),(11,7,3),(11,6,3),(10,6,3),(10,5,3),(10,4,3),(9,4,3),(8,4,3),(7,4,3),(7,4,3),(6,4,3),(5,4,3),(5,3,3),(4,3,3),(3,3,3),(2,3,3),(1,3,3),(1,3,2),(1,2,2),
190:(5,4,3),(4,4,3),(4,5,3),(3,5,3),(2,5,3),(2,5,2),(1,5,2),
191:(10,8,2),(11,8,2),(12,8,2),(13,8,2),(14,8,2),(14,8,1),(14,7,1),(14,6,1),
192:(8,0,2),(8,0,3),(7,0,3),(6,0,3),(5,0,3),(4,0,3),(3,0,3),(2,0,3),(1,0,3),(1,1,3),(0,1,3),(0,2,3),(0,3,3),(0,4,3),(0,5,3),(0,6,3),(0,7,3),(0,8,3),(0,9,3),(0,10,3),(0,11,3),(-1,11,3),(-1,12,3),(-1,13,3),(0,13,3),
193:(11,5,2),(10,5,2),(9,5,2),(8,5,2),(7,5,2),(7,5,1),(7,6,1),(6,6,1),(6,7,1),(5,7,1),(4,7,1),(3,7,1),(2,7,1),(2,7,0),(2,8,0),
194:(3,0,4),(3,0,3),(3,1,3),(3,2,3),(3,3,3),(3,4,3),(3,5,3),(3,6,3),(3,7,3),(4,7,3),(4,7,2),(4,8,2),(4,8,2),(5,8,2),
195:(4,12,3),(5,12,3),(6,12,3),(7,12,3),(8,12,3),(8,13,3),(9,13,3),(10,13,3),(11,13,3),(12,13,3),(12,13,2),(13,13,2),(14,13,2),(14,13,3),
196:(3,1,5),(3,2,5),(3,3,5),(3,4,5),(3,5,5),(3,6,5),(3,7,5),(3,7,4),(3,7,4),(3,7,3),(4,7,3),(4,7,2),(4,7,1),(4,8,1),(5,8,1),
197:(8,9,4),(9,9,4),(9,9,3),(9,9,2),(9,8,2),(10,8,2),(11,8,2),(12,8,2),(13,8,2),(13,8,1),(13,7,1),(13,6,1),(13,5,1),(14,5,1),(14,4,1),(14,3,1),(14,2,1),(14,1,1),
198:(10,10,2),(10,10,3),(11,10,3),(11,9,3),(11,8,3),(11,7,3),(12,7,3),(12,6,3),(12,5,3),(12,4,3),(12,3,3),(12,2,3),(12,1,3),(12,0,3),
199:(2,6,5),(3,6,5),(4,6,5),(5,6,5),(6,6,5),(6,6,4),(6,7,4),(6,7,3),(6,8,3),(7,8,3),(7,9,3),(7,9,2),(7,10,2),(8,10,2),(8,11,2),(8,12,2),(8,12,1),(8,12,0),(9,12,0),(9,13,0),(9,14,0),(8,14,0),
200:(7,13,3),(6,13,3),(5,13,3),(4,13,3),(3,13,3),(3,12,3),(3,11,3),(3,10,3),(3,9,3),(3,8,3),(3,7,3),(3,6,3),(3,5,3),(3,5,4),(3,5,3),(3,4,3),
201:(14,0,5),(13,0,5),(12,0,5),(11,0,5),(10,0,5),(9,0,5),(8,0,5),(7,0,5),(7,0,4),(6,0,4),(5,0,4),(4,0,4),(3,0,4),(2,0,4),(2,0,3),(2,0,2),(2,0,1),(2,0,0),
202:(1,14,2),(2,14,2),(3,14,2),(4,14,2),(5,14,2),(6,14,2),(7,14,2),(8,14,2),(8,13,2),(8,12,2),(8,11,2),(8,11,1),
203:(14,0,2),(13,0,2),(12,0,2),(11,0,2),(11,1,2),(11,2,2),(11,3,2),(11,4,2),(11,5,2),(11,5,3),(11,6,3),
204:(3,0,1),(3,1,1),(4,1,1),(4,2,1),(4,3,1),(4,4,1),(4,5,1),(4,6,1),(4,7,1),(4,8,1),(4,8,2),(4,8,3),(5,8,3),(5,9,3),(5,10,3),(5,10,3),(6,10,3),
205:(1,10,0),(2,10,0),(3,10,0),(3,9,0),(3,8,0),(3,7,0),(3,6,0),(3,5,0),(3,5,1),(3,5,2),(3,4,2),(3,4,3),(3,4,4),(4,4,4),
206:(6,10,4),(6,10,3),(6,10,2),(7,10,2),(7,10,2),(7,11,2),(7,12,2),
207:(7,3,3),(6,3,3),(5,3,3),(4,3,3),(4,3,2),(4,3,1),(4,4,1),(4,5,1),(4,6,1),(3,6,1),(3,7,1),(3,8,1),(3,9,1),(3,10,1),(3,11,1),(3,12,1),(3,13,1),(2,13,1),(1,13,1),(0,13,1),
208:(11,10,5),(10,10,5),(9,10,5),(8,10,5),(7,10,5),(7,10,4),(6,10,4),(6,10,3),(5,10,3),(5,9,3),(5,8,3),(5,7,3),(5,6,3),(5,5,3),(5,4,3),(5,3,3),(4,3,3),(3,3,3),(3,2,3),(2,2,3),(1,2,3),
209:(7,10,2),(7,9,2),(7,8,2),(7,7,2),(7,7,3),(7,7,3),(7,7,4),(7,7,5),(7,6,5),(7,5,5),(8,5,5),(8,4,5),(8,4,5),(9,4,5),(10,4,5),
210:(11,6,0),(12,6,0),(13,6,0),(13,6,1),(13,6,2),(13,6,3),
211:(6,0,1),(7,0,1),(7,1,1),(7,2,1),(8,2,1),(8,3,1),(8,4,1),(9,4,1),(9,5,1),(9,6,1),(9,7,1),(9,7,1),(10,7,1),(10,8,1),(10,9,1),(10,9,2),(9,9,2),(9,10,2),(9,11,2),(9,12,2),(9,13,2),
212:(5,10,0),(5,10,1),(6,10,1),(7,10,1),(7,9,1),(8,9,1),(8,8,1),(9,8,1),(9,8,2),(10,8,2),(10,9,2),(11,9,2),(12,9,2),(12,8,2),(12,8,3),(12,7,3),(12,7,4),(12,7,5),
213:(13,11,5),(12,11,5),(11,11,5),(10,11,5),(10,10,5),(10,9,5),(10,8,5),(10,7,5),(10,6,5),(10,6,6),(9,6,6),(8,6,6),(7,6,6),(6,6,6),(5,6,6),(4,6,6),(3,6,6),(2,6,6),(1,6,6),(1,6,5),(1,5,5),(1,4,5),(1,3,5),(1,2,5),(1,1,5),(1,0,5),
214:(0,1,0),(1,1,0),(2,1,0),(3,1,0),(4,1,0),(5,1,0),(5,1,1),(5,2,1),(5,3,1),(5,4,1),(6,4,1),(6,4,2),(6,5,2),(6,6,2),(6,7,2),
215:(0,6,2),(1,6,2),(2,6,2),(3,6,2),(3,6,3),(3,7,3),(3,8,3),(3,9,3),(4,9,3),
216:(1,12,3),(2,12,3),(3,12,3),(3,11,3),(3,10,3),(3,9,3),(4,9,3),(4,8,3),(4,7,3),(4,6,3),(4,6,3),(5,6,3),(6,6,3),(7,6,3),(8,6,3),(9,6,3),(10,6,3),(10,5,3),(11,5,3),
217:(1,8,0),(2,8,0),(3,8,0),(4,8,0),(5,8,0),(6,8,0),(7,8,0),(8,8,0),(9,8,0),(9,8,1),(10,8,1),(11,8,1),(12,8,1),(13,8,1),(14,8,1),(14,8,2),(14,9,2),
218:(1,1,4),(2,1,4),(3,1,4),(4,1,4),(5,1,4),(6,1,4),(7,1,4),(8,1,4),(9,1,4),(10,1,4),(11,1,4),(11,1,3),(11,1,2),(11,1,1),(11,0,1),
219:(12,9,3),(11,9,3),(10,9,3),(9,9,3),(8,9,3),(8,9,2),(9,9,2),(9,10,2),(8,10,2),(8,9,2),
220:(4,4,3),(3,4,3),(3,5,3),(3,6,3),(3,7,3),(3,7,4),(2,7,4),(2,8,4),(2,9,4),(2,10,4),(1,10,4),(0,10,4),(0,11,4),(0,12,4),
221:(12,2,5),(11,2,5),(10,2,5),(9,2,5),(8,2,5),(7,2,5),(6,2,5),(5,2,5),(4,2,5),(3,2,5),(2,2,5),(2,2,4),(2,2,3),(2,2,2),
222:(2,7,2),(1,7,2),(1,8,2),(1,9,2),(1,10,2),
223:(9,13,0),(9,12,0),(9,11,0),(9,10,0),(9,9,0),(9,8,0),(9,7,0),(9,6,0),(9,5,0),(8,5,0),(7,5,0),
224:(8,4,2),(9,4,2),(10,4,2),(11,4,2),(12,4,2),(13,4,2),(13,4,1),
225:(6,3,4),(6,4,4),(7,4,4),(8,4,4),(9,4,4),(9,5,4),
226:(2,5,1),(1,5,1),(1,5,2),(1,5,3),
227:(3,5,1),(4,5,1),(5,5,1),(6,5,1),(7,5,1),(7,6,1),(7,7,1),(7,8,1),(7,9,1),(7,10,1),(7,11,1),(7,12,1),(8,12,1),(8,13,1),(9,13,1),
228:(13,14,3),(12,14,3),(12,13,3),(12,12,3),(12,11,3),(12,11,3),(11,11,3),(10,11,3),(9,11,3),(8,11,3),(7,11,3),(6,11,3),(5,11,3),(4,11,3),(4,10,3),(3,10,3),(3,9,3),(2,9,3),(1,9,3),(0,9,3),(0,8,3),(0,7,3),(0,6,3),
229:(9,12,0),(8,12,0),(7,12,0),(6,12,0),(5,12,0),(4,12,0),(3,12,0),(2,12,0),(2,11,0),(2,10,0),(2,9,0),(2,8,0),(2,7,0),(2,6,0),(2,5,0),
230:(2,3,2),(3,3,2),(4,3,2),(5,3,2),(6,3,2),(7,3,2),(7,3,1),(7,2,1),(7,1,1),(7,0,1),(8,0,1),
231:(12,8,1),(11,8,1),(11,7,1),(11,6,1),(11,5,1),(11,4,1),(10,4,1),(10,3,1),(9,3,1),(8,3,1),(7,3,1),(7,2,1),(7,1,1),(7,0,1),
232:(3,14,1),(4,14,1),(5,14,1),(6,14,1),(7,14,1),(8,14,1),(9,14,1),(10,14,1),(11,14,1),(11,14,0),(11,13,0),(11,12,0),(11,11,0),(11,11,-1),(11,10,-1),(11,9,-1),(11,8,-1),(11,7,-1),(11,6,-1),(11,5,-1),(11,4,-1),(11,3,-1),(11,3,0),(11,2,0),(11,1,0),(11,0,0),
233:(5,2,4),(5,2,3),(6,2,3),(7,2,3),(8,2,3),(9,2,3),(10,2,3),(11,2,3),(11,1,3),(11,1,2),(11,1,1),(11,1,0),(12,1,0),
234:(4,10,0),(4,10,1),(4,9,1),(4,8,1),(5,8,1),(6,8,1),(7,8,1),(8,8,1),(9,8,1),(9,8,2),
235:(7,7,0),(7,7,1),(6,7,1),(5,7,1),(5,7,1),(5,8,1),(4,8,1),(3,8,1),(2,8,1),(2,9,1),(1,9,1),
236:(9,9,5),(9,8,5),(8,8,5),(7,8,5),(7,8,4),(6,8,4),(5,8,4),(5,8,3),(5,7,3),(5,6,3),(5,6,2),(5,5,2),(5,4,2),(4,4,2),(3,4,2),(3,3,2),
237:(4,0,3),(4,0,4),(4,0,5),(4,1,5),(4,2,5),(4,3,5),(4,4,5),(4,5,5),(4,5,6),(4,6,6),(4,7,6),(4,8,6),(4,9,6),(4,9,5),(4,10,5),(4,11,5),
238:(2,10,5),(3,10,5),(4,10,5),(4,9,5),(5,9,5),(6,9,5),(6,8,5),(6,7,5),(6,7,4),(6,7,3),(7,7,3),(7,6,3),(7,6,2),(7,5,2),(7,5,1),(7,4,1),(7,4,0),(8,4,0),(8,3,0),(8,2,0),(8,1,0),
239:(7,9,0),(6,9,0),(6,9,1),(6,9,2),(6,8,2),(6,8,3),(6,7,3),(6,6,3),(6,5,3),(6,4,3),(6,4,4),(6,4,5),(6,3,5),(6,2,5),(6,2,4),(6,1,4),
240:(0,1,5),(1,1,5),(2,1,5),(3,1,5),(4,1,5),(5,1,5),(6,1,5),(7,1,5),(7,1,4),(7,1,3),(7,1,2),(7,2,2),(7,3,2),(7,4,2),(7,5,2),(7,6,2),(7,7,2),(7,8,2),(7,8,1),(7,8,0),(8,8,0),(8,9,0),(8,10,0),(9,10,0),(9,11,0),
241:(12,8,0),(11,8,0),(11,8,1),(11,7,1),(11,6,1),(11,5,1),(11,4,1),
242:(13,0,5),(12,0,5),(11,0,5),(11,0,4),(11,1,4),(11,1,3),(11,1,2),(11,2,2),(11,3,2),(11,4,2),
243:(0,5,3),(1,5,3),(2,5,3),(2,5,2),(3,5,2),(4,5,2),(5,5,2),(6,5,2),(7,5,2),(8,5,2),(9,5,2),(10,5,2),(10,5,2),(11,5,2),(12,5,2),(13,5,2),(14,5,2),(14,5,1),(14,4,1),
244:(12,1,5),(11,1,5),(10,1,5),(9,1,5),(9,2,5),(9,3,5),(9,4,5),(9,5,5),(9,6,5),(9,7,5),(9,8,5),(9,8,4),(9,8,3),(9,9,3),
245:(7,0,3),(7,1,3),(7,2,3),(7,3,3),(7,4,3),(7,5,3),(7,6,3),(7,7,3),(6,7,3),(6,8,3),(6,8,2),(6,9,2),(5,9,2),(5,10,2),(4,10,2),(4,11,2),
246:(2,11,1),(2,11,2),(2,10,2),(2,9,2),(2,8,2),(2,7,2),(2,6,2),(2,5,2),(2,4,2),(2,3,2),(2,3,3),(2,3,4),
247:(14,7,3),(13,7,3),(12,7,3),(11,7,3),(10,7,3),(10,6,3),(10,5,3),(10,4,3),(10,3,3),(9,3,3),(8,3,3),(8,2,3),(8,2,2),
248:(2,9,1),(2,9,0),(1,9,0),(0,9,0),
249:(0,12,4),(1,12,4),(2,12,4),(3,12,4),(4,12,4),(5,12,4),(5,12,5),(6,12,5),(7,12,5),(8,12,5),(9,12,5),(9,13,5),
250:(6,8,2),(5,8,2),(4,8,2),(3,8,2),(3,9,2),(3,10,2),(3,11,2),(3,11,3),(3,11,4),(3,12,4),(3,13,4),(3,14,4),
251:(12,9,1),(11,9,1),(10,9,1),(9,9,1),(8,9,1),(8,8,1),(8,8,2),(8,8,3),(8,7,3),(8,6,3),(7,6,3),(7,5,3),(6,5,3),(6,5,3),(6,6,3),
252:(12,6,2),(11,6,2),(10,6,2),(9,6,2),(8,6,2),(7,6,2),(7,7,2),(7,8,2),(7,9,2),(6,9,2),(6,9,2),(5,9,2),(5,10,2),(4,10,2),(3,10,2),(3,9,2),
253:(12,8,5),(12,7,5),(12,6,5),(12,6,4),(12,6,3),(12,6,2),(11,6,2),(10,6,2),(10,6,1),(10,5,1),
254:(6,7,1),(6,7,2),(6,6,2),(5,6,2),(5,5,2),(5,5,3),(5,4,3),(5,3,3),(5,3,4),(5,2,4),(5,1,4),(5,1,3),(5,1,2),
255:(4,3,0),(5,3,0),(6,3,0),(7,3,0),(7,4,0),(7,4,1),(7,4,2),(8,4,2),(8,4,3),(8,4,4),(9,4,4),(9,4,5),(9,5,5),
256:(5,14,2),(5,14,3),(4,14,3),(4,14,4),(4,14,5),(4,13,5),(4,12,5),(4,11,5),(4,10,5),(4,9,5),(5,9,5),(5,8,5),(5,7,5),(5,6,5),(6,6,5),(6,5,5),(6,4,5),
257:(11,12,5),(11,12,4),(10,12,4),(9,12,4),(8,12,4),(7,12,4),(6,12,4),(5,12,4),(5,12,4),(5,12,3),(5,12,2),
258:(13,3,5),(12,3,5),(11,3,5),(10,3,5),(10,3,4),(9,3,4),(9,2,4),(8,2,4),(7,2,4),(7,2,3),(7,1,3),(7,1,2),(6,1,2),(6,1,1),(5,1,1),(5,1,0),(4,1,0),(3,1,0),(2,1,0),(1,1,0),(0,1,0),(0,0,0),
259:(5,4,4),(5,4,5),(6,4,5),(7,4,5),(8,4,5),(9,4,5),(10,4,5),(11,4,5),(11,3,5),(11,2,5),(12,2,5),(12,1,5),(12,0,5),
260:(4,8,4),(5,8,4),(5,7,4),(5,6,4),
261:(5,13,3),(5,13,4),(5,12,4),(6,12,4),(6,12,4),(6,11,4),(7,11,4),(7,10,4),(8,10,4),(9,10,4),(9,10,5),(9,9,5),
262:(10,9,3),(10,9,3),(10,10,3),(11,10,3),(12,10,3),(12,10,4),(12,11,4),(12,12,4),(12,13,4),
263:(3,12,2),(3,11,2),(4,11,2),(5,11,2),(6,11,2),(6,10,2),(6,9,2),(6,8,2),(6,7,2),(7,7,2),(7,6,2),(7,5,2),(8,5,2),(9,5,2),(10,5,2),(11,5,2),(12,5,2),(12,5,1),(12,4,1),
264:(9,1,5),(10,1,5),(10,1,4),(10,1,3),(10,2,3),(10,3,3),(10,3,2),(10,4,2),(10,5,2),(10,6,2),(10,6,1),(10,7,1),(10,8,1),(10,9,1),(10,10,1),(10,11,1),(10,12,1),(10,12,0),
265:(14,2,5),(13,2,5),(12,2,5),(11,2,5),(11,3,5),(11,3,4),(11,3,3),(11,3,2),(10,3,2),(10,4,2),(9,4,2),(9,5,2),(9,6,2),(9,7,2),(8,7,2),(7,7,2),(7,8,2),(6,8,2),(6,8,1),
266:(4,5,1),(4,5,2),(4,6,2),
267:(10,8,0),(9,8,0),(9,8,1),(9,8,2),(8,8,2),(7,8,2),(6,8,2),(6,8,3),(6,8,4),(5,8,4),(5,9,4),(5,10,4),
268:(12,4,4),(12,4,3),(12,5,3),(12,6,3),(12,7,3),(12,8,3),(12,9,3),(12,10,3),(12,11,3),(13,11,3),
269:(13,0,4),(12,0,4),(11,0,4),(10,0,4),(9,0,4),(8,0,4),(7,0,4),(6,0,4),(5,0,4),(4,0,4),(3,0,4),(3,1,4),(3,2,4),(3,3,4),(3,4,4),(3,5,4),(3,5,3),(3,5,2),(2,5,2),(2,6,2),(2,7,2),(2,7,1),(2,8,1),(2,9,1),(2,9,0),(2,10,0),(2,11,0),(2,12,0),(2,13,0),(2,14,0),(1,14,0),
270:(9,7,0),(10,7,0),(11,7,0),(12,7,0),(12,7,1),(12,7,1),(12,7,1),(12,7,1),(12,7,2),(12,7,1),
271:(8,1,3),(8,2,3),(8,3,3),(8,3,4),(7,3,4),(6,3,4),(5,3,4),(4,3,4),(4,3,5),(3,3,5),(2,3,5),(1,3,5),(1,4,5),(1,5,5),(1,6,5),(1,7,5),(0,7,5),(0,8,5),
272:(10,1,1),(10,1,0),(11,1,0),(11,2,0),(11,3,0),(11,4,0),(11,4,0),(11,5,0),(11,6,0),(11,7,0),(11,8,0),(11,9,0),(11,10,0),(11,11,0),(11,12,0),(12,12,0),(12,13,0),
273:(2,3,0),(2,3,1),(2,2,1),(2,1,1),(3,1,1),(3,0,1),(4,0,1),(5,0,1),
274:(6,12,2),(5,12,2),(5,12,3),(4,12,3),(3,12,3),(2,12,3),(1,12,3),(0,12,3),
275:(1,3,5),(1,4,5),(1,5,5),(1,6,5),(1,6,5),(1,7,5),(1,8,5),(1,9,5),(1,10,5),(1,11,5),(1,11,4),(0,11,4),(0,12,4),(0,13,4),
276:(1,6,2),(1,6,3),(1,6,4),(2,6,4),(2,6,5),(2,6,5),(3,6,5),(4,6,5),
277:(11,14,2),(11,14,3),(10,14,3),(9,14,3),(8,14,3),(7,14,3),(7,13,3),(6,13,3),(5,13,3),(4,13,3),(3,13,3),(3,12,3),(3,11,3),(2,11,3),(2,10,3),(2,9,3),(2,8,3),
278:(2,14,0),(2,14,1),(2,14,2),(2,14,3),(2,14,4),(2,13,4),
279:(6,6,5),(7,6,5),(8,6,5),(9,6,5),(10,6,5),(11,6,5),(12,6,5),(13,6,5),(13,6,4),(14,6,4),(14,7,4),(14,8,4),(14,9,4),(14,10,4),(14,10,3),(14,10,2),(14,10,1),(14,10,0),(14,11,0),
280:(1,9,0),(1,10,0),(2,10,0),(2,10,1),(3,10,1),(4,10,1),(5,10,1),(5,11,1),(5,12,1),(6,12,1),(7,12,1),(8,12,1),(8,12,2),(8,13,2),
281:(13,3,3),(13,4,3),(13,5,3),(13,6,3),(13,7,3),(13,8,3),(13,9,3),(13,9,3),(13,9,4),(13,10,4),(13,11,4),
282:(0,10,5),(1,10,5),(1,10,4),(1,9,4),(1,8,4),
283:(8,1,5),(8,2,5),(8,2,6),(8,3,6),(8,4,6),(8,5,6),(8,6,6),(8,7,6),(8,8,6),(8,9,6),(8,10,6),(8,11,6),(8,11,5),(8,12,5),
284:(2,0,3),(2,0,4),(3,0,4),(4,0,4),(5,0,4),(6,0,4),(6,1,4),(7,1,4),(8,1,4),(9,1,4),(10,1,4),(10,2,4),(10,3,4),(10,4,4),(10,5,4),(10,6,4),(11,6,4),(11,7,4),
285:(7,1,4),(7,2,4),(7,3,4),(7,4,4),(8,4,4),(8,5,4),(8,6,4),(8,7,4),(9,7,4),(9,8,4),(8,8,4),(8,8,3),(8,9,3),(8,10,3),
286:(10,8,1),(10,8,2),(11,8,2),(12,8,2),(13,8,2),(14,8,2),(14,7,2),
287:(13,2,2),(13,2,1),(13,3,1),(13,4,1),(13,5,1),(13,6,1),(13,7,1),(13,8,1),(12,8,1),(12,9,1),(11,9,1),(10,9,1),(9,9,1),(8,9,1),(8,10,1),(7,10,1),(6,10,1),(5,10,1),(5,11,1),(5,12,1),(5,13,1),(4,13,1),(3,13,1),(2,13,1),(1,13,1),
288:(12,5,5),(11,5,5),(10,5,5),(10,4,5),(10,4,5),(10,3,5),(9,3,5),(9,2,5),(8,2,5),(8,1,5),
289:(1,0,5),(2,0,5),(3,0,5),(4,0,5),(5,0,5),(6,0,5),(7,0,5),(7,0,4),(8,0,4),(9,0,4),(10,0,4),(10,1,4),(10,2,4),(10,3,4),(10,4,4),(10,5,4),(10,6,4),(10,7,4),(10,8,4),(11,8,4),(11,9,4),(12,9,4),
290:(11,0,4),(10,0,4),(9,0,4),(8,0,4),(7,0,4),(7,0,3),(7,0,2),(7,1,2),(7,2,2),(7,3,2),(6,3,2),(6,3,2),(6,4,2),(6,5,2),(6,6,2),(5,6,2),(5,7,2),(5,7,1),(5,7,0),(5,8,0),(5,9,0),(5,10,0),(5,11,0),(4,11,0),(4,12,0),(3,12,0),
291:(8,8,2),(7,8,2),(6,8,2),(6,8,1),(6,8,0),(6,9,0),(6,10,0),(6,11,0),(6,12,0),(6,13,0),
292:(2,2,2),(2,3,2),(2,3,2),(2,4,2),(2,5,2),(2,6,2),(2,6,3),(2,6,4),(2,6,5),(2,7,5),(2,8,5),(2,9,5),(2,10,5),(2,11,5),(3,11,5),(3,12,5),(4,12,5),(5,12,5),(6,12,5),(7,12,5),(7,13,5),(7,14,5),
293:(5,3,0),(6,3,0),(6,3,1),(6,4,1),(6,5,1),(6,6,1),(6,7,1),(7,7,1),(7,7,2),(7,8,2),(7,8,3),(7,9,3),(7,9,4),(7,9,5),(7,10,5),(7,11,5),
294:(13,9,3),(12,9,3),(12,10,3),(12,11,3),(11,11,3),(10,11,3),(9,11,3),(8,11,3),(7,11,3),(6,11,3),(5,11,3),(4,11,3),(4,11,4),
295:(2,9,3),(3,9,3),(4,9,3),(4,8,3),(5,8,3),(5,7,3),(5,6,3),(5,6,3),(6,6,3),(7,6,3),(7,5,3),(7,4,3),
296:(0,4,4),(1,4,4),(2,4,4),(2,4,3),
297:(5,5,1),(6,5,1),(7,5,1),(8,5,1),(9,5,1),(9,5,2),(10,5,2),(11,5,2),(12,5,2),(13,5,2),(14,5,2),(14,5,3),(14,5,4),
298:(7,7,3),(8,7,3),(8,7,2),(8,7,1),(8,7,0),(8,7,0),(8,8,0),(9,8,0),(9,9,0),
299:(11,2,4),(10,2,4),(9,2,4),(9,3,4),(9,3,3),(9,3,2),(9,4,2),(9,5,2),(9,6,2),(9,7,2),(8,7,2),(8,7,2),(8,8,2),(8,8,1),(8,8,1),(8,9,1),(8,10,1),(8,10,0),(8,11,0),
300:(6,13,2),(6,12,2),(6,11,2),(6,11,3),(6,10,3),(6,10,4),(6,9,4),(6,8,4),(5,8,4),(5,8,5),(5,7,5),(5,6,5),(5,5,5),(6,5,5),(6,4,5),(6,3,5),(5,3,5),(5,2,5),
301:(10,12,4),(10,12,5),(11,12,5),(12,12,5),(13,12,5),(14,12,5),(14,11,5),(14,10,5),(14,9,5),
302:(4,9,5),(5,9,5),(5,10,5),
303:(13,13,1),(12,13,1),(11,13,1),(11,12,1),(11,11,1),(11,10,1),(11,9,1),(11,8,1),(11,7,1),(10,7,1),(10,7,0),
304:(14,12,0),(13,12,0),(12,12,0),(12,12,1),(12,12,2),(12,12,3),(11,12,3),(11,12,4),(11,11,4),
305:(14,3,4),(14,3,3),(14,3,3),(14,4,3),(14,5,3),(14,5,3),(14,6,3),(14,7,3),(14,8,3),(14,9,3),
306:(11,12,4),(10,12,4),(9,12,4),(9,12,5),(9,12,6),(8,12,6),(7,12,6),(6,12,6),(5,12,6),(5,11,6),(5,11,6),(5,11,5),
307:(12,12,4),(12,11,4),(11,11,4),(10,11,4),(9,11,4),(8,11,4),
308:(9,4,0),(9,5,0),(10,5,0),(11,5,0),(11,6,0),(11,7,0),(11,8,0),(11,8,0),(11,8,0),(11,8,-1),(11,8,-1),(11,8,0),
309:(2,12,0),(3,12,0),(3,12,1),(3,12,2),(4,12,2),(5,12,2),(6,12,2),(6,12,2),(6,12,2),(6,12,3),
310:(10,9,2),(10,9,1),(9,9,1),(9,8,1),(9,8,0),(9,7,0),(9,6,0),(9,5,0),(9,4,0),(9,4,1),
311:(10,14,4),(10,13,4),(10,13,5),(10,12,5),(10,11,5),(10,10,5),
312:(0,1,1),(1,1,1),(2,1,1),(3,1,1),(3,1,2),(4,1,2),(5,1,2),(6,1,2),(7,1,2),(7,2,2),(7,2,3),(7,3,3),(8,3,3),(8,4,3),(8,5,3),(8,6,3),(9,6,3),(9,7,3),(10,7,3),(11,7,3),(11,8,3),(11,9,3),(11,10,3),(11,11,3),(11,12,3),
313:(11,3,5),(10,3,5),(9,3,5),(9,4,5),(9,4,5),(9,4,4),(9,4,4),(8,4,4),(8,5,4),
314:(8,3,5),(9,3,5),(9,3,4),(10,3,4),(10,3,3),(10,3,2),(10,4,2),(10,5,2),(10,6,2),(10,7,2),(10,8,2),(10,9,2),(10,10,2),(10,11,2),(10,12,2),(10,13,2),(11,13,2),(12,13,2),
315:(13,8,2),(12,8,2),(12,7,2),(11,7,2),(10,7,2),(9,7,2),(8,7,2),(7,7,2),(7,6,2),(7,5,2),(7,4,2),(7,3,2),(7,3,3),(6,3,3),(5,3,3),(4,3,3),(3,3,3),(3,2,3),(2,2,3),(1,2,3),(1,1,3),(1,0,3),
316:(11,3,4),(11,4,4),(10,4,4),(10,5,4),(10,6,4),(10,7,4),(10,8,4),(10,8,3),(10,9,3),(10,10,3),(9,10,3),(8,10,3),(8,10,2),(8,11,2),(8,12,2),(8,12,1),(8,13,1),(8,14,1),
317:(2,13,0),(3,13,0),(4,13,0),(5,13,0),(6,13,0),(7,13,0),(8,13,0),(9,13,0),(10,13,0),(10,13,1),(10,13,2),(10,13,3),(10,12,3),(10,11,3),(10,10,3),(10,9,3),(10,8,3),(10,7,3),(10,6,3),
318:(10,7,2),(10,7,3),(10,7,3),(10,7,4),(11,7,4),(12,7,4),(12,8,4),
319:(12,3,0),(11,3,0),(10,3,0),(9,3,0),(8,3,0),(7,3,0),(6,3,0),(5,3,0),(4,3,0),(3,3,0),(3,3,1),(3,3,2),(2,3,2),(2,4,2),(2,5,2),(2,6,2),(2,7,2),(2,8,2),(2,9,2),(2,10,2),(2,11,2),
320:(5,11,3),(5,11,2),(5,11,1),(4,11,1),(3,11,1),(3,11,0),
321:(13,0,0),(13,1,0),(13,2,0),(13,3,0),(13,4,0),(13,5,0),(13,6,0),(13,7,0),(13,8,0),(13,9,0),(12,9,0),(12,10,0),(12,11,0),
322:(13,6,5),(12,6,5),(11,6,5),(11,7,5),(11,8,5),(10,8,5),(9,8,5),(9,8,4),(8,8,4),(8,9,4),(7,9,4),(6,9,4),(5,9,4),(4,9,4),(4,10,4),
323:(10,3,2),(11,3,2),(11,3,3),(12,3,3),(13,3,3),(13,2,3),
324:(9,0,3),(9,0,2),(9,0,1),(9,1,1),(9,2,1),(9,3,1),(9,4,1),(9,5,1),(9,6,1),(9,7,1),(10,7,1),(11,7,1),(11,8,1),(11,9,1),(11,9,0),
325:(14,13,0),(13,13,0),(12,13,0),(11,13,0),(10,13,0),(9,13,0),(9,13,1),(8,13,1),(7,13,1),(6,13,1),(5,13,1),(5,13,2),(5,13,3),(5,13,4),
326:(9,13,4),(8,13,4),(8,13,3),(8,13,2),(8,13,1),(8,12,1),(8,11,1),(8,10,1),(8,9,1),(8,8,1),(8,7,1),(8,6,1),(8,5,1),
327:(6,8,5),(5,8,5),(5,8,4),(4,8,4),(4,8,3),(4,7,3),(4,6,3),(4,5,3),(4,4,3),(4,3,3),(4,2,3),(4,1,3),(4,0,3),
328:(13,2,4),(14,2,4),(14,2,3),(14,1,3),
329:(0,12,0),(1,12,0),(2,12,0),(2,11,0),(3,11,0),(4,11,0),(5,11,0),(5,10,0),(6,10,0),(7,10,0),(8,10,0),(8,10,1),(9,10,1),(9,10,2),(10,10,2),(10,10,3),(11,10,3),(12,10,3),(12,9,3),(12,8,3),(12,7,3),(12,6,3),
330:(12,10,2),(12,10,1),(11,10,1),(11,9,1),(11,8,1),(11,7,1),(10,7,1),(10,6,1),(10,5,1),(10,5,0),(10,4,0),(10,3,0),(10,2,0),(10,1,0),(10,0,0),
331:(10,0,2),(10,0,1),(10,0,0),(10,1,0),(10,2,0),(10,3,0),(10,4,0),(10,5,0),(10,6,0),(10,7,0),(10,8,0),(10,9,0),(11,9,0),(11,10,0),(11,11,0),(11,12,0),
332:(8,12,0),(7,12,0),(6,12,0),(5,12,0),(4,12,0),(4,13,0),(4,14,0),
333:(13,7,4),(12,7,4),(12,6,4),(12,5,4),(11,5,4),(10,5,4),(10,4,4),(10,3,4),(10,2,4),(10,2,3),
334:(14,9,0),(13,9,0),(13,9,1),(12,9,1),(11,9,1),(11,9,2),(12,9,2),(11,9,2),(11,8,2),
335:(5,7,3),(4,7,3),(4,6,3),(4,5,3),(3,5,3),(2,5,3),(2,5,2),(2,4,2),(1,4,2),(1,3,2),(1,3,1),
336:(2,4,1),(3,4,1),(4,4,1),(4,5,1),(4,6,1),(4,7,1),(5,7,1),(5,8,1),(5,8,2),(5,8,3),(5,7,3),(5,7,4),
337:(4,4,1),(4,4,1),(4,5,1),(3,5,1),(3,6,1),(3,7,1),(3,8,1),(3,9,1),(3,10,1),(3,11,1),(2,11,1),(1,11,1),(1,12,1),(1,12,2),(1,13,2),
338:(13,13,5),(12,13,5),(12,13,4),(11,13,4),(11,12,4),(10,12,4),(10,11,4),(10,10,4),(9,10,4),(9,10,3),(8,10,3),(7,10,3),(6,10,3),(6,9,3),(5,9,3),(5,8,3),(5,7,3),(5,6,3),(5,5,3),(5,4,3),
339:(8,9,0),(7,9,0),(7,8,0),(7,8,1),(7,8,2),(7,8,3),(7,7,3),(7,7,4),(7,7,5),(7,8,5),
340:(7,8,2),(6,8,2),(5,8,2),(4,8,2),(4,9,2),(3,9,2),(2,9,2),(2,10,2),(2,11,2),(1,11,2),
341:(5,11,4),(5,10,4),(6,10,4),(7,10,4),(8,10,4),(9,10,4),(10,10,4),(11,10,4),(12,10,4),(12,10,3),(12,9,3),(12,8,3),(12,8,2),(12,8,1),
342:(13,1,2),(12,1,2),(11,1,2),(10,1,2),(9,1,2),(9,2,2),(9,3,2),(9,4,2),(9,5,2),(9,6,2),(9,7,2),(9,7,2),(8,7,2),(7,7,2),(7,8,2),(6,8,2),(6,8,1),(6,9,1),(5,9,1),(5,10,1),(4,10,1),(4,11,1),(4,12,1),(4,13,1),(3,13,1),(3,14,1),
343:(0,6,3),(0,6,4),(0,5,4),(0,4,4),(1,4,4),(2,4,4),(3,4,4),(4,4,4),(5,4,4),(6,4,4),(6,3,4),
344:(4,9,1),(5,9,1),(5,9,0),(6,9,0),(6,10,0),(6,11,0),(6,12,0),(6,13,0),(6,14,0),
345:(1,8,1),(2,8,1),(2,8,2),(2,8,3),(3,8,3),(4,8,3),(4,7,3),(4,6,3),(4,5,3),(5,5,3),(5,4,3),(5,3,3),(6,3,3),(6,2,3),(7,2,3),(7,1,3),
346:(4,5,3),(5,5,3),(5,5,2),(5,5,1),(5,6,1),
347:(0,0,0),(1,0,0),(1,0,1),(1,1,1),(1,2,1),(1,3,1),(1,4,1),(1,5,1),(1,6,1),(1,7,1),(2,7,1),(2,8,1),(3,8,1),(3,9,1),(3,10,1),(3,11,1),(3,12,1),
348:(3,10,5),(4,10,5),(4,11,5),(4,12,5),(4,13,5),(4,13,4),
349:(13,13,4),(13,12,4),(13,11,4),(12,11,4),(11,11,4),(11,10,4),(11,9,4),(10,9,4),(10,8,4),(10,7,4),(10,6,4),(10,5,4),(10,4,4),(9,4,4),(8,4,4),(7,4,4),(7,4,5),(7,3,5),(6,3,5),(5,3,5),(5,3,4),(4,3,4),(3,3,4),(3,3,5),(3,2,5),(3,1,5),
350:(9,5,5),(9,5,5),(9,4,5),(9,4,4),(9,4,3),(8,4,3),(7,4,3),(6,4,3),(5,4,3),(4,4,3),(3,4,3),(3,3,3),(2,3,3),(2,2,3),(2,1,3),
351:(9,6,3),(8,6,3),(7,6,3),(6,6,3),(5,6,3),(4,6,3),(3,6,3),(2,6,3),(1,6,3),(0,6,3),(0,6,4),(0,6,5),
352:(6,11,5),(7,11,5),(8,11,5),(8,11,5),(8,10,5),
353:(10,10,5),(9,10,5),(8,10,5),(7,10,5),(7,10,4),(7,10,3),(6,10,3),(6,10,2),(6,10,1),(6,10,1),(5,10,1),(4,10,1),(4,10,0),(4,9,0),(3,9,0),(2,9,0),(1,9,0),(1,8,0),(0,8,0),
354:(11,9,3),(11,8,3),(10,8,3),(10,7,3),(10,6,3),(10,6,2),(9,6,2),(8,6,2),(8,6,1),(7,6,1),
355:(11,1,4),(10,1,4),(9,1,4),(9,0,4),(8,0,4),(7,0,4),(6,0,4),(6,0,5),
356:(2,12,5),(3,12,5),(4,12,5),(5,12,5),(5,12,4),(5,12,3),(6,12,3),(6,11,3),(6,11,2),(7,11,2),(7,10,2),(8,10,2),(9,10,2),(10,10,2),(10,9,2),(11,9,2),(12,9,2),(12,8,2),(12,7,2),(12,6,2),(12,5,2),(12,5,1),
357:(11,7,5),(11,8,5),(10,8,5),(9,8,5),(8,8,5),(8,8,4),(8,8,3),(8,7,3),(8,7,2),(8,6,2),
358:(9,11,0),(8,11,0),(7,11,0),(6,11,0),(5,11,0),(5,11,1),(4,11,1),(3,11,1),(2,11,1),(1,11,1),(0,11,1),(0,11,2),(0,11,3),(0,11,4),(0,10,4),
359:(4,13,1),(4,12,1),(5,12,1),(6,12,1),(7,12,1),(7,12,2),(8,12,2),(8,12,3),(9,12,3),(10,12,3),(11,12,3),(12,12,3),(13,12,3),(14,12,3),(14,12,4),(14,11,4),(14,10,4),(14,9,4),(14,8,4),(14,8,5),
360:(2,7,4),(3,7,4),(3,6,4),(4,6,4),(4,5,4),(5,5,4),(5,4,4),(6,4,4),(7,4,4),(7,3,4),(7,2,4),(8,2,4),(9,2,4),(9,1,4),
361:(5,11,0),(4,11,0),(4,11,1),(4,10,1),(4,10,0),(4,9,0),(4,8,0),(4,7,0),(4,6,0),(4,5,0),(4,4,0),(4,4,1),(4,3,1),(4,2,1),(4,1,1),
362:(7,11,0),(6,11,0),(5,11,0),(4,11,0),(4,11,1),(4,11,2),(4,10,2),(4,9,2),
363:(1,12,2),(2,12,2),(3,12,2),(3,13,2),(4,13,2),(5,13,2),(5,13,1),(5,14,1),
364:(3,11,1),(3,10,1),(3,9,1),(3,9,2),(3,9,3),(3,9,4),(3,9,5),(3,8,5),(3,7,5),(3,6,5),(3,5,5),(4,5,5),(4,4,5),(4,3,5),(5,3,5),(5,2,5),(5,1,5),(6,1,5),(7,1,5),
365:(6,11,2),(7,11,2),(7,12,2),(7,12,2),(7,12,3),
366:(4,8,3),(5,8,3),(6,8,3),(6,8,4),(6,7,4),(7,7,4),(7,7,5),(7,6,5),(7,5,5),(7,4,5),(8,4,5),(8,3,5),(9,3,5),(10,3,5),(10,2,5),(10,1,5),(10,0,5),
367:(8,10,4),(7,10,4),(7,9,4),(7,9,3),(7,9,2),(7,9,1),(6,9,1),(5,9,1),(5,9,0),(4,9,0),(4,8,0),
368:(6,2,5),(7,2,5),(7,2,4),(7,3,4),(7,4,4),(7,4,3),(7,5,3),(7,6,3),(7,7,3),(7,7,4),(8,7,4),(9,7,4),(9,8,4),(9,9,4),(9,10,4),(9,10,3),(9,11,3),
369:(6,4,5),(6,3,5),(6,2,5),(5,2,5),(5,2,4),(4,2,4),
370:(13,3,0),(13,3,1),(12,3,1),(13,3,1),(13,2,1),(13,1,1),(13,0,1),
371:(0,8,0),(1,8,0),(2,8,0),(3,8,0),(4,8,0),(4,7,0),(4,6,0),(4,5,0),(4,4,0),(4,3,0),(5,3,0),(6,3,0),(6,3,1),(7,3,1),(7,3,2),(7,3,3),(7,3,4),(7,2,4),(7,1,4),(7,0,4),(7,0,5),
372:(1,13,5),(2,13,5),(3,13,5),(4,13,5),(5,13,5),(5,13,4),(6,13,4),(6,12,4),(6,11,4),(6,10,4),(6,9,4),(6,9,3),(6,8,3),(7,8,3),(8,8,3),(8,7,3),(8,6,3),
373:(6,5,2),(6,4,2),(6,3,2),(6,2,2),(6,2,2),(5,2,2),(4,2,2),(3,2,2),
374:(6,4,2),(6,3,2),(6,2,2),(6,1,2),(6,0,2),
375:(14,6,5),(13,6,5),(13,6,4),(13,7,4),(12,7,4),(12,8,4),(12,9,4),(12,10,4),(12,11,4),(12,11,4),(12,11,3),(11,11,3),(11,12,3),(11,13,3),
376:(11,3,2),(12,3,2),(12,3,3),(13,3,3),(13,3,4),(13,3,5),(13,4,5),
377:(5,14,5),(4,14,5),(3,14,5),(2,14,5),(1,14,5),(1,14,4),(1,14,3),(1,13,3),(1,12,3),(1,11,3),(1,10,3),(1,9,3),(1,9,2),(1,8,2),(1,8,1),(1,7,1),(1,7,0),(1,6,0),(1,5,0),(1,4,0),
378:(10,12,2),(9,12,2),(9,11,2),(9,10,2),(9,10,3),(9,9,3),(9,8,3),(9,7,3),(9,6,3),(9,5,3),(8,5,3),(8,4,3),(9,4,3),(9,3,3),(8,3,3),(8,3,3),(7,3,3),
379:(11,12,1),(12,12,1),(13,12,1),(14,12,1),(14,12,2),
380:(12,1,0),(11,1,0),(11,2,0),(10,2,0),(9,2,0),(8,2,0),(7,2,0),(7,3,0),(7,4,0),(6,4,0),(6,5,0),(6,6,0),(6,7,0),(5,7,0),(5,8,0),(5,9,0),(4,9,0),(4,10,0),(4,10,1),(4,11,1),(4,12,1),(4,12,2),(4,13,2),(4,14,2),(4,14,3),(4,14,4),
381:(13,9,1),(12,9,1),(11,9,1),(10,9,1),(9,9,1),(9,9,0),(8,9,0),(7,9,0),(6,9,0),(6,10,0),
382:(14,10,2),(13,10,2),(12,10,2),(11,10,2),(10,10,2),(10,10,1),(9,10,1),(9,10,0),(8,10,0),(8,9,0),(8,9,1),(7,9,1),(6,9,1),(6,9,0),
383:(10,3,1),(11,3,1),(11,3,0),(12,3,0),(13,3,0),(13,2,0),(13,1,0),(13,0,0),
384:(14,4,2),(13,4,2),(13,4,3),(13,4,4),(13,5,4),(12,5,4),(11,5,4),(11,6,4),(11,7,4),(11,8,4),(11,9,4),(10,9,4),(10,10,4),(10,11,4),(10,11,5),
385:(14,5,2),(13,5,2),(12,5,2),(11,5,2),(11,4,2),(11,3,2),(11,3,1),(11,2,1),(10,2,1),(9,2,1),(8,2,1),(8,2,1),(7,2,1),(6,2,1),(6,1,1),(5,1,1),
386:(10,13,1),(9,13,1),(8,13,1),(7,13,1),(6,13,1),(5,13,1),(4,13,1),(3,13,1),(3,13,2),(3,12,2),(3,11,2),(3,10,2),(2,10,2),(2,9,2),(1,9,2),(1,8,2),(1,7,2),(0,7,2),
387:(14,9,4),(13,9,4),(12,9,4),(12,10,4),(12,11,4),(12,12,4),(11,12,4),(10,12,4),(9,12,4),(8,12,4),(8,12,3),(8,13,3),(7,13,3),(6,13,3),(5,13,3),(5,14,3),(4,14,3),(3,14,3),(2,14,3),(1,14,3),
388:(1,7,2),(0,7,2),(0,7,3),(0,7,4),(0,8,4),(0,9,4),
389:(0,14,1),(0,14,2),(0,14,3),(0,13,3),(0,12,3),(0,11,3),(0,10,3),(0,9,3),(0,8,3),(0,7,3),(0,6,3),(0,5,3),(0,4,3),(0,4,4),(0,3,4),(0,2,4),(0,1,4),(1,1,4),(1,0,4),
390:(12,8,2),(12,8,3),(11,8,3),(10,8,3),(9,8,3),(9,8,2),(9,8,2),(8,8,2),(7,8,2),(6,8,2),(6,7,2),(5,7,2),(5,6,2),(5,5,2),(4,5,2),(3,5,2),(2,5,2),(2,4,2),(1,4,2),(0,4,2),
391:(13,2,0),(12,2,0),(12,2,1),(12,3,1),(12,3,2),(12,3,3),(12,4,3),(12,5,3),(11,5,3),(10,5,3),(10,6,3),(10,7,3),(10,8,3),(9,8,3),(9,8,3),(8,8,3),(7,8,3),(6,8,3),(5,8,3),(4,8,3),(3,8,3),(3,9,3),(2,9,3),(1,9,3),(1,10,3),
392:(0,0,2),(0,0,3),(0,1,3),(0,2,3),(0,3,3),(0,4,3),(0,5,3),(0,6,3),(0,7,3),(1,7,3),(1,8,3),
393:(12,13,2),(12,12,2),(13,12,2),(13,11,2),(13,10,2),(13,9,2),(13,8,2),(13,7,2),(13,7,1),(13,6,1),(13,6,0),(13,5,0),(13,4,0),(13,3,0),
394:(6,14,5),(7,14,5),(8,14,5),(8,13,5),(8,13,5),(8,12,5),(9,12,5),(10,12,5),(11,12,5),(12,12,5),(13,12,5),
395:(5,13,4),(6,13,4),(6,13,5),(6,12,5),(6,11,5),(6,11,6),(6,10,6),(6,9,6),(6,8,6),(6,7,6),(6,6,6),(6,6,5),(6,5,5),(6,4,5),(6,3,5),(6,2,5),
396:(6,1,3),(5,1,3),(5,2,3),
397:(4,3,4),(5,3,4),(5,4,4),(6,4,4),(6,4,3),(6,4,2),(6,4,1),(6,5,1),(7,5,1),(8,5,1),(9,5,1),(9,6,1),(10,6,1),(11,6,1),(11,7,1),(11,8,1),(11,9,1),(11,9,2),(12,9,2),(12,10,2),(13,10,2),(13,10,1),
398:(8,3,1),(8,3,2),(8,4,2),(8,4,3),(8,5,3),(8,6,3),(8,7,3),(8,7,2),(8,8,2),(8,8,3),(8,9,3),(8,9,4),(8,9,4),(7,9,4),(6,9,4),
399:(6,9,4),(6,9,3),(6,9,3),(6,8,3),(6,7,3),(6,6,3),(6,5,3),(6,5,3),(6,5,2),(6,5,1),(6,5,1),(6,5,0),
400:(8,14,0),(7,14,0),(6,14,0),(5,14,0),(4,14,0),(3,14,0),(2,14,0),(1,14,0),(0,14,0),(0,14,1),(0,14,2),(0,13,2),(0,12,2),
401:(5,12,1),(5,11,1),(6,11,1),(7,11,1),(8,11,1),(9,11,1),(10,11,1),(10,10,1),(10,10,2),(10,10,2),(10,10,3),(11,10,3),(12,10,3),(12,9,3),(13,9,3),
402:(4,8,1),(4,8,2),(4,9,2),(4,10,2),(4,11,2),(4,12,2),(5,12,2),(5,13,2),(6,13,2),(7,13,2),(8,13,2),(9,13,2),(10,13,2),(11,13,2),(12,13,2),(13,13,2),(13,14,2),(13,14,3),
403:(11,5,3),(10,5,3),(9,5,3),(8,5,3),(7,5,3),(7,6,3),(6,6,3),(6,6,2),(6,6,1),(6,7,1),(5,7,1),(4,7,1),(3,7,1),(2,7,1),(2,8,1),(2,8,1),(1,8,1),(0,8,1),(0,9,1),
404:(0,13,5),(1,13,5),(2,13,5),(3,13,5),(3,12,5),(4,12,5),(4,12,4),(4,12,3),(4,12,2),(5,12,2),(6,12,2),(6,11,2),(6,10,2),(6,9,2),(7,9,2),(7,8,2),(8,8,2),(8,7,2),(9,7,2),(10,7,2),(10,6,2),(10,5,2),(10,4,2),(10,4,1),(10,3,1),(10,2,1),(10,1,1),(10,0,1),
405:(12,3,2),(12,3,3),(13,3,3),(13,3,4),(13,4,4),(13,5,4),(13,6,4),(13,7,4),(13,7,5),(13,8,5),(13,9,5),(13,10,5),(13,11,5),(14,11,5),(14,12,5),
406:(0,0,1),(1,0,1),(1,0,2),(1,0,3),(1,0,4),(1,1,4),(1,2,4),
407:(4,6,4),(5,6,4),(6,6,4),(7,6,4),(8,6,4),(8,6,4),(8,6,3),(9,6,3),(9,5,3),(9,4,3),(10,4,3),(10,4,2),(10,3,2),(11,3,2),(11,2,2),(11,1,2),
408:(2,10,1),(2,9,1),(2,9,0),(2,8,0),(2,8,-1),(3,8,-1),(4,8,-1),(5,8,-1),(6,8,-1),(7,8,-1),(8,8,-1),(9,8,-1),(9,8,0),
409:(7,0,2),(8,0,2),(8,1,2),(8,2,2),(8,3,2),(8,3,3),(9,3,3),(10,3,3),(11,3,3),(12,3,3),(13,3,3),(14,3,3),(14,4,3),(14,5,3),(15,5,3),(15,6,3),(15,7,3),(15,8,3),(15,9,3),(15,10,3),(14,10,3),
410:(6,8,1),(6,7,1),(5,7,1),(5,6,1),(5,6,0),(5,5,0),(5,5,1),
411:(7,12,3),(8,12,3),(8,11,3),(8,10,3),(8,10,3),(8,10,3),(8,9,3),(8,9,3),(8,8,3),(8,7,3),(8,6,3),(8,5,3),(8,4,3),(8,4,4),(8,3,4),(8,2,4),(8,2,3),
412:(10,12,1),(10,11,1),(10,11,1),(10,10,1),(9,10,1),(8,10,1),(8,9,1),(8,9,1),(8,8,1),(8,7,1),(8,6,1),(8,5,1),(8,4,1),
413:(4,2,4),(5,2,4),(5,2,4),(6,2,4),(7,2,4),(8,2,4),(8,3,4),(8,3,4),(8,3,4),(8,3,4),(8,3,4),(8,3,4),(8,3,4),(8,3,4),(7,3,4),(7,3,4),(8,3,4),
414:(7,2,0),(7,2,1),(7,3,1),(7,4,1),(8,4,1),(8,4,2),(8,4,3),(8,5,3),(8,6,3),(8,6,4),(9,6,4),(9,6,4),(9,7,4),(9,8,4),(9,9,4),(9,10,4),(9,11,4),(9,12,4),(9,12,5),
415:(5,4,2),(5,4,3),(5,5,3),(5,5,4),(5,5,5),(6,5,5),(7,5,5),(8,5,5),(9,5,5),(9,6,5),
416:(14,0,4),(13,0,4),(12,0,4),(12,0,3),(12,0,2),(12,0,1),(12,0,0),
417:(13,6,4),(12,6,4),(11,6,4),(11,5,4),(10,5,4),(10,5,5),(10,6,5),(9,6,5),(8,6,5),(7,6,5),(6,6,5),(6,7,5),
418:(2,14,5),(1,14,5),(1,14,4),(1,14,3),(1,13,3),(1,12,3),(1,11,3),(1,10,3),(1,9,3),(1,9,2),(1,8,2),(1,8,1),(1,7,1),(1,6,1),(1,6,0),(1,5,0),(1,4,0),(1,3,0),(1,3,0),(1,3,0),(0,3,0),
419:(2,14,2),(3,14,2),(4,14,2),(5,14,2),(6,14,2),(7,14,2),(8,14,2),(9,14,2),(10,14,2),(10,13,2),(10,12,2),(10,11,2),(10,11,2),(10,11,1),(11,11,1),(11,10,1),
420:(2,0,0),(3,0,0),(3,0,1),(4,0,1),(5,0,1),(6,0,1),(7,0,1),(7,0,2),(7,0,3),(7,0,4),(7,1,4),(7,2,4),(7,3,4),(7,4,4),(7,5,4),(7,6,4),(8,6,4),(8,7,4),(8,8,4),
421:(10,4,3),(9,4,3),(8,4,3),(8,3,3),(8,3,3),(7,3,3),(7,2,3),(7,1,3),(6,1,3),
422:(8,13,3),(9,13,3),(9,12,3),(10,12,3),(10,11,3),(10,10,3),(10,9,3),(11,9,3),(11,8,3),(11,7,3),(11,7,2),(12,7,2),(12,6,2),(12,5,2),(12,5,1),(12,5,0),(11,5,0),
423:(0,9,5),(1,9,5),(2,9,5),(3,9,5),(3,8,5),(3,7,5),(4,7,5),(5,7,5),(6,7,5),(7,7,5),(7,7,4),(7,6,4),(8,6,4),(9,6,4),(10,6,4),(10,6,3),(10,6,2),(10,6,1),(10,6,0),(10,5,0),(10,4,0),(11,4,0),
424:(0,5,0),(1,5,0),(2,5,0),(3,5,0),(4,5,0),(4,5,1),(4,6,1),(4,7,1),(5,7,1),(5,8,1),(6,8,1),(7,8,1),(7,9,1),(7,9,1),(8,9,1),(9,9,1),(10,9,1),(11,9,1),(11,9,2),(12,9,2),(12,10,2),(13,10,2),(14,10,2),
425:(14,3,1),(14,3,2),(13,3,2),(12,3,2),(12,3,3),(12,4,3),(12,5,3),(11,5,3),(11,6,3),(10,6,3),(9,6,3),(8,6,3),(7,6,3),(7,7,3),(6,7,3),(6,8,3),(6,8,4),(5,8,4),
426:(12,3,4),(12,4,4),(12,4,5),(12,5,5),(11,5,5),(11,5,6),(10,5,6),(9,5,6),(8,5,6),(7,5,6),(7,5,5),
427:(7,5,0),(8,5,0),(9,5,0),(10,5,0),(11,5,0),(12,5,0),(12,4,0),(12,4,1),(12,4,2),(12,3,2),
428:(9,10,5),(8,10,5),(8,9,5),(9,9,5),(9,8,5),(9,7,5),(10,7,5),(10,6,5),(10,5,5),
429:(6,4,3),(7,4,3),(7,4,2),(8,4,2),(9,4,2),(10,4,2),(11,4,2),(12,4,2),(13,4,2),(13,4,3),(13,4,4),
430:(0,6,4),(0,6,5),(0,5,5),(0,4,5),(0,3,5),(0,2,5),
431:(4,1,0),(5,1,0),(5,2,0),(5,3,0),(5,4,0),(5,4,-1),(5,5,-1),(5,6,-1),(5,7,-1),(5,7,0),(5,8,0),(5,9,0),(5,10,0),(5,11,0),(5,12,0),
432:(10,5,5),(10,6,5),(10,7,5),(10,8,5),(10,9,5),(9,9,5),(9,10,5),(9,11,5),
433:(3,2,1),(3,3,1),(2,3,1),(1,3,1),(1,3,2),(1,3,3),(1,3,4),(1,3,5),(1,4,5),(1,5,5),(1,6,5),(1,7,5),(1,8,5),
434:(6,11,3),(7,11,3),(7,11,3),(8,11,3),(9,11,3),(9,10,3),(9,10,3),(9,9,3),(9,8,3),(10,8,3),(10,8,3),(10,8,2),
435:(0,7,4),(1,7,4),(1,7,4),(1,6,4),(2,6,4),(3,6,4),(3,5,4),(3,4,4),(3,3,4),(3,2,4),(3,1,4),(4,1,4),(5,1,4),(5,0,4),(6,0,4),(7,0,4),(8,0,4),(9,0,4),(10,0,4),(11,0,4),
436:(1,5,2),(2,5,2),(3,5,2),(4,5,2),(4,5,3),(4,5,4),(4,6,4),(4,7,4),(4,7,5),(3,7,5),(3,8,5),(3,9,5),(4,9,5),(4,10,5),(4,11,5),(4,12,5),(4,13,5),
437:(3,9,2),(3,9,1),(3,9,0),(4,9,0),(4,9,-1),(5,9,-1),(6,9,-1),(7,9,-1),(8,9,-1),(9,9,-1),(10,9,-1),(11,9,-1),(12,9,-1),(13,9,-1),(13,8,-1),(13,7,-1),(13,7,-1),(13,7,-1),(13,7,0),
438:(13,1,4),(12,1,4),(11,1,4),(10,1,4),(9,1,4),(9,1,3),(9,1,2),(9,1,1),(9,1,0),(8,1,0),(7,1,0),(6,1,0),(5,1,0),(5,2,0),(5,3,0),(4,3,0),(4,3,0),(4,3,1),
439:(3,12,5),(4,12,5),(5,12,5),(5,12,4),(5,11,4),(5,10,4),(5,10,4),(6,10,4),(6,10,3),(6,9,3),(6,8,3),(6,7,3),(7,7,3),(8,7,3),(9,7,3),(9,7,2),(9,6,2),(9,5,2),
440:(3,8,2),(3,8,3),(3,8,4),(3,8,5),(4,8,5),
441:(14,13,2),(13,13,2),(13,13,3),(13,12,3),(13,11,3),(13,10,3),(13,10,4),(13,9,4),(12,9,4),(11,9,4),(10,9,4),(10,8,4),(10,8,4),(10,8,5),(9,8,5),
442:(14,9,1),(13,9,1),(13,10,1),(13,10,0),(13,11,0),(13,12,0),(13,13,0),(13,14,0),
443:(7,6,5),(8,6,5),(8,6,4),(8,6,3),(8,7,3),(8,7,2),(8,7,1),(9,7,1),(9,7,0),
444:(0,12,3),(1,12,3),(2,12,3),(3,12,3),(3,12,2),(3,12,1),(4,12,1),(4,12,0),(4,13,0),
445:(7,0,1),(8,0,1),(8,1,1),(8,1,1),(9,1,1),(10,1,1),(11,1,1),(12,1,1),
446:(6,3,0),(6,4,0),(6,5,0),(6,6,0),(6,6,1),(6,7,1),(6,8,1),(6,9,1),(6,9,2),(6,10,2),(6,11,2),(7,11,2),(8,11,2),(9,11,2),(10,11,2),(10,11,3),(10,11,4),(10,12,4),(10,12,5),
447:(8,2,3),(8,3,3),(9,3,3),(9,4,3),(9,5,3),(9,6,3),(9,7,3),(10,7,3),(10,8,3),(10,9,3),(9,9,3),(8,9,3),(8,10,3),(8,11,3),(8,12,3),(8,13,3),
448:(1,2,4),(1,2,3),(2,2,3),(2,2,2),(3,2,2),(4,2,2),(4,1,2),(5,1,2),(5,2,2),
449:(9,8,4),(8,8,4),(8,7,4),(8,7,3),(8,7,2),(8,7,1),(8,7,0),(7,7,0),(6,7,0),(6,7,0),(6,7,0),(6,7,1),
