soc=5619
lb_soc=4399
makespan=28
lb_makespan=25
comp_time=99272
highLevelExpanded=134
lowLevelExpanded=112355
solution=
0:(4,14,1),(3,14,1),(2,14,1),(1,14,1),(1,13,1),(1,12,1),(1,11,1),(1,10,1),(1,9,1),(1,8,1),(1,8,1),(1,7,1),(1,6,1),(1,6,2),(1,6,3),
1:(14,2,4),(14,3,4),(14,4,4),(14,5,4),(14,6,4),(14,7,4),(14,8,4),(14,9,4),(14,10,4),(14,11,4),(13,11,4),(13,12,4),(12,12,4),(11,12,4),(10,12,4),(9,12,4),(8,12,4),
2:(11,12,3),(10,12,3),(9,12,3),(8,12,3),(7,12,3),(7,11,3),(7,11,4),(6,11,4),(5,11,4),(4,11,4),(4,11,3),(3,11,3),(2,11,3),(1,11,3),(1,10,3),(0,10,3),(0,9,3),(-1,9,3),(-1,8,3),(-1,7,3),(0,7,3),
3:(2,11,0),(3,11,0),(4,11,0),(5,11,0),(6,11,0),(7,11,0),(8,11,0),(8,10,0),(9,10,0),(10,10,0),(10,9,0),(10,8,0),(10,7,0),(11,7,0),(11,6,0),(11,5,0),(12,5,0),(12,5,-1),(12,4,-1),(12,3,-1),(12,2,-1),(12,1,-1),(12,1,0),(12,1,1),(12,1,2),(12,0,2),
4:(9,1,3),(10,1,3),(10,1,2),(10,1,1),(10,1,0),(10,2,0),(10,3,0),(10,4,0),(10,5,0),
5:(11,3,4),(10,3,4),(10,4,4),(10,4,4),(10,5,4),(10,6,4),(10,7,4),(10,7,3),(10,7,2),(10,8,2),(10,9,2),(9,9,2),(9,9,1),(8,9,1),(8,10,1),(8,11,1),(8,11,0),(8,12,0),(8,13,0),
6:(4,11,3),(5,11,3),(6,11,3),(7,11,3),(8,11,3),(9,11,3),(10,11,3),(11,11,3),(11,11,4),(11,10,4),(11,9,4),(11,8,4),
7:(10,1,3),(10,1,4),(9,1,4),(8,1,4),(7,1,4),(7,0,4),
8:(10,10,4),(9,10,4),(8,10,4),(7,10,4),(6,10,4),(6,10,5),(6,9,5),(6,8,5),(6,7,5),(6,6,5),(6,6,6),(6,5,6),(6,4,6),(6,3,6),(6,3,5),
9:(3,4,0),(4,4,0),(5,4,0),(6,4,0),(6,4,1),(6,5,1),(6,6,1),(6,7,1),(6,8,1),(6,9,1),(6,10,1),(7,10,1),(7,11,1),(7,12,1),(6,12,1),
10:(7,11,3),(8,11,3),(9,11,3),(10,11,3),(11,11,3),(12,11,3),(13,11,3),(13,11,4),(13,10,4),(13,9,4),(13,8,4),(13,7,4),(13,6,4),(13,5,4),
11:(0,12,4),(1,12,4),(2,12,4),(3,12,4),(4,12,4),(5,12,4),(6,12,4),(7,12,4),(8,12,4),(8,12,3),(8,11,3),(8,10,3),(8,9,3),(8,8,3),(8,8,2),(8,7,2),(8,7,1),(8,6,1),(9,6,1),
12:(0,2,4),(1,2,4),(2,2,4),(3,2,4),(3,2,3),(3,2,2),(3,2,1),(3,2,0),(3,1,0),
13:(4,1,5),(3,1,5),(3,2,5),(3,3,5),
14:(10,0,1),(11,0,1),(12,0,1),(13,0,1),(14,0,1),(14,0,2),(14,0,3),(14,0,4),
15:(11,5,1),(10,5,1),(9,5,1),(8,5,1),(7,5,1),(7,5,2),(6,5,2),(6,5,3),(6,5,4),(6,6,4),(6,7,4),(6,7,5),(6,8,5),(6,9,5),(6,10,5),(6,11,5),(6,12,5),(6,13,5),(6,14,5),
16:(2,7,1),(2,7,2),(2,7,3),(2,7,4),(2,7,5),(2,6,5),(2,5,5),(2,4,5),
17:(2,0,0),(3,0,0),(4,0,0),(5,0,0),(6,0,0),(7,0,0),(8,0,0),(9,0,0),(10,0,0),(11,0,0),(12,0,0),(13,0,0),(14,0,0),(14,1,0),(14,2,0),(14,3,0),(14,4,0),(14,5,0),(14,5,1),(14,6,1),(14,7,1),(14,7,0),(14,8,0),(14,9,0),(14,10,0),(14,11,0),(14,12,0),(14,13,0),
18:(5,3,3),(6,3,3),(7,3,3),(8,3,3),(9,3,3),(10,3,3),(10,3,4),(10,3,5),(10,4,5),
19:(4,13,0),(5,13,0),(6,13,0),(7,13,0),(7,13,1),(7,13,2),(7,13,3),(8,13,3),(8,12,3),(8,11,3),(8,10,3),(8,9,3),(8,8,3),(8,7,3),(8,6,3),(8,5,3),(8,4,3),(8,3,3),(8,2,3),(8,1,3),(7,1,3),(7,0,3),
20:(8,3,0),(9,3,0),(10,3,0),(11,3,0),(12,3,0),(13,3,0),(14,3,0),(14,3,1),(14,3,2),(14,2,2),(14,1,2),
21:(7,10,0),(8,10,0),(9,10,0),(10,10,0),(11,10,0),(11,10,1),(11,9,1),(11,8,1),
22:(4,13,3),(3,13,3),(3,13,2),(3,13,1),(3,13,0),
23:(12,1,2),(12,1,2),(12,1,3),(12,1,4),(12,1,5),(12,2,5),(12,3,5),(12,4,5),(12,5,5),(11,5,5),(10,5,5),(9,5,5),(9,6,5),(9,7,5),(9,8,5),(9,9,5),(9,10,5),(9,11,5),(9,12,5),(8,12,5),(7,12,5),(6,12,5),
24:(1,1,0),(1,1,1),(1,1,2),(1,1,3),(1,1,4),(1,2,4),(1,3,4),(1,4,4),(1,5,4),
25:(9,0,3),(10,0,3),(10,1,3),(10,2,3),(10,3,3),(10,4,3),(10,5,3),
26:(1,8,3),(2,8,3),(3,8,3),(4,8,3),(5,8,3),(6,8,3),(7,8,3),(8,8,3),(9,8,3),(10,8,3),(11,8,3),(12,8,3),(13,8,3),(14,8,3),(14,8,2),(14,7,2),(14,6,2),
27:(7,0,1),(8,0,1),(8,0,0),(8,1,0),(8,2,0),(8,3,0),(8,4,0),(8,5,0),(8,6,0),(8,7,0),(8,7,-1),(8,8,-1),(8,9,-1),(8,10,-1),(8,10,-1),(8,10,0),
28:(4,9,5),(5,9,5),
29:(2,1,0),(3,1,0),(4,1,0),(4,1,1),(4,2,1),(4,3,1),(4,4,1),(5,4,1),(6,4,1),(7,4,1),(7,5,1),(8,5,1),(9,5,1),(10,5,1),(10,5,2),(10,6,2),(11,6,2),(11,7,2),(11,8,2),(11,9,2),(11,10,2),
30:(8,2,5),(7,2,5),(6,2,5),(5,2,5),(4,2,5),(3,2,5),(2,2,5),(1,2,5),(1,2,4),
31:(13,11,5),(12,11,5),(11,11,5),(11,10,5),(11,9,5),(11,8,5),
32:(12,1,1),(12,2,1),(12,3,1),(12,4,1),(12,5,1),(12,6,1),(12,7,1),(12,8,1),
33:(8,8,1),(8,8,2),(8,7,2),(8,6,2),(8,5,2),(8,4,2),(7,4,2),(6,4,2),(6,3,2),(6,2,2),(6,1,2),
34:(5,0,1),(4,0,1),(3,0,1),(2,0,1),(2,0,2),(2,0,3),(2,0,4),(2,0,5),(2,1,5),(2,2,5),
35:(9,3,4),(8,3,4),(8,3,5),(8,4,5),(8,5,5),(8,6,5),
36:(2,3,1),(3,3,1),(4,3,1),(4,3,0),(5,3,0),(6,3,0),(7,3,0),(7,2,0),(8,2,0),(8,1,0),(9,1,0),(10,1,0),(11,1,0),(12,1,0),(13,1,0),(14,1,0),(14,1,1),
37:(7,6,0),(6,6,0),(5,6,0),(4,6,0),(3,6,0),(2,6,0),(2,6,1),(2,6,2),(2,7,2),(2,8,2),
38:(10,9,5),(9,9,5),(8,9,5),(7,9,5),(6,9,5),(6,8,5),(5,8,5),(4,8,5),(3,8,5),(2,8,5),(2,7,5),(1,7,5),(1,6,5),(1,5,5),(1,4,5),(1,3,5),(1,2,5),(1,1,5),
39:(12,4,5),(11,4,5),(10,4,5),(10,5,5),(10,6,5),(10,7,5),(10,8,5),(10,9,5),(9,9,5),(9,10,5),(9,11,5),(9,12,5),(8,12,5),(7,12,5),(6,12,5),(5,12,5),(4,12,5),(3,12,5),(3,13,5),(2,13,5),(2,14,5),
40:(13,12,2),(12,12,2),(11,12,2),(10,12,2),(10,12,1),(10,11,1),(10,10,1),(10,9,1),(10,8,1),(10,7,1),(10,6,1),(9,6,1),(8,6,1),(7,6,1),(6,6,1),(6,5,1),(5,5,1),(4,5,1),(3,5,1),(2,5,1),(2,5,0),(2,4,0),
41:(1,14,2),(2,14,2),(3,14,2),(4,14,2),(5,14,2),(6,14,2),(7,14,2),(8,14,2),(9,14,2),(10,14,2),(10,14,1),(10,13,1),(10,12,1),(10,11,1),
42:(8,6,0),(7,6,0),(7,7,0),(7,8,0),(7,9,0),
43:(6,12,5),(5,12,5),(4,12,5),(4,12,4),(4,11,4),(4,10,4),(4,9,4),(4,8,4),
44:(12,14,3),(13,14,3),(13,13,3),(13,12,3),(13,11,3),(13,10,3),(13,9,3),
45:(12,9,2),(11,9,2),(10,9,2),(10,9,3),(10,10,3),(10,11,3),(10,12,3),(10,13,3),(10,14,3),(9,14,3),(8,14,3),(7,14,3),(6,14,3),(5,14,3),(5,14,4),
46:(8,9,2),(9,9,2),(9,9,3),(9,9,4),(9,9,5),(9,8,5),(9,7,5),(9,6,5),(9,5,5),(9,4,5),(9,3,5),
47:(0,2,5),(1,2,5),(2,2,5),(3,2,5),(3,2,4),(4,2,4),(4,2,3),(4,2,2),(4,2,1),(4,2,0),(4,3,0),(4,4,0),(4,5,0),(4,6,0),(4,7,0),(5,7,0),(5,8,0),(5,9,0),(5,10,0),(5,11,0),(6,11,0),(6,12,0),(6,13,0),
48:(13,1,4),(13,1,4),(13,2,4),(13,3,4),(13,4,4),(13,5,4),(13,6,4),(12,6,4),(12,7,4),(12,8,4),(12,9,4),(11,9,4),(11,10,4),(10,10,4),(10,11,4),(9,11,4),(8,11,4),(7,11,4),(6,11,4),(5,11,4),(5,11,5),
49:(8,9,0),(7,9,0),(6,9,0),(5,9,0),(4,9,0),(3,9,0),(2,9,0),(1,9,0),(0,9,0),
50:(13,8,0),(12,8,0),(11,8,0),(10,8,0),(9,8,0),(8,8,0),(7,8,0),(7,8,1),(7,7,1),(7,7,2),(7,6,2),(7,5,2),(7,4,2),(7,4,3),(7,3,3),(6,3,3),(5,3,3),(5,2,3),(4,2,3),(4,1,3),(4,0,3),
51:(9,12,5),(8,12,5),(7,12,5),(7,11,5),(7,10,5),(7,9,5),(7,8,5),(7,7,5),(7,6,5),(7,5,5),
52:(4,4,2),(5,4,2),(6,4,2),(7,4,2),(8,4,2),(9,4,2),(10,4,2),(10,4,3),(11,4,3),
53:(1,2,5),(2,2,5),(2,1,5),(2,1,4),(2,1,3),(2,1,2),(2,0,2),
54:(14,3,0),(13,3,0),(12,3,0),(12,3,1),(11,3,1),(10,3,1),(9,3,1),(8,3,1),(8,2,1),(8,2,2),(7,2,2),(6,2,2),(6,2,3),(5,2,3),(5,2,4),(5,2,5),
55:(6,10,3),(6,9,3),(6,8,3),(6,7,3),(5,7,3),(4,7,3),(3,7,3),(3,6,3),(2,6,3),(1,6,3),(1,5,3),(1,5,2),(1,4,2),
56:(11,10,2),(10,10,2),(9,10,2),(8,10,2),(7,10,2),(6,10,2),(5,10,2),(4,10,2),(3,10,2),(2,10,2),(1,10,2),(1,10,1),(1,11,1),(1,12,1),(1,13,1),
57:(13,13,3),(12,13,3),(11,13,3),(10,13,3),(9,13,3),(8,13,3),(8,13,2),(7,13,2),(6,13,2),(5,13,2),(4,13,2),(4,13,1),(4,13,0),(4,12,0),(4,11,0),(4,10,0),(4,9,0),
58:(4,8,0),(3,8,0),(2,8,0),(1,8,0),(0,8,0),(0,8,1),(0,8,2),(0,8,3),(0,8,4),(0,8,5),(0,9,5),(0,10,5),(0,11,5),(0,12,5),(0,13,5),
59:(4,1,2),(5,1,2),(6,1,2),(6,2,2),(6,3,2),(6,3,1),(6,3,0),(7,3,0),(8,3,0),(8,3,0),(8,4,0),(8,5,0),(8,6,0),(8,7,0),(9,7,0),(10,7,0),(10,7,1),(10,8,1),(10,9,1),(11,9,1),(11,10,1),(11,11,1),
60:(13,1,3),(12,1,3),(12,1,4),(11,1,4),(10,1,4),(9,1,4),(9,1,5),
61:(7,5,2),(8,5,2),(8,4,2),(8,3,2),(8,2,2),(8,2,1),(8,1,1),(9,1,1),(9,1,0),(10,1,0),(11,1,0),(12,1,0),(13,1,0),(13,1,1),
62:(5,1,2),(5,1,3),(4,1,3),(3,1,3),(3,1,4),(2,1,4),(1,1,4),
63:(14,0,3),(13,0,3),(12,0,3),(11,0,3),(10,0,3),(9,0,3),(8,0,3),(7,0,3),(6,0,3),(5,0,3),(4,0,3),(4,0,4),(4,1,4),(4,2,4),(4,3,4),(4,4,4),(4,5,4),(4,6,4),(3,6,4),(2,6,4),(1,6,4),(1,7,4),(1,8,4),(1,9,4),
64:(4,5,4),(5,5,4),(6,5,4),(7,5,4),(8,5,4),(9,5,4),(10,5,4),(11,5,4),(11,5,5),(11,4,5),(11,3,5),(11,2,5),
65:(0,7,5),(1,7,5),(2,7,5),(3,7,5),(4,7,5),(5,7,5),(6,7,5),(6,7,4),(6,7,3),(6,8,3),(6,9,3),(6,10,3),(6,11,3),(6,12,3),(6,13,3),
66:(2,0,1),(3,0,1),(3,0,0),(4,0,0),(5,0,0),(6,0,0),(7,0,0),(7,1,0),(7,2,0),(8,2,0),(8,3,0),(8,4,0),(8,5,0),(8,6,0),(8,7,0),(8,7,-1),(8,8,-1),(8,9,-1),(8,10,-1),(8,11,-1),(8,11,0),
67:(1,3,4),(2,3,4),(3,3,4),(4,3,4),(5,3,4),(6,3,4),(7,3,4),(8,3,4),(8,3,3),(9,3,3),(10,3,3),(11,3,3),(12,3,3),(12,4,3),(12,4,2),(12,5,2),(12,6,2),(12,6,1),(13,6,1),(13,7,1),(13,8,1),(13,9,1),(13,10,1),(13,11,1),(13,12,1),(13,13,1),
68:(5,7,4),(4,7,4),(3,7,4),(3,7,3),(2,7,3),(2,7,2),(2,7,1),(2,6,1),(2,5,1),(2,4,1),(2,3,1),(2,2,1),(2,1,1),(2,0,1),
69:(11,7,3),(10,7,3),(9,7,3),(8,7,3),(8,8,3),(8,9,3),(7,9,3),(6,9,3),(6,9,2),(6,10,2),(5,10,2),(4,10,2),(3,10,2),(2,10,2),(2,10,1),
70:(8,14,5),(7,14,5),(6,14,5),(5,14,5),(4,14,5),(3,14,5),(2,14,5),(1,14,5),(0,14,5),(0,14,4),(0,14,3),(0,13,3),(0,12,3),(0,11,3),
71:(6,13,1),(7,13,1),(8,13,1),(9,13,1),(10,13,1),(10,13,2),(10,13,3),(10,13,4),(10,14,4),
72:(11,9,0),(10,9,0),(9,9,0),(8,9,0),(8,9,1),(7,9,1),(6,9,1),(5,9,1),(4,9,1),(3,9,1),(3,8,1),(2,8,1),(2,7,1),(1,7,1),(1,6,1),(1,5,1),(1,4,1),(0,4,1),(0,3,1),(0,3,2),(0,2,2),(0,1,2),(0,0,2),
73:(12,9,0),(11,9,0),(10,9,0),(9,9,0),(9,9,1),(9,9,2),(9,9,3),(9,8,3),(9,7,3),(9,6,3),(9,6,4),(9,5,4),(9,4,4),(9,3,4),(9,2,4),(9,1,4),
74:(7,4,1),(6,4,1),(6,5,1),(6,6,1),(6,7,1),(6,8,1),(6,8,1),(6,9,1),(6,10,1),(6,11,1),
75:(6,14,4),(7,14,4),(8,14,4),(9,14,4),(10,14,4),(10,13,4),(10,12,4),(10,11,4),(10,10,4),(10,9,4),(10,8,4),(10,7,4),(10,6,4),(10,6,5),(9,6,5),(9,6,4),(9,5,4),(9,4,4),(10,4,4),(10,3,4),(10,2,4),
76:(7,11,4),(6,11,4),(6,12,4),(6,13,4),
77:(6,8,2),(5,8,2),(5,8,1),(5,8,0),(5,7,0),(5,6,0),
78:(12,12,2),(11,12,2),(10,12,2),(9,12,2),(9,12,1),(9,13,1),(9,14,1),
79:(2,3,3),(2,4,3),(2,5,3),(2,6,3),(2,6,3),(2,7,3),(2,8,3),(2,9,3),(2,10,3),(2,11,3),(1,11,3),(1,12,3),(1,13,3),
80:(3,11,0),(3,11,1),(2,11,1),(1,11,1),(0,11,1),(0,11,2),(0,10,2),(0,9,2),(0,8,2),(0,7,2),(0,6,2),(0,5,2),(0,4,2),
81:(9,11,1),(8,11,1),(7,11,1),(6,11,1),(5,11,1),(4,11,1),(4,10,1),(4,9,1),(4,9,2),(3,9,2),(3,8,2),(3,7,2),(4,7,2),
82:(6,7,4),(5,7,4),(5,8,4),(5,9,4),(5,10,4),(5,10,5),
83:(6,1,0),(7,1,0),(8,1,0),(9,1,0),(9,1,1),(10,1,1),(11,1,1),(12,1,1),(13,1,1),(13,1,2),(13,1,3),(14,1,3),
84:(9,9,5),(9,9,4),(10,9,4),(11,9,4),(12,9,4),(13,9,4),(13,10,4),(13,10,3),(13,10,2),(13,11,2),
85:(6,2,4),(7,2,4),(8,2,4),(9,2,4),(9,2,3),(9,2,2),(9,2,1),(9,2,0),
86:(1,14,4),(2,14,4),(2,13,4),(2,12,4),(2,11,4),(2,10,4),
87:(8,5,5),(9,5,5),(10,5,5),(10,5,4),(10,5,3),(10,5,2),(10,5,1),(10,5,0),(10,6,0),
88:(13,8,5),(12,8,5),(11,8,5),(10,8,5),(9,8,5),(9,7,5),(9,6,5),(9,5,5),(8,5,5),(8,4,5),(7,4,5),(7,3,5),(7,2,5),(6,2,5),(5,2,5),(4,2,5),(3,2,5),(3,1,5),(2,1,5),(2,0,5),
89:(14,5,3),(13,5,3),(13,5,2),(13,4,2),(13,4,1),(13,3,1),(12,3,1),(11,3,1),(10,3,1),(9,3,1),(9,3,0),(9,3,-1),(8,3,-1),(7,3,-1),(6,3,-1),(5,3,-1),(4,3,-1),(4,3,0),
90:(14,7,3),(13,7,3),(12,7,3),(11,7,3),(10,7,3),(9,7,3),(8,7,3),(7,7,3),(7,7,2),(6,7,2),(6,7,1),(6,6,1),(6,5,1),(6,4,1),(6,3,1),(6,2,1),(6,1,1),(6,0,1),
91:(0,9,5),(1,9,5),(2,9,5),(3,9,5),(4,9,5),(4,9,4),(4,8,4),(4,7,4),(4,6,4),(4,5,4),(4,4,4),(4,4,3),(4,4,2),(5,4,2),(5,3,2),(6,3,2),(6,3,1),(6,3,0),
92:(4,10,3),(4,10,2),(5,10,2),(6,10,2),(6,10,1),(7,10,1),(8,10,1),(9,10,1),(10,10,1),(10,9,1),(10,8,1),(10,7,1),(10,6,1),
93:(10,1,0),(9,1,0),(9,1,1),(8,1,1),(7,1,1),(6,1,1),(5,1,1),(4,1,1),(4,1,2),(4,1,3),(4,2,3),(4,3,3),
94:(3,4,5),(4,4,5),(5,4,5),(6,4,5),(7,4,5),(7,4,4),(8,4,4),(9,4,4),(10,4,4),(11,4,4),(12,4,4),(12,4,3),(12,4,2),(12,5,2),(12,5,2),(12,6,2),(12,7,2),(12,8,2),(12,9,2),(12,9,1),(12,10,1),(12,10,0),(12,11,0),
95:(7,4,4),(6,4,4),(5,4,4),(4,4,4),(3,4,4),(2,4,4),(1,4,4),(0,4,4),(0,5,4),(0,6,4),(0,7,4),(0,8,4),
96:(4,8,2),(4,8,3),(5,8,3),(6,8,3),(7,8,3),(8,8,3),(9,8,3),(10,8,3),(10,8,4),(10,8,5),(10,9,5),(10,10,5),
97:(1,12,1),(2,12,1),(3,12,1),(4,12,1),(5,12,1),(6,12,1),(7,12,1),(8,12,1),(9,12,1),(10,12,1),(11,12,1),(12,12,1),(13,12,1),(13,11,1),(13,10,1),(13,10,2),
98:(7,14,2),(8,14,2),(9,14,2),(10,14,2),(11,14,2),(12,14,2),(12,14,3),(12,13,3),(12,12,3),(12,11,3),(12,10,3),
99:(2,10,4),(3,10,4),(4,10,4),(5,10,4),(5,10,3),(6,10,3),(6,10,2),(6,9,2),(6,8,2),(6,8,1),
100:(0,14,5),(1,14,5),(2,14,5),(3,14,5),(3,14,6),(4,14,6),(5,14,6),(6,14,6),(7,14,6),(8,14,6),(9,14,6),(10,14,6),(11,14,6),(12,14,6),(13,14,6),(14,14,6),(14,14,5),
101:(11,11,4),(12,11,4),(12,10,4),(12,9,4),(12,8,4),(12,7,4),(12,6,4),(12,5,4),(12,4,4),(12,3,4),(12,3,3),(12,2,3),(12,1,3),(12,1,4),(12,0,4),
102:(1,0,3),(2,0,3),(3,0,3),(4,0,3),(5,0,3),(6,0,3),(7,0,3),(7,0,2),(8,0,2),(9,0,2),(9,1,2),(9,2,2),(9,3,2),(9,4,2),(9,5,2),(9,6,2),(9,7,2),(9,8,2),(9,9,2),(9,10,2),(9,11,2),(9,12,2),(9,13,2),(10,13,2),(10,14,2),
103:(0,14,0),(1,14,0),(2,14,0),(3,14,0),(4,14,0),(4,14,1),(4,14,2),
104:(11,4,0),(10,4,0),(9,4,0),(8,4,0),(7,4,0),(6,4,0),(5,4,0),(4,4,0),(3,4,0),(2,4,0),(1,4,0),(1,5,0),(1,6,0),(1,7,0),(1,8,0),(1,8,1),(1,9,1),(1,10,1),(1,10,2),(1,11,2),(1,11,3),(1,12,3),(0,12,3),(0,13,3),(0,13,4),(0,14,4),
105:(10,8,5),(11,8,5),(11,8,4),(12,8,4),(12,7,4),(12,6,4),(12,5,4),(12,4,4),(12,3,4),(12,2,4),
106:(4,6,5),(3,6,5),(2,6,5),(2,5,5),(2,4,5),(2,3,5),(2,3,4),(2,2,4),(2,1,4),
107:(9,4,1),(8,4,1),(8,5,1),(8,6,1),(8,6,2),(8,6,2),(8,7,2),(8,7,3),(8,8,3),(8,9,3),(7,9,3),(7,9,2),(6,9,2),(5,9,2),(4,9,2),(4,10,2),(4,11,2),(4,11,3),(4,12,3),
108:(0,7,4),(1,7,4),(1,8,4),(1,9,4),(1,10,4),(1,11,4),(2,11,4),
109:(4,10,2),(3,10,2),(2,10,2),(1,10,2),(1,10,3),(1,9,3),(1,8,3),(1,7,3),
110:(11,5,0),(11,5,0),(11,6,0),(11,7,0),(11,7,1),(11,7,2),(11,7,3),(11,8,3),(11,9,3),(11,10,3),(11,11,3),(12,11,3),(13,11,3),
111:(14,5,2),(14,5,3),(14,6,3),(13,6,3),(12,6,3),(12,7,3),(12,8,3),(12,8,2),(12,9,2),(11,9,2),(11,10,2),(10,10,2),(9,10,2),(8,10,2),(7,10,2),(6,10,2),(5,10,2),(4,10,2),(3,10,2),(2,10,2),(1,10,2),(0,10,2),(0,10,3),
112:(6,3,4),(7,3,4),(8,3,4),(8,2,4),(8,2,3),(8,2,2),(8,2,1),(8,2,0),(8,1,0),(8,0,0),
113:(11,0,0),(11,1,0),(11,1,1),(11,1,2),(11,1,3),(11,2,3),(11,3,3),(11,4,3),(11,5,3),(11,6,3),(11,7,3),(11,8,3),(11,9,3),(11,10,3),
114:(12,3,1),(13,3,1),(14,3,1),(14,3,2),(14,3,3),(14,3,4),(14,4,4),(14,5,4),(14,6,4),(14,7,4),(14,8,4),(14,9,4),(14,10,4),(14,11,4),(15,11,4),(15,12,4),(15,13,4),(14,13,4),(14,14,4),
115:(8,1,1),(7,1,1),(7,2,1),(7,3,1),
116:(8,12,2),(7,12,2),(6,12,2),(6,11,2),(6,10,2),(6,9,2),(6,8,2),(6,7,2),(6,6,2),(6,6,3),(6,5,3),(6,4,3),(6,3,3),(6,2,3),(6,1,3),(6,0,3),
117:(3,0,0),(4,0,0),(5,0,0),(6,0,0),(7,0,0),(8,0,0),(9,0,0),(10,0,0),(11,0,0),(12,0,0),(12,1,0),(12,2,0),(12,3,0),(12,4,0),(12,5,0),(12,5,1),(12,5,2),(13,5,2),(13,5,3),(13,6,3),(13,7,3),
118:(6,14,2),(6,13,2),(5,13,2),(5,12,2),(5,11,2),(5,10,2),(5,9,2),(5,8,2),(5,7,2),(5,6,2),(5,5,2),(5,4,2),(5,3,2),(6,3,2),(6,2,2),(6,2,2),(6,2,1),(6,1,1),
119:(8,10,4),(7,10,4),(6,10,4),(6,10,3),(6,9,3),(5,9,3),(4,9,3),(3,9,3),(2,9,3),
120:(11,14,2),(10,14,2),(10,14,1),(9,14,1),(8,14,1),(8,13,1),(8,12,1),(8,11,1),(8,10,1),(8,9,1),(8,8,1),
121:(1,5,2),(2,5,2),(3,5,2),(4,5,2),(4,5,3),(4,5,4),(4,5,5),(5,5,5),(5,5,6),(6,5,6),(7,5,6),(8,5,6),(9,5,6),(10,5,6),(10,5,5),
122:(5,11,5),(6,11,5),(6,11,4),(6,11,3),(6,10,3),(6,9,3),(6,8,3),(7,8,3),(7,8,3),(8,8,3),(8,7,3),(8,6,3),(8,6,3),(8,5,3),(9,5,3),(9,4,3),(10,4,3),(10,4,2),(10,3,2),(11,3,2),(11,2,2),(11,1,2),
123:(11,5,3),(12,5,3),(12,4,3),(13,4,3),(14,4,3),(14,3,3),
124:(4,8,1),(5,8,1),(6,8,1),(7,8,1),(8,8,1),(9,8,1),(10,8,1),(10,8,2),(11,8,2),(12,8,2),(13,8,2),(14,8,2),(14,8,3),(14,9,3),(14,10,3),(14,11,3),
125:(10,6,0),(11,6,0),(12,6,0),(12,7,0),(12,7,1),(12,7,2),(12,8,2),(12,9,2),(12,10,2),(12,10,2),(13,10,2),(13,10,3),
126:(8,1,5),(7,1,5),(6,1,5),(5,1,5),(4,1,5),(3,1,5),(2,1,5),(2,1,4),(2,1,3),(2,1,2),(2,2,2),(2,3,2),(2,3,1),(2,4,1),(2,5,1),(2,6,1),(2,7,1),(2,7,0),(2,7,-1),(2,8,-1),(2,9,-1),(2,10,-1),(2,11,-1),(2,12,-1),(2,13,-1),(2,13,0),(2,14,0),
127:(6,5,5),(5,5,5),(4,5,5),(3,5,5),(2,5,5),(2,5,4),(2,5,3),(2,5,2),(2,6,2),(2,6,1),(2,6,0),
128:(12,8,0),(11,8,0),(10,8,0),(9,8,0),(8,8,0),(7,8,0),(6,8,0),(5,8,0),(4,8,0),(3,8,0),(2,8,0),(1,8,0),(1,8,1),(1,8,2),(1,8,3),(1,8,4),(1,7,4),(0,7,4),(0,6,4),
129:(9,13,1),(8,13,1),(8,12,1),(7,12,1),(6,12,1),(6,11,1),(5,11,1),(5,10,1),(5,9,1),(4,9,1),(3,9,1),(3,8,1),(2,8,1),(1,8,1),(1,7,1),(0,7,1),(0,6,1),
130:(2,4,3),(2,5,3),(2,6,3),(2,7,3),(2,8,3),(2,9,3),(2,10,3),(2,11,3),(2,12,3),(2,13,3),
131:(2,2,5),(3,2,5),(4,2,5),(4,2,6),(4,3,6),(4,4,6),(4,5,6),(4,6,6),(4,7,6),(4,8,6),(4,9,6),(4,9,5),(4,9,4),(4,10,4),(4,11,4),(4,11,3),(4,12,3),(4,12,2),(4,12,1),
132:(14,14,2),(13,14,2),(12,14,2),(12,13,2),(12,12,2),(12,11,2),
133:(6,0,5),(7,0,5),(7,1,5),(7,2,5),(7,3,5),(7,3,6),(7,4,6),(7,5,6),(7,6,6),(7,7,6),(7,8,6),(7,9,6),(7,10,6),(7,11,6),(7,11,5),
134:(9,12,4),(8,12,4),(8,11,4),(8,10,4),(8,9,4),(8,8,4),(8,7,4),(8,6,4),(8,5,4),
135:(12,7,3),(11,7,3),(10,7,3),(9,7,3),(8,7,3),(7,7,3),(6,7,3),(5,7,3),(4,7,3),(3,7,3),(2,7,3),(2,8,3),(1,8,3),(1,9,3),
136:(5,6,1),(4,6,1),(3,6,1),(2,6,1),(1,6,1),(0,6,1),(0,6,2),(0,6,3),(0,5,3),
137:(13,4,2),(12,4,2),(11,4,2),(10,4,2),(9,4,2),(9,5,2),(8,5,2),(8,5,2),(8,6,2),(8,6,1),(7,6,1),(7,7,1),(7,8,1),(7,9,1),(6,9,1),(6,9,2),(5,9,2),(4,9,2),(3,9,2),(2,9,2),(2,10,2),(1,10,2),(1,11,2),(1,12,2),(0,12,2),
138:(2,12,1),(3,12,1),(4,12,1),(5,12,1),(5,12,2),(6,12,2),(6,11,2),(7,11,2),(7,11,1),(8,11,1),(9,11,1),(10,11,1),(10,11,2),
139:(14,9,3),(13,9,3),(12,9,3),(11,9,3),(10,9,3),(9,9,3),(8,9,3),(7,9,3),(7,9,2),(7,9,2),(6,9,2),(5,9,2),(4,9,2),(3,9,2),(3,9,1),(3,8,1),(2,8,1),(1,8,1),(1,7,1),(1,6,1),(1,5,1),(1,4,1),(1,3,1),
140:(4,2,3),(4,1,3),(4,0,3),(5,0,3),(6,0,3),(7,0,3),(7,-1,3),(8,-1,3),(9,-1,3),(9,0,3),
141:(1,7,1),(1,7,1),(1,6,1),(1,5,1),(2,5,1),(3,5,1),(3,5,0),(4,5,0),(5,5,0),(6,5,0),(6,5,1),(7,5,1),(8,5,1),(9,5,1),(10,5,1),(11,5,1),(11,5,1),(11,5,1),(12,5,1),(12,5,2),(13,5,2),
142:(4,11,0),(4,11,1),(3,11,1),(3,11,2),(3,11,3),(3,11,4),(3,11,5),(3,10,5),(3,9,5),(3,8,5),(3,7,5),(3,6,5),(3,5,5),(3,4,5),
143:(2,10,0),(3,10,0),(4,10,0),(5,10,0),(6,10,0),(7,10,0),(8,10,0),(9,10,0),(10,10,0),(11,10,0),(12,10,0),(13,10,0),(14,10,0),(14,10,1),(14,9,1),(14,9,2),(14,8,2),(14,7,2),
144:(14,5,0),(13,5,0),(13,5,1),(12,5,1),(11,5,1),(10,5,1),(9,5,1),(8,5,1),(7,5,1),(7,6,1),(7,7,1),(7,8,1),(7,9,1),(7,10,1),(7,11,1),(7,12,1),
145:(0,14,4),(1,14,4),(2,14,4),(3,14,4),(4,14,4),(5,14,4),(6,14,4),(7,14,4),(8,14,4),(8,14,3),(8,13,3),(8,13,2),(9,13,2),(9,13,1),(9,12,1),(9,11,1),(9,10,1),
146:(5,12,1),(5,12,2),(5,11,2),(5,10,2),(5,9,2),(5,8,2),(5,7,2),(5,6,2),(5,5,2),(5,4,2),(6,4,2),
147:(10,2,0),(9,2,0),(8,2,0),(8,3,0),(8,3,1),(8,4,1),(8,5,1),(8,6,1),(8,7,1),(7,7,1),(7,8,1),(7,9,1),(6,9,1),(6,9,2),(6,10,2),(6,11,2),(6,11,3),(6,11,4),(6,12,4),(6,12,5),(5,12,5),
148:(13,4,5),(13,5,5),(13,6,5),
149:(6,14,3),(5,14,3),(5,13,3),(5,12,3),(5,11,3),(5,10,3),(5,9,3),(5,8,3),(6,8,3),(6,8,2),(6,7,2),(6,7,2),(5,7,2),(5,6,2),(5,5,2),(5,4,2),(4,4,2),(4,3,2),(4,2,2),(4,2,3),
150:(6,0,3),(6,1,3),(6,1,3),(6,2,3),(6,3,3),(7,3,3),(8,3,3),(9,3,3),(9,4,3),(9,5,3),(9,6,3),(10,6,3),(10,7,3),(10,8,3),(10,9,3),(10,10,3),(10,11,3),
151:(14,8,0),(13,8,0),(13,7,0),(13,6,0),(13,5,0),(13,4,0),(13,3,0),(13,2,0),
152:(3,5,3),(4,5,3),(5,5,3),(6,5,3),(7,5,3),(8,5,3),(8,6,3),(9,6,3),(10,6,3),(10,7,3),(10,8,3),(10,9,3),(10,9,4),(11,9,4),(11,10,4),(11,11,4),
153:(3,0,5),(4,0,5),(4,1,5),(4,1,6),(4,2,6),(4,3,6),(4,4,6),(4,5,6),(4,6,6),(5,6,6),(5,7,6),(6,7,6),(7,7,6),(7,8,6),(7,9,6),(7,10,6),(7,11,6),(7,12,6),(7,12,5),(7,12,4),(7,13,4),(7,14,4),
154:(2,2,2),(2,2,1),(2,2,0),(2,3,0),(2,4,0),(2,5,0),(2,6,0),(3,6,0),(4,6,0),(4,6,-1),(5,6,-1),(6,6,-1),(7,6,-1),(8,6,-1),(9,6,-1),(10,6,-1),(11,6,-1),(12,6,-1),(13,6,-1),(13,7,-1),(13,8,-1),(13,9,-1),(13,9,0),
155:(10,6,2),(11,6,2),(12,6,2),(13,6,2),(13,6,1),(13,6,0),(13,7,0),(13,8,0),(13,9,0),(13,10,0),(13,11,0),(13,12,0),(13,13,0),
156:(12,4,4),(11,4,4),(11,4,3),(11,4,2),
157:(6,10,2),(5,10,2),(5,10,3),(4,10,3),(3,10,3),(2,10,3),(2,11,3),(2,12,3),(2,12,4),(1,12,4),
158:(8,6,3),(7,6,3),(6,6,3),(5,6,3),(4,6,3),(3,6,3),(3,6,4),(3,5,4),(3,4,4),(3,3,4),(3,2,4),(3,1,4),(3,0,4),(3,0,4),(2,0,4),
159:(4,9,2),(5,9,2),(5,9,3),(5,8,3),(5,8,4),(5,8,5),(5,7,5),(5,6,5),(5,5,5),(5,4,5),(5,3,5),(5,2,5),(5,1,5),(5,0,5),
160:(10,2,2),(11,2,2),(11,3,2),(11,3,1),(11,4,1),(11,5,1),(11,5,2),
161:(9,13,2),(9,13,3),(8,13,3),(8,14,3),(7,14,3),(6,14,3),(6,13,3),(6,12,3),(6,11,3),(5,11,3),(5,10,3),
162:(2,6,3),(3,6,3),(4,6,3),(4,6,2),(5,6,2),(6,6,2),(7,6,2),(8,6,2),(9,6,2),(9,5,2),(9,4,2),(9,3,2),(10,3,2),(11,3,2),(11,2,2),(12,2,2),
163:(14,2,5),(13,2,5),(12,2,5),(12,2,4),(12,2,3),(12,3,3),(12,4,3),(12,5,3),
164:(11,5,4),(10,5,4),(9,5,4),(8,5,4),(8,6,4),(7,6,4),(7,7,4),(7,8,4),(7,8,5),
165:(6,14,0),(7,14,0),(7,14,1),(7,13,1),(7,12,1),(8,12,1),(9,12,1),(9,12,2),(9,11,2),(9,10,2),(9,9,2),(9,8,2),(10,8,2),(11,8,2),(12,8,2),(12,8,3),
166:(13,6,3),(12,6,3),(11,6,3),(10,6,3),(9,6,3),(9,6,4),(9,7,4),
167:(3,13,4),(4,13,4),(4,13,3),(4,14,3),
168:(1,3,2),(2,3,2),(3,3,2),(4,3,2),(5,3,2),(6,3,2),(7,3,2),(8,3,2),(9,3,2),(10,3,2),(10,4,2),(10,4,3),(10,4,4),(11,4,4),(12,4,4),(12,5,4),(12,6,4),(13,6,4),(13,7,4),
169:(3,3,2),(3,4,2),(2,4,2),(1,4,2),(0,4,2),(0,4,1),(0,5,1),
170:(9,10,5),(9,11,5),(9,11,4),(9,11,3),(9,11,2),(9,11,1),(9,11,0),
171:(8,8,2),(9,8,2),(10,8,2),(11,8,2),(11,9,2),(11,10,2),(11,11,2),(11,12,2),(11,12,3),(11,13,3),(11,14,3),
172:(2,12,3),(3,12,3),(3,12,4),(3,12,5),(4,12,5),(5,12,5),(6,12,5),(7,12,5),(8,12,5),(8,11,5),(8,10,5),(9,10,5),(9,9,5),(10,9,5),(10,8,5),(10,8,4),(10,7,4),(11,7,4),
173:(2,14,0),(2,14,1),(1,14,1),(0,14,1),(0,13,1),(0,12,1),(0,11,1),(0,10,1),(0,9,1),(0,8,1),
174:(13,0,3),(12,0,3),(11,0,3),(11,1,3),(11,2,3),(11,3,3),(11,4,3),(11,5,3),(11,6,3),(11,6,2),(11,7,2),(11,8,2),(11,9,2),(11,9,1),(11,10,1),(11,11,1),(11,12,1),(11,13,1),
175:(5,1,5),(6,1,5),(6,1,4),(7,1,4),(7,1,3),(7,2,3),(8,2,3),(9,2,3),(9,3,3),(9,4,3),(9,5,3),(9,6,3),(10,6,3),(10,7,3),(10,8,3),(10,9,3),(10,10,3),
176:(7,3,5),(8,3,5),(9,3,5),(10,3,5),(10,4,5),(10,5,5),(10,6,5),(10,7,5),(10,8,5),(10,9,5),(11,9,5),(12,9,5),(13,9,5),(13,10,5),
177:(0,13,4),(0,12,4),(0,11,4),(0,10,4),(0,9,4),(1,9,4),(2,9,4),(3,9,4),(4,9,4),(5,9,4),(6,9,4),(6,8,4),(6,7,4),(7,7,4),(8,7,4),(8,7,5),(9,7,5),(10,7,5),(10,6,5),(11,6,5),(12,6,5),(12,5,5),(13,5,5),(14,5,5),(14,5,4),
178:(8,8,4),(7,8,4),(6,8,4),(5,8,4),(4,8,4),(4,8,3),(4,8,2),(4,7,2),(4,6,2),
179:(12,14,4),(11,14,4),(10,14,4),(10,14,3),(9,14,3),(9,13,3),(9,12,3),(9,11,3),(9,10,3),(9,9,3),(9,8,3),(9,7,3),(9,6,3),(8,6,3),(8,5,3),(8,4,3),(8,3,3),(8,2,3),(8,1,3),(8,0,3),
180:(14,9,4),(13,9,4),(12,9,4),(12,9,3),(11,9,3),(10,9,3),(10,9,2),(9,9,2),(9,8,2),(8,8,2),(8,7,2),(7,7,2),(6,7,2),(5,7,2),(5,6,2),(5,5,2),(5,4,2),(4,4,2),(4,3,2),(4,3,1),(4,2,1),(4,1,1),(3,1,1),
181:(7,2,0),(6,2,0),(5,2,0),(5,2,1),(5,1,1),(5,1,2),(5,0,2),
182:(4,10,5),(5,10,5),(6,10,5),(7,10,5),(8,10,5),(9,10,5),(10,10,5),(10,11,5),(10,12,5),
183:(12,14,2),(12,14,3),(12,14,4),(12,14,5),(12,13,5),(12,12,5),(12,11,5),(12,10,5),(12,9,5),(12,8,5),(12,7,5),
184:(0,12,0),(1,12,0),(2,12,0),(3,12,0),(4,12,0),(5,12,0),(5,12,1),(5,12,2),(5,11,2),(5,10,2),(5,9,2),(5,8,2),(5,8,3),(5,8,4),(5,8,5),(5,7,5),
185:(4,13,4),(4,13,3),(4,13,2),(4,12,2),(4,11,2),(4,10,2),(4,9,2),(4,8,2),
186:(14,6,0),
187:(13,6,2),(12,6,2),(12,6,1),(12,7,1),(12,8,1),(12,9,1),(12,9,2),(11,9,2),(10,9,2),(10,10,2),(9,10,2),(9,11,2),(9,12,2),(9,12,2),(9,12,2),(9,12,1),
188:(1,5,5),(2,5,5),(3,5,5),(3,5,4),(4,5,4),(5,5,4),(6,5,4),(7,5,4),(7,4,4),(8,4,4),(9,4,4),(9,4,3),(9,4,2),(10,4,2),(10,4,1),(11,4,1),
189:(1,14,1),(1,13,1),(2,13,1),(2,12,1),(2,11,1),(2,10,1),(2,9,1),
190:(3,7,1),(4,7,1),(5,7,1),(6,7,1),(7,7,1),(7,7,2),(7,7,3),(7,7,4),(7,8,4),
191:(6,0,2),(5,0,2),(4,0,2),(3,0,2),(3,1,2),(3,1,3),(3,2,3),(3,3,3),(3,4,3),(3,5,3),(3,6,3),(3,7,3),(3,8,3),(3,8,2),(3,9,2),(3,10,2),(3,10,1),
192:(7,13,2),(7,13,2),(6,13,2),(5,13,2),(4,13,2),(3,13,2),(2,13,2),(2,12,2),(2,12,1),(2,11,1),(2,10,1),(2,10,1),(1,10,1),(1,9,1),(1,8,1),(1,7,1),(1,6,1),(1,5,1),(1,4,1),(0,4,1),
193:(5,5,2),(6,5,2),(7,5,2),(8,5,2),(9,5,2),(9,5,3),(9,5,4),(10,5,4),(11,5,4),(12,5,4),(13,5,4),(14,5,4),(14,4,4),(14,3,4),(14,2,4),(14,1,4),
194:(5,11,0),(6,11,0),(6,10,0),(6,9,0),(6,8,0),(6,7,0),(7,7,0),(7,7,1),(7,6,1),(7,6,2),(7,5,2),(7,4,2),(7,3,2),
195:(14,0,1),(14,0,2),(14,0,3),(14,0,4),(14,1,4),(14,2,4),(14,3,4),(14,4,4),(14,5,4),(14,6,4),(14,7,4),(14,8,4),(14,9,4),
196:(7,10,5),(6,10,5),(6,11,5),(5,11,5),(5,12,5),(5,13,5),(5,13,4),(5,13,3),(5,13,2),(5,14,2),
197:(7,11,5),(7,10,5),(7,9,5),(7,8,5),(7,7,5),(7,6,5),(7,5,5),(7,4,5),(6,4,5),(6,4,4),(6,4,3),(6,3,3),(5,3,3),(5,3,2),(4,3,2),(4,3,1),(3,3,1),(2,3,1),(1,3,1),(0,3,1),(0,2,1),(0,1,1),
198:(14,8,3),(13,8,3),(13,8,2),(13,8,1),(13,7,1),(13,6,1),(13,5,1),(13,4,1),(13,3,1),
199:(9,14,4),(8,14,4),(8,13,4),
200:(6,7,0),(7,7,0),(8,7,0),(9,7,0),(10,7,0),(11,7,0),(12,7,0),(13,7,0),(13,6,0),(13,5,0),
201:(12,13,0),(11,13,0),(10,13,0),(9,13,0),(9,12,0),(9,11,0),(9,10,0),(9,9,0),(8,9,0),(8,9,-1),(7,9,-1),(6,9,-1),(5,9,-1),(5,8,-1),(5,7,-1),(5,6,-1),(5,5,-1),(5,5,0),
202:(10,6,4),(10,6,3),(10,6,2),(10,6,1),(10,5,1),(10,4,1),(10,3,1),(10,2,1),(10,1,1),
203:(3,5,0),(4,5,0),(4,5,1),(4,6,1),(4,7,1),(4,8,1),(4,9,1),(4,9,2),(5,9,2),(5,9,3),
204:(6,5,2),(6,5,1),(5,5,1),(5,6,1),
205:(12,11,4),(13,11,4),(13,11,3),(13,11,2),(13,11,1),(13,10,1),(13,9,1),(13,8,1),(13,8,1),(13,8,0),
206:(11,7,1),(10,7,1),(10,8,1),(10,9,1),(10,10,1),(9,10,1),(9,11,1),(9,12,1),(9,13,1),(8,13,1),(7,13,1),(6,13,1),(5,13,1),
207:(5,9,0),(5,8,0),(5,7,0),(5,6,0),(5,5,0),(5,4,0),(5,3,0),(5,2,0),
208:(3,7,0),(4,7,0),(4,7,1),(5,7,1),(5,7,2),(5,7,3),(5,7,3),(5,6,3),(5,7,3),
209:(8,11,4),(8,10,4),(7,10,4),(6,10,4),(6,9,4),(5,9,4),(5,8,4),(5,7,4),(4,7,4),(4,6,4),(3,6,4),(3,5,4),(3,5,4),(3,5,5),
210:(7,10,2),(7,10,3),(7,11,3),(7,12,3),(6,12,3),(5,12,3),
211:(14,5,5),(14,5,4),(13,5,4),(12,5,4),(11,5,4),(11,4,4),(11,3,4),(11,3,3),(11,2,3),(11,1,3),(11,1,2),(11,0,2),(11,0,1),
212:(12,13,4),(11,13,4),(11,14,4),
213:(12,1,0),(12,1,1),(12,1,2),(12,2,2),(11,2,2),(10,2,2),(9,2,2),(9,3,2),(9,4,2),(8,4,2),(7,4,2),(7,4,3),(7,5,3),(6,5,3),(5,5,3),(5,6,3),(4,6,3),(3,6,3),
214:(13,1,0),(12,1,0),(11,1,0),(10,1,0),(9,1,0),(9,2,0),(9,3,0),(9,4,0),(9,5,0),(9,5,1),(9,5,2),(9,6,2),(9,7,2),(9,8,2),(9,8,3),(9,9,3),(9,10,3),(9,11,3),
215:(1,5,0),(1,5,1),(1,5,2),(1,5,3),(1,5,4),(1,5,4),(1,5,4),(2,5,4),
216:(14,10,5),(13,10,5),(12,10,5),(12,10,4),(11,10,4),(10,10,4),(9,10,4),(9,10,3),(8,10,3),(8,10,2),(7,10,2),(6,10,2),(5,10,2),(4,10,2),(3,10,2),(2,10,2),(1,10,2),(0,10,2),(0,10,1),(0,10,0),
217:(9,12,1),(8,12,1),(7,12,1),(6,12,1),(6,11,1),(5,11,1),(4,11,1),(3,11,1),(3,11,2),(3,10,2),(3,9,2),(3,8,2),(3,7,2),(3,6,2),(3,5,2),
218:(7,12,3),(7,12,4),(7,11,4),(7,11,4),(7,11,5),(7,10,5),
219:(13,2,1),(13,2,2),(12,2,2),(11,2,2),(10,2,2),(10,2,3),(9,2,3),(9,2,4),(8,2,4),(7,2,4),(6,2,4),(5,2,4),(4,2,4),(4,3,4),(4,4,4),(4,5,4),(3,5,4),
220:(6,13,5),(6,12,5),(6,12,5),(6,11,5),(6,10,5),(6,9,5),(6,8,5),(5,8,5),(5,7,5),(5,6,5),(5,5,5),(5,4,5),(5,3,5),
221:(10,14,5),(10,13,5),(10,12,5),(10,11,5),(10,10,5),(10,9,5),(9,9,5),(9,8,5),(9,7,5),(9,6,5),(9,5,5),(9,4,5),(8,4,5),(7,4,5),(7,4,4),(7,3,4),(7,2,4),(7,2,4),(7,2,3),
222:(3,14,4),(3,13,4),(3,13,4),(2,13,4),(1,13,4),(1,12,4),(1,12,4),(1,11,4),
223:(3,11,3),(4,11,3),(5,11,3),(5,11,4),(6,11,4),(7,11,4),(8,11,4),(9,11,4),(10,11,4),(11,11,4),(12,11,4),(13,11,4),(13,11,5),(13,12,5),(13,13,5),(13,14,5),
224:(12,6,4),(12,5,4),(12,4,4),(12,4,3),(12,4,2),(12,4,1),(12,4,0),(11,4,0),(10,4,0),(10,3,0),
225:(10,14,0),(9,14,0),(9,14,1),(8,14,1),(7,14,1),(6,14,1),(5,14,1),
226:(2,8,0),(2,8,1),(3,8,1),(3,7,1),(3,6,1),(4,6,1),(4,5,1),(5,5,1),(6,5,1),(7,5,1),(8,5,1),(9,5,1),(10,5,1),(11,5,1),(12,5,1),(13,5,1),
227:(3,10,4),(4,10,4),(4,11,4),(4,11,4),(5,11,4),(5,11,4),(5,12,4),
228:(3,11,1),(3,11,2),(3,10,2),(3,9,2),(3,8,2),(3,7,2),(3,6,2),(3,5,2),(3,4,2),(3,3,2),
229:(1,13,1),(2,13,1),(3,13,1),(4,13,1),(5,13,1),(6,13,1),(6,13,0),(6,12,0),(6,11,0),(6,10,0),
230:(4,5,0),(5,5,0),(6,5,0),(7,5,0),(8,5,0),(9,5,0),(10,5,0),(11,5,0),(12,5,0),(12,5,1),(13,5,1),(13,5,2),(13,4,2),(13,3,2),(13,2,2),(13,1,2),(13,1,3),(13,0,3),
231:(7,2,5),(6,2,5),(5,2,5),(5,3,5),(5,4,5),(5,4,4),(5,5,4),(5,6,4),(5,7,4),(5,8,4),(5,9,4),
232:(11,3,3),(12,3,3),(13,3,3),(13,3,2),(13,4,2),(14,4,2),(14,5,2),(14,6,2),(14,7,2),(14,8,2),(14,9,2),(14,10,2),(15,10,2),(15,11,2),(15,12,2),(15,13,2),(14,13,2),
233:(11,0,3),(11,0,4),(10,0,4),(9,0,4),(8,0,4),(8,0,4),(8,1,4),(7,1,4),(7,1,4),(6,1,4),(5,1,4),(4,1,4),(3,1,4),(3,1,4),(3,2,4),
234:(4,6,0),(5,6,0),(5,6,1),(5,6,2),(6,6,2),(7,6,2),(8,6,2),(9,6,2),(10,6,2),(10,6,3),(11,6,3),(11,6,4),(11,6,5),(11,5,5),
235:(14,3,1),(14,3,2),(13,3,2),(12,3,2),(11,3,2),(10,3,2),(10,3,3),(10,3,4),(9,3,4),(8,3,4),(7,3,4),(7,2,4),(7,1,4),(7,1,5),(7,0,5),
236:(11,6,4),(11,5,4),(11,4,4),(11,3,4),(11,2,4),(11,2,4),(11,2,3),(10,2,3),(9,2,3),
237:(3,14,5),(3,14,4),(3,14,3),(3,13,3),(3,13,2),(3,12,2),(3,11,2),(3,10,2),(3,9,2),(3,8,2),(3,7,2),(3,6,2),(3,5,2),(3,5,1),(3,4,1),(2,4,1),(2,3,1),(2,2,1),(2,1,1),
238:(2,2,0),(3,2,0),(4,2,0),(5,2,0),(6,2,0),(7,2,0),(8,2,0),(8,3,0),(8,4,0),(8,5,0),(8,6,0),(8,6,1),(8,7,1),(8,7,2),(9,7,2),(9,8,2),(9,9,2),(9,10,2),(9,11,2),(9,12,2),(10,12,2),(10,13,2),(10,13,3),(10,13,4),
239:(3,12,1),(4,12,1),(5,12,1),(5,12,0),(6,12,0),(6,11,0),(6,10,0),(6,9,0),(6,8,0),(7,8,0),
240:(13,10,0),(12,10,0),(11,10,0),(11,10,1),(11,9,1),(11,8,1),(11,7,1),(10,7,1),(10,6,1),(10,5,1),(10,5,2),(10,4,2),(10,4,3),(10,3,3),
241:(12,6,5),(12,6,4),(12,6,3),(12,5,3),(12,4,3),(12,4,3),(12,4,2),(12,4,1),(11,4,1),(11,4,0),(10,4,0),(9,4,0),(8,4,0),(7,4,0),
242:(14,9,2),(13,9,2),(12,9,2),(11,9,2),(10,9,2),(10,8,2),(9,8,2),(8,8,2),(8,7,2),(8,7,3),(8,6,3),(8,5,3),(8,5,3),(7,5,3),
243:(11,9,4),(10,9,4),(10,9,3),(9,9,3),(8,9,3),(7,9,3),(6,9,3),(6,10,3),(6,10,2),(6,11,2),(5,11,2),
244:(1,6,0),(2,6,0),(3,6,0),(3,6,1),(4,6,1),(4,6,2),(4,5,2),(4,4,2),(4,3,2),(4,2,2),(4,1,2),(4,0,2),
245:(9,2,5),(8,2,5),(7,2,5),(6,2,5),(5,2,5),(4,2,5),(3,2,5),(2,2,5),(2,3,5),(2,3,4),(2,3,3),(2,4,3),(2,5,3),(2,6,3),(2,7,3),(2,8,3),(1,8,3),(1,8,2),(1,8,1),(1,8,0),(1,9,0),(1,10,0),(1,11,0),(1,12,0),(1,13,0),
246:(4,2,0),(5,2,0),(5,3,0),(6,3,0),(7,3,0),(7,3,0),(8,3,0),(9,3,0),(10,3,0),(11,3,0),(12,3,0),(12,3,1),
247:(5,5,3),(5,6,3),(5,7,3),(4,7,3),(4,8,3),(3,8,3),(3,8,3),(3,8,3),(4,8,3),
248:(4,12,1),(5,12,1),(6,12,1),(6,12,2),(7,12,2),(7,12,3),
249:(14,11,3),(13,11,3),(12,11,3),(11,11,3),(11,11,4),(10,11,4),(10,11,5),(9,11,5),(8,11,5),(7,11,5),(6,11,5),(5,11,5),(4,11,5),(3,11,5),(3,10,5),(3,9,5),(3,8,5),(3,7,5),
250:(14,7,5),(13,7,5),(12,7,5),(11,7,5),(11,8,5),(11,8,4),(11,8,3),(11,9,3),(11,10,3),(10,10,3),(10,11,3),(9,11,3),(8,11,3),(8,12,3),(8,12,2),(8,13,2),
251:(2,7,5),(3,7,5),(4,7,5),(5,7,5),(6,7,5),(7,7,5),(8,7,5),(9,7,5),(10,7,5),(11,7,5),(11,6,5),(11,5,5),(11,4,5),(11,3,5),(11,3,4),(11,2,4),(11,1,4),(12,1,4),(12,1,3),(12,1,2),(12,1,1),(12,1,0),(13,1,0),
252:(11,1,1),(11,2,1),(12,2,1),(13,2,1),(14,2,1),(14,3,1),(14,4,1),(14,5,1),(14,6,1),(14,7,1),(14,8,1),(14,9,1),(14,9,2),(14,10,2),
253:(5,11,3),(6,11,3),(6,10,3),(7,10,3),(8,10,3),(8,10,4),
254:(2,8,1),(3,8,1),(3,7,1),(3,7,2),(3,7,1),(3,6,1),
255:(9,0,1),(10,0,1),(11,0,1),(12,0,1),(13,0,1),(14,0,1),(14,1,1),(14,2,1),(14,3,1),(14,4,1),(14,4,2),(14,4,3),(14,5,3),
256:(4,12,3),(4,12,2),(4,11,2),(4,10,2),(3,10,2),(3,9,2),(3,8,2),(3,7,2),(3,6,2),(3,5,2),(2,5,2),(2,5,2),(1,5,2),
257:(3,3,3),(4,3,3),(4,3,2),(4,3,1),(4,3,0),(4,4,0),(4,5,0),(4,6,0),(4,7,0),(4,7,0),(4,8,0),
258:(2,9,5),(3,9,5),(4,9,5),(4,9,4),(5,9,4),(5,10,4),(6,10,4),(7,10,4),(7,10,3),(8,10,3),(9,10,3),(10,10,3),(11,10,3),(11,11,3),(12,11,3),(12,12,3),(13,12,3),(13,13,3),(13,13,2),(13,13,1),(13,14,1),(14,14,1),
259:(9,4,3),(8,4,3),(7,4,3),(6,4,3),(5,4,3),(4,4,3),(4,4,2),(4,4,1),(4,5,1),(4,6,1),(4,7,1),(3,7,1),(3,8,1),(3,9,1),(3,10,1),(3,10,0),(3,11,0),(2,11,0),(2,11,1),(2,12,1),
260:(11,6,2),(11,6,3),(11,6,4),(12,6,4),(13,6,4),(14,6,4),(14,7,4),(14,8,4),(14,9,4),(14,10,4),(14,11,4),(14,12,4),
261:(11,8,0),(11,8,1),(12,8,1),(12,8,2),(13,8,2),(13,9,2),(13,10,2),(13,11,2),(13,12,2),
262:(5,4,5),(5,4,4),(4,4,4),(3,4,4),(2,4,4),(1,4,4),(0,4,4),(0,4,3),(0,4,2),(0,4,1),(0,4,0),
263:(5,6,5),(6,6,5),(6,5,5),(6,5,4),(6,5,4),(7,5,4),(7,4,4),(7,3,4),(8,3,4),(8,2,4),(9,2,4),(10,2,4),(10,2,3),(10,1,3),(10,1,2),(10,0,2),
264:(11,12,4),(10,12,4),(9,12,4),(8,12,4),(7,12,4),(6,12,4),(6,12,3),(6,11,3),(5,11,3),(4,11,3),(4,11,2),(4,11,1),(4,10,1),(3,10,1),(3,10,0),(3,9,0),
265:(12,9,1),(11,9,1),(10,9,1),(9,9,1),(9,10,1),(8,10,1),(8,10,2),(7,10,2),(7,10,1),(6,10,1),(5,10,1),(4,10,1),(3,10,1),(2,10,1),(2,10,0),
266:(13,3,2),(13,4,2),(13,4,3),(13,4,4),(13,5,4),(13,6,4),(13,7,4),(13,8,4),(13,9,4),(13,9,5),(12,9,5),(12,10,5),(12,11,5),(11,11,5),(10,11,5),(9,11,5),(9,12,5),(8,12,5),(8,13,5),(7,13,5),(6,13,5),(5,13,5),(4,13,5),(4,14,5),
267:(3,6,5),(3,6,4),(4,6,4),(5,6,4),(6,6,4),(6,5,4),(7,5,4),(8,5,4),(8,5,3),(8,4,3),(8,4,3),(8,4,4),
268:(6,2,3),(6,2,4),(6,3,4),(6,3,5),(6,4,5),(6,5,5),
269:(4,3,5),(5,3,5),(6,3,5),(7,3,5),(8,3,5),(9,3,5),(10,3,5),(10,4,5),(10,5,5),(10,6,5),(10,7,5),(10,8,5),(10,9,5),(11,9,5),(11,9,4),(11,9,3),(11,9,2),(11,10,2),(11,11,2),
270:(2,2,1),(3,2,1),(3,2,2),(3,3,2),(4,3,2),(5,3,2),(6,3,2),(7,3,2),(7,4,2),(7,5,2),(8,5,2),(9,5,2),(9,6,2),(10,6,2),(10,7,2),(10,8,2),(10,9,2),(10,10,2),
271:(11,13,3),(11,13,2),(12,13,2),(13,13,2),(14,13,2),(14,12,2),
272:(4,1,3),(3,1,3),(2,1,3),(2,1,2),(1,1,2),(1,2,2),
273:(14,13,4),(13,13,4),(12,13,4),(11,13,4),(10,13,4),(10,12,4),(10,11,4),(10,10,4),(10,9,4),(9,9,4),(8,9,4),(8,9,5),(7,9,5),(7,9,5),(6,9,5),
274:(11,1,5),(10,1,5),(9,1,5),(8,1,5),(7,1,5),(6,1,5),(5,1,5),(4,1,5),(3,1,5),(3,1,4),(3,1,3),(3,2,3),(3,3,3),(3,4,3),(3,5,3),(3,6,3),(3,6,2),(3,7,2),(3,8,2),(3,9,2),(3,10,2),
275:(5,2,4),(5,2,3),(5,2,2),
276:(0,7,1),(0,7,2),(0,8,2),(0,9,2),(0,10,2),(-1,10,2),(-1,11,2),(0,11,2),
277:(6,8,4),(6,8,3),(7,8,3),(8,8,3),(9,8,3),(9,8,2),(9,8,1),(9,8,0),(10,8,0),(11,8,0),
278:(1,3,5),(2,3,5),(3,3,5),(4,3,5),(4,3,4),(4,3,3),(4,4,3),(4,5,3),(4,5,2),(4,5,2),(4,5,1),(4,6,1),
279:(5,4,0),(6,4,0),(7,4,0),(7,4,1),(8,4,1),(9,4,1),(10,4,1),(10,5,1),(10,5,2),(10,6,2),(11,6,2),(12,6,2),(12,6,3),(13,6,3),(14,6,3),(14,6,4),(14,7,4),(14,8,4),(14,8,5),(14,9,5),(14,10,5),
280:(2,11,4),(2,11,3),(2,11,2),(2,10,2),(2,9,2),(2,8,2),(2,8,1),(2,7,1),(3,7,1),(4,7,1),(5,7,1),(6,7,1),(6,6,1),(6,6,0),
281:(9,4,4),(8,4,4),(7,4,4),(7,4,3),(7,4,2),(7,3,2),(7,2,2),(7,1,2),(7,0,2),
282:(14,13,5),(13,13,5),(12,13,5),(11,13,5),(10,13,5),(9,13,5),(8,13,5),(7,13,5),(6,13,5),(5,13,5),(4,13,5),(3,13,5),(2,13,5),(2,13,4),(2,12,4),(2,12,3),(1,12,3),(1,12,2),(1,12,1),(1,11,1),
283:(8,6,4),(8,7,4),(8,7,4),(8,7,5),(8,8,5),(8,9,5),(8,10,5),(8,11,5),(7,11,5),(6,11,5),(6,12,5),(6,13,5),(6,14,5),(6,14,4),
284:(9,8,2),(10,8,2),(11,8,2),(11,8,3),(12,8,3),(12,9,3),
285:(2,7,3),(1,7,3),(1,7,2),(1,8,2),(1,9,2),
286:(5,9,1),(4,9,1),(3,9,1),(2,9,1),(2,9,0),(2,8,0),(2,7,0),(2,6,0),(2,5,0),(2,5,0),(2,4,0),(2,3,0),(2,2,0),(2,1,0),(2,0,0),
287:(0,11,4),(1,11,4),(2,11,4),(3,11,4),(3,10,4),(3,10,3),(4,10,3),
288:(8,9,1),(7,9,1),(6,9,1),(5,9,1),(4,9,1),(3,9,1),(3,9,2),(2,9,2),(2,8,2),(1,8,2),(1,7,2),(1,6,2),(1,6,3),(1,5,3),
289:(5,8,5),(6,8,5),(7,8,5),(8,8,5),(8,8,4),(9,8,4),(10,8,4),(11,8,4),(11,8,3),(11,8,2),(11,9,2),(11,9,1),(11,9,0),(11,9,-1),(12,9,-1),(12,8,-1),(12,8,0),
290:(5,2,2),(6,2,2),(6,3,2),(6,3,3),(6,4,3),(6,5,3),(6,6,3),(6,7,3),(7,7,3),(7,8,3),(6,8,3),(6,9,3),(7,9,3),
291:(8,10,5),(8,9,5),(8,9,4),(8,8,4),(8,7,4),(8,6,4),(8,5,4),(8,4,4),(8,4,3),(8,3,3),(8,3,2),(8,3,1),(8,3,0),
292:(2,8,3),(2,8,2),(2,7,2),(2,6,2),(2,5,2),(2,5,1),(2,4,1),(2,3,1),(2,2,1),(2,1,1),(3,1,1),(4,1,1),(5,1,1),(6,1,1),(6,0,1),(7,0,1),(8,0,1),(9,0,1),(10,0,1),
293:(8,1,0),(8,1,1),(8,1,2),(9,1,2),(10,1,2),(10,1,3),(11,1,3),(11,1,4),(11,2,4),(11,3,4),(12,3,4),(12,3,5),(12,4,5),(12,5,5),(12,6,5),(11,6,5),(11,7,5),
294:(14,13,0),(13,13,0),(12,13,0),(11,13,0),(10,13,0),(10,12,0),(10,11,0),(10,10,0),(10,9,0),(10,8,0),(10,7,0),(9,7,0),(8,7,0),(7,7,0),(7,6,0),(7,6,1),(6,6,1),(6,5,1),(6,4,1),(6,3,1),(6,3,2),(6,3,3),(6,2,3),
295:(0,6,0),(1,6,0),(2,6,0),(3,6,0),(3,7,0),(4,7,0),(4,8,0),(4,9,0),(5,9,0),(5,10,0),(5,11,0),(6,11,0),(7,11,0),(8,11,0),(8,12,0),(8,13,0),(8,14,0),
296:(10,6,1),(9,6,1),(8,6,1),(7,6,1),(6,6,1),(6,6,1),(6,7,1),(5,7,1),(4,7,1),(4,8,1),(4,9,1),
297:(4,3,1),(5,3,1),(5,2,1),(6,2,1),(6,1,1),(6,1,0),
298:(3,1,3),(3,1,2),(3,1,1),(3,2,1),(3,3,1),(3,4,1),(3,5,1),(3,5,0),(3,6,0),(3,7,0),(3,8,0),(3,9,0),(4,9,0),(4,10,0),(4,10,0),(4,10,1),
299:(13,0,0),(12,0,0),(11,0,0),(10,0,0),(9,0,0),(9,0,1),(8,0,1),(7,0,1),(6,0,1),(5,0,1),(5,1,1),(5,1,2),(4,1,2),(4,1,3),(4,1,4),(4,2,4),(4,2,5),(4,3,5),(4,4,5),(4,5,5),(4,6,5),(3,6,5),(2,6,5),(2,7,5),
300:(5,1,3),(5,1,4),(5,2,4),(6,2,4),(6,3,4),(6,4,4),(6,4,4),(6,5,4),(6,6,4),(7,6,4),(7,6,4),(8,6,4),(9,6,4),(10,6,4),(11,6,4),(12,6,4),(12,7,4),
301:(12,2,2),(12,2,2),(11,2,2),(10,2,2),(9,2,2),(9,3,2),(8,3,2),(8,4,2),(8,4,1),(8,5,1),(8,6,1),(7,6,1),(7,7,1),(7,8,1),(7,9,1),(6,9,1),(6,10,1),(5,10,1),(5,11,1),(4,11,1),(4,11,2),(3,11,2),(2,11,2),(1,11,2),(1,12,2),(1,13,2),(0,13,2),(0,14,2),(0,14,1),
302:(8,5,4),(9,5,4),(9,6,4),(10,6,4),(11,6,4),(11,7,4),(12,7,4),(12,8,4),(12,9,4),(12,10,4),(13,10,4),(13,10,4),(13,11,4),(13,12,4),(13,13,4),
303:(8,8,3),(7,8,3),(7,8,4),(7,9,4),
304:(9,8,5),(9,8,4),(9,8,3),(9,8,2),(8,8,2),(7,8,2),(7,8,1),(6,8,1),(5,8,1),(5,8,0),(5,9,0),(5,10,0),(5,11,0),(5,12,0),(5,13,0),(4,13,0),(4,14,0),(3,14,0),
305:(1,10,0),(2,10,0),(3,10,0),(3,10,1),(3,9,1),(3,8,1),(3,8,1),(3,8,2),(3,8,3),(3,8,4),
306:(11,2,5),(10,2,5),(9,2,5),(9,3,5),(9,3,4),(9,3,3),(9,4,3),(8,4,3),(8,4,2),(8,5,2),(8,6,2),
307:(12,8,2),(12,7,2),(12,7,2),(12,6,2),(12,5,2),(12,4,2),(12,3,2),
308:(14,12,0),(13,12,0),(12,12,0),(11,12,0),(10,12,0),(9,12,0),(8,12,0),(7,12,0),(6,12,0),(5,12,0),(4,12,0),(3,12,0),(3,12,1),(3,12,2),(3,12,3),(3,11,3),(3,10,3),(3,9,3),(3,8,3),(2,8,3),(2,7,3),(2,6,3),(2,6,4),(1,6,4),(1,6,5),(1,5,5),(1,4,5),(1,3,5),
309:(1,5,1),(2,5,1),(3,5,1),(4,5,1),(4,5,2),(4,5,3),(4,5,4),(4,4,4),(4,3,4),(4,3,5),(4,2,5),(4,1,5),
310:(14,14,0),(14,13,0),(14,12,0),(14,11,0),(14,10,0),(14,9,0),(14,8,0),(14,7,0),(13,7,0),(13,6,0),(13,6,1),(13,5,1),(13,4,1),(13,4,0),(13,3,0),(12,3,0),
311:(4,1,1),(3,1,1),(2,1,1),(1,1,1),
312:(8,14,2),(8,13,2),(8,12,2),(8,11,2),(8,10,2),(8,9,2),
313:(5,12,0),(6,12,0),(6,11,0),(6,10,0),(6,9,0),(6,8,0),(6,7,0),(7,7,0),(7,6,0),(7,5,0),(8,5,0),(9,5,0),(9,4,0),(10,4,0),(10,4,0),(10,4,1),(10,3,1),(11,3,1),
314:(10,10,2),(10,10,3),(11,10,3),(12,10,3),(13,10,3),(14,10,3),(14,11,3),(14,12,3),
315:(13,9,0),(14,9,0),(14,9,1),(14,9,2),(14,10,2),(14,11,2),
316:(1,1,5),(2,1,5),(3,1,5),(4,1,5),(4,1,4),(5,1,4),(5,1,3),(5,1,2),(6,1,2),(7,1,2),(8,1,2),(8,2,2),(8,3,2),(9,3,2),(9,4,2),(9,5,2),(9,6,2),(9,7,2),(9,8,2),(9,9,2),(9,10,2),(9,11,2),(9,12,2),
317:(3,13,2),(2,13,2),(2,12,2),(2,11,2),(2,10,2),(2,9,2),(2,8,2),(1,8,2),(1,7,2),(1,6,2),(1,6,3),(1,5,3),(1,4,3),(0,4,3),
318:(8,7,3),(8,8,3),(8,9,3),(7,9,3),(7,9,2),(7,10,2),(7,11,2),(7,12,2),(6,12,2),(5,12,2),
319:(12,10,0),(11,10,0),(10,10,0),(10,10,1),(10,10,2),(9,10,2),(9,9,2),(9,8,2),(8,8,2),(8,7,2),(7,7,2),(7,6,2),(7,5,2),(7,4,2),
320:(4,13,5),(5,13,5),(6,13,5),(7,13,5),(8,13,5),(8,12,5),(9,12,5),(10,12,5),(11,12,5),(11,11,5),(11,10,5),
321:(9,7,4),(9,7,5),(9,6,5),(9,5,5),(9,4,5),(9,4,5),(9,3,5),(9,2,5),
322:(11,13,4),(11,12,4),(11,11,4),(11,10,4),(11,10,3),(11,9,3),(11,9,2),(11,8,2),(11,7,2),(11,7,1),(11,6,1),(11,5,1),(11,4,1),(11,4,1),(12,4,1),(12,4,1),(12,4,0),
323:(10,8,3),(10,9,3),(10,10,3),(9,10,3),(9,11,3),(9,12,3),(8,12,3),(9,12,3),(9,13,3),
324:(13,10,5),(12,10,5),(11,10,5),(10,10,5),(9,10,5),(9,10,4),(9,10,3),(8,10,3),(8,10,2),(7,10,2),(6,10,2),(5,10,2),(4,10,2),(3,10,2),(2,10,2),(2,11,2),(2,12,2),(2,13,2),(2,13,1),
325:(13,5,1),(14,5,1),(14,5,2),(14,5,3),(14,5,4),(14,5,5),(14,6,5),(14,7,5),(14,8,5),(14,9,5),(14,10,5),(14,11,5),(14,12,5),
326:(5,6,3),(6,6,3),(6,6,4),(6,7,4),(7,7,4),(8,7,4),(8,6,4),(9,6,4),(10,6,4),(11,6,4),(12,6,4),(13,6,4),(14,6,4),(14,6,5),(14,7,5),
327:(6,1,4),(6,1,4),(5,1,4),(5,2,4),(5,2,3),(5,3,3),(5,4,3),(5,5,3),(5,5,3),(4,5,3),(4,5,3),(4,5,2),
328:(7,12,5),(7,12,5),(7,12,4),(6,12,4),(6,12,4),(6,12,3),(6,12,2),(6,12,1),(5,12,1),(4,12,1),(4,11,1),(4,11,0),(3,11,0),(3,10,0),(3,9,0),(3,8,0),(3,7,0),(4,7,0),(4,6,0),
329:(11,13,0),(10,13,0),(9,13,0),(8,13,0),(8,13,1),(8,13,2),(8,12,2),(8,11,2),
330:(5,8,3),(5,8,4),(4,8,4),(3,8,4),(3,9,4),(3,10,4),(3,11,4),
331:(7,3,1),(6,3,1),(5,3,1),
332:(10,0,5),(10,0,4),(10,0,3),(10,0,2),(11,0,2),(11,1,2),(11,2,2),(11,2,1),(11,3,1),(11,3,1),(11,3,0),
333:(5,10,3),(5,10,4),(5,11,4),(6,11,4),(7,11,4),(8,11,4),(9,11,4),(9,10,4),
334:(1,14,5),(1,13,5),(1,12,5),(1,11,5),(1,10,5),(1,9,5),(1,8,5),(2,8,5),(2,7,5),(3,7,5),(4,7,5),(4,7,4),
335:(9,6,2),(8,6,2),(7,6,2),(6,6,2),(6,5,2),(6,4,2),(5,4,2),(5,3,2),(5,3,2),(4,3,2),(4,2,2),(3,2,2),
336:(12,5,1),(11,5,1),(11,5,2),(11,5,3),(11,6,3),(10,6,3),(10,6,4),(10,6,4),(10,5,4),
337:(0,4,0),(1,4,0),(2,4,0),(2,4,1),(2,3,1),(2,2,1),(2,2,1),(2,2,1),(3,2,1),
338:(6,3,1),(6,3,2),(6,3,3),(6,3,4),(6,3,5),(5,3,5),(4,3,5),(4,4,5),(4,5,5),(4,6,5),(4,6,5),(4,7,5),(4,8,5),(4,9,5),(4,10,5),(4,11,5),
339:(8,5,0),(9,5,0),(10,5,0),(11,5,0),(11,6,0),(11,6,1),(11,6,2),(11,6,3),(11,7,3),(11,8,3),(11,9,3),(11,10,3),(11,11,3),(12,11,3),(12,12,3),(13,12,3),(13,13,3),(14,13,3),
340:(5,13,4),(5,13,4),(4,13,4),(3,13,4),(2,13,4),(1,13,4),(0,13,4),(0,12,4),(0,11,4),(0,10,4),(0,9,4),
341:(10,1,1),(9,1,1),(9,2,1),(9,2,0),(9,3,0),(9,4,0),(9,5,0),(9,6,0),(9,7,0),(9,8,0),(9,9,0),(9,10,0),
342:(13,5,3),(13,6,3),(13,6,2),(13,6,1),(12,6,1),(12,6,0),
343:(4,3,0),(4,3,1),(4,2,1),(4,2,2),(4,1,2),(4,1,3),(4,1,4),(5,1,4),(5,1,4),(5,1,4),(5,1,5),(5,1,5),(5,1,4),
344:(0,3,4),(1,3,4),(2,3,4),(2,4,4),(2,4,3),(2,5,3),(2,6,3),(2,7,3),(2,8,3),(3,8,3),(3,9,3),(3,10,3),(3,11,3),(4,11,3),(5,11,3),(6,11,3),(7,11,3),(8,11,3),(8,12,3),(9,12,3),(10,12,3),(10,12,2),
345:(13,7,1),(12,7,1),(11,7,1),(10,7,1),(10,7,1),(10,6,1),(10,6,1),(9,6,1),(9,5,1),(9,4,1),(9,3,1),(9,2,1),(9,1,1),
346:(2,7,4),(3,7,4),(3,6,4),(4,6,4),(5,6,4),(6,6,4),(6,6,4),(6,6,3),(6,5,3),(6,4,3),(7,4,3),(7,3,3),(8,3,3),(9,3,3),(9,3,2),
347:(8,11,2),(8,10,2),(8,9,2),(8,8,2),(8,7,2),(9,7,2),(10,7,2),(11,7,2),(11,6,2),(11,6,1),(11,5,1),(11,4,1),(11,3,1),(11,2,1),(12,2,1),(12,1,1),(12,0,1),(13,0,1),(14,0,1),
348:(8,3,1),(7,3,1),(7,3,0),(7,4,0),(6,4,0),(6,5,0),(6,6,0),(6,7,0),(5,7,0),(5,7,0),(5,8,0),(5,9,0),(5,10,0),(5,11,0),(5,12,0),
349:(1,0,4),(2,0,4),(2,0,3),(2,1,3),(2,2,3),(3,2,3),(3,3,3),(3,4,3),(3,5,3),(3,6,3),(4,6,3),(5,6,3),(6,6,3),(6,7,3),(7,7,3),(8,7,3),(8,8,3),(8,9,3),(8,10,3),(8,10,2),
350:(13,5,5),(13,5,4),(13,5,3),(13,5,2),(13,6,2),
351:(14,13,3),(13,13,3),(12,13,3),(11,13,3),(11,12,3),(11,11,3),(11,10,3),(10,10,3),(10,9,3),(10,9,3),(9,9,3),(9,8,3),(9,7,3),(9,6,3),
352:(11,10,4),(10,10,4),(9,10,4),(9,11,4),(9,12,4),(9,12,5),(9,13,5),(9,13,4),(9,14,4),
353:(14,6,2),(13,6,2),(13,7,2),(12,7,2),(11,7,2),(11,7,3),(11,7,4),(10,7,4),(10,7,4),(10,7,5),(9,7,5),(8,7,5),(7,7,5),(6,7,5),(5,7,5),(4,7,5),(3,7,5),(2,7,5),(1,7,5),
354:(2,9,4),(3,9,4),(4,9,4),(4,9,3),(5,9,3),(5,9,2),(5,9,1),(5,8,1),(5,7,1),(6,7,1),(6,6,1),(6,5,1),(7,5,1),(7,4,1),
355:(10,10,1),(9,10,1),(8,10,1),(8,11,1),(8,11,2),(8,11,3),(8,11,3),(8,11,4),(9,11,4),(8,11,4),(8,11,5),
356:(5,6,4),(6,6,4),(7,6,4),(7,6,3),(7,6,2),(7,6,1),(7,6,0),(6,6,0),(6,6,0),(6,7,0),(6,8,0),(6,9,0),
357:(5,8,0),(4,8,0),(3,8,0),(2,8,0),(1,8,0),(1,8,1),(1,8,2),(1,8,3),(1,8,4),(1,8,5),
358:(8,2,3),(8,3,3),(8,4,3),(8,5,3),(8,6,3),(7,6,3),
359:(4,3,3),(5,3,3),(5,4,3),(5,5,3),(6,5,3),(6,6,3),(6,6,2),(6,6,2),(5,6,2),(6,6,2),
360:(13,9,2),(12,9,2),(11,9,2),(10,9,2),(10,8,2),(10,7,2),(10,6,2),(10,5,2),(10,4,2),(10,4,1),(10,3,1),(10,2,1),(10,2,1),(10,2,2),
361:(2,9,0),(3,9,0),(4,9,0),(4,9,1),(4,9,2),(4,9,3),(4,8,3),(4,7,3),(4,6,3),(5,6,3),(6,6,3),(6,5,3),(6,4,3),
362:(3,14,1),(3,14,2),(4,14,2),(5,14,2),(6,14,2),(7,14,2),(8,14,2),(9,14,2),(10,14,2),(11,14,2),(12,14,2),(13,14,2),(13,14,3),(13,14,4),
363:(2,7,0),(3,7,0),(4,7,0),(5,7,0),(6,7,0),(7,7,0),(8,7,0),(9,7,0),(10,7,0),(11,7,0),(11,7,0),(11,7,1),(11,7,2),(11,7,3),
364:(10,9,1),(9,9,1),(8,9,1),(7,9,1),(7,8,1),(7,7,1),(7,7,2),(7,6,2),(7,5,2),(7,5,3),(7,5,3),(7,5,3),(6,5,3),(6,6,3),
365:(13,8,1),(12,8,1),(12,8,0),(11,8,0),(10,8,0),(9,8,0),(8,8,0),(7,8,0),(7,7,0),(7,6,0),(6,6,0),(6,5,0),(5,5,0),(4,5,0),(4,5,1),(3,5,1),(2,5,1),(2,4,1),(2,3,1),(1,3,1),(0,3,1),(0,3,2),(0,2,2),(0,1,2),
366:(12,0,5),(11,0,5),(10,0,5),(9,0,5),(8,0,5),(7,0,5),(6,0,5),(6,0,4),(6,0,4),(6,0,3),(6,0,2),(6,0,1),(5,0,1),(5,0,0),
367:(8,7,5),(7,7,5),(6,7,5),(6,6,5),(5,6,5),(5,5,5),(5,4,5),(5,4,4),
368:(1,12,3),(1,12,3),(1,12,4),(1,12,5),(2,12,5),
369:(9,10,2),(9,10,3),(8,10,3),(8,9,3),(7,9,3),(7,8,3),(7,8,4),(6,8,4),(5,8,4),(5,8,5),(4,8,5),(3,8,5),(2,8,5),(2,8,4),(2,7,4),
370:(8,4,4),(8,5,4),(8,5,3),(9,5,3),(9,5,4),(10,5,4),(11,5,4),(11,6,4),(11,6,4),(11,5,4),
371:(2,11,1),(2,11,2),(3,11,2),(4,11,2),(4,11,3),(4,12,3),(4,13,3),(4,13,3),(5,13,3),(6,13,3),(7,13,3),(8,13,3),(8,14,3),(9,14,3),(10,14,3),
372:(7,8,0),(8,8,0),(9,8,0),(9,8,-1),(10,8,-1),(11,8,-1),(12,8,-1),(12,9,-1),(12,9,-1),(12,9,0),
373:(2,1,4),(1,1,4),(1,0,4),
374:(14,11,5),(13,11,5),(12,11,5),(11,11,5),(10,11,5),(9,11,5),(8,11,5),(7,11,5),(6,11,5),(6,10,5),(6,9,5),(6,9,4),(6,8,4),(6,7,4),(5,7,4),(5,6,4),(5,6,3),
375:(11,14,3),(10,14,3),(9,14,3),(9,14,2),(9,13,2),(9,12,2),(9,11,2),(9,10,2),(9,9,2),(9,8,2),(9,7,2),(8,7,2),(7,7,2),(6,7,2),(5,7,2),(5,6,2),(5,5,2),
376:(7,12,4),(7,13,4),(7,13,3),(8,13,3),(8,13,2),(9,13,2),(9,14,2),(9,14,3),(9,14,3),(9,14,2),
377:(11,1,3),(11,2,3),(11,3,3),(11,4,3),(11,4,3),(11,5,3),(11,6,3),(10,6,3),(10,7,3),(10,7,2),(10,8,2),(10,8,2),(10,9,2),(9,9,2),(9,9,1),(8,9,1),(8,10,1),(8,11,1),(8,12,1),(8,13,1),(8,14,1),(7,14,1),
378:(9,4,0),(8,4,0),(8,4,1),(8,3,1),(8,2,1),(7,2,1),
379:(2,3,2),(2,3,1),(2,4,1),(2,5,1),(2,6,1),(2,7,1),(3,7,1),(3,8,1),(3,9,1),(3,10,1),(3,11,1),
380:(8,12,3),(8,12,3),(8,12,4),(8,11,4),(8,10,4),(8,9,4),(9,9,4),(10,9,4),(11,9,4),(12,9,4),(13,9,4),(13,8,4),(14,8,4),(14,7,4),(14,6,4),(14,5,4),(14,4,4),(14,4,5),(14,3,5),(14,2,5),
381:(10,12,1),(9,12,1),(9,11,1),(9,10,1),(8,10,1),(8,9,1),(8,8,1),(8,8,1),(8,8,0),
382:(13,3,3),(13,3,2),(13,3,1),(13,3,0),(13,2,0),(12,2,0),(11,2,0),(10,2,0),
383:(10,11,0),(9,11,0),(8,11,0),(8,10,0),(8,9,0),(8,9,-1),(7,9,-1),(6,9,-1),(6,8,-1),(6,7,-1),(6,6,-1),(6,5,-1),(6,4,-1),(6,4,-1),(6,4,-1),(6,4,0),
384:(7,1,2),(6,1,2),(6,2,2),(6,3,2),(6,4,2),(6,4,3),(6,4,3),(5,4,3),(4,4,3),(3,4,3),(2,4,3),(2,5,3),(2,6,3),(2,7,3),(2,8,3),(1,8,3),(0,8,3),(0,9,3),(0,10,3),(0,10,4),(0,11,4),(0,12,4),
385:(12,14,5),(12,13,5),(12,12,5),(12,11,5),(12,10,5),(12,9,5),(12,8,5),(12,7,5),(11,7,5),(11,6,5),(11,5,5),(11,4,5),(11,4,4),(11,3,4),(10,3,4),(9,3,4),(8,3,4),(7,3,4),(7,2,4),(7,1,4),
386:(10,11,4),(10,11,4),(10,10,4),(10,9,4),(10,8,4),(10,8,3),(10,8,2),(10,7,2),(9,7,2),(9,6,2),(10,6,2),(10,5,2),(9,5,2),(8,5,2),(8,4,2),(8,3,2),(8,2,2),(7,2,2),(7,1,2),
387:(5,0,2),(5,0,3),(6,0,3),(6,1,3),(6,2,3),(6,3,3),(7,3,3),(8,3,3),(8,3,2),(9,3,2),(10,3,2),(11,3,2),(11,3,3),(12,3,3),
388:(7,2,1),(8,2,1),(8,2,1),(9,2,1),(10,2,1),(11,2,1),(12,2,1),(12,3,1),(12,4,1),(12,4,1),(12,5,1),(12,6,1),(12,7,1),
389:(0,6,1),(1,6,1),(2,6,1),(2,7,1),(2,8,1),(2,9,1),(3,9,1),(3,9,2),(3,9,3),(4,9,3),(4,9,4),(4,10,4),(5,10,4),(6,10,4),(6,11,4),(6,11,4),(6,11,5),
390:(12,2,3),(12,2,3),(11,2,3),(11,2,3),(11,3,3),(11,3,2),(10,3,2),(10,3,1),(9,3,1),(8,3,1),(8,4,1),(7,4,1),(6,4,1),(5,4,1),(4,4,1),(4,5,1),(3,5,1),(2,5,1),(2,6,1),(2,7,1),(2,8,1),
391:(0,9,4),(1,9,4),(2,9,4),(2,8,4),(2,7,4),(3,7,4),(3,7,5),(4,7,5),(4,6,5),(4,6,6),(5,6,6),(6,6,6),(7,6,6),(8,6,6),(9,6,6),(10,6,6),(11,6,6),(11,6,5),(11,6,5),(11,6,4),
392:(7,12,2),(7,11,2),(8,11,2),(9,11,2),(10,11,2),(10,10,2),(10,10,2),(11,10,2),(11,10,2),(11,10,2),(12,10,2),
393:(12,1,5),(11,1,5),(10,1,5),(9,1,5),(8,1,5),(7,1,5),(6,1,5),(5,1,5),(4,1,5),(3,1,5),(3,1,4),(3,1,3),(3,2,3),(3,3,3),(3,4,3),(3,5,3),(3,6,3),(3,6,2),(3,7,2),(2,7,2),(2,7,1),(1,7,1),(0,7,1),(0,7,2),
394:(1,10,3),(2,10,3),(3,10,3),(3,10,4),(3,10,5),(3,9,5),(3,8,5),(3,7,5),(4,7,5),(5,7,5),(5,6,5),(5,5,5),(5,4,5),(6,4,5),(7,4,5),(8,4,5),(9,4,5),(9,4,6),(10,4,6),(11,4,6),(12,4,6),(13,4,6),(13,4,5),(13,3,5),
395:(9,3,2),(8,3,2),(7,3,2),(7,3,3),(7,4,3),(7,4,3),(7,4,3),(6,4,3),(5,4,3),(4,4,3),(3,4,3),(3,4,4),
396:(3,1,1),(2,1,1),(2,1,2),(2,2,2),(2,3,2),(2,4,2),(2,5,2),(1,5,2),(2,5,2),(2,6,2),
397:(0,2,2),(1,2,2),(2,2,2),(3,2,2),(4,2,2),(4,3,2),(5,3,2),(6,3,2),(7,3,2),(8,3,2),(8,4,2),(8,4,3),(8,4,3),(9,4,3),(10,4,3),(10,4,4),(11,4,4),(12,4,4),(12,5,4),(12,5,4),(12,6,4),
398:(2,1,5),(2,1,4),(2,1,4),(2,2,4),(2,3,4),(2,3,3),(2,3,2),(3,3,2),(3,3,1),(3,3,0),(3,4,0),(3,5,0),
399:(13,10,2),(14,10,2),(14,10,1),(14,11,1),(14,12,1),(14,13,1),
400:(4,0,5),(5,0,5),(6,0,5),(6,0,4),(6,1,4),(6,2,4),(6,3,4),(6,4,4),(6,4,4),(6,5,4),(6,5,4),(7,5,4),(7,6,4),(8,6,4),
401:(6,8,1),(7,8,1),(7,8,2),(7,8,2),(7,7,2),(8,7,2),(8,8,2),(7,8,2),
402:(0,8,3),(1,8,3),(1,8,2),(1,8,1),(1,9,1),(1,10,1),(2,10,1),(3,10,1),(4,10,1),(5,10,1),(5,9,1),
403:(6,4,4),(6,4,3),(6,5,3),(6,5,2),(6,5,1),(5,5,1),(6,5,1),(6,5,0),(6,5,0),(6,6,0),(6,7,0),
404:(9,14,2),(9,13,2),(8,13,2),(7,13,2),(6,13,2),(5,13,2),(4,13,2),(3,13,2),(3,12,2),(3,11,2),(3,10,2),(3,9,2),(3,9,3),(3,8,3),(3,7,3),(3,7,3),(2,7,3),(2,6,3),(2,5,3),
405:(14,6,3),(14,6,4),(14,6,5),(14,6,6),(13,6,6),(12,6,6),(11,6,6),(10,6,6),(9,6,6),(8,6,6),(7,6,6),(7,6,5),(6,6,5),
406:(8,2,2),(9,2,2),(9,3,2),(9,3,1),(9,3,1),(9,3,0),(9,4,0),(9,5,0),(9,6,0),
407:(9,6,5),(8,6,5),(8,5,5),(7,5,5),(7,5,4),(7,5,3),(7,5,3),(7,4,3),(6,4,3),(5,4,3),
408:(12,2,0),(13,2,0),(13,2,1),(13,2,2),(13,3,2),(13,3,2),(13,3,2),(13,3,2),(13,3,2),(13,3,2),(13,3,2),(13,3,2),(13,3,2),(14,3,2),(14,3,2),(13,3,2),
409:(11,10,0),(10,10,0),(10,10,-1),(9,10,-1),(8,10,-1),(7,10,-1),(6,10,-1),(5,10,-1),(4,10,-1),(3,10,-1),(2,10,-1),(2,10,0),(2,9,0),(2,8,0),
410:(11,10,3),(11,10,2),(10,10,2),(9,10,2),(9,10,2),(8,10,2),(7,10,2),(6,10,2),(5,10,2),(5,9,2),(5,8,2),(5,7,2),(5,6,2),(5,5,2),(5,5,1),(5,4,1),(4,4,1),
411:(1,5,4),(2,5,4),(3,5,4),(3,6,4),(3,7,4),(3,8,4),(3,9,4),(4,9,4),(5,9,4),(6,9,4),(6,10,4),(7,10,4),(7,10,3),(7,10,2),(7,11,2),(7,12,2),(7,13,2),(7,13,1),
412:(1,3,3),(1,3,2),(1,4,2),(1,5,2),(1,6,2),(1,7,2),(1,7,2),(1,7,2),(1,7,1),(1,7,1),(1,7,1),(1,7,2),
413:(2,9,1),(3,9,1),(3,10,1),(3,11,1),(3,11,2),(3,11,3),(3,12,3),(3,13,3),(3,14,3),
414:(2,5,2),(3,5,2),(3,5,3),(3,6,3),(3,6,4),(4,6,4),(5,6,4),(6,6,4),(7,6,4),(8,6,4),(8,7,4),(8,8,4),(9,8,4),(10,8,4),(10,7,4),(10,6,4),
415:(13,3,4),(13,3,3),(13,2,3),(12,2,3),(12,2,2),(11,2,2),(10,2,2),(10,1,2),(9,1,2),(8,1,2),(8,1,1),(7,1,1),
416:(5,14,0),(6,14,0),(7,14,0),(8,14,0),(9,14,0),(10,14,0),(10,13,0),(10,13,1),(10,12,1),(10,11,1),(10,10,1),(10,9,1),(10,8,1),(10,7,1),(11,7,1),(11,6,1),(12,6,1),(12,5,1),(12,5,2),(12,4,2),(12,4,3),(12,4,4),(13,4,4),(14,4,4),(14,3,4),(14,2,4),(13,2,4),(13,1,4),
417:(9,7,5),(10,7,5),(11,7,5),(11,7,4),(11,7,3),(11,8,3),(11,9,3),(11,10,3),(11,11,3),(11,11,2),(11,12,2),
418:(10,13,1),(9,13,1),(9,13,2),(8,13,2),(7,13,2),(6,13,2),(5,13,2),(4,13,2),(3,13,2),(2,13,2),(2,14,2),(2,14,3),(2,14,4),
419:(11,4,5),(11,3,5),(12,3,5),(13,3,5),(13,3,4),
420:(0,4,1),(1,4,1),(1,3,1),(2,3,1),(2,3,0),(3,3,0),(4,3,0),(5,3,0),(5,3,0),(6,3,0),(7,3,0),(8,3,0),(9,3,0),(9,3,1),
421:(3,12,5),(4,12,5),(4,12,4),(5,12,4),(5,12,3),(5,12,2),(5,11,2),(6,11,2),(7,11,2),(7,11,1),(8,11,1),(9,11,1),(10,11,1),(10,10,1),(10,10,0),(10,9,0),(10,8,0),(10,7,0),(11,7,0),(11,6,0),
422:(11,3,0),(10,3,0),(10,3,1),(10,4,1),(9,4,1),(9,5,1),(9,6,1),(9,7,1),
423:(2,12,5),(3,12,5),(3,11,5),(4,11,5),(5,11,5),(6,11,5),(6,10,5),(6,9,5),(6,8,5),(6,7,5),(6,6,5),(6,6,4),
424:(1,11,0),(2,11,0),(3,11,0),(3,10,0),(3,9,0),(3,8,0),(3,7,0),(3,7,1),(3,7,2),(4,7,2),(5,7,2),(5,6,2),(5,5,2),(6,5,2),(6,5,3),(6,5,4),(6,4,4),(6,3,4),(6,2,4),(6,1,4),
425:(9,1,0),(8,1,0),(8,1,-1),(7,1,-1),(6,1,-1),(5,1,-1),(4,1,-1),(3,1,-1),(2,1,-1),(2,2,-1),(2,3,-1),(2,4,-1),(2,5,-1),(2,6,-1),(2,7,-1),(2,8,-1),(2,9,-1),(2,10,-1),(2,11,-1),(2,11,0),(2,12,0),
426:(11,4,4),(10,4,4),(9,4,4),(9,5,4),(9,6,4),(9,7,4),(9,8,4),(8,8,4),(8,9,4),(8,9,5),(7,9,5),(6,9,5),(6,10,5),(6,11,5),(5,11,5),(5,11,4),(4,11,4),(4,12,4),(3,12,4),(3,13,4),(3,14,4),
427:(7,11,2),(8,11,2),(9,11,2),(10,11,2),(10,11,1),(10,10,1),(10,9,1),(10,8,1),(10,7,1),(10,6,1),(10,5,1),(10,4,1),(10,3,1),(11,3,1),(11,3,2),(11,3,3),(11,2,3),
428:(10,7,1),(9,7,1),(9,8,1),(9,8,1),(9,8,1),(9,9,1),(9,9,1),(9,8,1),
429:(8,12,0),(7,12,0),(7,11,0),(7,11,1),(7,10,1),(7,11,1),(6,11,1),(5,11,1),(4,11,1),(3,11,1),(2,11,1),(1,11,1),(0,11,1),(0,10,1),(0,9,1),
430:(10,5,0),(10,6,0),(9,6,0),(9,6,1),(9,6,2),(9,6,3),(9,6,4),(9,5,4),(9,5,4),(9,5,5),(8,5,5),
431:(12,12,3),(13,12,3),(13,12,4),(13,12,5),(13,11,5),(13,10,5),(13,9,5),(13,8,5),(13,7,5),
432:(5,6,2),(4,6,2),(3,6,2),(3,5,2),(3,4,2),(3,4,2),(2,4,2),
433:(2,12,2),(2,12,3),(2,11,3),(2,11,4),(2,10,4),(2,9,4),(2,8,4),(3,8,4),(3,7,4),(3,6,4),(3,6,5),(3,5,5),(3,4,5),(3,4,6),(3,3,6),(3,2,6),(3,1,6),(3,0,6),(3,0,5),
434:(4,11,2),(5,11,2),(6,11,2),(7,11,2),(7,11,2),(7,12,2),(7,13,2),(7,14,2),(8,14,2),
435:(6,11,3),(6,10,3),(6,9,3),(6,9,4),(6,8,4),(7,8,4),(8,8,4),(8,7,4),(8,6,4),(9,6,4),(9,5,4),(9,4,4),(9,3,4),(10,3,4),(10,3,5),(10,2,5),(10,1,5),(11,1,5),(11,0,5),
436:(6,3,2),(5,3,2),(5,3,3),(4,3,3),(3,3,3),(3,3,4),(3,2,4),(3,2,4),(2,2,4),
437:(3,8,5),(4,8,5),(5,8,5),(6,8,5),(7,8,5),(8,8,5),(8,9,5),(8,10,5),(9,10,5),(9,11,5),(9,12,5),(9,13,5),(9,14,5),
438:(12,13,2),(13,13,2),(13,12,2),(13,12,2),(13,12,3),(13,11,3),(13,10,3),(14,10,3),(14,9,3),(14,8,3),(13,8,3),(13,7,3),(13,6,3),(13,5,3),(13,4,3),
439:(8,6,2),(7,6,2),(7,6,1),(7,5,1),(7,4,1),(6,4,1),(6,3,1),(6,2,1),(5,2,1),(5,1,1),(5,1,2),(5,1,3),
440:(12,10,4),(11,10,4),(11,10,4),(10,10,4),(9,10,4),(9,10,3),(8,10,3),(7,10,3),(7,9,3),(7,9,3),(7,8,3),(6,8,3),
441:(2,3,5),(3,3,5),(4,3,5),(4,2,5),(4,2,4),(5,2,4),(6,2,4),(6,2,3),(7,2,3),(8,2,3),(8,2,2),(8,2,1),(9,2,1),(10,2,1),(11,2,1),(12,2,1),(12,2,0),
442:(7,6,3),(7,5,3),(7,5,4),(7,4,4),(8,4,4),(9,4,4),(10,4,4),(11,4,4),(11,4,5),(12,4,5),(12,3,5),(12,2,5),
443:(1,10,4),(0,10,4),(0,10,3),(0,10,2),(0,11,2),(0,12,2),(0,13,2),(0,13,1),
444:(6,11,1),(6,11,2),(6,10,2),(6,9,2),(6,8,2),(6,7,2),(6,7,2),(7,7,2),(6,7,2),(5,7,2),(5,6,2),(5,5,2),(5,5,3),(5,5,4),(6,5,4),(7,5,4),(7,4,4),(7,4,4),(7,3,4),
445:(7,5,3),(6,5,3),(6,5,2),(5,5,2),(5,4,2),(4,4,2),(4,3,2),(4,3,3),(3,3,3),(2,3,3),(1,3,3),
446:(1,2,0),(2,2,0),(3,2,0),(3,3,0),(3,4,0),(3,5,0),(3,6,0),(3,7,0),(3,8,0),(3,9,0),(4,9,0),(4,10,0),(4,11,0),(4,11,0),(5,11,0),(6,11,0),(7,11,0),(8,11,0),(8,12,0),(9,12,0),
447:(2,10,1),(3,10,1),(4,10,1),(5,10,1),(5,10,1),(6,10,1),(7,10,1),(8,10,1),(9,10,1),(10,10,1),(10,10,2),(10,9,2),(10,9,3),(10,9,4),
448:(0,10,2),(1,10,2),(1,10,3),(2,10,3),(2,9,3),(3,9,3),(3,10,3),(3,10,4),(4,10,4),(5,10,4),(4,10,4),(5,10,4),(6,10,4),(6,9,4),
449:(10,3,1),(11,3,1),(11,3,0),(11,4,0),(11,5,0),(11,6,0),(11,7,0),(11,8,0),(11,9,0),(11,9,0),(11,10,0),(12,10,0),(12,11,0),(12,12,0),(12,13,0),(12,14,0),
