soc=5781
lb_soc=4580
makespan=31
lb_makespan=28
comp_time=108263
highLevelExpanded=131
lowLevelExpanded=110373
solution=
0:(13,13,3),(12,13,3),(11,13,3),(10,13,3),(9,13,3),(8,13,3),(7,13,3),(6,13,3),(5,13,3),(5,12,3),(4,12,3),(3,12,3),(3,12,2),(2,12,2),(1,12,2),(1,12,1),
1:(2,3,3),(3,3,3),(4,3,3),(5,3,3),(6,3,3),(6,3,3),(6,3,2),(6,3,1),(6,4,1),(7,4,1),(7,5,1),(7,5,1),(8,5,1),(9,5,1),(10,5,1),(11,5,1),(11,6,1),(11,7,1),(11,8,1),(11,9,1),(11,10,1),
2:(3,2,3),(4,2,3),(5,2,3),(6,2,3),(7,2,3),(8,2,3),(9,2,3),(9,2,4),(9,2,5),(9,3,5),(9,4,5),(9,4,6),(9,5,6),(9,6,6),(9,6,5),(9,7,5),
3:(8,3,3),(7,3,3),(6,3,3),(6,3,2),(5,3,2),(4,3,2),(3,3,2),(3,3,1),(3,2,1),(3,1,1),(3,0,1),
4:(6,13,3),(5,13,3),(4,13,3),(4,13,4),(4,13,5),(4,12,5),(4,11,5),
5:(13,5,0),(12,5,0),(11,5,0),(10,5,0),(9,5,0),(8,5,0),(7,5,0),(6,5,0),(5,5,0),(4,5,0),(4,5,1),(4,5,2),(4,5,3),(4,6,3),(4,7,3),(4,8,3),(4,9,3),(4,10,3),
6:(7,13,5),(8,13,5),(9,13,5),(10,13,5),(10,13,4),(10,12,4),(10,11,4),(10,10,4),(10,9,4),(10,9,3),(10,8,3),(10,7,3),(11,7,3),(11,7,2),(11,7,1),(11,6,1),(11,6,0),
7:(10,3,1),(9,3,1),(8,3,1),(8,3,2),(8,3,3),
8:(0,4,2),(1,4,2),(2,4,2),(3,4,2),(4,4,2),(5,4,2),(6,4,2),(7,4,2),(8,4,2),(9,4,2),(9,4,2),(9,4,1),(10,4,1),(11,4,1),(12,4,1),(13,4,1),(13,5,1),(13,6,1),(13,7,1),
9:(14,2,0),(13,2,0),(12,2,0),(11,2,0),(10,2,0),(9,2,0),(8,2,0),(8,2,1),(8,2,2),(8,3,2),(7,3,2),(6,3,2),(5,3,2),(4,3,2),(4,3,3),(3,3,3),
10:(8,12,4),(9,12,4),(10,12,4),(11,12,4),(12,12,4),(13,12,4),(13,12,3),(13,12,2),(13,13,2),
11:(11,3,1),(10,3,1),(9,3,1),(9,3,2),(9,3,3),(9,3,4),(9,3,5),(9,4,5),(9,5,5),
12:(12,4,2),(12,4,1),(12,5,1),(12,6,1),(12,7,1),
13:(2,10,1),(3,10,1),(3,9,1),
14:(4,14,4),(5,14,4),(6,14,4),(7,14,4),(8,14,4),(8,13,4),(8,12,4),(8,11,4),(8,10,4),(8,9,4),(8,8,4),(8,7,4),(8,6,4),
15:(6,10,4),(5,10,4),(4,10,4),(3,10,4),(2,10,4),(1,10,4),(1,9,4),(1,9,5),(1,8,5),(1,7,5),(1,6,5),(0,6,5),(0,5,5),(0,4,5),(0,3,5),
16:(7,2,4),(8,2,4),(9,2,4),(10,2,4),(11,2,4),(11,2,3),(11,2,2),(11,2,1),(11,3,1),(11,4,1),(11,5,1),(11,6,1),(11,7,1),(11,8,1),(11,9,1),(11,9,0),(11,10,0),(11,11,0),
17:(3,7,1),(2,7,1),(1,7,1),(1,8,1),(1,8,2),(1,9,2),(1,10,2),(1,10,3),(1,11,3),(1,12,3),(1,13,3),(0,13,3),
18:(3,2,0),(4,2,0),(5,2,0),(6,2,0),(7,2,0),(8,2,0),(8,3,0),(9,3,0),(10,3,0),(10,4,0),(10,5,0),(10,6,0),(11,6,0),(11,7,0),(11,8,0),
19:(6,6,1),(7,6,1),(8,6,1),(9,6,1),(10,6,1),(11,6,1),(11,7,1),(11,8,1),(11,9,1),(11,10,1),(11,11,1),(11,12,1),(11,13,1),
20:(0,8,5),(1,8,5),(2,8,5),(3,8,5),(4,8,5),(5,8,5),(6,8,5),(7,8,5),(8,8,5),(9,8,5),(10,8,5),(11,8,5),(11,9,5),(12,9,5),(13,9,5),(13,9,4),(13,10,4),(13,10,3),(13,10,2),(13,9,2),
21:(1,1,3),(2,1,3),(3,1,3),(4,1,3),(4,1,2),(4,1,1),(4,1,0),(5,1,0),(5,2,0),(5,2,-1),(6,2,-1),(7,2,-1),(8,2,-1),(9,2,-1),(10,2,-1),(11,2,-1),(11,2,0),
22:(1,6,5),(2,6,5),(3,6,5),(4,6,5),(5,6,5),(6,6,5),(7,6,5),(8,6,5),(9,6,5),(10,6,5),(10,5,5),(11,5,5),(11,4,5),(12,4,5),(12,3,5),(12,2,5),(12,1,5),(12,0,5),
23:(1,5,0),(2,5,0),(3,5,0),(4,5,0),(5,5,0),(6,5,0),(6,6,0),(7,6,0),
24:(9,9,0),(8,9,0),(7,9,0),(6,9,0),(5,9,0),(4,9,0),(3,9,0),(2,9,0),(2,9,1),(2,9,2),(2,9,3),(2,9,4),(2,9,5),(2,10,5),
25:(11,7,1),(10,7,1),(9,7,1),(8,7,1),(7,7,1),(7,7,0),(7,6,0),(7,5,0),(7,4,0),(7,3,0),(7,2,0),
26:(2,5,3),(3,5,3),(4,5,3),(5,5,3),(6,5,3),(7,5,3),(8,5,3),(9,5,3),(10,5,3),(11,5,3),(12,5,3),(12,6,3),(11,6,3),(11,7,3),(11,8,3),(12,8,3),(12,9,3),(12,9,3),(12,10,3),(12,11,3),(12,12,3),
27:(0,13,2),(0,12,2),(0,11,2),(0,10,2),(0,9,2),(0,8,2),(0,7,2),(0,6,2),(0,5,2),(0,4,2),(0,3,2),(0,2,2),(0,1,2),(0,0,2),
28:(3,9,0),(4,9,0),(5,9,0),(5,9,1),(6,9,1),(7,9,1),(8,9,1),(9,9,1),(10,9,1),(10,9,2),(10,9,3),(10,8,3),(10,7,3),(10,6,3),
29:(0,8,0),(1,8,0),(2,8,0),(2,8,1),(2,8,2),(2,7,2),(2,6,2),(2,5,2),(2,4,2),(2,3,2),
30:(10,6,5),(10,6,4),(10,6,3),(10,5,3),(10,4,3),(10,3,3),
31:(6,13,5),(7,13,5),(8,13,5),(9,13,5),(10,13,5),(11,13,5),(12,13,5),(13,13,5),(14,13,5),(14,13,4),(14,13,3),(14,12,3),(14,11,3),(14,10,3),(14,9,3),(14,8,3),(14,7,3),(14,7,2),(14,6,2),(14,6,1),(14,5,1),
32:(9,6,5),(8,6,5),(7,6,5),(6,6,5),(6,6,4),(6,6,3),(6,6,2),(6,5,2),(6,4,2),
33:(2,6,4),(2,5,4),
34:(4,11,1),(5,11,1),(6,11,1),(7,11,1),(8,11,1),(8,11,2),(9,11,2),(9,10,2),(9,9,2),(9,8,2),(9,7,2),(9,6,2),(9,5,2),
35:(12,5,1),(11,5,1),(10,5,1),(10,5,2),(10,5,3),(10,5,4),(10,5,5),(10,6,5),(10,7,5),
36:(13,2,0),(12,2,0),(11,2,0),(10,2,0),(9,2,0),(9,2,1),(8,2,1),(7,2,1),(7,2,2),(7,2,3),(7,2,4),(7,3,4),(7,4,4),(7,5,4),
37:(12,14,0),(11,14,0),(10,14,0),(9,14,0),(8,14,0),(7,14,0),(6,14,0),(5,14,0),(5,14,1),(5,14,2),(5,14,3),(5,13,3),(5,12,3),(4,12,3),(3,12,3),(3,12,4),(3,11,4),(2,11,4),(2,10,4),(2,9,4),(2,8,4),(2,7,4),
38:(10,1,1),(9,1,1),(8,1,1),(7,1,1),(6,1,1),(5,1,1),(5,2,1),(5,2,1),(5,1,1),(5,2,1),
39:(0,6,1),(1,6,1),(2,6,1),(3,6,1),(4,6,1),(5,6,1),(6,6,1),(7,6,1),(8,6,1),(9,6,1),(10,6,1),(10,6,2),(11,6,2),(11,6,3),(11,6,4),(11,5,4),(11,5,5),(11,4,5),(12,4,5),(12,3,5),(12,2,5),(13,2,5),(14,2,5),(14,1,5),
40:(13,12,3),(12,12,3),(11,12,3),(10,12,3),(9,12,3),(8,12,3),(7,12,3),(6,12,3),(5,12,3),(4,12,3),(3,12,3),(3,12,2),(2,12,2),(2,12,1),(2,11,1),(2,11,0),(2,10,0),
41:(8,9,1),(9,9,1),(10,9,1),(10,9,2),(10,9,3),(10,9,4),(10,9,5),(10,10,5),(10,11,5),(10,12,5),
42:(2,5,5),(3,5,5),(4,5,5),(5,5,5),(6,5,5),(7,5,5),(8,5,5),(9,5,5),(10,5,5),(11,5,5),(11,5,4),(11,5,3),(12,5,3),(13,5,3),(14,5,3),(14,5,2),(14,5,1),(14,5,0),
43:(3,14,5),(4,14,5),(4,13,5),(4,12,5),(4,11,5),(4,10,5),(4,10,4),(4,9,4),(4,9,4),(4,9,3),(4,8,3),(4,7,3),(4,6,3),(4,6,2),(4,5,2),(4,4,2),(4,3,2),(4,2,2),(4,2,2),(4,1,2),(4,0,2),
44:(14,12,2),(13,12,2),(13,12,1),(13,11,1),(13,10,1),(13,9,1),(13,8,1),(13,7,1),(13,6,1),(13,5,1),(13,4,1),(13,3,1),(13,2,1),(13,1,1),
45:(5,13,0),(6,13,0),(7,13,0),(8,13,0),(8,12,0),(8,12,1),(8,12,2),(8,12,3),(8,12,4),(8,11,4),(8,10,4),(8,9,4),(9,9,4),(10,9,4),(10,9,5),
46:(6,2,5),(5,2,5),(4,2,5),(3,2,5),(2,2,5),(2,3,5),(2,4,5),(2,5,5),(2,6,5),(2,6,4),(2,7,4),(2,7,3),(2,8,3),(1,8,3),(1,9,3),(1,10,3),(1,10,2),(1,11,2),(1,12,2),(1,13,2),(1,13,1),
47:(5,0,3),(6,0,3),(6,0,4),(6,0,5),(6,1,5),(6,2,5),(6,3,5),(6,4,5),(6,5,5),(6,6,5),(6,7,5),(6,8,5),(6,9,5),(6,10,5),(5,10,5),(5,11,5),(5,12,5),(6,12,5),(6,13,5),
48:(2,2,4),(2,2,3),(2,2,2),
49:(5,1,1),(6,1,1),(7,1,1),(7,2,1),(8,2,1),(8,3,1),(9,3,1),(10,3,1),(10,4,1),(10,5,1),(10,5,1),(10,6,1),(10,6,1),(11,6,1),(12,6,1),(13,6,1),(13,7,1),(13,8,1),(14,8,1),(14,9,1),
50:(5,11,3),(4,11,3),(3,11,3),(2,11,3),(1,11,3),(1,11,2),(1,11,1),(1,11,0),(1,10,0),
51:(14,10,4),(13,10,4),(12,10,4),(11,10,4),(11,9,4),(11,8,4),(11,7,4),(10,7,4),(9,7,4),(9,6,4),(8,6,4),(8,6,3),(8,5,3),(7,5,3),(6,5,3),(5,5,3),(4,5,3),(4,5,2),
52:(6,14,0),(7,14,0),(8,14,0),(8,14,1),(9,14,1),(10,14,1),(10,13,1),(10,12,1),(10,11,1),(10,11,0),(10,10,0),(10,9,0),(10,8,0),(11,8,0),(11,8,1),(11,7,1),(11,7,2),(11,6,2),(11,5,2),(11,4,2),
53:(11,14,1),(10,14,1),(9,14,1),(9,13,1),(8,13,1),(7,13,1),(6,13,1),(5,13,1),(4,13,1),(3,13,1),(2,13,1),(1,13,1),(0,13,1),(0,12,1),(0,11,1),(-1,11,1),(-1,10,1),(-1,9,1),(-1,8,1),(-1,7,1),(-1,6,1),(-1,5,1),(-1,4,1),(-1,3,1),(-1,2,1),(0,2,1),(0,1,1),
54:(5,2,1),(4,2,1),(3,2,1),(2,2,1),(1,2,1),(0,2,1),(0,3,1),(0,4,1),
55:(5,11,0),(6,11,0),(7,11,0),(8,11,0),(8,10,0),(8,10,1),(8,10,2),(8,9,2),(8,8,2),(8,7,2),(8,6,2),
56:(6,1,2),(7,1,2),(8,1,2),(9,1,2),(10,1,2),(11,1,2),(12,1,2),(13,1,2),(13,1,3),(13,1,4),(13,1,5),(13,2,5),(13,3,5),
57:(4,13,5),(5,13,5),(5,12,5),(5,11,5),(5,10,5),(6,10,5),(7,10,5),(8,10,5),(9,10,5),(10,10,5),(11,10,5),(12,10,5),
58:(6,4,4),(5,4,4),(4,4,4),(3,4,4),(3,4,3),(3,5,3),(3,6,3),(3,7,3),(3,8,3),
59:(9,1,1),(8,1,1),(8,2,1),(8,3,1),(7,3,1),(6,3,1),(5,3,1),(4,3,1),(3,3,1),(2,3,1),(2,4,1),(2,5,1),(2,5,0),(2,6,0),(2,7,0),(2,7,1),
60:(0,9,4),(1,9,4),(2,9,4),(2,9,5),(2,8,5),(2,7,5),
61:(5,5,1),(6,5,1),(7,5,1),(8,5,1),(9,5,1),(10,5,1),(11,5,1),(11,5,2),(12,5,2),(13,5,2),(13,5,3),(13,5,4),
62:(0,2,1),(1,2,1),(2,2,1),(2,2,0),(3,2,0),(4,2,0),(5,2,0),(6,2,0),(6,1,0),(7,1,0),(8,1,0),(9,1,0),(10,1,0),(10,1,0),(11,1,0),
63:(6,9,5),(7,9,5),(8,9,5),(9,9,5),(9,9,4),(9,9,3),(9,9,2),(9,8,2),(9,7,2),(9,6,2),(9,5,2),(9,4,2),
64:(1,1,0),(2,1,0),(3,1,0),(4,1,0),(5,1,0),(6,1,0),(7,1,0),(8,1,0),(9,1,0),(10,1,0),(11,1,0),(12,1,0),(13,1,0),(14,1,0),(14,1,1),(14,1,2),(14,2,2),(14,3,2),(14,3,3),(14,3,4),(14,4,4),(14,5,4),(14,5,5),(14,6,5),(14,7,5),(14,8,5),(14,9,5),(14,10,5),(14,11,5),
65:(2,14,4),(3,14,4),(4,14,4),(5,14,4),(6,14,4),(6,13,4),(6,12,4),(6,11,4),(6,10,4),(6,9,4),(6,8,4),(6,7,4),(6,6,4),(6,5,4),(6,5,5),(7,5,5),(8,5,5),(8,5,4),(8,4,4),(8,3,4),(9,3,4),(9,2,4),
66:(7,7,3),(6,7,3),(5,7,3),(4,7,3),(3,7,3),(2,7,3),(2,7,4),(2,8,4),(2,9,4),(2,10,4),(2,11,4),(2,12,4),
67:(10,11,5),(9,11,5),(8,11,5),(7,11,5),(6,11,5),(5,11,5),(5,11,4),(4,11,4),(3,11,4),(2,11,4),(1,11,4),(1,11,3),(0,11,3),(0,11,2),(0,12,2),(0,12,1),(0,13,1),(0,14,1),
68:(12,1,5),(13,1,5),(14,1,5),(14,1,4),(14,2,4),(14,3,4),(14,3,3),(14,4,3),(14,5,3),(14,5,2),(14,6,2),(14,7,2),(14,8,2),
69:(10,7,2),(9,7,2),(8,7,2),(7,7,2),(6,7,2),(5,7,2),(4,7,2),(4,7,3),(4,7,4),(3,7,4),(3,8,4),(3,9,4),(3,10,4),(2,10,4),(1,10,4),(1,11,4),
70:(8,5,2),(8,5,3),(8,5,4),(8,5,5),(8,4,5),(8,3,5),(8,2,5),
71:(5,1,4),(6,1,4),(7,1,4),(8,1,4),(9,1,4),(10,1,4),(10,2,4),(10,3,4),
72:(1,14,5),(2,14,5),(3,14,5),(3,13,5),(3,12,5),(3,11,5),(3,10,5),(3,9,5),(4,9,5),(4,8,5),(4,7,5),(4,6,5),(4,5,5),(4,4,5),(4,3,5),
73:(12,6,1),(11,6,1),(10,6,1),(10,6,2),(10,6,3),(10,6,4),(10,5,4),(10,4,4),
74:(0,13,0),(1,13,0),(2,13,0),(3,13,0),(4,13,0),(5,13,0),(6,13,0),(7,13,0),(8,13,0),(9,13,0),(10,13,0),(10,12,0),(10,11,0),(10,10,0),
75:(4,0,1),(5,0,1),(6,0,1),(7,0,1),(8,0,1),(9,0,1),(10,0,1),(11,0,1),(11,0,2),(11,0,3),(11,1,3),(11,2,3),(11,3,3),
76:(1,0,4),(2,0,4),(3,0,4),(4,0,4),(5,0,4),(6,0,4),(7,0,4),(8,0,4),(9,0,4),(9,1,4),(9,1,4),(9,2,4),(9,3,4),(9,3,3),(9,4,3),(10,4,3),(10,5,3),(10,5,2),(10,6,2),
77:(14,4,5),(13,4,5),(12,4,5),(11,4,5),(10,4,5),(9,4,5),(8,4,5),(8,4,4),(8,4,3),(8,4,2),(8,4,1),(8,5,1),(8,6,1),(8,7,1),(8,8,1),
78:(0,3,4),(1,3,4),(2,3,4),(3,3,4),(4,3,4),(5,3,4),(6,3,4),(7,3,4),(8,3,4),(8,2,4),(8,1,4),(8,1,5),(8,0,5),
79:(11,0,0),(11,1,0),(11,1,-1),(11,2,-1),(11,3,-1),(11,4,-1),(11,5,-1),(11,6,-1),(11,7,-1),(11,8,-1),(11,8,0),(11,9,0),(11,10,0),(11,11,0),(11,11,1),(11,11,2),(11,11,3),(11,11,4),(12,11,4),(12,12,4),(12,13,4),
80:(6,2,1),(5,2,1),(4,2,1),(4,2,0),(4,3,0),(4,4,0),(4,5,0),(4,6,0),(4,7,0),(4,8,0),(4,9,0),(4,10,0),(4,10,-1),(4,11,-1),(4,12,-1),(4,12,0),
81:(5,1,0),(6,1,0),(7,1,0),(7,2,0),(7,2,1),(7,2,2),(7,2,3),(7,3,3),(7,4,3),(7,5,3),(7,6,3),(7,7,3),(7,8,3),(7,9,3),(7,10,3),(7,11,3),(7,12,3),
82:(10,9,1),(10,8,1),(9,8,1),(9,7,1),(9,7,1),(9,6,1),(9,5,1),(9,4,1),(9,3,1),(8,3,1),(8,2,1),(7,2,1),(7,1,1),(7,0,1),
83:(12,8,1),(11,8,1),(10,8,1),(9,8,1),(8,8,1),(7,8,1),(6,8,1),(5,8,1),(5,9,1),(5,9,1),(5,10,1),(5,10,2),(5,10,3),(5,11,3),(5,11,4),
84:(10,0,2),(9,0,2),(8,0,2),(7,0,2),(6,0,2),(5,0,2),(4,0,2),(3,0,2),(3,0,3),(3,0,4),(3,0,5),(3,1,5),(3,2,5),(3,3,5),(3,4,5),(3,5,5),
85:(8,14,3),(7,14,3),(6,14,3),(5,14,3),(4,14,3),(3,14,3),(3,14,2),(2,14,2),(1,14,2),(0,14,2),(0,13,2),(0,12,2),(0,11,2),(0,10,2),(0,9,2),(0,8,2),(0,7,2),(0,6,2),(0,5,2),(0,4,2),(0,3,2),(0,3,1),(0,2,1),(0,1,1),(0,0,1),
86:(1,6,1),(2,6,1),(3,6,1),(4,6,1),(5,6,1),(6,6,1),(6,7,1),(7,7,1),(8,7,1),(9,7,1),(10,7,1),(10,8,1),(10,9,1),(10,10,1),(10,11,1),(10,12,1),(10,13,1),(10,14,1),
87:(11,7,3),(12,7,3),(13,7,3),(14,7,3),(14,7,2),(14,7,1),
88:(10,8,5),(11,8,5),(12,8,5),(13,8,5),(13,8,4),(13,8,3),(13,8,2),(13,8,1),(13,8,0),(13,9,0),(13,10,0),(13,11,0),(13,12,0),
89:(13,14,5),(12,14,5),(11,14,5),(10,14,5),(10,14,4),(10,13,4),(10,12,4),(10,11,4),(10,10,4),(10,9,4),(9,9,4),(9,8,4),(8,8,4),(7,8,4),(6,8,4),(6,8,3),(6,7,3),(6,7,2),(6,7,1),(6,6,1),(6,5,1),(6,4,1),(6,3,1),(6,2,1),(6,2,0),
90:(8,12,3),(7,12,3),(6,12,3),(5,12,3),(4,12,3),(4,12,2),(4,12,2),(4,11,2),(4,10,2),(4,9,2),(4,8,2),(3,8,2),(3,7,2),(3,6,2),(3,5,2),(3,4,2),(3,3,2),(3,2,2),(3,2,3),(2,2,3),(2,1,3),(2,1,2),
91:(13,3,5),(14,3,5),(14,3,4),(14,3,3),(14,2,3),
92:(4,12,0),(3,12,0),(3,12,1),(3,12,2),(3,12,3),(3,12,4),(3,12,5),(3,11,5),(3,10,5),(3,9,5),(3,8,5),
93:(7,14,4),(7,13,4),(7,12,4),(7,11,4),(7,10,4),(7,9,4),
94:(11,11,4),(11,11,3),(11,10,3),(11,9,3),(11,8,3),(11,7,3),(10,7,3),(9,7,3),(9,7,3),(9,7,2),(9,6,2),(9,5,2),(8,5,2),(8,4,2),(8,3,2),
95:(14,0,3),(13,0,3),(12,0,3),(12,1,3),(12,2,3),(12,3,3),(11,3,3),(11,4,3),(10,4,3),(10,5,3),(9,5,3),(8,5,3),(7,5,3),(6,5,3),(5,5,3),(5,6,3),(4,6,3),(4,7,3),(4,7,4),(3,7,4),(3,8,4),(3,9,4),(2,9,4),(2,10,4),(2,11,4),(2,11,5),(2,12,5),(2,13,5),(2,13,4),(2,14,4),
96:(11,12,4),(11,12,3),(11,12,2),(11,11,2),(11,10,2),
97:(14,2,5),(13,2,5),(12,2,5),(11,2,5),(11,3,5),(11,4,5),(11,5,5),(11,6,5),(11,7,5),(11,8,5),(11,9,5),(10,9,5),(9,9,5),(8,9,5),(7,9,5),(6,9,5),(5,9,5),(5,10,5),(5,11,5),(5,12,5),(4,12,5),(3,12,5),(2,12,5),(2,13,5),(2,14,5),
98:(7,3,2),(7,4,2),(7,4,3),(7,4,4),(7,4,5),
99:(10,0,5),(9,0,5),(8,0,5),(7,0,5),(6,0,5),(5,0,5),(4,0,5),(3,0,5),(2,0,5),(1,0,5),(1,0,4),(1,0,3),(1,0,2),(1,1,2),(1,2,2),(1,3,2),(1,4,2),(1,5,2),(1,6,2),(1,7,2),(1,8,2),(0,8,2),(0,9,2),(0,10,2),(0,11,2),(0,12,2),(0,13,2),(0,14,2),
100:(4,6,3),(5,6,3),(6,6,3),(7,6,3),(7,6,4),(7,6,5),(7,7,5),(7,7,5),(7,8,5),(8,8,5),(9,8,5),(10,8,5),(11,8,5),(11,9,5),(12,9,5),(13,9,5),(13,9,4),(13,10,4),(13,11,4),(13,12,4),(13,13,4),
101:(12,10,4),(11,10,4),(11,10,5),(11,11,5),
102:(6,4,5),(7,4,5),(7,5,5),(7,6,5),(7,7,5),(7,8,5),(7,9,5),(7,10,5),(7,10,4),(7,10,4),(7,10,4),(7,10,3),(7,10,2),(7,10,1),(7,10,0),(7,11,0),
103:(2,8,4),(3,8,4),(4,8,4),(5,8,4),(6,8,4),(6,7,4),(6,6,4),(6,5,4),(6,4,4),(6,3,4),(6,2,4),(6,1,4),(7,1,4),
104:(9,1,5),(10,1,5),(10,1,4),(10,1,3),(10,2,3),(10,2,2),(10,3,2),(10,4,2),(10,5,2),(10,6,2),(10,7,2),(10,8,2),(10,9,2),(10,10,2),(10,11,2),
105:(0,3,1),(1,3,1),(2,3,1),(3,3,1),(4,3,1),(5,3,1),(5,3,0),(5,4,0),(6,4,0),(7,4,0),(7,5,0),(8,5,0),(9,5,0),(9,6,0),(9,7,0),(9,8,0),(10,8,0),(10,9,0),(11,9,0),(11,10,0),(11,10,-1),(11,11,-1),(11,12,-1),(11,13,-1),(11,14,-1),(11,14,0),
106:(1,7,0),(2,7,0),(3,7,0),(4,7,0),(4,7,1),(5,7,1),(5,8,1),(5,9,1),(6,9,1),(6,10,1),(6,10,2),(7,10,2),(8,10,2),(8,11,2),(8,11,1),
107:(7,13,3),(6,13,3),(5,13,3),(4,13,3),(3,13,3),(3,13,4),
108:(7,0,2),(6,0,2),(5,0,2),(4,0,2),(4,0,3),(4,1,3),(4,2,3),
109:(3,3,0),(3,3,1),(3,4,1),(3,5,1),(3,5,2),(3,6,2),(3,7,2),(3,8,2),(3,9,2),(3,9,3),(3,10,3),(3,11,3),(3,12,3),(3,13,3),
110:(0,13,5),(1,13,5),(2,13,5),(2,13,4),(3,13,4),(4,13,4),(5,13,4),(6,13,4),(7,13,4),(8,13,4),(9,13,4),(10,13,4),(11,13,4),(12,13,4),(13,13,4),(14,13,4),(14,13,3),(14,13,2),(14,13,1),(14,13,0),
111:(13,12,0),(12,12,0),(11,12,0),(11,12,1),(11,12,2),(11,12,3),(11,11,3),(11,11,4),(11,10,4),(11,9,4),(11,8,4),(11,7,4),(11,6,4),(10,6,4),(10,6,5),(10,5,5),(10,4,5),(9,4,5),
112:(5,14,3),(6,14,3),(6,14,2),(7,14,2),(8,14,2),(9,14,2),(9,14,1),(9,14,0),(9,13,0),(9,12,0),(9,11,0),
113:(5,4,0),(6,4,0),(7,4,0),(8,4,0),(9,4,0),(9,4,1),(9,4,2),(9,4,3),(9,4,4),(9,3,4),(9,2,4),(9,2,5),(9,1,5),
114:(12,12,0),(12,11,0),(13,11,0),(14,11,0),(14,10,0),(14,9,0),(14,8,0),(14,7,0),(14,6,0),(14,6,1),(14,5,1),(14,4,1),
115:(2,1,5),(3,1,5),(4,1,5),(5,1,5),(5,1,4),(6,1,4),(6,1,3),(6,2,3),(6,3,3),(6,4,3),(6,5,3),(6,6,3),(6,7,3),(6,8,3),(6,9,3),(6,10,3),(5,10,3),(5,11,3),(5,12,3),(6,12,3),(6,13,3),(6,14,3),(7,14,3),
116:(8,9,3),(7,9,3),(6,9,3),(5,9,3),(4,9,3),(4,8,3),(4,7,3),(4,6,3),(4,5,3),(3,5,3),(2,5,3),(1,5,3),(1,5,3),(1,4,3),(1,3,3),(1,3,4),(1,2,4),
117:(2,4,2),(2,4,3),(1,4,3),(1,4,4),
118:(10,8,1),(9,8,1),(8,8,1),(7,8,1),(6,8,1),(5,8,1),(4,8,1),(3,8,1),(3,8,0),(3,7,0),(3,6,0),
119:(7,4,3),(6,4,3),(5,4,3),(4,4,3),(4,3,3),(3,3,3),(2,3,3),(1,3,3),(1,2,3),(1,1,3),
120:(14,2,2),(13,2,2),(12,2,2),(11,2,2),(10,2,2),(9,2,2),(8,2,2),(7,2,2),(6,2,2),(5,2,2),(4,2,2),(3,2,2),(3,2,3),(3,2,4),(3,3,4),
121:(14,1,2),(13,1,2),(12,1,2),(11,1,2),(11,1,3),(10,1,3),(9,1,3),(9,2,3),(9,3,3),(9,4,3),(9,4,4),(9,5,4),(9,6,4),
122:(10,2,2),(9,2,2),(8,2,2),(7,2,2),(6,2,2),(5,2,2),(4,2,2),(3,2,2),(3,3,2),(3,3,1),(2,3,1),
123:(11,8,2),(10,8,2),(9,8,2),(8,8,2),(7,8,2),(6,8,2),(5,8,2),(4,8,2),(3,8,2),(2,8,2),(1,8,2),(0,8,2),(0,8,3),(0,8,4),(0,7,4),(0,6,4),
124:(1,13,4),(2,13,4),(3,13,4),(3,13,4),(4,13,4),(5,13,4),(6,13,4),(7,13,4),(8,13,4),(9,13,4),(10,13,4),(11,13,4),(12,13,4),(13,13,4),(14,13,4),(14,13,3),(14,12,3),(14,11,3),(14,10,3),
125:(2,13,3),(3,13,3),(3,12,3),(3,11,3),(3,10,3),(3,9,3),(3,9,3),(4,9,3),(4,8,3),(4,7,3),(4,6,3),(4,6,2),(5,6,2),(5,5,2),(5,5,1),(6,5,1),(6,4,1),(6,3,1),(6,2,1),(7,2,1),(8,2,1),(8,1,1),(9,1,1),
126:(11,14,5),(10,14,5),(9,14,5),(8,14,5),(7,14,5),(6,14,5),(5,14,5),(4,14,5),(3,14,5),(2,14,5),(1,14,5),(1,14,4),(1,14,3),(1,13,3),(1,12,3),(1,11,3),(0,11,3),(0,10,3),(0,9,3),(0,8,3),(0,7,3),(0,6,3),(0,5,3),
127:(4,8,1),(5,8,1),(6,8,1),(6,8,2),(6,8,3),(7,8,3),(8,8,3),(9,8,3),(10,8,3),(10,8,4),(10,7,4),(10,6,4),(10,6,5),(10,5,5),(10,4,5),(10,3,5),(10,2,5),
128:(3,6,0),(2,6,0),(1,6,0),(0,6,0),(0,6,1),(0,6,2),(0,6,3),(0,6,4),(0,6,5),(0,7,5),
129:(10,8,3),(9,8,3),(8,8,3),(7,8,3),(7,8,4),(7,7,4),(7,6,4),
130:(11,5,0),(10,5,0),(9,5,0),(9,5,1),(9,5,2),(9,5,3),(9,5,4),(8,5,4),(8,5,5),(8,4,5),
131:(13,4,3),(12,4,3),(11,4,3),(10,4,3),(9,4,3),(8,4,3),(7,4,3),(6,4,3),(5,4,3),(4,4,3),(4,5,3),(3,5,3),(2,5,3),(1,5,3),(0,5,3),(0,5,4),(0,5,5),
132:(11,9,5),(11,9,4),(11,9,3),(11,9,2),(11,8,2),
133:(8,2,5),(7,2,5),(7,2,4),(7,2,3),(7,1,3),
134:(6,5,2),(7,5,2),(8,5,2),(8,6,2),(8,7,2),(8,8,2),(8,9,2),(8,9,3),(8,10,3),(8,11,3),(8,11,4),
135:(11,10,2),(10,10,2),(9,10,2),(8,10,2),(7,10,2),(6,10,2),(5,10,2),(4,10,2),(3,10,2),(2,10,2),(2,9,2),(2,8,2),(2,7,2),(2,6,2),(2,5,2),
136:(4,9,4),(5,9,4),(6,9,4),(6,10,4),(6,11,4),(7,11,4),
137:(1,12,5),(1,12,4),(1,12,3),(1,11,3),(1,10,3),(1,9,3),(1,8,3),(1,7,3),(1,6,3),(1,5,3),(1,4,3),(1,3,3),(2,3,3),(2,2,3),(2,1,3),(2,0,3),
138:(8,9,2),(9,9,2),(9,9,1),(9,9,1),(9,8,1),(9,7,1),(9,6,1),(9,5,1),(9,4,1),(9,3,1),
139:(4,4,3),(5,4,3),(5,5,3),(6,5,3),(7,5,3),(8,5,3),(9,5,3),(10,5,3),(11,5,3),(11,6,3),(11,7,3),(11,8,3),(12,8,3),(12,9,3),(12,10,3),(12,11,3),(12,12,3),(12,13,3),
140:(12,14,2),(11,14,2),(10,14,2),(10,13,2),(10,12,2),(10,12,1),(10,12,0),(9,12,0),(9,11,0),(9,10,0),(8,10,0),(8,9,0),(7,9,0),(7,9,0),(7,8,0),(6,8,0),(5,8,0),(4,8,0),(3,8,0),
141:(6,2,3),(5,2,3),(5,2,4),(5,3,4),(5,4,4),(4,4,4),(4,5,4),(4,6,4),
142:(7,12,1),(8,12,1),(9,12,1),(10,12,1),(11,12,1),(12,12,1),(13,12,1),(13,11,1),(13,11,1),(13,10,1),(13,9,1),(13,8,1),(13,7,1),(13,6,1),(13,5,1),(13,5,2),(13,5,2),(14,5,2),(14,5,3),
143:(10,2,4),(10,3,4),(10,3,3),(10,3,3),(10,3,2),(10,3,1),(10,4,1),(10,5,1),(10,6,1),(10,7,1),(10,8,1),(10,9,1),(10,10,1),(10,11,1),(10,11,0),(10,12,0),(9,12,0),(8,12,0),(7,12,0),(7,13,0),(7,14,0),
144:(8,4,1),(7,4,1),(7,4,2),(7,5,2),(7,6,2),
145:(8,13,2),(7,13,2),(6,13,2),(5,13,2),(5,13,3),(4,13,3),
146:(12,2,1),(11,2,1),(10,2,1),(9,2,1),(9,2,2),(8,2,2),(7,2,2),(7,3,2),(7,4,2),(7,5,2),(6,5,2),
147:(2,1,4),(3,1,4),(4,1,4),(4,2,4),(4,2,4),(4,3,4),
148:(1,10,3),(2,10,3),(3,10,3),(4,10,3),(5,10,3),(6,10,3),(6,10,4),(6,9,4),(6,8,4),(6,7,4),(6,6,4),(6,6,5),(6,5,5),(6,4,5),
149:(2,7,5),(1,7,5),(1,6,5),(1,5,5),(1,4,5),(1,3,5),(1,3,4),(1,2,4),(1,2,4),(1,2,3),
150:(4,14,0),(5,14,0),(6,14,0),(7,14,0),(7,13,0),(8,13,0),(8,12,0),(8,11,0),(8,10,0),(8,9,0),(9,9,0),(9,9,1),(9,8,1),(9,7,1),(10,7,1),(10,6,1),(10,5,1),(11,5,1),(11,4,1),(12,4,1),(13,4,1),(13,4,2),(13,3,2),(13,2,2),(13,1,2),(13,0,2),(13,0,3),
151:(9,13,2),(10,13,2),(11,13,2),(12,13,2),(12,12,2),(12,11,2),(12,11,1),(12,10,1),
152:(0,2,2),(1,2,2),(1,1,2),(2,1,2),(3,1,2),(4,1,2),(5,1,2),(6,1,2),(7,1,2),(8,1,2),(9,1,2),(9,1,3),
153:(8,12,0),(8,11,0),(8,11,1),(8,10,1),(8,9,1),(8,8,1),(8,7,1),(8,7,2),(8,6,2),(8,5,2),(7,5,2),(7,4,2),(7,3,2),
154:(9,13,0),(8,13,0),(8,12,0),(7,12,0),(6,12,0),(5,12,0),(4,12,0),(4,11,0),
155:(3,9,2),(4,9,2),(5,9,2),(5,9,2),(5,9,3),(5,9,4),(6,9,4),(6,9,5),(7,9,5),(8,9,5),(9,9,5),(9,10,5),(10,10,5),(9,10,5),(10,10,5),(10,11,5),
156:(10,3,3),(9,3,3),(9,4,3),(9,5,3),(9,6,3),(9,7,3),(9,8,3),(9,9,3),(8,9,3),(8,9,2),(8,10,2),(8,11,2),(8,12,2),(8,12,1),
157:(3,11,4),(4,11,4),(5,11,4),(6,11,4),(7,11,4),(8,11,4),(9,11,4),(9,11,3),(9,11,2),(9,12,2),(9,13,2),(9,13,1),
158:(10,11,0),(9,11,0),(8,11,0),(8,11,1),(8,11,2),(8,11,3),(8,12,3),(8,13,3),(8,14,3),
159:(0,14,1),(1,14,1),(2,14,1),(3,14,1),(4,14,1),(4,13,1),(4,12,1),(4,11,1),(4,10,1),(4,9,1),(4,8,1),(4,8,0),(4,7,0),(4,6,0),(5,6,0),(6,6,0),(6,5,0),(7,5,0),(8,5,0),(9,5,0),(9,5,1),(10,5,1),(11,5,1),(11,5,0),(12,5,0),(13,5,0),
160:(7,8,1),(8,8,1),(8,8,2),(8,8,3),(9,8,3),(10,8,3),(11,8,3),(12,8,3),(13,8,3),(14,8,3),(14,7,3),(14,6,3),(14,5,3),(14,4,3),
161:(6,9,0),(7,9,0),(7,9,1),(7,9,2),(7,9,3),(7,10,3),(7,11,3),(7,12,3),(7,12,4),(7,13,4),(7,14,4),
162:(3,0,0),(3,1,0),(3,2,0),(3,3,0),(3,4,0),(3,5,0),(3,6,0),(3,7,0),(3,7,0),(4,7,0),(4,7,1),(4,8,1),(4,8,2),
163:(13,8,3),(12,8,3),(11,8,3),(10,8,3),(10,8,2),(9,8,2),(8,8,2),(7,8,2),(6,8,2),(6,8,1),(6,9,1),(6,10,1),(6,11,1),
164:(10,11,4),(10,11,3),(10,11,2),(10,11,1),(10,11,0),(9,11,0),(8,11,0),(7,11,0),(6,11,0),(6,10,0),
165:(2,2,0),(2,3,0),(2,4,0),(2,5,0),(2,6,0),(2,7,0),(2,7,1),(3,7,1),(3,8,1),(3,8,0),(3,9,0),(4,9,0),(5,9,0),(6,9,0),(7,9,0),(8,9,0),(9,9,0),(9,9,1),(9,10,1),
166:(0,12,1),(1,12,1),(1,11,1),(1,10,1),
167:(6,2,0),(5,2,0),(5,3,0),(4,3,0),(3,3,0),(3,4,0),
168:(1,4,2),(2,4,2),(3,4,2),(4,4,2),(5,4,2),(5,3,2),(5,2,2),(5,1,2),(5,0,2),
169:(14,7,3),(13,7,3),(13,6,3),(12,6,3),(11,6,3),(10,6,3),(10,5,3),(10,4,3),(9,4,3),(8,4,3),(7,4,3),(6,4,3),(6,3,3),(6,2,3),(6,1,3),
170:(2,5,4),(3,5,4),(4,5,4),(5,5,4),(6,5,4),(6,5,3),(6,5,2),(6,4,2),(6,3,2),(7,3,2),(7,2,2),
171:(12,10,3),(11,10,3),(10,10,3),(9,10,3),(8,10,3),(8,10,2),(7,10,2),(6,10,2),(5,10,2),(4,10,2),(3,10,2),(2,10,2),(2,10,1),(2,9,1),(1,9,1),(1,8,1),(1,7,1),(1,6,1),(1,5,1),(1,4,1),(1,3,1),(1,3,1),(1,3,1),(0,3,1),
172:(14,4,1),(13,4,1),(12,4,1),(11,4,1),(10,4,1),(10,4,2),(10,5,2),(9,5,2),(8,5,2),(8,5,3),(7,5,3),(7,5,4),(7,5,5),(7,6,5),(7,7,5),(7,8,5),(7,9,5),(6,9,5),(5,9,5),
173:(13,9,5),(13,9,4),(13,8,4),(13,7,4),
174:(8,6,1),(9,6,1),(9,6,0),(10,6,0),(11,6,0),(11,5,0),(12,5,0),(13,5,0),(13,4,0),(13,3,0),(13,2,0),
175:(12,4,1),(11,4,1),(10,4,1),(9,4,1),(8,4,1),(7,4,1),(6,4,1),(5,4,1),(5,4,2),(5,4,3),(5,3,3),(5,2,3),
176:(2,9,3),(3,9,3),(4,9,3),(4,9,4),(4,10,4),(4,11,4),(4,12,4),(4,13,4),(4,14,4),
177:(11,4,4),(10,4,4),(10,5,4),(10,6,4),(10,7,4),(10,7,3),(10,8,3),(10,9,3),(10,10,3),(10,11,3),(10,12,3),(10,13,3),(10,14,3),
178:(1,4,1),(1,5,1),(1,5,2),(1,6,2),(1,7,2),(1,8,2),(1,9,2),
179:(9,2,5),(10,2,5),(11,2,5),(11,3,5),(12,3,5),(13,3,5),(14,3,5),(14,4,5),
180:(9,7,1),(9,7,1),(9,7,2),(10,7,2),(11,7,2),(12,7,2),(12,6,2),(12,5,2),(12,4,2),
181:(8,12,2),(7,12,2),(6,12,2),(5,12,2),(4,12,2),(3,12,2),(2,12,2),(2,12,1),(2,12,0),(2,11,0),(2,10,0),(2,9,0),(2,8,0),
182:(3,14,0),(4,14,0),(5,14,0),(5,14,1),(5,14,2),(5,14,3),(5,13,3),(5,12,3),(5,11,3),(5,10,3),(5,9,3),(5,8,3),(5,7,3),(5,6,3),(5,6,4),(5,5,4),(5,5,5),(5,4,5),
183:(1,11,5),(2,11,5),(3,11,5),(4,11,5),(5,11,5),(5,11,4),(5,10,4),(5,9,4),(5,8,4),(5,7,4),(5,7,3),(5,6,3),(5,6,3),(6,6,3),(7,6,3),
184:(0,3,5),(1,3,5),(2,3,5),(3,3,5),(4,3,5),(5,3,5),(5,2,5),(6,2,5),(7,2,5),(7,1,5),
185:(7,2,5),(6,2,5),(5,2,5),(4,2,5),(3,2,5),(3,2,4),(3,2,3),(3,3,3),(3,4,3),
186:(9,0,2),(8,0,2),(7,0,2),(6,0,2),(5,0,2),(4,0,2),(3,0,2),(2,0,2),(2,0,1),(2,0,0),
187:(4,14,5),(5,14,5),(6,14,5),(7,14,5),(7,14,4),(8,14,4),(9,14,4),(10,14,4),(11,14,4),(11,13,4),(11,12,4),(11,11,4),(11,10,4),(11,9,4),(11,9,4),(12,9,4),(12,8,4),(13,8,4),(13,8,4),(13,8,3),(13,7,3),
188:(9,3,1),(9,3,2),(10,3,2),(11,3,2),(11,4,2),(11,5,2),(11,6,2),(11,7,2),(12,7,2),(12,7,3),
189:(7,4,5),(7,5,5),(7,5,4),(7,5,3),(7,6,3),(7,7,3),(7,8,3),(7,9,3),(7,9,2),(7,10,2),(7,11,2),(7,12,2),(7,12,2),(8,12,2),
190:(8,5,0),(8,5,1),(8,4,1),(7,4,1),(7,4,1),(7,3,1),
191:(4,5,5),(5,5,5),(6,5,5),(7,5,5),(8,5,5),(9,5,5),(9,6,5),(9,6,4),(10,6,4),(11,6,4),(11,6,3),(11,6,2),(11,6,1),(11,6,0),(11,7,0),
192:(8,1,1),(7,1,1),(7,2,1),(6,2,1),(5,2,1),(4,2,1),(3,2,1),(2,2,1),(2,2,0),(1,2,0),(1,3,0),(1,4,0),(1,5,0),(1,6,0),(1,7,0),(0,7,0),(0,8,0),(0,9,0),(0,10,0),
193:(13,8,1),(12,8,1),(11,8,1),(11,7,1),(11,6,1),(11,5,1),(11,4,1),(11,4,2),(11,3,2),(11,2,2),
194:(3,12,3),(2,12,3),(2,11,3),(2,10,3),(2,9,3),(2,8,3),(2,7,3),(2,7,3),(1,7,3),
195:(12,9,0),(12,8,0),(12,7,0),(12,6,0),
196:(8,2,0),(7,2,0),(6,2,0),(6,3,0),
197:(12,13,0),(11,13,0),(11,13,0),(11,12,0),(11,11,0),(11,10,0),(11,9,0),(11,8,0),(11,7,0),(11,6,0),(11,5,0),(11,5,0),(10,5,0),
198:(8,10,5),(9,10,5),(9,10,4),(9,11,4),(9,12,4),
199:(2,10,2),(3,10,2),(4,10,2),(5,10,2),(6,10,2),(6,11,2),(6,12,2),(6,13,2),(6,13,3),(6,13,4),(6,13,5),(6,14,5),
200:(3,6,4),(3,6,3),(3,6,2),(3,5,2),(3,4,2),(3,4,1),
201:(9,5,2),(8,5,2),(8,5,3),(8,5,4),(7,5,4),(6,5,4),(5,5,4),(5,6,4),(5,7,4),(4,7,4),(4,8,4),(4,9,4),(4,10,4),(4,11,4),(4,12,4),
202:(2,2,5),(3,2,5),(3,2,4),(3,2,3),(4,2,3),(5,2,3),(6,2,3),(7,2,3),(8,2,3),(8,2,2),(9,2,2),(9,1,2),(9,0,2),(10,0,2),(11,0,2),(12,0,2),
203:(5,8,4),(6,8,4),(7,8,4),(8,8,4),(8,8,5),(8,7,5),(8,6,5),(8,5,5),(8,4,5),(8,3,5),
204:(14,3,3),(13,3,3),(12,3,3),(11,3,3),(10,3,3),(10,2,3),(10,2,3),(10,2,3),(9,2,3),
205:(2,8,3),(3,8,3),(4,8,3),(5,8,3),(5,7,3),(5,6,3),(5,5,3),(5,4,3),(5,3,3),(5,3,2),(6,3,2),(6,2,2),(6,1,2),(7,1,2),(7,0,2),
206:(3,9,1),(4,9,1),(4,9,2),(4,9,3),(4,9,4),(4,9,5),(4,10,5),
207:(3,0,1),(4,0,1),(5,0,1),(6,0,1),(7,0,1),(8,0,1),(9,0,1),(10,0,1),(10,1,1),(10,2,1),(10,3,1),(10,4,1),(10,5,1),(10,6,1),(9,6,1),(9,7,1),(9,8,1),(10,8,1),(10,9,1),(10,10,1),(10,11,1),(10,12,1),(10,12,2),(10,12,3),(10,13,3),
208:(0,7,0),(1,7,0),(2,7,0),(3,7,0),(3,7,1),(3,7,2),(3,8,2),(3,9,2),(4,9,2),(5,9,2),(5,10,2),(5,9,2),(6,9,2),(7,9,2),(8,9,2),(9,9,2),(10,9,2),(11,9,2),(11,9,3),(12,9,3),(12,10,3),
209:(12,2,0),(12,2,1),(13,2,1),(14,2,1),(14,3,1),(14,4,1),(14,5,1),(14,5,2),(14,6,2),(14,7,2),(14,8,2),(14,9,2),(14,10,2),(14,11,2),(14,12,2),
210:(11,1,5),(11,1,4),(11,2,4),(11,3,4),(10,3,4),(10,4,4),(9,4,4),(9,4,4),(8,4,4),(7,4,4),(6,4,4),(5,4,4),(4,4,4),(3,4,4),(2,4,4),(2,4,3),(1,4,3),(0,4,3),
211:(0,7,1),(1,7,1),(1,7,2),(2,7,2),(3,7,2),(4,7,2),(4,7,1),(5,7,1),(6,7,1),(7,7,1),(8,7,1),(9,7,1),(10,7,1),(10,7,2),
212:(0,11,3),(1,11,3),(1,11,4),(1,10,4),(1,9,4),(1,8,4),
213:(0,2,5),(1,2,5),(2,2,5),(2,2,4),(3,2,4),(4,2,4),(5,2,4),(6,2,4),(7,2,4),(7,3,4),(8,3,4),(9,3,4),(9,3,3),(9,4,3),(10,4,3),(11,4,3),(12,4,3),(12,5,3),
214:(13,8,4),(12,8,4),(11,8,4),(10,8,4),(9,8,4),(8,8,4),(7,8,4),(6,8,4),(6,8,3),(6,8,2),(5,8,2),(4,8,2),(3,8,2),(3,7,2),(3,6,2),(3,5,2),(3,4,2),
215:(10,11,2),(9,11,2),(8,11,2),(7,11,2),(6,11,2),(5,11,2),(4,11,2),(3,11,2),(2,11,2),(2,11,3),(2,10,3),(2,10,4),(2,9,4),(2,8,4),(2,7,4),(1,7,4),
216:(0,12,0),(1,12,0),(2,12,0),(3,12,0),(4,12,0),(4,12,1),(5,12,1),(6,12,1),(7,12,1),(8,12,1),(8,12,2),(9,12,2),(10,12,2),(11,12,2),(11,12,3),(11,12,4),(11,12,5),
217:(4,2,2),(5,2,2),(5,3,2),(5,4,2),(6,4,2),(7,4,2),(8,4,2),(9,4,2),(10,4,2),(11,4,2),(11,4,3),(12,4,3),(13,4,3),(13,4,4),(14,4,4),(14,5,4),(14,5,5),(14,6,5),(14,7,5),(14,8,5),(14,9,5),(14,10,5),(14,11,5),(14,12,5),
218:(8,13,1),(7,13,1),(7,12,1),(7,12,1),(7,11,1),
219:(1,9,3),(2,9,3),(3,9,3),(3,9,2),(4,9,2),(5,9,2),(6,9,2),(7,9,2),(8,9,2),(9,9,2),(9,9,1),(9,8,1),(9,7,1),(10,7,1),(10,6,1),(10,5,1),(11,5,1),(11,4,1),(11,3,1),
220:(9,4,5),(8,4,5),(8,5,5),(8,6,5),(8,6,4),(8,7,4),(8,8,4),(8,9,4),(8,9,4),(8,9,3),(8,9,2),(8,10,2),(8,10,1),
221:(5,5,2),(6,5,2),(7,5,2),(8,5,2),(8,5,3),(8,5,4),(8,4,4),(8,3,4),(9,3,4),(9,2,4),(10,2,4),
222:(6,6,3),(6,6,2),(6,5,2),(6,4,2),(6,3,2),(6,2,2),(6,2,1),(6,1,1),
223:(10,6,4),(9,6,4),(9,5,4),(9,4,4),(8,4,4),(7,4,4),(6,4,4),(5,4,4),(5,3,4),(5,2,4),(5,1,4),(5,0,4),
224:(11,13,5),(10,13,5),(10,12,5),(9,12,5),(8,12,5),(7,12,5),(6,12,5),(5,12,5),(4,12,5),(3,12,5),(2,12,5),(2,11,5),(2,10,5),(2,10,6),(2,9,6),(2,8,6),(2,7,6),(2,6,6),(2,6,5),(2,5,5),(2,4,5),(2,3,5),(2,2,5),
225:(0,0,0),(1,0,0),(1,1,0),(1,2,0),(1,3,0),(1,4,0),(1,5,0),(1,6,0),(1,7,0),(2,7,0),(2,8,0),(3,8,0),(4,8,0),(5,8,0),(5,8,1),(5,9,1),(5,10,1),(5,11,1),(5,12,1),(5,13,1),(5,14,1),(5,15,1),(6,15,1),(6,15,2),(6,14,2),
226:(14,3,0),(14,3,1),(14,3,2),(14,4,2),
227:(8,9,4),(8,8,4),(8,7,4),(8,6,4),(8,5,4),(8,4,4),(8,4,3),(8,4,2),(9,4,2),(10,4,2),
228:(13,5,4),(12,5,4),(11,5,4),(10,5,4),(9,5,4),(9,4,4),(9,4,5),(8,4,5),(8,3,5),(7,3,5),(6,3,5),(5,3,5),(4,3,5),(4,2,5),(3,2,5),
229:(9,11,2),(9,11,3),(9,10,3),(9,10,4),
230:(5,1,5),(6,1,5),(6,2,5),(6,3,5),(6,4,5),(6,5,5),(7,5,5),(7,6,5),(8,6,5),(8,7,5),(8,8,5),(8,9,5),(8,10,5),(8,11,5),(8,12,5),
231:(1,11,2),(2,11,2),(3,11,2),(4,11,2),(5,11,2),(5,11,3),(6,11,3),(7,11,3),(8,11,3),(9,11,3),(10,11,3),(11,11,3),(12,11,3),(13,11,3),(14,11,3),(14,10,3),(14,9,3),(14,8,3),(14,7,3),(15,7,3),(15,6,3),(15,5,3),(15,4,3),(15,3,3),(15,2,3),(15,1,3),(14,1,3),
232:(4,7,0),(5,7,0),(6,7,0),(7,7,0),(8,7,0),(9,7,0),(10,7,0),(11,7,0),(12,7,0),(13,7,0),(13,7,1),(13,7,2),(13,7,3),(13,6,3),(13,5,3),
233:(6,4,0),(6,4,1),(6,5,1),(6,5,2),(6,6,2),(6,7,2),(6,7,3),(6,7,4),(6,7,5),(5,7,5),(5,7,5),(4,7,5),
234:(10,2,5),(10,2,4),(10,2,3),(9,2,3),(8,2,3),(8,1,3),(8,1,3),(8,0,3),(7,0,3),(6,0,3),(5,0,3),(4,0,3),(3,0,3),(2,0,3),(1,0,3),(1,0,2),
235:(9,14,4),(8,14,4),(8,13,4),(8,12,4),(8,11,4),(8,10,4),(7,10,4),(6,10,4),(6,9,4),(6,8,4),(6,7,4),(6,6,4),(6,6,3),(7,6,3),(7,5,3),(7,4,3),(7,4,4),
236:(4,3,4),(3,3,4),(3,3,3),(3,4,3),(3,5,3),(3,5,2),(3,5,1),(3,6,1),(3,7,1),(3,8,1),(3,8,0),(3,9,0),
237:(14,10,1),(13,10,1),(12,10,1),(11,10,1),(10,10,1),(9,10,1),(8,10,1),(7,10,1),(6,10,1),(5,10,1),(5,10,0),(5,10,0),(4,10,0),
238:(5,7,5),(6,7,5),(7,7,5),(8,7,5),(9,7,5),(10,7,5),(11,7,5),(11,7,4),(11,7,3),(11,7,2),(11,7,1),(11,8,1),(11,9,1),(11,10,1),(11,10,0),(11,11,0),(11,12,0),
239:(13,8,0),(13,8,1),(12,8,1),(11,8,1),(10,8,1),(9,8,1),(8,8,1),(7,8,1),(6,8,1),(5,8,1),(5,9,1),(4,9,1),(4,9,2),(3,9,2),(2,9,2),(2,10,2),(2,11,2),(2,12,2),(2,13,2),(2,13,3),
240:(12,3,1),(11,3,1),(10,3,1),(9,3,1),(8,3,1),(8,4,1),(8,5,1),(8,5,2),(8,5,3),(8,5,4),(7,5,4),(7,5,5),(7,6,5),(7,7,5),(7,8,5),(7,9,5),(6,9,5),(6,10,5),
241:(10,4,4),(9,4,4),(8,4,4),(8,4,3),(7,4,3),(6,4,3),(6,5,3),(6,6,3),(6,6,2),(6,7,2),(6,8,2),
242:(8,13,0),(8,13,1),(9,13,1),(10,13,1),(10,13,2),(10,13,3),(10,13,4),(10,12,4),(10,11,4),
243:(6,8,0),(7,8,0),(8,8,0),(9,8,0),(10,8,0),(11,8,0),(12,8,0),(13,8,0),(13,9,0),(13,9,1),(13,9,2),(13,9,2),(14,9,2),(14,9,3),(14,9,4),
244:(5,13,2),(4,13,2),(4,13,1),(4,13,0),(4,14,0),
245:(5,9,2),(5,9,1),(5,10,1),(4,10,1),(3,10,1),(2,10,1),(2,10,2),(1,10,2),(0,10,2),(0,10,1),
246:(14,2,3),(13,2,3),(12,2,3),(11,2,3),(11,3,3),(11,4,3),(11,5,3),(11,6,3),(10,6,3),(10,6,3),(10,6,2),(10,7,2),(10,8,2),(10,8,1),(10,9,1),(10,10,1),(10,11,1),(10,11,0),(10,12,0),(9,12,0),(8,12,0),(8,13,0),(7,13,0),(6,13,0),(5,13,0),(4,13,0),(3,13,0),(2,13,0),(1,13,0),
247:(7,5,4),(6,5,4),(5,5,4),(5,6,4),(4,6,4),(3,6,4),(2,6,4),(2,6,3),
248:(2,9,4),(3,9,4),(4,9,4),(5,9,4),(6,9,4),(6,9,3),(7,9,3),(7,10,3),(7,10,3),(8,10,3),(8,10,3),(8,11,3),
249:(5,4,3),(5,4,2),(6,4,2),(7,4,2),(8,4,2),(9,4,2),(10,4,2),(10,4,1),(11,4,1),(11,5,1),(11,6,1),(11,7,1),(11,8,1),(11,9,1),(11,10,1),(11,11,1),(12,11,1),(12,12,1),(12,13,1),(12,13,0),
250:(12,10,2),(11,10,2),(10,10,2),(9,10,2),(8,10,2),(7,10,2),(6,10,2),(5,10,2),(5,10,1),(4,10,1),(4,9,1),(4,10,1),(4,9,1),(4,8,1),
251:(9,6,1),(9,6,0),(8,6,0),(7,6,0),(6,6,0),(5,6,0),(5,6,1),
252:(7,3,5),(6,3,5),(6,4,5),(6,5,5),(6,6,5),(6,6,4),(6,6,3),(6,6,2),(6,6,1),(6,7,1),(6,8,1),(5,8,1),(5,8,0),(5,9,0),(5,10,0),(5,11,0),(5,12,0),
253:(12,5,3),(11,5,3),(11,5,2),(11,4,2),(10,4,2),(10,3,2),(9,3,2),(8,3,2),(7,3,2),(7,2,2),(6,2,2),(5,2,2),(5,1,2),(5,1,1),
254:(0,10,3),(1,10,3),(1,10,4),(1,10,5),(1,9,5),(1,8,5),(1,7,5),(1,6,5),(1,5,5),
255:(8,9,5),(8,9,4),(7,9,4),(6,9,4),(6,9,3),(5,9,3),(4,9,3),(4,8,3),(4,7,3),(4,6,3),(4,6,2),(4,6,1),(4,6,0),(4,5,0),(4,4,0),
256:(2,13,0),(3,13,0),(4,13,0),(5,13,0),(6,13,0),(7,13,0),(8,13,0),(9,13,0),(9,12,0),(9,11,0),(9,10,0),(9,10,1),(9,9,1),(9,8,1),(9,7,1),(10,7,1),(10,6,1),(10,5,1),(11,5,1),(11,4,1),(12,4,1),(12,3,1),
257:(6,1,4),(6,2,4),(6,3,4),(7,3,4),(7,4,4),(7,5,4),(8,5,4),(8,6,4),(8,6,4),(8,7,4),(9,7,4),(10,7,4),(11,7,4),(11,7,5),(11,8,5),
258:(5,0,5),(6,0,5),(6,1,5),(6,2,5),(6,3,5),(6,4,5),(6,5,5),(6,6,5),(6,6,4),(6,6,3),(6,6,2),(6,7,2),(7,7,2),(7,8,2),(7,9,2),(7,10,2),(7,11,2),(7,12,2),(7,12,1),(7,12,0),
259:(14,13,2),(14,13,3),(14,12,3),(14,11,3),(14,10,3),(14,9,3),(14,8,3),(14,7,3),(14,6,3),(14,5,3),(14,4,3),(13,4,3),(13,3,3),(13,2,3),(13,1,3),
260:(7,1,0),(7,1,-1),(6,1,-1),(5,1,-1),(4,1,-1),(3,1,-1),(2,1,-1),(1,1,-1),(0,1,-1),(0,2,-1),(0,3,-1),(0,3,-1),(0,3,0),
261:(14,6,4),(13,6,4),(12,6,4),(11,6,4),(10,6,4),(9,6,4),(8,6,4),(8,6,3),(7,6,3),(7,7,3),(6,7,3),(5,7,3),(4,7,3),(3,7,3),(2,7,3),(2,7,2),(2,8,2),(2,9,2),
262:(0,14,2),(1,14,2),(2,14,2),(3,14,2),(3,14,3),(3,13,3),(3,12,3),(4,12,3),(4,11,3),(5,11,3),(5,10,3),(5,9,3),(5,8,3),(5,7,3),(6,7,3),(6,6,3),(6,5,3),(7,5,3),(8,5,3),(9,5,3),(10,5,3),(10,4,3),(11,4,3),(12,4,3),(12,3,3),(12,2,3),(12,1,3),(12,0,3),(12,0,4),(13,0,4),(14,0,4),(14,0,3),
263:(5,7,4),(4,7,4),(4,7,3),(4,7,2),(4,6,2),(4,5,2),(4,4,2),(4,3,2),(4,3,1),(4,3,0),
264:(5,10,5),(6,10,5),(7,10,5),(8,10,5),(9,10,5),(9,9,5),(9,9,4),(9,8,4),(9,8,3),(9,8,3),(9,8,2),
265:(3,10,2),(3,9,2),(2,9,2),(2,9,1),(2,8,1),
266:(3,4,1),(4,4,1),(5,4,1),(5,5,1),(5,5,2),(5,6,2),(5,7,2),(6,7,2),(7,7,2),(7,7,2),(8,7,2),(9,7,2),
267:(9,3,4),(9,3,5),(9,4,5),(9,5,5),(9,6,5),(9,7,5),(9,8,5),(9,9,5),(9,9,4),(9,9,3),(9,9,2),(9,10,2),(9,11,2),
268:(12,14,3),(11,14,3),(10,14,3),(9,14,3),(8,14,3),(7,14,3),(6,14,3),(5,14,3),(5,14,2),(5,13,2),(5,12,2),(5,11,2),(5,10,2),(5,9,2),(5,8,2),(5,7,2),(5,6,2),(5,5,2),(5,4,2),(4,4,2),(4,3,2),(3,3,2),
269:(9,13,1),(9,13,2),(8,13,2),(7,13,2),(6,13,2),(6,13,3),(6,13,3),(5,13,3),(5,13,4),
270:(11,11,5),(12,11,5),(13,11,5),(14,11,5),(14,11,4),(14,10,4),(14,9,4),(14,8,4),(14,7,4),(14,6,4),(14,5,4),(14,4,4),(14,3,4),(14,2,4),(14,1,4),
271:(0,5,5),(1,5,5),(2,5,5),(3,5,5),(4,5,5),(5,5,5),(5,6,5),(5,7,5),(5,8,5),(6,8,5),(7,8,5),(8,8,5),(9,8,5),(10,8,5),(10,8,4),(10,8,3),(11,8,3),(11,9,3),(11,10,3),(11,11,3),(11,11,2),(11,12,2),(11,13,2),
272:(8,2,4),(8,3,4),(9,3,4),(10,3,4),(10,4,4),(11,4,4),(12,4,4),(12,5,4),
273:(3,9,5),(4,9,5),(4,8,5),(4,7,5),(4,6,5),(4,5,5),(4,4,5),(4,3,5),(4,2,5),(4,2,4),(4,1,4),
274:(0,12,2),(1,12,2),(2,12,2),(2,12,3),(2,12,4),(2,11,4),(3,11,4),(3,10,4),(4,10,4),(4,9,4),(5,9,4),(5,8,4),(6,8,4),(6,7,4),(6,6,4),(5,6,4),(5,5,4),
275:(7,9,0),(7,9,1),(6,9,1),(6,8,1),(5,8,1),(4,8,1),(4,8,2),(4,7,2),(4,6,2),(4,5,2),(3,5,2),(2,5,2),(2,4,2),(2,4,3),(2,3,3),(2,2,3),(2,1,3),(2,1,4),(1,1,4),(1,0,4),(1,0,3),
276:(7,11,1),(8,11,1),(9,11,1),(9,10,1),(9,9,1),(10,9,1),(10,8,1),(10,7,1),(11,7,1),(11,6,1),(12,6,1),(13,6,1),(13,5,1),(13,4,1),(13,3,1),(13,2,1),(14,2,1),(14,1,1),(14,0,1),
277:(13,3,3),(12,3,3),(12,3,4),(12,4,4),(12,5,4),(12,6,4),(12,7,4),
278:(12,0,5),(13,0,5),(14,0,5),(14,1,5),(14,2,5),(14,3,5),(14,4,5),(14,5,5),(14,6,5),(14,7,5),(14,8,5),(14,9,5),(14,10,5),(14,11,5),(14,12,5),(14,13,5),
279:(7,9,1),(8,9,1),(8,10,1),(8,10,0),(9,10,0),(10,10,0),(11,10,0),(12,10,0),(13,10,0),(13,11,0),(13,12,0),(13,13,0),(13,14,0),(13,14,0),(13,14,0),(13,14,1),
280:(12,12,3),(12,12,4),(11,12,4),(11,13,4),(11,14,4),(11,14,5),
281:(14,14,0),(13,14,0),(12,14,0),(11,14,0),(10,14,0),(9,14,0),(8,14,0),(8,13,0),(8,12,0),(8,11,0),
282:(9,7,5),(9,7,4),(9,7,3),(9,6,3),(9,6,4),(9,6,3),
283:(9,13,5),(9,12,5),(9,11,5),(9,10,5),(9,9,5),(9,9,4),(9,8,4),(9,7,4),(9,6,4),(9,5,4),(8,5,4),(8,4,4),(9,4,4),
284:(2,0,2),(3,0,2),(3,1,2),(3,2,2),(3,3,2),(3,4,2),(3,4,3),(3,4,4),(3,5,4),(3,6,4),(3,7,4),(3,8,4),(4,8,4),(4,9,4),(4,10,4),
285:(9,12,5),(8,12,5),(8,12,5),(8,11,5),(8,10,5),(8,9,5),(8,8,5),(8,7,5),(7,7,5),(7,6,5),(7,5,5),(6,5,5),(6,4,5),(6,3,5),(6,3,4),(6,3,3),(6,3,2),(6,2,2),(6,1,2),(6,0,2),
286:(14,10,3),(13,10,3),(12,10,3),(12,10,2),(12,9,2),(12,8,2),
287:(6,7,0),(6,7,1),(5,7,1),(5,6,1),(5,5,1),(5,4,1),(5,4,2),(5,3,2),(5,2,2),(5,2,3),(5,2,4),(5,2,5),
288:(9,14,2),(8,14,2),(8,14,2),(8,13,2),(7,13,2),(7,12,2),(7,11,2),(6,11,2),(5,11,2),(4,11,2),(3,11,2),(2,11,2),(1,11,2),(1,10,2),(0,10,2),(0,9,2),(0,8,2),(0,7,2),
289:(7,8,5),(6,8,5),(5,8,5),(5,9,5),(5,9,5),(5,10,5),(5,11,5),(5,11,4),(4,11,4),(4,11,3),(4,11,2),(4,11,1),(4,12,1),(3,12,1),(3,12,0),
290:(13,9,4),(12,9,4),(11,9,4),(10,9,4),(10,8,4),(10,7,4),(10,6,4),(10,5,4),(9,5,4),(9,5,3),(9,4,3),(9,3,3),(9,3,2),(9,2,2),(9,1,2),(9,1,1),(9,0,1),
291:(0,12,3),(1,12,3),(2,12,3),(3,12,3),(3,11,3),(4,11,3),(5,11,3),(6,11,3),(7,11,3),(7,10,3),(7,9,3),(7,9,2),(7,9,1),(7,8,1),(7,7,1),(7,6,1),
292:(10,14,5),(9,14,5),(8,14,5),(8,14,4),(8,13,4),(7,13,4),(7,13,4),(7,13,3),(7,13,2),(6,13,2),(5,13,2),(4,13,2),(3,13,2),
293:(4,13,2),(4,14,2),
294:(9,7,0),(8,7,0),(7,7,0),(7,7,1),(6,7,1),(6,8,1),(6,8,2),(6,9,2),(6,10,2),(6,11,2),
295:(4,11,4),(4,10,4),(3,10,4),(2,10,4),(1,10,4),(0,10,4),(0,11,4),
296:(2,8,1),(3,8,1),(4,8,1),(5,8,1),(5,8,2),(5,8,3),(6,8,3),(6,9,3),(6,10,3),(6,11,3),
297:(7,6,3),(7,7,3),(7,8,3),(7,9,3),(7,10,3),(7,11,3),(8,11,3),(8,11,2),(7,11,2),(7,12,2),(6,12,2),(5,12,2),(5,13,2),(5,14,2),
298:(5,3,0),(4,3,0),(3,3,0),(3,4,0),(3,4,1),(3,5,1),(3,6,1),(3,6,2),(3,7,2),(3,8,2),(3,9,2),(3,9,3),(3,9,4),(3,9,5),
299:(0,10,1),(1,10,1),(2,10,1),(3,10,1),(3,10,2),(4,10,2),(4,10,3),(5,10,3),(5,9,3),(6,9,3),(6,8,3),(7,8,3),(8,8,3),(9,8,3),(10,8,3),(11,8,3),(12,8,3),(13,8,3),(13,7,3),(13,6,3),
300:(6,5,0),(5,5,0),(5,6,0),(5,7,0),
301:(4,8,2),(5,8,2),(5,8,1),(5,8,0),(6,8,0),(6,9,0),(6,10,0),(6,11,0),(6,12,0),
302:(7,14,1),(6,14,1),(5,14,1),(5,13,1),(5,12,1),(5,12,2),(5,12,2),(4,12,2),
303:(9,14,1),(8,14,1),(7,14,1),(6,14,1),(5,14,1),(5,13,1),(4,13,1),(3,13,1),(3,14,1),
304:(13,0,3),(12,0,3),(11,0,3),(10,0,3),(9,0,3),(8,0,3),(7,0,3),(6,0,3),(6,1,3),(6,2,3),(6,3,3),(6,3,3),(5,3,3),(4,3,3),(4,4,3),(4,5,3),(3,5,3),(3,6,3),(3,7,3),(2,7,3),(2,8,3),
305:(11,6,3),(10,6,3),(9,6,3),(9,6,2),(9,6,1),(9,6,0),(9,7,0),(9,8,0),(9,8,0),(8,8,0),
306:(11,13,1),(10,13,1),(10,13,2),(9,13,2),(8,13,2),(7,13,2),(7,12,2),(6,12,2),(6,12,3),(6,12,4),(6,11,4),(6,10,4),(6,9,4),(6,8,4),(6,7,4),
307:(2,7,1),(2,8,1),(3,8,1),(4,8,1),(4,9,1),(5,9,1),(6,9,1),(7,9,1),(8,9,1),(9,9,1),(10,9,1),(11,9,1),(12,9,1),(12,9,2),
308:(4,10,4),(4,10,3),(5,10,3),(5,10,3),(5,10,2),(5,10,1),(6,10,1),(6,9,1),(7,9,1),(7,8,1),(7,7,1),(7,6,1),(7,5,1),(8,5,1),(9,5,1),(9,4,1),(10,4,1),(10,3,1),(10,2,1),(11,2,1),(11,1,1),(11,0,1),
309:(13,1,0),(12,1,0),(11,1,0),(10,1,0),(9,1,0),(8,1,0),(8,1,-1),(7,1,-1),(6,1,-1),(5,1,-1),(4,1,-1),(3,1,-1),(2,1,-1),(1,1,-1),(1,1,0),(1,2,0),(1,3,0),(1,4,0),
310:(8,3,2),(8,3,1),(8,3,0),(8,3,0),(8,4,0),
311:(11,3,3),(11,4,3),(11,5,3),(12,5,3),(12,6,3),(12,7,3),(12,8,3),(12,9,3),(12,9,2),(12,9,1),(12,9,0),(12,10,0),
312:(6,7,3),(6,7,4),(6,6,4),(6,5,4),(6,4,4),(5,4,4),(5,3,4),(5,2,4),(4,2,4),(3,2,4),(3,1,4),
313:(0,6,2),(0,6,3),(0,6,4),(0,7,4),(0,8,4),(0,9,4),
314:(2,13,2),(3,13,2),(4,13,2),(4,13,2),(5,13,2),(6,13,2),(7,13,2),(8,13,2),(9,13,2),(10,13,2),(11,13,2),(12,13,2),(12,12,2),(13,12,2),(13,11,2),(13,10,2),(13,9,2),(13,8,2),(13,7,2),(14,7,2),(14,6,2),(14,5,2),(13,5,2),(13,4,2),(13,3,2),(14,3,2),(14,2,2),
315:(7,9,3),(7,9,2),(8,9,2),(9,9,2),(10,9,2),(11,9,2),(12,9,2),(12,9,1),(12,9,0),(12,10,0),(12,11,0),(12,11,0),(13,11,0),
316:(9,2,3),(8,2,3),(7,2,3),(7,3,3),(7,3,2),(6,3,2),(6,3,1),(6,4,1),(6,5,1),(6,6,1),(6,7,1),(6,8,1),(5,8,1),(5,9,1),(4,9,1),(4,10,1),(4,10,1),(4,11,1),(3,11,1),(2,11,1),(1,11,1),(0,11,1),(0,12,1),
317:(14,11,4),(13,11,4),(12,11,4),(11,11,4),(10,11,4),(10,10,4),(10,9,4),(10,8,4),(10,7,4),(10,6,4),(9,6,4),(8,6,4),(8,5,4),(8,4,4),(7,4,4),(7,3,4),(7,2,4),(6,2,4),(5,2,4),(4,2,4),(4,2,5),(4,1,5),
318:(2,14,3),(2,14,4),(3,14,4),(4,14,4),(5,14,4),(5,14,5),(5,13,5),(6,13,5),(7,13,5),(7,12,5),(7,11,5),(7,10,5),(7,10,5),(8,10,5),
319:(8,2,1),(7,2,1),(6,2,1),(6,2,2),(6,2,3),(6,2,4),(6,2,5),(6,3,5),(5,3,5),(5,4,5),(5,5,5),(5,6,5),(5,6,5),(4,6,5),
320:(9,11,5),(9,11,4),(9,11,3),(9,11,2),(9,11,1),
321:(5,11,4),(5,11,5),(4,11,5),(4,10,5),(3,10,5),(3,9,5),(3,8,5),(3,7,5),(3,6,5),(2,6,5),(2,5,5),(2,4,5),(2,3,5),(2,2,5),(2,1,5),(2,0,5),
322:(1,0,3),(2,0,3),(3,0,3),(4,0,3),(4,1,3),(4,2,3),(4,3,3),(4,4,3),(4,4,4),(5,4,4),(5,5,4),(5,6,4),(5,6,4),(5,6,5),(6,6,5),(6,6,4),
323:(0,1,0),(1,1,0),(2,1,0),(3,1,0),(3,1,1),(3,1,2),(3,1,3),(3,1,4),(3,2,4),(3,3,4),(3,4,4),(3,5,4),(3,6,4),(3,7,4),(3,7,4),(3,7,4),(3,7,5),
324:(5,3,2),(6,3,2),(7,3,2),(7,3,2),(8,3,2),(9,3,2),(9,2,2),(10,2,2),(11,2,2),(12,2,2),(12,2,1),
325:(12,6,2),(11,6,2),(11,7,2),(11,8,2),(11,8,1),(10,8,1),(9,8,1),(8,8,1),(7,8,1),(7,8,0),(7,9,0),(6,9,0),(6,9,-1),(5,9,-1),(4,9,-1),(3,9,-1),(2,9,-1),(1,9,-1),(1,9,0),(1,9,1),
326:(10,14,3),(9,14,3),(9,13,3),(9,12,3),(9,12,2),(9,11,2),(9,10,2),(9,10,1),(9,9,1),(9,8,1),(8,8,1),(7,8,1),(7,7,1),(7,6,1),(7,5,1),(7,4,1),
327:(1,8,4),(2,8,4),(3,8,4),(4,8,4),(5,8,4),(6,8,4),(6,7,4),(7,7,4),(8,7,4),(9,7,4),(9,8,4),(10,8,4),(11,8,4),
328:(10,9,2),(10,9,3),(10,9,4),(10,9,5),(10,8,5),(9,8,5),(9,8,6),(8,8,6),(8,7,6),(8,6,6),(8,6,5),
329:(13,13,2),(12,13,2),(12,13,1),(11,13,1),(10,13,1),(9,13,1),(9,12,1),(8,12,1),(8,11,1),(8,10,1),(7,10,1),(7,9,1),(6,9,1),(6,8,1),(6,7,1),(6,6,1),(6,5,1),(5,5,1),(4,5,1),(4,5,0),(3,5,0),(2,5,0),(2,5,1),
330:(13,5,2),(13,5,3),(13,5,4),(13,5,5),(13,6,5),
331:(11,14,4),(10,14,4),(10,13,4),(10,12,4),(10,12,4),(10,11,4),(10,10,4),(10,9,4),(10,8,4),(10,7,4),(10,6,4),(10,5,4),(10,5,4),(9,5,4),(8,5,4),(8,4,4),(8,3,4),(8,2,4),(8,2,3),(8,1,3),(8,0,3),(7,0,3),
332:(4,8,3),(4,7,3),(4,6,3),(5,6,3),(5,5,3),(5,4,3),(6,4,3),(6,3,3),(7,3,3),(7,3,3),(7,3,4),(7,3,5),
333:(5,7,1),(5,7,2),(6,7,2),(6,7,3),(7,7,3),(7,7,2),(8,7,2),(9,7,2),(10,7,2),(10,8,2),(10,9,2),(11,9,2),(12,9,2),(13,9,2),(14,9,2),(14,10,2),
334:(14,8,3),(13,8,3),(12,8,3),(12,8,2),(12,8,1),(11,8,1),(11,8,0),(10,8,0),(10,7,0),
335:(9,5,1),(10,5,1),(10,5,2),(11,5,2),(11,5,3),(11,5,4),(11,6,4),(11,6,4),(11,6,5),
336:(14,4,3),(14,3,3),(14,2,3),(14,2,2),(14,1,2),(14,0,2),
337:(5,5,4),(5,6,4),(5,7,4),(5,7,5),(5,8,5),(5,9,5),(5,10,5),(5,10,5),(5,10,4),
338:(5,12,0),(5,11,0),(5,10,0),(5,9,0),(5,8,0),(4,8,0),(4,7,0),(4,7,1),(5,7,1),
339:(9,6,4),(9,5,4),(9,4,4),(10,4,4),(11,4,4),(12,4,4),(13,4,4),(14,4,4),(14,4,3),(14,3,3),(14,3,2),(14,3,1),(14,3,0),(14,2,0),(14,1,0),(14,0,0),
340:(10,14,2),(10,14,3),(10,14,4),(11,14,4),(12,14,4),(12,13,4),(12,12,4),(12,12,5),
341:(6,4,3),(6,4,2),(6,4,1),(6,4,0),(7,4,0),(7,3,0),(7,2,0),(7,1,0),(8,1,0),(9,1,0),(10,1,0),(11,1,0),(12,1,0),(12,0,0),
342:(14,11,5),(13,11,5),(13,12,5),(12,12,5),(11,12,5),(10,12,5),(9,12,5),(8,12,5),(7,12,5),(6,12,5),(5,12,5),(4,12,5),(3,12,5),(2,12,5),(1,12,5),(1,13,5),(1,14,5),
343:(1,10,2),(2,10,2),(3,10,2),(4,10,2),(4,10,2),(5,10,2),(5,11,2),(5,12,2),(6,12,2),(6,12,2),(6,13,2),
344:(3,12,4),(4,12,4),(5,12,4),(5,11,4),(5,11,3),(5,10,3),(5,9,3),(5,9,2),(6,9,2),(6,9,1),(7,9,1),(7,9,0),(7,8,0),(7,7,0),(8,7,0),(9,7,0),(9,6,0),(9,5,0),(9,4,0),(9,3,0),(9,2,0),(10,2,0),
345:(3,11,3),(3,10,3),(4,10,3),(4,10,4),(4,10,3),(4,9,3),(4,8,3),(5,8,3),(5,7,3),(6,7,3),(6,6,3),(7,6,3),(8,6,3),(8,5,3),(9,5,3),(10,5,3),(11,5,3),
346:(5,10,1),(4,10,1),(4,10,0),(4,9,0),(4,8,0),(4,7,0),(4,6,0),(4,6,1),(4,5,1),(4,4,1),
347:(0,9,0),(0,9,1),(0,8,1),(0,8,1),(0,7,1),(0,6,1),
348:(12,11,0),(11,11,0),(10,11,0),(9,11,0),(8,11,0),(7,11,0),(6,11,0),(5,11,0),(5,12,0),(4,12,0),(3,12,0),(2,12,0),
349:(11,5,3),(11,5,2),(11,5,1),(10,5,1),(10,5,0),(9,5,0),(8,5,0),(8,5,0),(7,5,0),(6,5,0),(5,5,0),(4,5,0),(3,5,0),(2,5,0),(1,5,0),(1,6,0),(1,7,0),(1,8,0),
350:(1,8,5),(2,8,5),(3,8,5),(3,7,5),(3,6,5),(3,5,5),(3,4,5),(3,3,5),(3,3,4),(3,3,3),(3,2,3),(3,1,3),(3,1,2),
351:(5,1,3),(5,1,4),(6,1,4),(6,2,4),(6,3,4),(6,4,4),(5,4,4),(5,5,4),(5,6,4),(5,6,4),(5,7,4),
352:(0,14,5),(1,14,5),(2,14,5),(2,14,4),(2,13,4),(2,12,4),(2,12,4),(2,12,3),
353:(9,1,2),(10,1,2),(10,2,2),(10,3,2),(11,3,2),(12,3,2),(13,3,2),(13,3,3),(13,4,3),(13,5,3),(13,6,3),(13,7,3),(13,8,3),(13,8,4),(13,9,4),(13,10,4),(14,10,4),(14,11,4),(14,12,4),(14,13,4),(14,14,4),
354:(11,10,0),(11,10,1),(11,10,2),(11,10,3),(12,10,3),(12,10,4),(12,10,5),(12,9,5),(12,8,5),
355:(5,2,5),(5,2,4),(5,1,4),(5,1,3),(5,1,2),(5,1,2),(5,1,1),(4,1,1),
356:(0,1,2),(0,2,2),(0,3,2),(1,3,2),(1,4,2),(1,5,2),(1,6,2),(1,7,2),(1,8,2),(1,8,3),(1,9,3),(2,9,3),(3,9,3),(3,9,3),(3,9,2),
357:(8,2,2),(7,2,2),(6,2,2),(5,2,2),(5,2,3),(5,3,3),(5,3,3),(4,3,3),(3,3,3),(2,3,3),(1,3,3),(0,3,3),(0,4,3),(0,5,3),(0,6,3),(0,7,3),(0,7,4),(0,8,4),(0,8,5),(0,9,5),
358:(14,7,2),(13,7,2),(12,7,2),(11,7,2),(11,7,3),(11,7,4),(10,7,4),(10,7,5),(9,7,5),(9,7,5),(8,7,5),(7,7,5),(6,7,5),(6,8,5),
359:(8,10,4),(7,10,4),(6,10,4),(6,10,5),(6,9,5),(6,8,5),(6,7,5),(6,7,5),(6,6,5),(6,6,4),(6,5,4),(6,4,4),
360:(2,5,2),(3,5,2),(4,5,2),(5,5,2),(6,5,2),(7,5,2),(7,5,3),(7,6,3),(7,7,3),(7,8,3),(8,8,3),(8,9,3),(9,9,3),(10,9,3),(11,9,3),(12,9,3),(12,10,3),(12,11,3),(12,11,2),(13,11,2),(14,11,2),(14,11,3),
361:(14,0,1),(13,0,1),(13,1,1),(13,2,1),(13,3,1),(13,4,1),(13,5,1),(13,6,1),(13,6,0),(13,6,0),(13,7,0),(12,7,0),
362:(1,4,4),(2,4,4),(3,4,4),(3,5,4),(4,5,4),(4,6,4),(4,7,4),(5,7,4),(6,7,4),(7,7,4),(8,7,4),(9,7,4),(10,7,4),(11,7,4),(11,7,3),(11,6,3),
363:(6,7,5),(6,6,5),(5,6,5),(5,6,5),(5,6,4),(5,6,4),(4,6,4),(3,6,4),(3,6,3),(3,6,2),(3,6,1),(3,5,1),
364:(1,1,4),(0,1,4),(0,2,4),(0,3,4),(0,4,4),(0,5,4),(0,6,4),(0,7,4),(0,8,4),(0,8,4),(0,8,5),(0,9,5),(0,10,5),(0,11,5),
365:(14,11,0),(13,11,0),(13,11,1),(12,11,1),(11,11,1),(10,11,1),(10,11,2),(9,11,2),(8,11,2),(9,11,2),(9,11,3),
366:(0,11,1),(1,11,1),(2,11,1),(3,11,1),(4,11,1),(5,11,1),(6,11,1),(6,10,1),(6,10,0),(6,9,0),(6,8,0),(6,7,0),(7,7,0),(8,7,0),(8,6,0),(9,6,0),(9,5,0),(9,4,0),(10,4,0),(10,3,0),
367:(1,10,0),(2,10,0),(3,10,0),(4,10,0),(5,10,0),(6,10,0),(7,10,0),(8,10,0),(9,10,0),(10,10,0),(11,10,0),(11,10,1),(11,11,1),(12,11,1),(13,11,1),(13,11,2),(13,11,3),
368:(0,5,1),(0,6,1),(1,6,1),(2,6,1),
369:(12,7,2),(11,7,2),(10,7,2),(10,7,3),(9,7,3),(9,8,3),(9,9,3),(9,10,3),(9,11,3),(9,12,3),(8,12,3),(7,12,3),(6,12,3),(5,12,3),(4,12,3),(4,11,3),
370:(2,1,2),(3,1,2),(4,1,2),(5,1,2),(6,1,2),(7,1,2),(8,1,2),(9,1,2),(9,1,2),(9,1,3),(10,1,3),(11,1,3),(11,1,4),(11,1,5),(11,2,5),(11,3,5),
371:(11,10,3),(11,9,3),(12,9,3),(12,9,4),(12,9,5),(12,8,5),(12,7,5),(12,6,5),(12,5,5),
372:(3,8,1),(4,8,1),(4,9,1),(4,9,1),(5,9,1),(6,9,1),(7,9,1),(8,9,1),(8,10,1),(8,9,1),
373:(14,8,1),(14,8,0),(13,8,0),(12,8,0),(11,8,0),(11,9,0),(10,9,0),(9,9,0),(8,9,0),(7,9,0),(7,10,0),(7,11,0),(7,12,0),(7,13,0),(6,13,0),(6,14,0),
374:(12,13,5),(11,13,5),(10,13,5),(10,12,5),(9,12,5),(8,12,5),(7,12,5),(6,12,5),(5,12,5),(4,12,5),(3,12,5),(3,11,5),(3,11,4),(3,10,4),(3,9,4),(3,8,4),(3,7,4),(3,6,4),(3,5,4),(3,5,3),(2,5,3),(2,4,3),(2,3,3),(2,2,3),(2,1,3),(2,1,4),(2,0,4),
375:(11,10,5),(12,10,5),(12,9,5),(12,8,5),(12,8,4),(12,8,3),(13,8,3),(13,8,2),(13,8,1),(13,8,0),(12,8,0),
376:(14,9,1),(13,9,1),(13,8,1),(13,7,1),(13,6,1),(12,6,1),(11,6,1),(10,6,1),(9,6,1),(9,5,1),(8,5,1),(8,6,1),(7,6,1),(6,6,1),(6,6,2),(5,6,2),(4,6,2),(3,6,2),(2,6,2),(1,6,2),(1,5,2),(1,4,2),(1,3,2),
377:(8,12,5),(8,11,5),(8,10,5),(8,9,5),(8,9,6),(9,9,6),(10,9,6),(11,9,6),(12,9,6),(13,9,6),(14,9,6),(14,8,6),(14,8,5),(14,8,4),(14,7,4),(14,6,4),
378:(4,12,4),(5,12,4),(6,12,4),(7,12,4),(7,12,5),(7,11,5),(8,11,5),(9,11,5),
379:(5,5,3),(5,5,2),(5,5,1),(4,5,1),(3,5,1),(2,5,1),(1,5,1),(0,5,1),(0,5,0),(0,6,0),
380:(3,3,5),(3,4,5),(3,5,5),(3,6,5),(3,6,4),(3,6,3),(3,7,3),(3,8,3),(3,9,3),(3,10,3),(4,10,3),(4,10,2),(4,10,1),(5,10,1),(5,10,1),(5,10,0),
381:(8,1,4),(9,1,4),(9,1,5),(9,2,5),(9,3,5),(9,3,6),(9,4,6),(9,5,6),(9,6,6),(9,7,6),(9,8,6),(9,9,6),(9,9,6),(9,9,5),(9,9,4),(9,9,3),
382:(3,4,0),(4,4,0),(5,4,0),(5,4,1),(6,4,1),(6,4,2),(7,4,2),(7,4,3),(7,5,3),(7,6,3),(7,7,3),(7,7,4),(7,7,5),(8,7,5),(8,8,5),(9,8,5),(9,9,5),(9,10,5),(9,10,6),(9,11,6),(9,12,6),(9,12,5),
383:(13,2,4),(13,3,4),(13,3,3),(12,3,3),(12,4,3),(12,5,3),(12,6,3),(12,7,3),(12,8,3),(11,8,3),(11,9,3),(11,10,3),(11,11,3),(10,11,3),(10,12,3),(9,12,3),(9,13,3),
384:(4,9,0),(4,8,0),(4,7,0),(4,7,1),(4,7,2),(4,7,3),(4,6,3),(4,5,3),(4,5,4),(4,5,5),(4,4,5),(4,3,5),(4,2,5),(4,1,5),(5,1,5),(6,1,5),
385:(5,14,0),(6,14,0),(7,14,0),(7,13,0),(7,12,0),(7,12,0),(7,11,0),(7,10,0),(7,10,1),(7,9,1),(7,8,1),(7,7,1),(6,7,1),(7,7,1),(8,7,1),
386:(7,5,0),(6,5,0),(5,5,0),(5,6,0),(4,6,0),(3,6,0),(3,7,0),(3,8,0),(3,9,0),(3,10,0),(3,11,0),(3,11,0),(3,11,1),(3,11,2),
387:(14,4,4),(13,4,4),(12,4,4),(11,4,4),(11,4,3),(11,5,3),(11,6,3),(11,7,3),(10,7,3),(9,7,3),(9,8,3),(8,8,3),(8,9,3),(8,10,3),(8,10,3),(7,10,3),(6,10,3),(5,10,3),(5,11,3),(5,12,3),(4,12,3),
388:(3,1,2),(3,2,2),(3,3,2),(2,3,2),(2,4,2),(2,5,2),(3,5,2),(4,5,2),(5,5,2),(5,6,2),(5,7,2),(5,8,2),(5,9,2),(6,9,2),(6,10,2),(6,10,2),(7,10,2),(8,10,2),(8,10,3),
389:(4,2,3),(4,3,3),(4,4,3),(4,5,3),(4,6,3),(4,6,3),(5,6,3),(5,7,3),(6,7,3),(6,8,3),(7,8,3),(7,9,3),(7,10,3),(7,11,3),(7,12,3),(7,12,4),(8,12,4),(8,13,4),(9,13,4),(10,13,4),
390:(4,5,4),(5,5,4),(5,6,4),(6,6,4),(6,7,4),(6,7,3),(7,7,3),(7,8,3),(7,9,3),(7,9,3),(8,9,3),(9,9,3),(10,9,3),(11,9,3),(11,10,3),(11,10,3),(11,10,3),(12,10,3),(12,10,2),
391:(13,11,0),(13,12,0),(12,12,0),(12,13,0),(11,13,0),
392:(8,14,1),(7,14,1),(6,14,1),(6,14,2),(6,14,3),(6,14,4),(5,14,4),(4,14,4),(4,14,5),(4,13,5),
393:(2,11,4),(3,11,4),(4,11,4),(4,11,3),(4,11,2),(4,11,1),(5,11,1),(5,10,1),(5,10,0),(5,9,0),(5,8,0),(5,8,0),(6,8,0),(7,8,0),(7,7,0),(8,7,0),(9,7,0),(9,6,0),(9,5,0),(9,4,0),(9,3,0),(9,2,0),(9,1,0),(10,1,0),(10,0,0),(11,0,0),
394:(12,1,4),(12,1,3),(12,1,3),(12,1,2),(11,1,2),(11,1,1),(10,1,1),(9,1,1),(8,1,1),(7,1,1),(7,1,0),(6,1,0),
395:(13,10,2),(13,9,2),(13,9,3),(13,8,3),(13,7,3),(13,6,3),(13,6,4),(12,6,4),(11,6,4),(11,5,4),(11,4,4),(11,3,4),(11,2,4),(11,1,4),(10,1,4),(10,0,4),
396:(7,7,4),(7,7,4),(6,7,4),(5,7,4),(4,7,4),(3,7,4),(3,8,4),(3,9,4),(3,10,4),(3,11,4),(3,11,3),(2,11,3),(1,11,3),(0,11,3),(0,11,2),(0,11,1),(0,11,0),(0,12,0),(0,13,0),(0,14,0),
397:(12,10,5),(12,9,5),(11,9,5),(11,8,5),(11,7,5),(11,6,5),(10,6,5),(10,6,4),(10,5,4),(10,5,4),(9,5,4),(8,5,4),(8,4,4),(8,3,4),(8,2,4),(8,2,3),(8,2,2),(8,1,2),
398:(13,0,2),(12,0,2),(11,0,2),(10,0,2),(9,0,2),(8,0,2),(7,0,2),(6,0,2),(6,0,2),(6,0,2),(6,0,3),
399:(13,3,2),(12,3,2),(11,3,2),(11,3,1),(10,3,1),(9,3,1),(9,4,1),(8,4,1),(8,5,1),(7,5,1),(6,5,1),(5,5,1),(5,5,2),(5,5,3),(4,5,3),(4,5,4),
400:(7,11,3),(8,11,3),(8,12,3),(8,12,2),(8,12,1),(8,13,1),(9,13,1),(9,14,1),(9,14,0),
401:(9,10,5),(10,10,5),(10,10,4),(10,10,3),(11,10,3),(12,10,3),(13,10,3),(13,10,2),(13,10,1),(13,10,0),(13,11,0),(13,12,0),(13,13,0),(13,13,0),(13,13,0),(13,14,0),
402:(1,5,4),(0,5,4),(0,5,3),(0,6,3),(0,7,3),(0,8,3),(0,9,3),(0,10,3),(0,11,3),(0,12,3),
403:(0,6,3),(1,6,3),(1,6,2),(1,6,1),(1,5,1),(1,4,1),(1,3,1),(1,2,1),
404:(8,6,2),(7,6,2),(6,6,2),(5,6,2),(5,7,2),(5,8,2),(5,8,3),(5,8,4),(4,8,4),(3,8,4),(2,8,4),(2,8,5),(1,8,5),(1,9,5),(1,10,5),(1,11,5),
405:(8,6,3),(9,6,3),(9,6,2),(9,7,2),(10,7,2),(11,7,2),(12,7,2),(13,7,2),(13,7,3),(13,8,3),(13,9,3),
406:(8,9,0),(8,10,0),(7,10,0),(6,10,0),(6,10,-1),(5,10,-1),(4,10,-1),(3,10,-1),(3,10,0),(3,10,1),
407:(11,5,2),(12,5,2),(12,6,2),(12,7,2),(12,8,2),(12,8,1),
408:(3,8,4),(3,7,4),(3,6,4),(3,6,4),(3,5,4),(3,4,4),(3,3,4),(3,2,4),(3,2,3),(3,1,3),(4,1,3),(4,1,3),(4,0,3),
409:(5,6,0),(6,6,0),(7,6,0),(7,6,1),(7,5,1),(7,5,1),(7,4,1),(7,4,1),(8,4,1),(8,4,1),(8,3,1),(8,3,1),(8,4,1),
410:(10,10,2),(9,10,2),(8,10,2),(8,9,2),(8,8,2),(7,8,2),(7,8,1),(6,8,1),(5,8,1),(4,8,1),(4,8,0),(4,7,0),(4,7,1),(4,6,1),
411:(9,2,4),(9,2,3),(9,2,2),(10,2,2),(10,2,1),(10,2,1),(9,2,1),
412:(12,13,4),(13,13,4),(13,13,5),(13,14,5),
413:(3,13,2),(3,12,2),(4,12,2),(4,12,3),(4,11,3),(4,10,3),(5,10,3),(5,9,3),(5,8,3),(5,7,3),(5,6,3),(5,5,3),(5,5,4),(5,4,4),(5,3,4),(6,3,4),(7,3,4),(8,3,4),(8,2,4),(8,1,4),(9,1,4),(10,1,4),(11,1,4),(12,1,4),(12,1,5),
414:(12,2,3),(12,2,2),(12,3,2),(12,4,2),(12,5,2),(12,5,2),(11,5,2),(10,5,2),(10,6,2),(10,7,2),(10,8,2),(10,9,2),(9,9,2),(8,9,2),(8,9,3),(7,9,3),(6,9,3),(5,9,3),(4,9,3),(3,9,3),(2,9,3),(1,9,3),(1,10,3),
415:(3,7,4),(3,7,3),(3,8,3),(4,8,3),(5,8,3),(6,8,3),(6,9,3),(6,10,3),(5,10,3),(6,10,3),(7,10,3),(7,11,3),(7,12,3),(7,13,3),
416:(14,12,3),(13,12,3),(12,12,3),(11,12,3),(10,12,3),(10,12,2),(10,12,1),(9,12,1),(8,12,1),(8,11,1),(8,10,1),(7,10,1),(6,10,1),(6,9,1),(6,8,1),
417:(4,8,0),(5,8,0),(6,8,0),(7,8,0),(8,8,0),(9,8,0),(10,8,0),(10,8,1),(11,8,1),(11,9,1),(12,9,1),(12,9,2),(12,9,3),(12,9,4),(12,10,4),(12,11,4),(13,11,4),(13,11,4),(14,11,4),
418:(11,6,1),(11,6,0),(11,6,0),(11,5,0),(11,4,0),(11,3,0),
419:(6,0,4),(7,0,4),(8,0,4),(9,0,4),(10,0,4),(11,0,4),(12,0,4),(13,0,4),(14,0,4),(14,0,3),(14,1,3),(14,1,2),(14,1,1),(14,2,1),(14,3,1),
420:(13,6,4),(12,6,4),(11,6,4),(11,6,3),(11,6,2),(10,6,2),(10,7,2),(10,8,2),(9,8,2),(8,8,2),(7,8,2),(7,7,2),(7,7,3),
421:(10,5,4),(10,5,3),(9,5,3),(9,5,2),(9,6,2),(9,7,2),(9,8,2),(8,8,2),(7,8,2),(7,9,2),(6,9,2),(6,10,2),(6,10,2),(5,10,2),(4,10,2),(4,11,2),(4,11,1),(3,11,1),(3,11,0),(2,11,0),(1,11,0),(0,11,0),
422:(2,5,0),(2,5,1),(2,5,2),(2,5,3),(2,4,3),(2,4,4),(2,3,4),(2,2,4),
423:(10,4,2),(10,4,3),(10,4,4),(10,4,5),(10,5,5),(10,6,5),(10,7,5),(9,7,5),(8,7,5),(7,7,5),(7,7,5),(6,7,5),(5,7,5),(5,8,5),
424:(10,1,3),(9,1,3),(8,1,3),(7,1,3),(6,1,3),(6,2,3),(6,3,3),(5,3,3),(4,3,3),(4,3,3),(4,4,3),(4,5,3),(3,5,3),(3,6,3),(3,7,3),(2,7,3),(2,8,3),(2,9,3),(2,10,3),
425:(7,8,2),(8,8,2),(7,8,2),(7,8,2),(7,7,2),(8,7,2),(9,7,2),(10,7,2),(11,7,2),(12,7,2),(13,7,2),(13,6,2),(14,6,2),(14,6,3),
426:(7,3,4),(6,3,4),(5,3,4),(5,3,5),(5,3,4),(5,2,4),(5,2,3),(5,2,2),(5,2,1),(5,2,0),
427:(6,8,2),(7,8,2),(7,7,2),(7,7,3),(8,7,3),
428:(12,8,4),(11,8,4),(10,8,4),(9,8,4),(8,8,4),(7,8,4),(6,8,4),(6,8,3),(6,9,3),(6,9,2),(5,9,2),(4,9,2),(3,9,2),(2,9,2),(2,9,1),(1,9,1),(1,8,1),(1,7,1),
429:(3,5,4),(4,5,4),(4,6,4),(4,7,4),(4,7,5),(5,7,5),(5,8,5),(6,8,5),(6,9,5),(6,10,5),(6,11,5),
430:(8,11,0),(8,11,-1),(9,11,-1),(10,11,-1),(11,11,-1),(12,11,-1),(12,11,0),(12,12,0),
431:(3,14,3),(2,14,3),
432:(7,6,4),(8,6,4),(9,6,4),(9,7,4),(9,7,4),(9,8,4),(10,8,4),(10,8,3),(10,9,3),(10,10,3),
433:(11,1,1),(10,1,1),(9,1,1),(8,1,1),(7,1,1),(6,1,1),(6,1,2),(6,1,3),(6,2,3),(6,3,3),(6,4,3),(5,4,3),(4,4,3),(4,5,3),(4,6,3),(4,7,3),(4,7,4),(4,8,4),(4,8,5),
434:(0,11,0),(1,11,0),(2,11,0),(2,10,0),(2,9,0),(2,8,0),(2,7,0),(2,6,0),(2,5,0),(2,4,0),(2,3,0),(3,3,0),(3,3,0),(3,3,0),(3,2,0),(4,2,0),
435:(9,3,2),(8,3,2),(8,3,3),(8,3,4),(7,3,4),(7,3,4),(7,4,4),(6,4,4),(6,4,5),(6,4,5),(5,4,5),(4,4,5),(3,4,5),(2,4,5),(1,4,5),(1,4,5),(0,4,5),
436:(3,0,4),(3,0,3),(3,0,2),(3,1,2),(3,2,2),(3,3,2),(3,4,2),(4,4,2),(4,5,2),(5,5,2),(5,6,2),(6,6,2),(6,7,2),(7,7,2),(7,8,2),(7,9,2),(7,9,2),(7,10,2),(7,11,2),(7,12,2),(7,13,2),(8,13,2),(9,13,2),(10,13,2),(10,14,2),(11,14,2),(12,14,2),(13,14,2),(14,14,2),
437:(4,5,1),(4,5,2),(4,4,2),(4,3,2),(4,2,2),(4,2,2),(4,1,2),(4,1,3),(5,1,3),(6,1,3),(6,1,4),(7,1,4),(8,1,4),(9,1,4),(9,0,4),(9,0,5),
438:(13,6,2),(13,5,2),(13,5,1),(13,5,1),(12,5,1),
439:(9,14,0),(10,14,0),(10,14,1),(11,14,1),(11,14,2),(11,14,3),(11,14,4),(11,13,4),(11,12,4),(11,11,4),(11,10,4),(11,9,4),(10,9,4),(10,8,4),(10,7,4),(11,7,4),(11,6,4),(11,5,4),(11,4,4),(11,3,4),(11,2,4),(11,1,4),(11,0,4),
440:(5,6,3),(5,6,2),(5,7,2),(5,8,2),(5,9,2),(6,9,2),(7,9,2),(7,10,2),(8,10,2),(9,10,2),(10,10,2),(10,10,1),(11,10,1),(11,11,1),(12,11,1),(13,11,1),(13,10,1),
441:(12,7,4),(11,7,4),(11,7,3),(11,8,3),(10,8,3),(10,8,2),(10,9,2),(10,9,1),(10,10,1),(10,11,1),(10,12,1),(9,12,1),(8,12,1),(7,12,1),(6,12,1),(5,12,1),(4,12,1),(3,12,1),(2,12,1),(2,13,1),(2,14,1),
442:(11,2,2),(11,3,2),(11,4,2),(10,4,2),(9,4,2),(9,5,2),(8,5,2),(7,5,2),(6,5,2),(6,5,1),(6,6,1),(6,7,1),(6,8,1),(5,8,1),(5,9,1),(5,10,1),(5,11,1),(5,12,1),(6,12,1),(6,13,1),(6,14,1),
443:(9,6,2),(8,6,2),(7,6,2),(6,6,2),(5,6,2),(4,6,2),(3,6,2),(3,6,3),(3,7,3),(3,7,2),(3,8,2),(3,9,2),(3,10,2),
444:(6,11,0),(6,10,0),(6,9,0),(6,8,0),(6,7,0),(6,7,1),(5,7,1),(5,7,2),(4,7,2),
445:(12,9,1),(11,9,1),(11,9,0),(10,9,0),(9,9,0),(8,9,0),(7,9,0),(6,9,0),(6,8,0),(6,7,0),(6,6,0),(5,6,0),(5,5,0),(5,5,0),(4,5,0),(3,5,0),(2,5,0),(2,4,0),(2,3,0),(1,3,0),(1,2,0),
446:(11,3,4),(11,4,4),(11,4,4),(11,5,4),(11,6,4),(11,6,3),(11,7,3),(11,8,3),(11,9,3),(11,10,3),(11,11,3),(11,12,3),(10,12,3),(9,12,3),(8,12,3),
447:(12,12,4),(11,12,4),(11,13,4),(10,13,4),(9,13,4),(9,13,3),(8,13,3),(8,14,3),(7,14,3),(7,14,3),(6,14,3),(5,14,3),
448:(14,6,3),(13,6,3),(13,6,4),(13,5,4),(13,4,4),(13,4,5),(12,4,5),(11,4,5),(10,4,5),(9,4,5),(9,4,6),(8,4,6),(7,4,6),(6,4,6),(5,4,6),(4,4,6),(3,4,6),(3,4,5),(3,4,4),(2,4,4),
449:(8,7,0),(8,8,0),(9,8,0),(10,8,0),(10,9,0),(10,9,0),(10,10,0),(10,11,0),(10,12,0),(10,13,0),(10,14,0),
