soc=5740
lb_soc=4534
makespan=28
lb_makespan=26
comp_time=100844
highLevelExpanded=135
lowLevelExpanded=122496
solution=
0:(8,11,3),(9,11,3),(10,11,3),(11,11,3),(12,11,3),(13,11,3),(14,11,3),(14,11,2),(14,11,1),(14,12,1),(14,13,1),
1:(0,9,5),(1,9,5),(2,9,5),(3,9,5),(4,9,5),(5,9,5),(6,9,5),(7,9,5),(8,9,5),(9,9,5),(10,9,5),(11,9,5),(11,9,4),(11,9,3),(12,9,3),(12,9,2),(12,9,1),(13,9,1),(14,9,1),(14,8,1),(14,7,1),(14,7,0),(14,6,0),
2:(13,6,2),(12,6,2),(12,6,3),(12,6,4),(12,7,4),
3:(11,9,4),(10,9,4),(9,9,4),(8,9,4),(7,9,4),(6,9,4),(5,9,4),(4,9,4),(3,9,4),(2,9,4),(1,9,4),(1,10,4),(1,11,4),(1,12,4),(1,13,4),(1,14,4),(1,14,3),
4:(2,9,2),(3,9,2),(4,9,2),(5,9,2),(6,9,2),(7,9,2),(8,9,2),(9,9,2),(10,9,2),(11,9,2),(11,9,1),(11,9,0),(11,10,0),(11,11,0),
5:(12,0,3),(11,0,3),(10,0,3),(9,0,3),(9,0,2),(9,1,2),(9,1,2),(9,2,2),(9,3,2),(9,3,1),(9,4,1),(9,5,1),(8,5,1),(8,5,0),(7,5,0),(7,6,0),(6,6,0),(6,7,0),
6:(1,5,5),(1,5,4),(1,5,3),(1,5,2),(1,4,2),(1,3,2),
7:(10,11,0),(9,11,0),(8,11,0),(7,11,0),(6,11,0),(6,10,0),(6,10,0),(5,10,0),(5,9,0),(4,9,0),(3,9,0),(2,9,0),(2,9,1),(2,8,1),(2,7,1),
8:(12,0,0),(11,0,0),(11,0,1),(11,0,2),(11,1,2),(11,2,2),(11,3,2),(11,4,2),(11,5,2),(11,6,2),(11,7,2),(11,8,2),
9:(7,1,3),(8,1,3),(9,1,3),(10,1,3),(11,1,3),(12,1,3),(12,1,2),(12,1,1),(12,1,0),(12,2,0),
10:(12,8,0),(11,8,0),(10,8,0),(9,8,0),(8,8,0),(7,8,0),(6,8,0),(5,8,0),(4,8,0),(3,8,0),(2,8,0),(2,8,1),(2,8,2),(2,8,3),(2,8,4),(1,8,4),(1,8,5),(0,8,5),
11:(14,9,3),(13,9,3),(12,9,3),(11,9,3),(10,9,3),(9,9,3),(8,9,3),(7,9,3),(6,9,3),(5,9,3),(4,9,3),(3,9,3),(2,9,3),(1,9,3),(1,8,3),(1,7,3),(0,7,3),(0,6,3),
12:(10,4,5),(9,4,5),(8,4,5),(7,4,5),(6,4,5),(5,4,5),(4,4,5),(3,4,5),(2,4,5),(1,4,5),(1,4,4),(1,4,3),(1,4,2),(1,5,2),(1,6,2),(1,7,2),(1,8,2),(1,8,1),(1,9,1),(1,10,1),(1,11,1),(1,12,1),
13:(11,7,5),(10,7,5),(9,7,5),(8,7,5),(7,7,5),(6,7,5),(5,7,5),(4,7,5),(3,7,5),(2,7,5),(1,7,5),(1,7,4),(1,6,4),
14:(8,14,3),(9,14,3),(10,14,3),(10,13,3),(10,12,3),(10,12,2),(10,12,1),(10,12,0),(10,11,0),(10,10,0),(10,9,0),(10,8,0),(11,8,0),(11,7,0),(11,6,0),(11,5,0),(10,5,0),
15:(7,9,4),(6,9,4),(5,9,4),(5,9,3),(5,9,2),(5,9,1),(5,8,1),(5,7,1),(5,7,0),
16:(10,12,2),(11,12,2),(11,12,1),(11,12,1),(12,12,1),(12,11,1),(12,10,1),(12,9,1),(13,9,1),(13,8,1),(13,8,0),(13,7,0),(13,6,0),(13,5,0),(13,4,0),
17:(11,8,2),(10,8,2),(9,8,2),(8,8,2),(7,8,2),(6,8,2),(5,8,2),(5,8,3),(5,8,4),(5,7,4),(5,6,4),
18:(1,1,1),(2,1,1),(3,1,1),(4,1,1),(5,1,1),(6,1,1),(7,1,1),(8,1,1),(9,1,1),(10,1,1),(11,1,1),(11,1,2),(11,2,2),(11,3,2),(11,3,3),(11,4,3),(11,5,3),(11,5,4),(12,5,4),(12,6,4),(12,6,5),(12,7,5),(12,8,5),
19:(9,7,5),(8,7,5),(7,7,5),(7,7,4),(7,6,4),(7,5,4),(7,4,4),(7,3,4),(7,2,4),(7,1,4),
20:(2,4,0),(3,4,0),(4,4,0),(5,4,0),(5,3,0),(5,2,0),(5,2,1),(5,2,2),(5,2,3),(5,2,4),(6,2,4),(6,2,5),(6,1,5),(7,1,5),(8,1,5),(9,1,5),(10,1,5),
21:(11,5,1),(10,5,1),(9,5,1),(8,5,1),(8,5,2),(8,5,3),(8,5,4),(8,5,5),(8,4,5),(8,3,5),(8,2,5),(8,1,5),(8,0,5),
22:(12,6,5),(11,6,5),(10,6,5),(9,6,5),(8,6,5),(7,6,5),(6,6,5),(5,6,5),(4,6,5),(3,6,5),(2,6,5),(1,6,5),(0,6,5),(0,6,4),(0,7,4),
23:(0,9,3),(1,9,3),(2,9,3),(3,9,3),(4,9,3),(5,9,3),(6,9,3),(6,8,3),(7,8,3),(8,8,3),(9,8,3),(9,9,3),
24:(1,5,0),(2,5,0),(3,5,0),(4,5,0),(5,5,0),(6,5,0),(7,5,0),(8,5,0),(9,5,0),(10,5,0),(11,5,0),(11,5,1),(11,5,2),(11,5,3),(11,5,4),(11,6,4),(11,6,5),
25:(4,14,5),(3,14,5),(2,14,5),(1,14,5),(0,14,5),(0,14,4),(0,14,3),(0,14,2),(0,13,2),(0,12,2),(0,11,2),(0,10,2),(0,9,2),(0,8,2),(0,7,2),
26:(3,9,2),(4,9,2),(5,9,2),(6,9,2),(7,9,2),(8,9,2),(8,8,2),(8,7,2),(8,7,3),(8,6,3),(9,6,3),
27:(1,5,3),(2,5,3),(3,5,3),(3,6,3),(3,7,3),(3,8,3),(3,9,3),(4,9,3),(4,9,4),(5,9,4),(6,9,4),(6,10,4),(6,11,4),(6,12,4),(6,13,4),(7,13,4),(7,13,5),
28:(3,3,4),(3,3,3),(3,4,3),(3,5,3),(3,6,3),(3,7,3),
29:(5,10,3),(4,10,3),(3,10,3),(3,10,2),(3,9,2),(3,8,2),(3,7,2),(3,6,2),(3,5,2),(3,4,2),
30:(0,3,3),(1,3,3),(2,3,3),(3,3,3),(3,3,2),(3,3,1),(3,4,1),(3,5,1),
31:(6,4,2),(6,5,2),(7,5,2),(8,5,2),(9,5,2),(10,5,2),(10,5,1),(10,6,1),(10,7,1),(10,8,1),(10,9,1),(10,10,1),(10,11,1),
32:(3,14,4),(4,14,4),(5,14,4),(5,14,3),(5,14,2),(5,14,1),(5,13,1),(5,12,1),(5,11,1),(5,10,1),(5,9,1),(5,8,1),(5,7,1),(5,6,1),(5,5,1),(5,5,0),(5,4,0),(5,3,0),
33:(14,14,4),(13,14,4),(12,14,4),(11,14,4),(10,14,4),(9,14,4),(8,14,4),(7,14,4),(7,14,3),(7,13,3),(7,13,2),(7,12,2),(7,11,2),(7,10,2),(7,10,1),(7,9,1),(6,9,1),(6,9,0),(6,8,0),(5,8,0),(4,8,0),(4,7,0),(4,6,0),(4,5,0),(4,4,0),(4,3,0),
34:(4,2,3),(3,2,3),(2,2,3),(2,2,4),(2,3,4),(2,4,4),(2,5,4),
35:(9,5,5),(9,5,4),(9,5,3),(9,6,3),(9,7,3),(9,8,3),(9,9,3),(9,10,3),(9,10,2),(9,11,2),
36:(9,11,1),(10,11,1),(11,11,1),(12,11,1),(13,11,1),(13,11,0),(13,10,0),(13,9,0),
37:(11,2,2),(10,2,2),(10,2,3),(10,2,4),(10,2,5),(10,3,5),(10,4,5),(10,4,6),(10,5,6),(10,6,6),(10,7,6),(10,7,6),(10,8,6),(10,9,6),(10,10,6),(10,11,6),(10,11,5),(10,12,5),(10,13,5),(10,14,5),
38:(10,8,3),(9,8,3),(8,8,3),(7,8,3),(6,8,3),(6,7,3),(6,6,3),(6,6,2),(5,6,2),(4,6,2),(4,5,2),(4,4,2),(4,4,1),(3,4,1),(3,3,1),
39:(9,2,2),(9,2,3),(9,3,3),(10,3,3),(10,4,3),(10,5,3),(10,6,3),(10,7,3),(10,8,3),(10,9,3),(10,10,3),(10,11,3),(10,12,3),(10,13,3),
40:(1,14,4),(2,14,4),(3,14,4),(4,14,4),(5,14,4),(6,14,4),(7,14,4),(7,14,3),(8,14,3),(9,14,3),
41:(7,10,2),(8,10,2),(9,10,2),(10,10,2),(10,9,2),(10,8,2),(10,7,2),(10,6,2),(10,6,3),(9,6,3),(9,6,4),(9,5,4),(9,4,4),(10,4,4),(10,4,3),
42:(7,0,5),(6,0,5),(5,0,5),(4,0,5),(3,0,5),(2,0,5),(2,0,4),(2,0,3),(2,0,2),(2,0,1),(2,0,0),(2,1,0),(2,2,0),
43:(8,14,5),(7,14,5),(6,14,5),(6,13,5),(6,12,5),(6,11,5),(6,10,5),(6,9,5),(6,8,5),(6,7,5),(6,6,5),(6,5,5),(6,5,6),(6,4,6),(6,3,6),(6,3,5),
44:(7,13,5),(6,13,5),(6,13,4),(6,12,4),(6,11,4),(6,10,4),(6,9,4),(6,8,4),(6,7,4),(6,6,4),(6,5,4),(7,5,4),(7,4,4),(7,3,4),(6,3,4),(6,2,4),(6,1,4),(6,0,4),
45:(4,13,4),(5,13,4),(5,13,3),(6,13,3),(7,13,3),(8,13,3),(8,13,2),(8,13,1),(8,13,0),(8,12,0),(8,11,0),
46:(3,12,3),(4,12,3),(4,12,2),(4,11,2),(4,10,2),(4,9,2),(4,8,2),(4,7,2),(4,6,2),(4,5,2),(4,4,2),(4,3,2),(4,2,2),(4,1,2),(4,0,2),
47:(3,2,2),(4,2,2),(5,2,2),(6,2,2),(7,2,2),(8,2,2),(9,2,2),(10,2,2),(11,2,2),(12,2,2),(12,1,2),(12,0,2),
48:(11,11,5),(12,11,5),(13,11,5),(13,11,4),(13,11,3),(13,11,2),(13,11,1),(13,11,0),
49:(1,12,5),(2,12,5),(3,12,5),(4,12,5),(5,12,5),(6,12,5),(7,12,5),
50:(12,7,3),(11,7,3),(10,7,3),(9,7,3),(8,7,3),(8,7,2),(8,7,1),(8,8,1),(8,9,1),(8,10,1),(8,11,1),(8,12,1),(8,12,0),(8,13,0),(8,14,0),
51:(14,10,4),(13,10,4),(12,10,4),(11,10,4),(10,10,4),(9,10,4),(9,10,5),(9,11,5),
52:(14,14,0),(14,14,1),(14,13,1),(14,13,2),(14,13,3),(14,13,4),(14,12,4),(14,11,4),(14,10,4),(14,9,4),(13,9,4),(13,8,4),(12,8,4),(11,8,4),(11,7,4),(10,7,4),(10,7,4),(9,7,4),(8,7,4),(7,7,4),(7,6,4),
53:(6,5,4),(7,5,4),(7,5,3),(7,5,2),(7,5,1),(7,5,0),(7,6,0),(7,7,0),(7,8,0),
54:(2,14,2),(2,14,3),(2,13,3),(2,12,3),(2,11,3),(2,10,3),(2,9,3),(2,8,3),(2,7,3),(2,7,4),(2,6,4),(1,6,4),(1,5,4),(1,4,4),(2,4,4),(2,3,4),(2,2,4),(3,2,4),(4,2,4),(4,1,4),(4,0,4),
55:(9,9,0),(8,9,0),(8,9,1),(8,9,2),(8,9,3),(8,10,3),
56:(2,6,2),(3,6,2),(4,6,2),(5,6,2),(6,6,2),(7,6,2),(8,6,2),(9,6,2),(10,6,2),(10,6,3),(10,7,3),(10,8,3),(10,9,3),(10,10,3),
57:(7,12,2),(8,12,2),(9,12,2),(9,12,1),(9,12,0),(9,11,0),(9,10,0),(9,9,0),(9,8,0),(9,7,0),(9,6,0),(9,5,0),(9,4,0),(9,3,0),(9,2,0),(9,1,0),
58:(9,9,2),(8,9,2),(7,9,2),(7,9,1),(7,8,1),(7,7,1),(7,6,1),(7,5,1),
59:(7,6,5),(8,6,5),(9,6,5),(9,6,4),(10,6,4),(10,5,4),(10,5,4),(10,5,3),
60:(5,14,1),(6,14,1),(7,14,1),(8,14,1),(8,14,2),(8,13,2),(8,12,2),(8,11,2),(8,10,2),(8,9,2),(8,8,2),(8,7,2),(8,6,2),(8,5,2),(9,5,2),(9,4,2),(9,3,2),(8,3,2),(8,2,2),(8,1,2),
61:(9,12,5),(10,12,5),(11,12,5),(12,12,5),(12,12,4),(12,12,3),(12,11,3),(12,10,3),(12,9,3),(12,8,3),(12,7,3),
62:(8,10,0),(7,10,0),(6,10,0),(5,10,0),(4,10,0),(3,10,0),(3,10,1),(3,10,2),(3,10,3),(3,11,3),
63:(1,0,3),(2,0,3),(3,0,3),(4,0,3),(5,0,3),(5,1,3),
64:(10,3,1),(9,3,1),(8,3,1),(7,3,1),(6,3,1),(5,3,1),(4,3,1),(3,3,1),(2,3,1),(1,3,1),(0,3,1),(0,2,1),(0,2,2),
65:(7,4,1),(7,4,2),
66:(6,1,4),(6,1,3),(6,1,2),(6,1,1),(6,1,0),
67:(3,5,0),(4,5,0),(4,5,1),(4,5,2),(4,5,3),(4,5,4),(4,5,5),(4,4,5),(4,3,5),(4,2,5),(4,1,5),(4,0,5),
68:(8,9,0),(7,9,0),(7,8,0),(7,7,0),(7,6,0),(6,6,0),(6,5,0),(6,4,0),(6,3,0),(6,3,1),(5,3,1),(4,3,1),(3,3,1),(3,3,2),(2,3,2),(2,3,3),(2,3,4),(2,3,5),(2,2,5),(2,1,5),(2,0,5),
69:(6,6,1),(5,6,1),(4,6,1),(3,6,1),
70:(7,3,1),(6,3,1),(5,3,1),(4,3,1),(3,3,1),(2,3,1),(2,3,0),(2,4,0),(2,5,0),(2,6,0),(2,7,0),(2,8,0),
71:(12,7,4),(13,7,4),(13,7,3),(13,7,3),(13,7,2),(14,7,2),
72:(12,1,5),(11,1,5),(10,1,5),(9,1,5),(8,1,5),(7,1,5),(6,1,5),(5,1,5),(4,1,5),(4,1,4),(4,1,3),(4,2,3),(4,3,3),(4,3,2),(4,4,2),(4,5,2),(4,6,2),(4,7,2),(4,7,1),(4,8,1),(4,9,1),(4,10,1),
73:(11,11,4),(10,11,4),(9,11,4),(8,11,4),(7,11,4),(7,10,4),(7,9,4),(7,9,4),(7,9,3),
74:(6,4,0),(7,4,0),(8,4,0),(9,4,0),(9,4,1),(9,4,2),(9,4,3),(9,4,4),(9,4,5),(9,3,5),(9,2,5),
75:(8,2,1),(9,2,1),(9,3,1),(9,4,1),(9,5,1),(9,6,1),(9,7,1),(9,8,1),(9,9,1),(9,10,1),
76:(14,0,2),(13,0,2),(12,0,2),(12,1,2),(12,2,2),(12,3,2),(12,4,2),(12,5,2),(12,6,2),(12,7,2),(12,8,2),(12,9,2),(12,10,2),
77:(10,0,1),(9,0,1),(8,0,1),(8,1,1),(8,2,1),(8,3,1),(8,4,1),(8,4,1),(8,5,1),(8,6,1),(8,7,1),(8,8,1),(8,8,2),(8,8,3),(8,9,3),(8,9,4),
78:(11,6,2),(10,6,2),(9,6,2),(8,6,2),(8,6,1),(8,6,0),(8,7,0),(8,8,0),(8,9,0),(8,10,0),
79:(10,1,5),(9,1,5),(8,1,5),(8,1,4),(8,2,4),(8,3,4),(8,4,4),(8,5,4),(8,6,4),(8,7,4),(8,8,4),
80:(14,14,5),(13,14,5),(12,14,5),(11,14,5),(10,14,5),(9,14,5),(9,14,4),(9,14,3),(9,14,2),(9,14,1),(9,13,1),(9,12,1),(9,11,1),
81:(9,2,3),(8,2,3),(7,2,3),(6,2,3),(5,2,3),(4,2,3),(3,2,3),(2,2,3),(1,2,3),(1,3,3),(1,4,3),(1,4,2),(1,5,2),(1,6,2),(1,7,2),(1,8,2),(0,8,2),(0,8,3),(0,9,3),(0,10,3),(0,11,3),(0,12,3),(0,13,3),(0,14,3),
82:(4,7,1),(3,7,1),(2,7,1),(1,7,1),(0,7,1),(0,6,1),(0,5,1),(0,4,1),(0,3,1),(0,2,1),(0,1,1),
83:(10,6,0),(9,6,0),(8,6,0),(7,6,0),(6,6,0),(5,6,0),(4,6,0),(4,6,1),
84:(1,4,5),(2,4,5),(3,4,5),(4,4,5),(5,4,5),(5,4,4),(6,4,4),(7,4,4),(7,4,3),(7,3,3),
85:(1,13,1),(2,13,1),(2,12,1),(2,11,1),(2,10,1),(2,9,1),(2,8,1),(2,7,1),(3,7,1),(4,7,1),(5,7,1),(5,6,1),(6,6,1),(6,5,1),(6,5,2),(7,5,2),(8,5,2),(9,5,2),(10,5,2),(11,5,2),(12,5,2),(13,5,2),(13,4,2),(13,4,1),(13,3,1),(13,2,1),(13,1,1),
86:(3,7,5),(4,7,5),(4,7,4),(4,7,3),(4,8,3),
87:(0,5,2),(1,5,2),(2,5,2),(3,5,2),(4,5,2),(5,5,2),(6,5,2),(7,5,2),(8,5,2),(9,5,2),(10,5,2),(11,5,2),(11,5,3),(11,6,3),
88:(2,0,4),(3,0,4),(4,0,4),(5,0,4),(6,0,4),(6,0,3),(6,0,2),(6,1,2),(6,2,2),(6,3,2),(6,4,2),(6,5,2),(7,5,2),(7,6,2),
89:(1,13,0),(2,13,0),(3,13,0),(4,13,0),(5,13,0),(5,13,1),(5,13,2),(6,13,2),(6,12,2),(6,11,2),(6,10,2),(6,9,2),(6,8,2),(7,8,2),(8,8,2),(8,7,2),(8,6,2),(9,6,2),(10,6,2),(11,6,2),(11,5,2),(11,4,2),
90:(5,13,1),(4,13,1),(4,13,2),(3,13,2),(2,13,2),(2,13,3),(2,12,3),(2,11,3),(2,10,3),
91:(3,11,0),(4,11,0),(5,11,0),(6,11,0),(6,11,1),(7,11,1),(8,11,1),(9,11,1),(10,11,1),(10,12,1),(10,13,1),(10,13,1),(11,13,1),(11,14,1),
92:(4,2,5),(3,2,5),(2,2,5),(1,2,5),(1,3,5),(1,4,5),(1,5,5),(1,6,5),(1,7,5),(1,8,5),(1,9,5),(1,10,5),
93:(2,3,0),(3,3,0),(3,4,0),(3,5,0),(3,6,0),(3,7,0),(2,7,0),(2,8,0),(2,9,0),(2,9,1),(2,9,2),(3,9,2),(3,10,2),(3,11,2),(3,12,2),(3,13,2),(3,14,2),
94:(9,14,3),(9,13,3),(8,13,3),(7,13,3),(7,12,3),(6,12,3),(5,12,3),(5,11,3),(5,10,3),(5,10,3),(5,9,3),(5,9,4),(5,8,4),(5,7,4),(5,7,3),(5,6,3),(4,6,3),(3,6,3),(3,5,3),(3,4,3),(3,3,3),
95:(10,6,2),(9,6,2),(8,6,2),(7,6,2),(7,6,3),(6,6,3),(5,6,3),(4,6,3),(3,6,3),(3,6,2),
96:(2,14,4),(3,14,4),(3,13,4),(3,12,4),(3,11,4),(3,10,4),(3,9,4),(3,8,4),(3,7,4),(3,6,4),(3,6,3),(3,5,3),(3,4,3),(3,3,3),(2,3,3),(2,2,3),(2,1,3),(3,1,3),
97:(3,13,3),(2,13,3),(1,13,3),(0,13,3),(0,13,4),(0,12,4),(0,11,4),(0,10,4),(0,9,4),(0,8,4),
98:(3,9,4),(4,9,4),(4,9,5),(4,10,5),(4,11,5),(4,12,5),(4,13,5),(4,14,5),
99:(3,10,1),(4,10,1),(5,10,1),(5,9,1),(5,8,1),(5,7,1),(5,6,1),(6,6,1),(6,5,1),(6,5,2),(7,5,2),(8,5,2),(9,5,2),(10,5,2),(10,4,2),(10,3,2),(10,2,2),(10,1,2),(10,0,2),
100:(4,4,5),(4,5,5),(4,6,5),(4,7,5),(4,8,5),(4,9,5),(5,9,5),(5,10,5),(5,11,5),(5,12,5),(6,12,5),(6,13,5),(7,13,5),(7,13,6),(8,13,6),(9,13,6),(10,13,6),(11,13,6),(12,13,6),(12,13,5),
101:(4,5,0),(5,5,0),(6,5,0),(7,5,0),(8,5,0),(9,5,0),(10,5,0),(10,5,1),(10,5,2),(10,4,2),(10,3,2),(10,3,3),(10,3,4),(10,3,5),(10,2,5),
102:(8,4,5),(7,4,5),(7,4,4),(6,4,4),(5,4,4),(4,4,4),(3,4,4),(2,4,4),(2,4,3),(2,4,2),(2,4,1),(2,3,1),
103:(1,3,4),(2,3,4),(3,3,4),(4,3,4),(5,3,4),(5,3,3),(5,4,3),
104:(2,7,4),(3,7,4),(3,8,4),(4,8,4),(5,8,4),(6,8,4),(7,8,4),(8,8,4),(9,8,4),(9,8,5),(9,9,5),(9,10,5),(9,10,5),(10,10,5),
105:(14,3,3),(13,3,3),(12,3,3),(11,3,3),(10,3,3),(10,4,3),(10,5,3),(10,6,3),(10,7,3),(10,7,2),
106:(11,8,1),(11,7,1),(11,6,1),(11,5,1),(10,5,1),(10,4,1),(10,4,2),(10,4,3),(10,3,3),(10,2,3),(9,2,3),(8,2,3),(7,2,3),(7,1,3),(7,0,3),(7,0,4),
107:(4,12,1),(3,12,1),(3,11,1),(3,10,1),(3,9,1),
108:(9,2,1),(10,2,1),(10,2,2),(10,2,3),(10,2,4),(10,3,4),(10,4,4),(10,5,4),(10,6,4),(10,7,4),(10,8,4),(10,9,4),(10,10,4),(11,10,4),(11,11,4),(11,12,4),(11,13,4),(10,13,4),(10,14,4),
109:(0,2,2),(1,2,2),(2,2,2),(3,2,2),(4,2,2),(5,2,2),(6,2,2),(7,2,2),(8,2,2),(9,2,2),(10,2,2),(11,2,2),(12,2,2),(12,2,3),(12,2,4),(12,2,5),(12,3,5),(12,4,5),(12,5,5),
110:(14,8,4),(14,8,3),(14,8,2),(14,7,2),(14,6,2),(14,5,2),(13,5,2),(13,4,2),(12,4,2),(12,3,2),(11,3,2),(10,3,2),(9,3,2),(8,3,2),(7,3,2),(7,2,2),(7,1,2),(6,1,2),(5,1,2),(5,0,2),
111:(13,5,4),(12,5,4),(11,5,4),(10,5,4),(10,5,5),
112:(11,3,1),(12,3,1),(13,3,1),(13,3,2),(13,4,2),(13,5,2),(13,6,2),(13,7,2),(13,8,2),
113:(7,5,1),(8,5,1),(8,5,2),(9,5,2),(10,5,2),(11,5,2),(11,5,3),(11,6,3),(12,6,3),
114:(12,4,2),(11,4,2),(10,4,2),(9,4,2),(8,4,2),(8,4,3),(7,4,3),(7,3,3),(7,2,3),(6,2,3),(6,1,3),(6,1,4),(5,1,4),(5,1,5),
115:(0,11,4),(1,11,4),(2,11,4),(3,11,4),(4,11,4),(5,11,4),(6,11,4),(7,11,4),(8,11,4),(8,10,4),(8,10,4),(8,9,4),(9,9,4),(10,9,4),(10,8,4),(9,8,4),(9,7,4),(9,6,4),(10,6,4),(10,5,4),(11,5,4),(11,5,3),
116:(5,6,3),(4,6,3),(3,6,3),(3,6,2),(3,7,2),(3,7,1),(3,8,1),
117:(12,4,5),(11,4,5),(10,4,5),(9,4,5),(9,5,5),(9,6,5),(9,7,5),(9,8,5),(9,8,5),(8,8,5),
118:(1,6,1),(1,6,2),(1,7,2),(1,8,2),(1,9,2),(1,10,2),(1,11,2),(2,11,2),(3,11,2),(3,12,2),(4,12,2),(5,12,2),(5,13,2),
119:(8,5,4),(8,5,3),(8,5,3),(7,5,3),(6,5,3),(6,5,2),(6,5,1),(6,5,0),
120:(1,8,5),(0,8,5),(0,8,4),(0,8,3),(0,8,2),(0,7,2),(0,6,2),(0,5,2),(0,4,2),(0,3,2),
121:(10,7,2),(9,7,2),(8,7,2),(7,7,2),(7,7,3),(7,8,3),(7,9,3),(7,10,3),(6,10,3),(6,10,3),(5,10,3),(4,10,3),(3,10,3),
122:(2,9,1),(2,9,2),(2,8,2),(2,8,3),(2,7,3),(2,6,3),(3,6,3),(3,5,3),(3,4,3),(3,3,3),(2,3,3),(2,3,4),(2,2,4),(3,2,4),(3,1,4),(3,0,4),
123:(2,10,5),(3,10,5),(4,10,5),(5,10,5),(6,10,5),(7,10,5),(8,10,5),(9,10,5),(10,10,5),(11,10,5),(11,9,5),(11,8,5),(11,7,5),
124:(3,0,4),(4,0,4),(5,0,4),(6,0,4),(6,0,3),(6,1,3),(6,2,3),(6,3,3),(6,4,3),(6,5,3),(6,6,3),(6,7,3),(6,8,3),(6,9,3),(6,9,2),(6,10,2),(7,10,2),(7,10,3),
125:(13,10,1),(12,10,1),(12,9,1),(12,8,1),(11,8,1),(11,7,1),(11,6,1),(11,5,1),(11,5,1),(10,5,1),(9,5,1),(8,5,1),(8,4,1),(7,4,1),(7,3,1),(6,3,1),(5,3,1),(4,3,1),(4,2,1),(3,2,1),(2,2,1),(1,2,1),
126:(12,10,0),(13,10,0),(13,10,1),(13,10,2),(13,10,3),(13,10,4),(13,9,4),(13,8,4),(13,7,4),(13,6,4),(13,5,4),(13,4,4),(13,3,4),(13,2,4),
127:(13,1,5),(12,1,5),(11,1,5),(10,1,5),(9,1,5),(9,2,5),(9,3,5),(9,4,5),(9,5,5),(9,6,5),(9,7,5),(9,8,5),(9,9,5),(8,9,5),(7,9,5),(6,9,5),(6,9,4),(6,10,4),(6,11,4),(6,12,4),(6,12,3),(6,13,3),(6,13,2),(6,13,1),(6,13,0),
128:(10,11,1),(10,11,2),(9,11,2),(9,10,2),(9,9,2),(9,8,2),(9,8,3),(9,8,4),(9,7,4),(9,6,4),(9,5,4),(9,4,4),(9,3,4),(8,3,4),(8,2,4),(8,1,4),(9,1,4),
129:(4,5,1),(5,5,1),(6,5,1),(7,5,1),(8,5,1),(9,5,1),(9,6,1),(9,7,1),(9,8,1),(9,8,1),(10,8,1),(11,8,1),
130:(5,14,3),(6,14,3),(6,13,3),(6,12,3),(6,11,3),(6,10,3),(6,10,3),(6,9,3),(6,8,3),(6,8,2),(6,7,2),(7,7,2),(7,6,2),(8,6,2),(9,6,2),(9,5,2),(9,4,2),(9,4,3),(9,3,3),(10,3,3),(10,2,3),
131:(8,8,2),(9,8,2),(9,7,2),(10,7,2),(11,7,2),(12,7,2),(12,7,1),(12,6,1),(12,5,1),(12,4,1),
132:(3,4,4),(4,4,4),(5,4,4),(5,5,4),(6,5,4),(6,5,4),(6,5,3),(6,5,3),(7,5,3),
133:(13,11,3),(12,11,3),(11,11,3),(11,11,2),(10,11,2),(9,11,2),(8,11,2),(7,11,2),(6,11,2),(6,10,2),(6,9,2),(6,8,2),(6,7,2),
134:(0,14,4),(0,13,4),(0,12,4),(1,12,4),(1,11,4),(1,10,4),(1,9,4),(1,8,4),(1,7,4),(1,6,4),(1,5,4),(1,4,4),(2,4,4),(2,3,4),(2,2,4),(3,2,4),(4,2,4),(5,2,4),(6,2,4),(7,2,4),(8,2,4),(8,1,4),(8,0,4),(9,0,4),(10,0,4),(11,0,4),(12,0,4),(12,0,3),
135:(1,3,3),(2,3,3),(3,3,3),(4,3,3),(5,3,3),(6,3,3),(7,3,3),(8,3,3),(9,3,3),(10,3,3),(10,3,4),(10,4,4),(10,5,4),(10,6,4),(10,7,4),(10,8,4),(10,9,4),(11,9,4),(11,10,4),(12,10,4),(12,11,4),
136:(5,13,2),(4,13,2),(3,13,2),(3,13,3),(3,13,4),(3,13,5),(3,12,5),(3,11,5),(3,10,5),(3,9,5),(3,8,5),
137:(10,0,2),(11,0,2),(11,0,3),(11,1,3),(11,2,3),
138:(1,5,1),(2,5,1),(3,5,1),(4,5,1),(5,5,1),(5,5,0),(5,4,0),(5,3,0),(5,2,0),(5,1,0),
139:(9,13,1),(10,13,1),(10,14,1),
140:(11,7,1),(10,7,1),(9,7,1),(8,7,1),(8,8,1),(8,9,1),(7,9,1),(6,9,1),(5,9,1),(4,9,1),(4,10,1),(5,10,1),(5,11,1),(5,12,1),(5,13,1),(5,14,1),
141:(7,10,4),(6,10,4),(5,10,4),(4,10,4),(4,9,4),(4,8,4),(4,8,4),(4,7,4),(4,7,3),(4,6,3),(4,5,3),(4,5,2),(3,5,2),(2,5,2),(2,4,2),(2,3,2),
142:(8,7,0),(9,7,0),(9,6,0),(9,5,0),(9,4,0),(9,3,0),(9,2,0),(9,1,0),(9,1,0),(9,1,1),
143:(9,4,1),(8,4,1),(7,4,1),(6,4,1),(5,4,1),(4,4,1),(4,4,2),(3,4,2),(2,4,2),(1,4,2),(0,4,2),(0,5,2),(0,5,3),(0,5,4),(0,5,5),(0,6,5),
144:(11,4,2),(10,4,2),(10,4,1),(10,4,0),(10,5,0),(10,6,0),(9,6,0),(8,6,0),(7,6,0),(6,6,0),(6,6,-1),(5,6,-1),(4,6,-1),(3,6,-1),(2,6,-1),(1,6,-1),(1,7,-1),(1,7,0),(1,8,0),(1,9,0),(1,10,0),
145:(11,1,5),(10,1,5),(9,1,5),(8,1,5),(7,1,5),(6,1,5),(6,2,5),(6,2,4),(6,2,3),(5,2,3),(5,3,3),(5,3,2),(5,4,2),(4,4,2),(4,5,2),(4,6,2),(4,7,2),(4,7,1),(4,8,1),(4,9,1),(4,10,1),(4,11,1),(4,12,1),
146:(14,4,0),(13,4,0),(12,4,0),(11,4,0),(10,4,0),(9,4,0),(9,4,1),(9,4,2),(9,4,3),(9,4,4),(8,4,4),(7,4,4),(7,4,5),
147:(3,4,0),(3,4,1),(2,4,1),(2,4,2),(2,5,2),(2,6,2),(2,7,2),
148:(7,11,5),(6,11,5),(5,11,5),(4,11,5),(3,11,5),(3,11,4),(3,10,4),(3,9,4),(3,8,4),(3,7,4),(3,6,4),(3,5,4),(3,5,3),(3,4,3),(2,4,3),(1,4,3),(1,4,4),
149:(14,2,1),(13,2,1),(12,2,1),(12,3,1),(12,4,1),(12,5,1),(12,6,1),(12,6,2),(12,7,2),(12,8,2),(12,9,2),(12,9,3),(12,9,4),
150:(8,14,0),(7,14,0),(6,14,0),(5,14,0),(4,14,0),(3,14,0),(2,14,0),(2,14,1),(2,14,2),(2,14,3),(2,14,4),(2,13,4),(2,12,4),(2,11,4),(2,10,4),(2,9,4),
151:(11,0,1),(10,0,1),(9,0,1),(8,0,1),(7,0,1),(6,0,1),(5,0,1),(5,0,2),(5,0,3),(5,0,4),(5,1,4),(5,2,4),(5,3,4),(5,4,4),(5,4,5),(5,5,5),(5,6,5),(5,7,5),
152:(12,3,4),(13,3,4),(14,3,4),(14,3,3),(14,3,2),(14,2,2),
153:(9,7,4),(8,7,4),(7,7,4),(6,7,4),(5,7,4),(4,7,4),(4,7,3),(4,7,3),(4,7,2),(3,7,2),(3,7,2),(3,8,2),(3,9,2),(3,10,2),(3,11,2),
154:(5,8,0),(4,8,0),(3,8,0),(2,8,0),(1,8,0),(0,8,0),(0,8,1),(0,8,2),(0,8,3),(0,9,3),(0,9,4),(0,10,4),(0,11,4),(0,12,4),
155:(4,8,1),(3,8,1),(2,8,1),(2,7,1),(2,6,1),(2,6,1),(2,6,2),
156:(8,9,4),(8,8,4),(8,7,4),(8,7,3),(8,7,2),(8,7,1),(8,6,1),(8,5,1),(8,5,0),(9,5,0),(9,4,0),(8,4,0),(8,3,0),(7,3,0),
157:(4,0,1),(5,0,1),(6,0,1),(7,0,1),(7,1,1),(8,1,1),(8,2,1),(8,3,1),(8,4,1),(8,5,1),(8,6,1),(8,7,1),(8,8,1),(8,8,2),(8,9,2),(9,9,2),(9,10,2),(9,10,3),(9,11,3),(9,12,3),(9,13,3),(8,13,3),(8,14,3),
158:(5,3,1),(5,3,2),(6,3,2),(6,4,2),(6,5,2),(7,5,2),(7,6,2),(7,6,3),(7,7,3),
159:(0,12,3),(1,12,3),(1,11,3),(1,11,2),(1,11,1),(1,10,1),(1,9,1),(1,8,1),(1,7,1),(1,6,1),(1,5,1),(1,5,0),(2,5,0),(3,5,0),(4,5,0),(4,4,0),(4,3,0),(4,2,0),(5,2,0),(5,2,-1),(6,2,-1),(7,2,-1),(8,2,-1),(9,2,-1),(9,2,0),
160:(2,7,0),(1,7,0),(1,7,1),(1,7,2),(1,7,3),(1,8,3),(1,9,3),(1,10,3),(1,11,3),(1,12,3),(1,13,3),
161:(12,5,2),(11,5,2),(10,5,2),(10,6,2),(9,6,2),(8,6,2),(8,7,2),(7,7,2),(6,7,2),(5,7,2),(4,7,2),(3,7,2),(3,8,2),(3,9,2),(3,10,2),(3,10,1),(3,11,1),(3,12,1),(3,12,2),
162:(3,8,5),(4,8,5),(5,8,5),(6,8,5),(7,8,5),(8,8,5),(9,8,5),(10,8,5),(11,8,5),(11,8,4),(11,7,4),(11,6,4),(11,5,4),(11,4,4),(11,3,4),(11,2,4),(11,1,4),(12,1,4),(12,1,3),
163:(9,11,4),(9,12,4),(10,12,4),(11,12,4),(11,12,3),(11,12,2),(11,12,1),(11,12,0),
164:(9,14,0),(10,14,0),(11,14,0),(11,14,1),(11,14,2),(11,14,3),(11,13,3),
165:(8,12,2),(9,12,2),(10,12,2),(11,12,2),(12,12,2),(12,11,2),(12,10,2),(12,10,1),(12,9,1),(12,8,1),(12,7,1),(12,7,0),(12,6,0),(12,5,0),(12,4,0),(11,4,0),(12,4,0),(12,3,0),(13,3,0),(13,2,0),(13,1,0),(13,0,0),
166:(10,11,4),(9,11,4),(8,11,4),(7,11,4),(7,11,3),(6,11,3),(5,11,3),(4,11,3),(3,11,3),(2,11,3),(1,11,3),(1,11,2),(1,11,1),(1,12,1),(1,13,1),(1,14,1),
167:(12,13,0),(11,13,0),(10,13,0),(10,12,0),(10,11,0),(10,10,0),(10,9,0),(10,8,0),(10,7,0),(10,6,0),(10,6,1),(9,6,1),(8,6,1),(8,5,1),(8,4,1),(8,3,1),
168:(12,2,2),(11,2,2),(11,2,1),(10,2,1),(9,2,1),(8,2,1),(7,2,1),(6,2,1),(5,2,1),(5,2,2),
169:(6,7,4),(5,7,4),(5,7,3),(5,7,2),(5,6,2),(5,6,2),(5,5,2),
170:(4,9,3),(5,9,3),(6,9,3),(7,9,3),(7,10,3),(7,11,3),(8,11,3),(9,11,3),(10,11,3),(11,11,3),(11,11,2),(12,11,2),(13,11,2),(14,11,2),(14,11,3),(14,11,4),
171:(14,1,2),(13,1,2),(13,1,3),(12,1,3),(12,1,4),(11,1,4),(11,1,5),(10,1,5),(10,2,5),(10,3,5),(10,4,5),(9,4,5),(8,4,5),(8,5,5),(7,5,5),(6,5,5),(6,6,5),(6,7,5),(6,8,5),(6,9,5),
172:(11,7,2),(10,7,2),(10,8,2),(9,8,2),(9,8,2),(8,8,2),(7,8,2),(6,8,2),(5,8,2),(4,8,2),(3,8,2),(2,8,2),(2,9,2),(2,10,2),(2,11,2),
173:(2,6,3),(3,6,3),(3,6,4),(4,6,4),(5,6,4),(6,6,4),(7,6,4),(8,6,4),(9,6,4),(10,6,4),(11,6,4),(11,5,4),(11,4,4),(11,4,5),
174:(13,10,0),(13,10,1),(12,10,1),(11,10,1),(10,10,1),(9,10,1),(9,10,2),(8,10,2),(7,10,2),(7,10,3),(6,10,3),(5,10,3),(4,10,3),(4,10,4),(3,10,4),(2,10,4),(1,10,4),(0,10,4),(0,10,5),(0,9,5),
175:(6,10,3),(7,10,3),(8,10,3),(9,10,3),(10,10,3),(11,10,3),(12,10,3),(13,10,3),(14,10,3),(14,9,3),(14,8,3),(15,8,3),(15,7,3),(15,6,3),(14,6,3),(14,5,3),(14,4,3),(14,3,3),
176:(6,8,5),(5,8,5),(5,8,4),(5,7,4),(4,7,4),(4,7,3),(4,7,2),(4,6,2),(4,5,2),(4,5,1),
177:(12,10,3),(11,10,3),(10,10,3),(10,10,4),(9,10,4),(8,10,4),(7,10,4),(7,10,5),
178:(5,6,4),(4,6,4),(4,6,3),(4,6,2),(4,6,1),(4,7,1),(4,7,1),(4,8,1),(4,9,1),(4,10,1),(4,11,1),(4,12,1),(4,12,0),(4,13,0),
179:(1,11,5),(2,11,5),(2,10,5),(2,10,4),(2,10,3),(2,10,2),(2,9,2),(2,8,2),(2,8,1),(2,7,1),(2,6,1),(2,6,0),
180:(5,9,3),(5,9,2),(5,9,1),(5,8,1),(5,8,0),(5,7,0),(5,6,0),(5,5,0),(5,4,0),(5,3,0),(5,2,0),(5,2,0),(6,2,0),
181:(2,13,1),(3,13,1),(4,13,1),(5,13,1),(6,13,1),(7,13,1),(8,13,1),(9,13,1),(10,13,1),(11,13,1),(12,13,1),(13,13,1),(13,13,0),(14,13,0),(14,12,0),(14,11,0),(14,10,0),(14,9,0),(14,8,0),
182:(2,3,1),(3,3,1),(3,2,1),(3,1,1),(3,1,2),(3,1,3),(3,1,4),(3,1,5),(3,0,5),
183:(5,5,1),(5,5,2),(4,5,2),(4,4,2),(3,4,2),(3,4,3),(3,3,3),(3,2,3),
184:(10,10,3),(9,10,3),(9,9,3),(8,9,3),(7,9,3),(6,9,3),(6,8,3),(6,7,3),(5,7,3),(4,7,3),(4,6,3),(3,6,3),(2,6,3),(1,6,3),(0,6,3),(0,5,3),(-1,5,3),(-1,4,3),(-1,3,3),(0,3,3),(0,2,3),(0,1,3),
185:(7,6,3),(7,5,3),(7,4,3),(7,3,3),(6,3,3),(6,2,3),(5,2,3),(4,2,3),(4,2,2),(3,2,2),(2,2,2),(1,2,2),(1,2,1),(1,1,1),
186:(5,7,0),(6,7,0),(7,7,0),(8,7,0),(9,7,0),(9,7,1),(9,7,2),(9,8,2),(9,9,2),(9,9,3),(9,9,4),(9,9,5),(10,9,5),
187:(4,2,1),(3,2,1),(3,2,2),(3,2,3),(3,2,4),(3,3,4),(3,3,4),(3,4,4),
188:(10,2,3),(11,2,3),(12,2,3),(12,3,3),(12,4,3),(12,5,3),(12,6,3),(12,7,3),(12,8,3),(12,8,4),(12,9,4),(12,10,4),(12,11,4),(12,12,4),(12,13,4),(12,14,4),
189:(7,2,5),(8,2,5),(9,2,5),(10,2,5),(11,2,5),(12,2,5),(13,2,5),(13,3,5),(13,4,5),(13,5,5),(13,6,5),(13,7,5),
190:(11,9,5),(10,9,5),(9,9,5),(8,9,5),(7,9,5),(6,9,5),(6,8,5),(6,7,5),(6,6,5),(6,5,5),(6,5,6),(6,4,6),(6,3,6),(6,2,6),(6,2,5),(6,1,5),
191:(6,8,3),(5,8,3),(4,8,3),(3,8,3),(2,8,3),(2,7,3),(1,7,3),(0,7,3),(0,6,3),(0,5,3),(0,4,3),
192:(0,14,0),(1,14,0),(2,14,0),(3,14,0),(3,13,0),(4,13,0),(5,13,0),(6,13,0),(7,13,0),(7,12,0),(7,11,0),(7,10,0),(7,10,1),(8,10,1),(8,9,1),(8,9,0),(8,8,0),
193:(1,5,4),(2,5,4),(3,5,4),(4,5,4),(4,4,4),(4,3,4),(5,3,4),(6,3,4),(7,3,4),(8,3,4),(9,3,4),(10,3,4),(11,3,4),(12,3,4),(12,3,4),(12,2,4),
194:(8,4,3),(9,4,3),(10,4,3),(11,4,3),(11,5,3),(11,6,3),(11,7,3),(11,8,3),(11,9,3),(12,9,3),(13,9,3),(14,9,3),(14,10,3),(14,11,3),(14,12,3),(14,13,3),
195:(6,1,3),(7,1,3),(8,1,3),(9,1,3),(10,1,3),(10,2,3),(10,3,3),(11,3,3),(11,4,3),(11,5,3),(11,6,3),(11,7,3),(11,8,3),(12,8,3),(12,8,2),(12,8,2),(12,9,2),(13,9,2),(13,10,2),(14,10,2),(14,10,1),(14,11,1),
196:(12,14,0),(11,14,0),(11,13,0),(10,13,0),(10,12,0),(10,11,0),(10,10,0),(10,9,0),(10,8,0),(9,8,0),(8,8,0),(8,7,0),(8,6,0),(7,6,0),(6,6,0),(6,6,1),(5,6,1),(5,6,2),(5,6,3),(5,5,3),(5,5,4),(5,5,5),
197:(6,9,3),(7,9,3),(8,9,3),(8,10,3),(9,10,3),(10,10,3),(11,10,3),(11,10,4),(12,10,4),(13,10,4),(14,10,4),(14,10,5),(14,11,5),(14,12,5),(14,13,5),(14,14,5),
198:(5,9,4),(5,8,4),(6,8,4),(7,8,4),(8,8,4),(8,7,4),(9,7,4),(10,7,4),(11,7,4),(11,6,4),(11,5,4),(11,4,4),(11,4,5),(11,3,5),(11,2,5),(11,2,5),(11,2,5),(12,2,5),
199:(3,10,2),(4,10,2),(5,10,2),(6,10,2),(7,10,2),(7,11,2),(7,12,2),(8,12,2),(9,12,2),
200:(14,13,2),(13,13,2),(12,13,2),(11,13,2),(10,13,2),(9,13,2),(9,12,2),(9,11,2),(8,11,2),(8,10,2),(8,9,2),(8,8,2),(8,7,2),(8,7,1),(8,6,1),
201:(10,14,0),(10,14,1),(9,14,1),(9,13,1),(8,13,1),(8,12,1),(7,12,1),(6,12,1),(5,12,1),(5,11,1),(5,10,1),(5,9,1),(5,8,1),(5,7,1),(5,6,1),(5,5,1),(5,5,0),(4,5,0),(3,5,0),(3,4,0),(3,3,0),(3,2,0),(3,2,1),(3,2,2),
202:(2,0,0),(1,0,0),(1,0,1),(1,0,2),(1,0,3),(1,1,3),(1,2,3),(1,3,3),(1,4,3),(1,5,3),
203:(4,3,4),(5,3,4),(5,3,5),(5,4,5),(5,5,5),(5,6,5),(5,6,4),(6,6,4),(7,6,4),(7,7,4),(7,8,4),(7,9,4),(8,9,4),(8,10,4),(8,11,4),(8,11,3),(9,11,3),(9,12,3),(9,13,3),(9,13,2),(10,13,2),(10,13,1),(10,13,0),(10,14,0),
204:(10,12,4),(10,12,3),(9,12,3),(8,12,3),(8,12,3),(7,12,3),(6,12,3),(5,12,3),(4,12,3),(4,11,3),(4,10,3),(3,10,3),(3,9,3),(2,9,3),(1,9,3),(1,8,3),(1,7,3),(1,6,3),(1,6,2),(1,5,2),(1,4,2),(1,4,3),(1,3,3),(1,2,3),(1,1,3),
205:(3,2,0),(2,2,0),(1,2,0),(1,2,1),(1,2,2),(1,2,3),(1,2,4),(1,2,5),(1,1,5),
206:(6,5,3),(6,5,4),(6,6,4),(6,6,4),(6,7,4),(5,7,4),(4,7,4),(3,7,4),(2,7,4),(1,7,4),(1,8,4),(1,9,4),
207:(0,0,1),(0,0,2),(0,0,3),(0,0,4),(0,0,5),(0,1,5),(0,2,5),(0,3,5),(0,4,5),(0,5,5),(0,6,5),(0,7,5),(0,8,5),(0,9,5),(0,10,5),(0,11,5),
208:(5,4,0),(6,4,0),(7,4,0),(8,4,0),(8,4,1),(8,4,2),(9,4,2),(10,4,2),(11,4,2),(12,4,2),(13,4,2),(13,5,2),(13,6,2),(13,7,2),
209:(11,2,4),(10,2,4),(9,2,4),(9,2,3),(9,1,3),
210:(10,6,4),(9,6,4),(9,5,4),(9,4,4),(9,3,4),(9,3,3),(8,3,3),(8,2,3),(8,1,3),
211:(4,3,2),(4,3,1),(4,3,0),(5,3,0),(6,3,0),(7,3,0),(7,4,0),
212:(13,11,4),(12,11,4),(11,11,4),(10,11,4),(9,11,4),(8,11,4),(7,11,4),(7,11,3),(6,11,3),(5,11,3),(4,11,3),(4,11,2),(4,10,2),
213:(10,6,3),(11,6,3),(11,6,4),(11,6,5),(12,6,5),(13,6,5),(14,6,5),(14,5,5),(14,4,5),(14,3,5),
214:(5,10,4),(5,10,3),(6,10,3),(7,10,3),(8,10,3),(9,10,3),(10,10,3),(11,10,3),(12,10,3),(13,10,3),(14,10,3),(14,10,2),(14,10,1),(14,9,1),(14,8,1),(14,7,1),(14,6,1),(14,5,1),(14,4,1),
215:(13,10,3),(13,10,3),(13,9,3),(13,8,3),
216:(10,5,5),(9,5,5),(8,5,5),(7,5,5),(7,4,5),(6,4,5),(6,4,5),(6,4,4),
217:(5,12,5),(4,12,5),(4,12,4),(4,12,3),(4,13,3),(4,14,3),
218:(5,1,3),(5,1,2),(5,1,1),(5,1,1),(6,1,1),(7,1,1),(8,1,1),(9,1,1),(10,1,1),(11,1,1),(12,1,1),(13,1,1),(14,1,1),(14,2,1),
219:(8,13,4),(7,13,4),(7,13,4),(6,13,4),(5,13,4),(5,13,4),(4,13,4),(4,14,4),
220:(13,8,2),(12,8,2),(11,8,2),(10,8,2),(10,8,1),(9,8,1),(8,8,1),(7,8,1),(6,8,1),(5,8,1),(4,8,1),(4,8,0),(4,9,0),(3,9,0),(2,9,0),(1,9,0),(0,9,0),(0,10,0),
221:(8,10,2),(8,10,1),(7,10,1),(7,11,1),(7,12,1),(6,12,1),(6,13,1),(6,14,1),
222:(4,1,4),(5,1,4),(6,1,4),(7,1,4),(8,1,4),(9,1,4),(10,1,4),(11,1,4),(11,1,3),(11,1,2),(11,2,2),(11,3,2),(11,4,2),(11,4,1),(11,5,1),(12,5,1),(12,6,1),(12,7,1),(12,8,1),(12,9,1),(12,10,1),(12,10,0),(12,11,0),(12,12,0),(13,12,0),(13,13,0),
223:(5,0,1),(5,0,0),(4,0,0),(3,0,0),(2,0,0),(2,1,0),(2,2,0),(2,3,0),
224:(14,7,0),(13,7,0),(13,7,1),(13,7,2),(13,8,2),(13,9,2),(13,10,2),(13,11,2),(13,11,3),(13,12,3),(13,13,3),
225:(8,2,2),(7,2,2),(6,2,2),(6,3,2),(5,3,2),(5,4,2),(5,4,1),(4,4,1),(3,4,1),(2,4,1),(2,5,1),
226:(13,5,2),(12,5,2),(11,5,2),(11,4,2),(11,3,2),(10,3,2),(9,3,2),(8,3,2),(7,3,2),(7,2,2),(6,2,2),(6,1,2),(5,1,2),(5,1,2),(4,1,2),(3,1,2),(2,1,2),(2,0,2),
227:(11,5,5),(10,5,5),(9,5,5),(9,5,4),(9,6,4),(9,7,4),(9,8,4),(9,9,4),(9,9,3),(9,10,3),(9,11,3),(8,11,3),(7,11,3),(7,11,2),(6,11,2),(6,12,2),
228:(10,11,3),(10,10,3),(10,10,2),(10,9,2),(10,8,2),(10,7,2),(10,6,2),(10,5,2),(9,5,2),(9,5,1),(8,5,1),(8,4,1),(7,4,1),(7,3,1),(7,2,1),(6,2,1),(5,2,1),(5,1,1),(4,1,1),
229:(9,5,1),(9,4,1),(9,4,1),(10,4,1),(11,4,1),(12,4,1),(12,3,1),
230:(13,9,3),(12,9,3),(11,9,3),(10,9,3),(9,9,3),(8,9,3),(8,9,4),(8,9,5),(8,10,5),(8,11,5),(8,12,5),
231:(0,8,0),(1,8,0),(2,8,0),(2,7,0),(3,7,0),(4,7,0),(5,7,0),(5,6,0),
232:(14,7,3),(13,7,3),(12,7,3),(12,7,4),(12,7,5),(12,8,5),(12,9,5),
233:(13,3,5),(12,3,5),(11,3,5),(10,3,5),(9,3,5),(8,3,5),(7,3,5),(7,4,5),(7,4,5),(7,5,5),(6,5,5),(5,5,5),(4,5,5),(4,6,5),(4,6,4),(4,7,4),(4,8,4),(4,9,4),(4,9,3),(4,10,3),(4,11,3),(4,11,2),(4,12,2),(4,13,2),(4,13,1),
234:(8,9,3),(8,9,4),(7,9,4),(6,9,4),(5,9,4),(4,9,4),(4,9,5),(3,9,5),(2,9,5),(2,8,5),(2,7,5),(1,7,5),(1,6,5),(1,5,5),(1,5,5),(1,5,5),(0,5,5),
235:(0,10,1),(1,10,1),(2,10,1),(2,9,1),(2,8,1),(3,8,1),(4,8,1),(5,8,1),(5,7,1),(5,6,1),(5,5,1),(5,4,1),
236:(14,3,2),(13,3,2),(12,3,2),(11,3,2),(10,3,2),(10,4,2),(10,5,2),(9,5,2),(9,6,2),(9,7,2),(9,8,2),(9,8,3),(9,8,4),(9,9,4),(9,10,4),(8,10,4),(8,11,4),(8,12,4),(8,13,4),
237:(5,10,1),(6,10,1),(6,10,2),(7,10,2),(8,10,2),(9,10,2),(10,10,2),(11,10,2),(12,10,2),(13,10,2),(14,10,2),(14,9,2),(14,9,3),(14,8,3),(14,8,4),(14,7,4),(14,6,4),(14,6,3),(14,5,3),(14,4,3),
238:(5,0,4),(6,0,4),(6,0,4),(6,1,4),(6,2,4),(6,3,4),(6,3,3),(6,4,3),(6,5,3),(6,6,3),(6,7,3),(5,7,3),(6,7,3),(6,8,3),(6,8,2),(6,9,2),(6,10,2),(7,10,2),(7,11,2),(7,12,2),(7,12,1),
239:(13,4,2),(12,4,2),(11,4,2),(10,4,2),(9,4,2),(9,3,2),(8,3,2),(7,3,2),(6,3,2),(5,3,2),(4,3,2),(3,3,2),(2,3,2),(2,3,3),(1,3,3),(1,3,4),(1,3,5),(1,4,5),(1,5,5),(1,6,5),
240:(1,0,4),(2,0,4),(3,0,4),(4,0,4),(4,0,3),(4,0,2),(4,0,1),
241:(3,13,0),(3,12,0),(3,11,0),(3,10,0),(3,9,0),(3,8,0),(3,7,0),(3,6,0),(3,5,0),(3,4,0),(3,3,0),(3,3,1),(3,2,1),(2,2,1),(2,1,1),
242:(1,3,0),(0,3,0),(0,3,1),(0,3,2),(0,3,3),(0,3,4),(0,4,4),
243:(3,10,4),(4,10,4),(4,10,3),(5,10,3),(6,10,3),(6,10,2),(6,10,1),
244:(11,4,4),(10,4,4),(9,4,4),(8,4,4),(7,4,4),(6,4,4),(6,5,4),(5,5,4),(4,5,4),
245:(13,11,2),(12,11,2),(11,11,2),(10,11,2),(9,11,2),(8,11,2),(7,11,2),(6,11,2),(5,11,2),(4,11,2),(3,11,2),(2,11,2),(1,11,2),(0,11,2),(0,10,2),(0,9,2),(0,9,1),(0,8,1),(0,7,1),(0,6,1),(0,5,1),
246:(6,9,0),(6,9,1),(7,9,1),(8,9,1),(9,9,1),(9,9,2),(9,8,2),(9,8,3),(9,7,3),
247:(10,13,4),(10,13,3),(10,13,2),(10,12,2),(11,12,2),(11,11,2),(11,10,2),(11,9,2),(11,8,2),(11,7,2),(12,7,2),(12,6,2),(11,6,2),(10,6,2),(10,5,2),(10,4,2),(10,3,2),
248:(11,13,0),(10,13,0),(9,13,0),(8,13,0),(7,13,0),(7,12,0),(7,11,0),(7,11,1),(7,11,2),(7,10,2),(7,9,2),
249:(3,7,0),(4,7,0),(5,7,0),(6,7,0),(6,8,0),(6,9,0),(7,9,0),(7,9,0),(7,9,1),(8,9,1),(9,9,1),(10,9,1),
250:(1,4,4),(1,4,3),(1,4,2),(1,4,1),(1,4,0),(1,5,0),(1,6,0),
251:(8,2,5),(8,3,5),(7,3,5),(6,3,5),(5,3,5),(4,3,5),(3,3,5),(2,3,5),(2,3,5),(2,4,5),(2,5,5),
252:(12,0,4),(12,0,3),(12,1,3),(12,2,3),(12,3,3),(12,4,3),(12,5,3),
253:(9,10,4),(8,10,4),(7,10,4),(6,10,4),(5,10,4),(4,10,4),(4,9,4),(4,8,4),(4,7,4),(4,7,4),(4,7,3),
254:(7,12,1),(6,12,1),(5,12,1),(4,12,1),(3,12,1),(2,12,1),(1,12,1),(1,12,2),(1,13,2),
255:(1,10,3),(2,10,3),(2,10,3),(3,10,3),(4,10,3),(5,10,3),(5,9,3),(5,9,4),(6,9,4),(7,9,4),(8,9,4),(9,9,4),(10,9,4),(10,9,3),(11,9,3),(12,9,3),(13,9,3),
256:(5,2,0),(4,2,0),(3,2,0),(2,2,0),(2,3,0),(2,4,0),(2,5,0),(2,6,0),(2,7,0),(2,8,0),(2,9,0),(2,10,0),(2,11,0),(2,12,0),(1,12,0),(1,13,0),(0,13,0),(0,14,0),
257:(5,8,4),(6,8,4),(7,8,4),(8,8,4),(9,8,4),(9,9,4),(9,10,4),(9,11,4),(9,12,4),(9,13,4),(9,14,4),
258:(0,2,3),(1,2,3),(1,2,4),(1,3,4),(1,4,4),(1,5,4),(1,6,4),(2,6,4),(3,6,4),(4,6,4),(4,6,5),(5,6,5),(5,7,5),(6,7,5),(7,7,5),(7,8,5),
259:(8,8,0),(9,8,0),(9,7,0),(10,7,0),(11,7,0),(12,7,0),(13,7,0),(13,7,1),(13,6,1),(13,5,1),
260:(10,4,2),(10,4,1),(10,5,1),(10,6,1),(10,7,1),(10,8,1),(9,8,1),(9,9,1),(9,10,1),(9,11,1),(9,12,1),(10,12,1),(9,12,1),(9,13,1),(8,13,1),(7,13,1),(6,13,1),(5,13,1),(4,13,1),(3,13,1),(2,13,1),(1,13,1),(0,13,1),
261:(2,1,1),(2,2,1),(1,2,1),(1,3,1),(1,4,1),(1,5,1),(1,6,1),(0,6,1),(0,7,1),(0,8,1),(0,9,1),(0,10,1),(0,11,1),
262:(7,0,4),(7,0,3),(7,1,3),(6,1,3),(5,1,3),(4,1,3),(4,1,2),(4,1,1),(4,1,0),(4,2,0),(4,3,0),(4,4,0),(4,5,0),(4,6,0),(4,7,0),(4,8,0),(4,9,0),
263:(9,4,4),(8,4,4),(8,5,4),(8,6,4),(8,7,4),(7,7,4),(6,7,4),(5,7,4),(5,7,5),(4,7,5),(4,8,5),(4,9,5),(3,9,5),(3,10,5),(3,11,5),
264:(13,4,0),(12,4,0),(11,4,0),(11,4,1),(11,4,2),(11,4,3),(10,4,3),(9,4,3),(8,4,3),(7,4,3),(6,4,3),(6,5,3),(5,5,3),(5,5,4),(5,5,5),(4,5,5),(4,6,5),(4,7,5),(4,8,5),(4,9,5),
265:(10,7,5),(9,7,5),(8,7,5),(7,7,5),(6,7,5),(5,7,5),(4,7,5),(4,6,5),(4,5,5),(4,4,5),(4,4,4),
266:(9,3,1),(8,3,1),(7,3,1),(6,3,1),(5,3,1),(4,3,1),(4,3,2),(4,3,3),(4,3,4),(4,3,5),(3,3,5),(3,4,5),(3,5,5),(3,6,5),
267:(8,8,4),(9,8,4),(10,8,4),(10,9,4),(10,9,4),(10,10,4),(10,11,4),
268:(5,0,0),(6,0,0),(6,1,0),(6,2,0),(6,2,1),(6,3,1),(6,4,1),
269:(11,0,4),(11,1,4),(11,1,3),(11,2,3),(11,3,3),(11,3,3),(11,4,3),(11,5,3),(11,6,3),(11,7,3),(11,8,3),(12,8,3),(12,9,3),(12,10,3),
270:(13,6,3),(12,6,3),(11,6,3),(11,6,4),(11,6,5),(11,5,5),
271:(2,0,5),(3,0,5),(4,0,5),(4,1,5),(5,1,5),(5,1,4),(6,1,4),(7,1,4),(8,1,4),(8,2,4),(8,3,4),(8,4,4),(8,4,3),(8,5,3),(8,5,2),(8,5,1),(8,5,0),(8,6,0),(8,7,0),(9,7,0),(9,8,0),(9,9,0),(9,10,0),(9,11,0),
272:(11,14,3),(10,14,3),(10,13,3),(10,12,3),(10,12,4),(10,12,5),(10,11,5),(10,10,5),(10,9,5),(10,8,5),(10,7,5),(10,6,5),(9,6,5),(9,5,5),(9,5,5),(8,5,5),(7,5,5),(6,5,5),(5,5,5),(4,5,5),(3,5,5),(3,4,5),(2,4,5),(1,4,5),(1,3,5),
273:(7,12,5),(7,12,4),(7,11,4),(7,10,4),(7,10,4),(7,10,3),(7,10,2),(7,9,2),(8,9,2),(8,8,2),(8,7,2),(9,7,2),(9,6,2),(9,5,2),(9,4,2),(9,3,2),(9,2,2),(10,2,2),
274:(4,13,5),(5,13,5),(6,13,5),(7,13,5),(8,13,5),(9,13,5),(10,13,5),(10,13,4),(10,12,4),
275:(4,6,3),(4,6,2),(5,6,2),(6,6,2),(7,6,2),(7,6,1),(7,5,1),(7,4,1),(7,3,1),(7,2,1),(7,1,1),
276:(3,11,2),(4,11,2),(5,11,2),(6,11,2),(6,11,2),(6,11,1),(7,11,1),(8,11,1),(9,11,1),(10,11,1),(11,11,1),(12,11,1),(12,11,0),(12,11,-1),(13,11,-1),(14,11,-1),(14,11,0),
277:(0,1,5),(1,1,5),(2,1,5),(3,1,5),(4,1,5),(5,1,5),(5,2,5),(5,3,5),
278:(14,5,0),(13,5,0),(12,5,0),(11,5,0),(11,5,1),(10,5,1),(9,5,1),(9,4,1),(9,4,2),(8,4,2),(8,3,2),(8,2,2),(8,1,2),(8,0,2),(8,0,3),
279:(7,1,0),(8,1,0),(9,1,0),(10,1,0),(10,1,1),(10,2,1),(10,3,1),(10,4,1),
280:(10,12,1),(11,12,1),(12,12,1),(12,12,1),(12,11,1),(13,11,1),(12,11,1),(12,11,1),(13,11,1),
281:(3,8,3),(4,8,3),(4,8,4),(5,8,4),(6,8,4),(7,8,4),(7,7,4),(8,7,4),(8,7,4),(9,7,4),(10,7,4),(11,7,4),(11,6,4),(11,5,4),(11,4,4),
282:(3,6,1),(4,6,1),(4,7,1),(4,8,1),(4,9,1),(4,10,1),(4,10,2),(4,10,3),(4,11,3),(4,11,4),(5,11,4),(6,11,4),(7,11,4),(8,11,4),(9,11,4),(9,11,4),(9,10,4),
283:(8,12,3),(7,12,3),(6,12,3),(5,12,3),(5,12,4),(4,12,4),(3,12,4),(2,12,4),(2,11,4),(2,11,5),(2,10,5),(2,10,5),(2,9,5),(1,9,5),
284:(1,7,2),(1,7,3),(1,6,3),(1,5,3),(1,4,3),(1,3,3),(1,3,4),(1,3,5),(1,2,5),
285:(2,14,0),(3,14,0),(4,14,0),(4,14,1),(5,14,1),(6,14,1),(7,14,1),(7,13,1),(7,12,1),(7,11,1),
286:(6,13,1),(5,13,1),(5,13,0),(5,12,0),(4,12,0),(3,12,0),(3,11,0),(3,10,0),(3,9,0),(3,9,0),(3,8,0),
287:(6,12,5),(7,12,5),(7,12,4),(7,12,3),(7,12,2),(7,13,2),(7,13,2),(8,13,2),
288:(13,0,2),(12,0,2),(11,0,2),(10,0,2),(10,0,3),(10,1,3),(10,2,3),(10,2,4),(10,3,4),(10,4,4),(10,5,4),(10,6,4),(10,6,5),(10,7,5),(10,8,5),
289:(7,5,2),(8,5,2),(9,5,2),(10,5,2),(11,5,2),(12,5,2),(12,6,2),(12,7,2),(13,7,2),(13,7,2),(13,7,2),(12,7,2),
290:(6,12,0),(5,12,0),(4,12,0),(3,12,0),(2,12,0),(2,11,0),(2,11,1),(2,10,1),
291:(13,7,1),(12,7,1),(11,7,1),(10,7,1),(9,7,1),(9,7,2),(9,6,2),(9,6,3),(8,6,3),(7,6,3),(7,6,3),(6,6,3),(5,6,3),(5,5,3),(4,5,3),(3,5,3),(3,5,2),
292:(4,6,0),(5,6,0),(6,6,0),(6,6,0),(6,7,0),(6,8,0),(6,9,0),(6,10,0),(6,11,0),(6,12,0),(6,12,1),(7,12,1),(8,12,1),(9,12,1),(10,12,1),(11,12,1),(11,13,1),
293:(1,9,5),(2,9,5),(3,9,5),(4,9,5),(5,9,5),(5,8,5),(5,8,6),(6,8,6),(7,8,6),(8,8,6),(9,8,6),(10,8,6),(11,8,6),(11,8,5),(11,8,5),(11,8,4),
294:(11,11,2),(11,11,1),(11,11,0),(10,11,0),(9,11,0),(8,11,0),(8,12,0),(7,12,0),(6,12,0),(5,12,0),(4,12,0),(3,12,0),(2,12,0),(1,12,0),(0,12,0),
295:(0,3,4),(1,3,4),(2,3,4),(3,3,4),(4,3,4),(5,3,4),(5,3,3),(5,3,3),(6,3,3),
296:(14,10,2),(13,10,2),(12,10,2),(11,10,2),(10,10,2),(10,10,1),(9,10,1),(9,10,0),(9,9,0),(9,9,-1),(8,9,-1),(7,9,-1),(6,9,-1),(5,9,-1),(4,9,-1),(3,9,-1),(2,9,-1),(1,9,-1),(1,9,0),(1,9,1),
297:(0,6,4),(1,6,4),(2,6,4),(3,6,4),(4,6,4),(5,6,4),(6,6,4),(7,6,4),(7,6,3),(7,6,2),(8,6,2),(9,6,2),(9,6,1),(9,6,0),(9,5,0),(9,4,0),(9,3,0),
298:(13,7,0),(12,7,0),(11,7,0),(11,8,0),(10,8,0),(9,8,0),(8,8,0),(7,8,0),(6,8,0),(5,8,0),(4,8,0),(4,9,0),(3,9,0),(2,9,0),(1,9,0),(1,10,0),(1,10,1),(1,10,2),(0,10,2),(0,11,2),
299:(0,1,2),(1,1,2),(2,1,2),(3,1,2),(4,1,2),(5,1,2),(6,1,2),(6,1,3),(7,1,3),(7,2,3),(8,2,3),(8,2,4),(9,2,4),
300:(7,3,2),(6,3,2),(6,4,2),(5,4,2),(4,4,2),(3,4,2),(3,5,2),(2,5,2),(1,5,2),(1,6,2),(1,7,2),(1,8,2),(1,9,2),(1,10,2),(1,11,2),(1,12,2),(0,12,2),(0,13,2),(0,14,2),(1,14,2),
301:(11,10,2),(11,10,1),(11,9,1),(11,8,1),(11,7,1),(10,7,1),(10,6,1),(9,6,1),(9,5,1),(9,4,1),(8,4,1),(7,4,1),(7,3,1),(7,2,1),(6,2,1),(5,2,1),(4,2,1),(3,2,1),(3,1,1),(3,0,1),(2,0,1),(1,0,1),(0,0,1),
302:(1,2,5),(0,2,5),(0,2,4),(0,3,4),(0,4,4),(0,4,3),(0,5,3),(0,6,3),(0,6,2),(0,6,1),(0,7,1),(0,8,1),(0,9,1),(0,10,1),
303:(13,2,3),(13,2,2),(13,3,2),(13,4,2),(13,5,2),(13,6,2),(13,7,2),(13,8,2),(12,8,2),(12,9,2),(11,9,2),(10,9,2),(10,10,2),(10,11,2),(10,12,2),
304:(10,9,2),(9,9,2),(8,9,2),(8,10,2),(8,11,2),(8,11,3),(8,11,4),(8,11,5),(7,11,5),(6,11,5),(5,11,5),(5,12,5),(5,13,5),
305:(14,8,1),(13,8,1),(12,8,1),(12,7,1),(12,6,1),(11,6,1),(11,5,1),(11,4,1),(11,3,1),
306:(0,4,2),(1,4,2),(2,4,2),(3,4,2),(3,4,1),(3,4,0),(4,4,0),(5,4,0),(6,4,0),(6,4,-1),(7,4,-1),(8,4,-1),(9,4,-1),(9,5,-1),(9,6,-1),(9,6,0),
307:(7,0,1),(8,0,1),(8,0,2),(8,1,2),(8,2,2),(8,3,2),(8,4,2),(8,5,2),(8,6,2),(9,6,2),(10,6,2),(10,6,3),(10,7,3),(10,8,3),(10,9,3),
308:(12,5,3),(12,5,3),(12,5,2),(12,6,2),(12,7,2),(12,8,2),(12,9,2),(12,10,2),(12,11,2),(12,11,3),
309:(11,0,2),(11,1,2),(12,1,2),(13,1,2),
310:(6,0,4),(6,0,3),(6,0,2),(6,1,2),(6,2,2),(6,3,2),(6,4,2),(6,5,2),(6,6,2),(6,7,2),(7,7,2),(7,7,1),(7,8,1),
311:(12,12,3),(11,12,3),(10,12,3),(9,12,3),(9,12,3),(8,12,3),(7,12,3),(6,12,3),(5,12,3),(5,12,2),(5,12,1),(5,12,0),(5,12,0),(4,12,0),(3,12,0),(2,12,0),
312:(3,13,4),(4,13,4),(5,13,4),(5,12,4),(6,12,4),(7,12,4),(8,12,4),(8,11,4),(8,10,4),(9,10,4),(10,10,4),(11,10,4),(11,10,4),(11,9,4),(11,8,4),(12,8,4),(13,8,4),(14,8,4),(14,7,4),(14,6,4),(14,5,4),(14,4,4),(14,3,4),(14,2,4),(14,2,3),
313:(13,0,3),(13,0,4),(12,0,4),(11,0,4),(10,0,4),(10,1,4),(10,1,5),(10,2,5),(10,3,5),(10,4,5),(9,4,5),(8,4,5),(8,5,5),(7,5,5),(6,5,5),(6,6,5),(6,7,5),(6,8,5),(5,8,5),(5,9,5),(5,10,5),(5,10,6),(4,10,6),(3,10,6),(2,10,6),(2,10,5),
314:(12,10,2),(11,10,2),(11,9,2),(11,9,1),(10,9,1),(10,9,0),(9,9,0),(8,9,0),(7,9,0),(6,9,0),(5,9,0),
315:(12,2,4),(11,2,4),(10,2,4),(10,3,4),(10,4,4),(9,4,4),(9,5,4),(9,5,4),(8,5,4),(7,5,4),(7,6,4),(7,7,4),(7,8,4),
316:(3,2,4),(4,2,4),(5,2,4),(6,2,4),(7,2,4),(8,2,4),(8,2,3),(8,2,2),(8,3,2),(9,3,2),(9,4,2),(8,4,2),
317:(9,1,1),(10,1,1),(11,1,1),(12,1,1),(13,1,1),(14,1,1),(14,1,2),
318:(7,7,2),(6,7,2),(6,7,1),
319:(5,6,5),(4,6,5),(3,6,5),(3,5,5),(3,5,4),(3,4,4),(2,4,4),(2,3,4),(3,3,4),
320:(1,13,4),(2,13,4),(2,12,4),(2,11,4),(2,10,4),(2,9,4),(2,8,4),(2,8,5),(3,8,5),(4,8,5),(5,8,5),(6,8,5),(7,8,5),(7,7,5),(8,7,5),(9,7,5),(10,7,5),(10,7,4),(11,7,4),(11,6,4),(12,6,4),(13,6,4),(13,5,4),(13,4,4),
321:(7,3,3),(6,3,3),(6,4,3),(6,5,3),(6,6,3),(5,6,3),(5,7,3),(5,7,3),(5,8,3),(6,8,3),(6,9,3),(6,9,3),(5,9,3),
322:(8,6,0),(8,7,0),(8,8,0),(7,8,0),(7,9,0),(7,10,0),(7,10,0),(7,11,0),(7,12,0),(7,12,1),(7,12,2),(7,12,3),(6,12,3),(5,12,3),(5,12,3),(5,11,3),
323:(14,4,5),(13,4,5),(12,4,5),(11,4,5),(10,4,5),(9,4,5),(9,5,5),(9,6,5),(8,6,5),(8,6,4),(8,6,3),
324:(4,5,4),(5,5,4),(6,5,4),(7,5,4),(7,5,4),(7,4,4),(7,3,4),(8,3,4),(9,3,4),(10,3,4),(10,2,4),(10,1,4),
325:(6,1,2),(6,2,2),(6,2,3),(6,3,3),(6,4,3),(6,5,3),(5,5,3),(5,6,3),(6,6,3),(6,7,3),(6,8,3),(6,8,4),(6,9,4),(6,10,4),(6,11,4),(6,12,4),(7,12,4),(7,12,3),(7,12,3),(8,12,3),
326:(0,6,5),(1,6,5),(2,6,5),(2,6,4),(2,6,3),(2,5,3),
327:(14,13,1),(14,13,2),(14,14,2),
328:(0,1,3),(1,1,3),(2,1,3),(3,1,3),(4,1,3),(4,1,4),(5,1,4),(6,1,4),(7,1,4),(8,1,4),(9,1,4),(9,0,4),(10,0,4),(11,0,4),(12,0,4),(13,0,4),
329:(8,6,5),(8,6,6),(7,6,6),(6,6,6),(6,7,6),(6,8,6),(6,9,6),(6,10,6),(6,10,5),(6,10,4),(6,10,4),(6,10,3),
330:(0,10,3),(1,10,3),(1,10,2),(1,10,1),(1,9,1),(1,8,1),(1,7,1),(1,6,1),(1,5,1),(1,5,0),(1,4,0),
331:(13,13,2),(13,12,2),(13,11,2),(12,11,2),(11,11,2),(11,10,2),(11,9,2),(10,9,2),(10,8,2),(9,8,2),(9,9,2),(9,8,2),(9,7,2),
332:(12,11,0),(11,11,0),(10,11,0),(9,11,0),(8,11,0),(7,11,0),(6,11,0),(5,11,0),(5,10,0),(5,9,0),(5,8,0),(5,8,0),(5,8,0),(5,8,1),
333:(11,2,5),(11,3,5),(11,3,4),(11,3,4),(10,3,4),(10,3,3),(9,3,3),(9,2,3),(8,2,3),(8,3,3),
334:(11,14,4),(10,14,4),(9,14,4),(8,14,4),(8,14,5),(8,13,5),
335:(7,3,5),(7,3,4),(7,3,3),(7,2,3),(7,1,3),(7,1,2),(7,0,2),(8,0,2),(8,0,1),
336:(14,8,5),(13,8,5),(12,8,5),(11,8,5),(10,8,5),(10,8,4),(10,8,3),(10,8,2),(10,8,1),(10,8,0),(9,8,0),(8,8,0),(8,8,-1),(8,7,-1),(7,7,-1),(6,7,-1),(5,7,-1),(4,7,-1),(3,7,-1),(2,7,-1),(1,7,-1),(0,7,-1),(0,7,0),
337:(5,12,2),(5,12,1),(5,11,1),(5,10,1),(5,9,1),(5,8,1),(5,7,1),(5,6,1),(6,6,1),(7,6,1),
338:(14,4,3),(13,4,3),(13,4,2),(12,4,2),(12,5,2),(12,6,2),(12,7,2),(12,8,2),(12,9,2),(12,10,2),(12,11,2),(12,12,2),(12,13,2),(12,13,1),(12,14,1),
339:(7,12,4),(8,12,4),(9,12,4),(10,12,4),(11,12,4),(12,12,4),(13,12,4),(13,11,4),(13,10,4),(13,9,4),(13,8,4),(14,8,4),(14,7,4),(14,6,4),(13,6,4),(13,6,3),(13,5,3),(13,5,2),(13,4,2),(13,3,2),
340:(8,1,1),(8,2,1),(8,2,0),(8,3,0),(8,4,0),(8,5,0),(9,5,0),(9,6,0),(9,7,0),(8,7,0),(9,7,0),(10,7,0),
341:(11,8,5),(10,8,5),(9,8,5),(8,8,5),(8,9,5),(7,9,5),(7,10,5),(6,10,5),(6,10,4),(6,11,4),(6,11,3),
342:(2,11,1),(3,11,1),(4,11,1),(5,11,1),(5,10,1),(6,10,1),(7,10,1),(8,10,1),(8,11,1),(8,11,1),(8,11,2),(8,11,2),(8,11,1),
343:(4,0,3),(3,0,3),(3,1,3),(3,1,4),(3,1,5),(3,2,5),(3,2,5),(3,3,5),(3,4,5),(3,5,5),(3,6,5),(2,6,5),(2,7,5),(2,8,5),(2,9,5),(2,10,5),(2,11,5),(2,12,5),(2,13,5),(1,13,5),(0,13,5),
344:(6,0,2),(5,0,2),(5,1,2),(5,2,2),(5,2,2),(5,3,2),(5,4,2),(6,4,2),(6,5,2),(6,6,2),(5,6,2),(5,7,2),(5,7,2),(5,8,2),(5,9,2),(5,10,2),(5,10,3),(4,10,3),(4,11,3),(4,12,3),(5,12,3),
345:(10,11,2),(10,10,2),(10,9,2),(11,9,2),(11,8,2),(11,7,2),(11,6,2),(11,5,2),(12,5,2),(11,5,2),(11,4,2),(10,4,2),(9,4,2),(9,3,2),(8,3,2),(7,3,2),(7,2,2),(7,1,2),(6,1,2),(5,1,2),
346:(2,2,0),(2,1,0),(3,1,0),(4,1,0),(5,1,0),(5,1,1),(6,1,1),(7,1,1),(8,1,1),(8,1,2),(9,1,2),(9,0,2),(9,0,1),
347:(7,14,3),(8,14,3),(9,14,3),(10,14,3),(10,13,3),(10,12,3),(10,11,3),(10,10,3),(10,10,4),(10,9,4),(11,9,4),(11,8,4),(11,7,4),(11,6,4),(11,6,5),(10,6,5),
348:(0,12,0),(1,12,0),(2,12,0),(2,11,0),(3,11,0),(4,11,0),
349:(8,2,3),(8,3,3),(8,4,3),(9,4,3),(9,5,3),(9,5,4),(9,6,4),(10,6,4),(10,7,4),(10,8,4),(10,9,4),(10,10,4),(9,10,4),(10,10,4),(11,10,4),(11,11,4),(11,12,4),(11,13,4),(11,14,4),
350:(11,1,4),(12,1,4),(12,2,4),(12,3,4),(12,3,4),(12,3,3),
351:(2,7,1),(2,7,2),(3,7,2),(4,7,2),(5,7,2),(5,7,2),(6,7,2),(6,7,2),(6,7,3),(6,7,4),
352:(9,4,5),(8,4,5),(7,4,5),(7,4,4),(7,4,3),(7,5,3),(7,5,2),(7,6,2),(7,6,1),(7,7,1),(7,8,1),(7,9,1),(7,9,1),(7,10,1),(7,10,0),(7,11,0),(6,11,0),(6,12,0),
353:(7,8,3),(6,8,3),(6,7,3),(6,6,3),(5,6,3),(5,5,3),(4,5,3),(4,5,2),(4,4,2),(5,4,2),(5,3,2),(6,3,2),(6,2,2),
354:(14,7,1),(13,7,1),(12,7,1),(12,7,2),(12,7,3),(11,7,3),(10,7,3),(10,8,3),(10,9,3),(10,10,3),(9,10,3),(9,10,4),(9,11,4),(9,12,4),(9,12,5),
355:(0,1,1),(1,1,1),(2,1,1),(2,2,1),(2,3,1),(2,4,1),(2,5,1),(2,6,1),(2,7,1),(1,7,1),
356:(3,11,3),(4,11,3),(5,11,3),(5,11,2),(5,10,2),(5,10,2),(6,10,2),(7,10,2),(7,10,1),(7,9,1),(8,9,1),(9,9,1),(9,9,0),(10,9,0),(11,9,0),(11,8,0),(11,7,0),(11,6,0),(11,6,0),(12,6,0),
357:(13,6,5),(12,6,5),(11,6,5),(10,6,5),(9,6,5),(8,6,5),(7,6,5),(6,6,5),(5,6,5),(5,6,4),(4,6,4),(4,6,4),(3,6,4),
358:(4,5,5),(3,5,5),(2,5,5),(2,5,4),(2,5,3),(2,5,2),(2,4,2),(2,3,2),(2,2,2),(1,2,2),(1,1,2),
359:(11,4,0),(11,5,0),(11,6,0),(11,7,0),(11,8,0),(11,8,1),(11,9,1),(11,10,1),(11,10,2),(11,10,3),
360:(5,4,1),(4,4,1),(3,4,1),(2,4,1),(2,4,0),(2,5,0),(2,6,0),(2,7,0),(1,7,0),(1,8,0),(1,9,0),(1,10,0),(1,11,0),
361:(2,11,3),(1,11,3),(1,11,4),(1,10,4),(1,9,4),(1,8,4),(1,7,4),(1,6,4),(1,5,4),(1,5,5),(1,4,5),(0,4,5),(0,3,5),(0,2,5),(0,1,5),
362:(5,11,5),(4,11,5),(3,11,5),(3,12,5),(3,12,4),(3,12,3),
363:(0,4,1),(1,4,1),(1,4,0),(2,4,0),(3,4,0),(4,4,0),(4,5,0),(4,6,0),(4,7,0),(4,8,0),(4,9,0),(4,9,1),(5,9,1),(6,9,1),(7,9,1),(8,9,1),(9,9,1),(9,9,0),(10,9,0),(10,10,0),
364:(7,5,4),(8,5,4),(8,6,4),(8,7,4),(9,7,4),(10,7,4),(11,7,4),(11,8,4),(11,8,4),(11,9,4),(11,10,4),(11,11,4),(11,11,4),(12,11,4),(13,11,4),
365:(5,11,2),(6,11,2),(6,11,3),(6,10,3),(6,9,3),(6,8,3),(7,8,3),(7,8,3),(8,8,3),(8,7,3),
366:(3,5,3),(4,5,3),(4,5,4),(4,5,5),(4,6,5),(4,7,5),(4,8,5),(5,8,5),(5,9,5),(6,9,5),(6,10,5),(6,11,5),(6,12,5),(6,13,5),
367:(11,13,5),(11,12,5),(11,11,5),(11,10,5),(11,9,5),(11,8,5),(11,7,5),(11,6,5),(11,6,4),(11,6,3),(11,6,2),(11,6,1),(11,6,0),(11,5,0),(11,4,0),(10,4,0),(9,4,0),
368:(5,7,3),(4,7,3),(3,7,3),(2,7,3),(2,7,2),(1,7,2),(1,6,2),(1,5,2),(1,4,2),(1,4,1),(1,3,1),
369:(11,12,3),(11,12,4),(11,13,4),(10,13,4),(9,13,4),(8,13,4),(8,13,4),(7,13,4),(6,13,4),(5,13,4),(4,13,4),(3,13,4),
370:(6,14,0),(6,13,0),(7,13,0),(7,13,1),(7,13,2),(7,13,3),(8,13,3),(9,13,3),(10,13,3),(10,13,4),(11,13,4),(12,13,4),(12,13,5),(12,12,5),
371:(1,0,1),(2,0,1),(3,0,1),(4,0,1),(5,0,1),(5,0,2),(5,0,3),(6,0,3),(7,0,3),(7,0,2),
372:(0,14,3),(1,14,3),(2,14,3),(3,14,3),(4,14,3),(4,14,2),(4,13,2),(4,12,2),(4,11,2),(4,10,2),(5,10,2),(6,10,2),(6,9,2),(6,8,2),(7,8,2),(8,8,2),(8,7,2),(8,6,2),(9,6,2),(9,5,2),(9,5,1),(9,4,1),(9,3,1),(10,3,1),(10,3,0),
373:(12,13,5),(13,13,5),(13,12,5),(13,11,5),(13,10,5),(13,9,5),(13,8,5),(13,7,5),(13,7,5),(13,7,4),
374:(7,4,0),(7,4,1),(6,4,1),(5,4,1),(4,4,1),(3,4,1),(3,5,1),(3,5,2),(3,5,3),(3,6,3),(2,6,3),(2,6,4),(2,7,4),(2,7,4),(2,7,4),(2,7,5),
375:(13,0,4),(12,0,4),(11,0,4),(10,0,4),(9,0,4),(8,0,4),(7,0,4),(6,0,4),(5,0,4),(4,0,4),(4,0,3),(4,1,3),(4,2,3),(4,3,3),(4,3,2),(4,4,2),(4,5,2),(4,6,2),(4,7,2),(3,7,2),(3,8,2),(3,9,2),(3,10,2),(3,10,1),(3,11,1),(2,11,1),(2,12,1),(2,13,1),(1,13,1),
376:(6,12,2),(6,12,3),(6,12,4),(6,12,5),(7,12,5),(8,12,5),(8,11,5),(8,10,5),(8,10,6),(8,9,6),(8,8,6),(8,7,6),(8,7,5),(8,6,5),(8,5,5),(8,4,5),(8,3,5),(8,2,5),(8,1,5),
377:(14,13,5),(14,13,4),(13,13,4),(12,13,4),(11,13,4),(10,13,4),(9,13,4),(8,13,4),(7,13,4),(6,13,4),(5,13,4),(5,12,4),(5,11,4),(5,10,4),(5,9,4),(5,8,4),(5,7,4),(4,7,4),(4,6,4),(4,6,3),(3,6,3),(3,5,3),(3,4,3),(2,4,3),(1,4,3),(1,3,3),(1,2,3),
378:(1,7,3),(0,7,3),(0,6,3),(0,5,3),(0,4,3),(0,3,3),(0,2,3),(0,2,4),(0,1,4),(0,0,4),
379:(14,1,0),(13,1,0),(12,1,0),(11,1,0),(10,1,0),(9,1,0),(8,1,0),(8,2,0),(8,3,0),(8,4,0),(8,5,0),(7,5,0),(7,6,0),(6,6,0),(6,6,1),(6,6,2),(6,6,3),(6,7,3),(6,8,3),(6,8,4),(6,9,4),(6,10,4),(6,10,5),(6,11,5),(6,12,5),
380:(14,1,4),(14,1,3),(14,1,2),(14,1,1),(14,2,1),(14,3,1),(14,4,1),(14,5,1),(14,6,1),(14,7,1),(14,8,1),(14,9,1),(13,9,1),(12,9,1),(12,10,1),(12,11,1),(12,12,1),(13,12,1),
381:(0,7,0),(0,6,0),(1,6,0),(2,6,0),(2,5,0),(3,5,0),(3,4,0),(4,4,0),(4,4,-1),(5,4,-1),(6,4,-1),(7,4,-1),(8,4,-1),(9,4,-1),(10,4,-1),(10,4,-1),(10,4,0),
382:(4,4,4),(5,4,4),(6,4,4),(6,4,5),(6,3,5),(7,3,5),(7,2,5),
383:(7,13,2),(8,13,2),(8,12,2),(8,11,2),(8,11,3),(9,11,3),(9,10,3),(9,10,4),(9,9,4),(9,8,4),(9,7,4),(10,7,4),(10,7,4),(10,7,3),
384:(14,6,4),(14,6,3),(14,7,3),
385:(8,11,1),(9,11,1),(10,11,1),(11,11,1),(11,10,1),(12,10,1),(12,9,1),(12,8,1),(12,7,1),(12,6,1),(12,6,2),(12,5,2),(12,4,2),(12,3,2),
386:(4,14,2),(5,14,2),(6,14,2),(6,13,2),(6,12,2),(6,11,2),(6,11,1),(6,11,0),(7,11,0),(7,10,0),(7,10,0),(7,9,0),
387:(1,10,2),(2,10,2),(3,10,2),(4,10,2),(4,10,1),(5,10,1),(5,10,0),(5,9,0),(6,9,0),(6,8,0),(6,7,0),(7,7,0),(8,7,0),(9,7,0),(9,6,0),(9,5,0),(9,5,1),(9,4,1),(9,3,1),(10,3,1),(10,3,0),(10,2,0),
388:(4,6,2),(5,6,2),(6,6,2),(6,5,2),(7,5,2),(8,5,2),(9,5,2),(9,5,3),
389:(0,7,3),(0,8,3),(1,8,3),(1,9,3),(1,10,3),(1,11,3),(1,12,3),(1,13,3),(2,13,3),(3,13,3),
390:(9,8,2),(9,8,1),(8,8,1),(7,8,1),(6,8,1),(6,9,1),(5,9,1),(5,9,2),(5,10,2),(5,11,2),
391:(6,11,0),(6,10,0),(6,10,1),(6,9,1),(6,9,1),(6,9,2),(5,9,2),(4,9,2),(4,8,2),(4,7,2),(4,6,2),(4,6,3),(4,5,3),(3,5,3),(3,4,3),(2,4,3),(2,4,4),(2,3,4),(2,2,4),(2,1,4),(2,0,4),
392:(7,10,0),(7,10,-1),(8,10,-1),(9,10,-1),(10,10,-1),(11,10,-1),(12,10,-1),(12,9,-1),(12,8,-1),(12,8,0),
393:(0,7,2),(1,7,2),(1,8,2),(1,9,2),(1,10,2),(1,11,2),(2,11,2),(3,11,2),(3,12,2),(4,12,2),(5,12,2),(6,12,2),(7,12,2),(8,12,2),(8,12,3),(9,12,3),(10,12,3),(11,12,3),(12,12,3),(13,12,3),(13,12,2),
394:(8,5,1),(9,5,1),(8,5,1),(8,4,1),(8,3,1),(9,3,1),(9,2,1),
395:(4,10,1),(5,10,1),(5,10,0),(5,11,0),(5,12,0),(6,12,0),(7,12,0),(7,13,0),(7,14,0),(8,14,0),(9,14,0),(10,14,0),(11,14,0),(12,14,0),
396:(6,1,0),(6,2,0),(6,3,0),(6,4,0),(6,4,1),(6,5,1),(6,6,1),(7,6,1),(8,6,1),(8,7,1),(8,8,1),(8,9,1),(8,9,2),(8,10,2),
397:(0,9,2),(1,9,2),(2,9,2),(3,9,2),(3,8,2),(3,7,2),(3,7,1),(4,7,1),(4,7,1),(5,7,1),(5,7,2),(6,7,2),(7,7,2),(8,7,2),(8,6,2),(9,6,2),(10,6,2),(11,6,2),(12,6,2),(12,5,2),(13,5,2),(14,5,2),(14,4,2),(14,3,2),
398:(11,1,1),(12,1,1),(13,1,1),(13,2,1),(13,2,2),(13,2,3),(14,2,3),(14,2,4),(14,3,4),(14,4,4),(14,4,5),(14,5,5),(14,6,5),
399:(10,13,0),(9,13,0),(8,13,0),(8,13,1),(8,13,2),(8,12,2),(8,12,3),(7,12,3),(6,12,3),(5,12,3),(4,12,3),(4,12,4),(4,12,5),(4,11,5),(4,10,5),
400:(12,2,0),(13,2,0),(14,2,0),(14,2,1),(14,2,2),(14,2,3),(14,2,4),(14,1,4),(14,0,4),
401:(0,0,5),(1,0,5),(2,0,5),(3,0,5),(3,0,4),(4,0,4),(5,0,4),(5,1,4),(5,2,4),(5,3,4),(5,4,4),(5,5,4),(6,5,4),(6,5,3),(6,6,3),(6,7,3),(6,8,3),(6,8,2),(6,9,2),(6,10,2),(7,10,2),(7,11,2),(7,12,2),(7,13,2),(7,13,1),(7,14,1),
402:(0,13,3),(1,13,3),(1,13,4),(1,13,5),(1,12,5),
403:(6,9,2),(7,9,2),(7,10,2),(7,10,1),(8,10,1),(8,10,0),(8,11,0),(9,11,0),(9,12,0),(10,12,0),(10,13,0),(11,13,0),
404:(14,12,2),(14,12,1),(13,12,1),(13,11,1),(13,10,1),
405:(14,1,1),(13,1,1),(13,1,0),(12,1,0),(11,1,0),(11,2,0),(11,3,0),(11,4,0),(11,5,0),(11,6,0),(10,6,0),
406:(1,14,0),(2,14,0),(3,14,0),(3,13,0),(3,12,0),(3,11,0),(3,10,0),(3,9,0),(3,8,0),(3,8,-1),(4,8,-1),(5,8,-1),(6,8,-1),(7,8,-1),(8,8,-1),(9,8,-1),(10,8,-1),(11,8,-1),(12,8,-1),(12,7,-1),(12,6,-1),(12,5,-1),(12,5,0),(12,4,0),(12,3,0),
407:(7,8,2),(8,8,2),(8,8,2),(8,8,3),(9,8,3),(10,8,3),(11,8,3),(11,9,3),(11,9,4),(11,10,4),(11,11,4),(12,11,4),(12,11,5),(13,11,5),(13,12,5),(13,13,5),
408:(13,14,0),(13,14,1),(13,14,2),(13,14,3),(13,13,3),(13,12,3),(13,11,3),(13,11,3),(13,11,4),(13,11,4),(13,10,4),
409:(9,14,1),(8,14,1),(8,14,2),(7,14,2),(6,14,2),(5,14,2),(4,14,2),(3,14,2),(3,14,3),(3,14,4),(3,14,5),(3,13,5),(3,12,5),(3,11,5),(3,11,4),(3,10,4),(3,10,5),
410:(5,14,0),(4,14,0),(4,13,0),(4,12,0),(4,11,0),(4,10,0),
411:(14,12,5),(13,12,5),(12,12,5),(12,12,4),(12,11,4),(11,11,4),(11,10,4),(10,10,4),(9,10,4),(9,9,4),(9,8,4),(9,7,4),(9,6,4),(8,6,4),(7,6,4),(6,6,4),(6,5,4),(5,5,4),(5,4,4),(5,3,4),(5,2,4),(5,1,4),
412:(9,12,4),(9,12,3),(9,11,3),(9,11,2),(9,10,2),(10,10,2),(10,10,1),(10,9,1),(10,9,1),(9,9,1),(9,8,1),(9,7,1),(9,7,1),(9,6,1),
413:(13,9,4),(13,9,5),(13,8,5),(13,7,5),(13,6,5),(13,5,5),(12,5,5),(12,4,5),(12,3,5),(12,2,5),(12,1,5),(12,0,5),
414:(5,7,2),(5,7,3),(5,8,3),(5,8,3),(5,8,3),(5,8,3),(5,8,3),(5,9,3),(5,9,3),(5,8,3),
415:(2,11,0),(3,11,0),(4,11,0),(4,11,1),(4,11,2),(4,11,3),(4,11,4),(4,11,5),(4,12,5),(4,13,5),
416:(0,9,0),(0,9,1),(0,9,2),(0,9,3),(0,10,3),(0,11,3),(0,12,3),(0,12,4),(0,13,4),
417:(1,14,2),(2,14,2),(3,14,2),(4,14,2),(4,13,2),(5,13,2),(6,13,2),(7,13,2),(7,13,3),(8,13,3),(9,13,3),(10,13,3),(10,13,4),(11,13,4),(11,12,4),(12,12,4),(13,12,4),
418:(4,11,2),(5,11,2),(6,11,2),(7,11,2),(7,11,1),(8,11,1),(9,11,1),(10,11,1),(11,11,1),(12,11,1),(12,10,1),(12,9,1),(12,8,1),(12,7,1),(12,6,1),(12,6,2),(12,5,2),(12,5,2),(13,5,2),(13,5,3),(13,5,4),(13,5,5),
419:(11,7,3),(11,7,2),(12,7,2),(12,8,2),(12,8,1),(12,8,0),(11,8,0),(11,9,0),(11,10,0),(11,11,0),(10,11,0),(10,12,0),
420:(14,11,3),(13,11,3),(12,11,3),(12,11,3),(12,12,3),(11,12,3),(10,12,3),(9,12,3),(8,12,3),(7,12,3),(6,12,3),(5,12,3),(4,12,3),(4,11,3),(4,10,3),(4,9,3),(3,9,3),(2,9,3),(1,9,3),(0,9,3),(0,8,3),(0,7,3),
421:(8,6,4),(7,6,4),(7,6,5),(6,6,5),(6,5,5),(6,5,5),(6,5,5),(6,4,5),
422:(14,5,4),(13,5,4),(13,6,4),(13,7,4),(13,8,4),(12,8,4),(12,9,4),(12,10,4),(12,11,4),(12,12,4),(12,12,3),(12,13,3),(12,13,3),(12,13,2),
423:(14,11,0),(13,11,0),(12,11,0),(12,10,0),(12,9,0),
424:(4,12,2),(3,12,2),(3,11,2),(3,11,2),(3,10,2),(3,9,2),(3,8,2),(3,7,2),(3,6,2),(3,5,2),(2,5,2),(2,4,2),(2,4,1),(2,4,0),(3,4,0),(3,3,0),(3,2,0),(3,1,0),(3,0,0),
425:(12,10,1),(12,10,2),(12,11,2),(12,12,2),(12,13,2),(11,13,2),(10,13,2),(9,13,2),(9,13,1),(8,13,1),(7,13,1),(6,13,1),(5,13,1),(5,14,1),(5,14,2),
426:(14,5,2),(13,5,2),(13,5,3),(12,5,3),(12,5,4),(11,5,4),(11,6,4),(11,7,4),(11,7,5),(11,8,5),(11,8,5),(10,8,5),(9,8,5),(9,9,5),(8,9,5),(7,9,5),
427:(5,1,5),(6,1,5),(7,1,5),(7,0,5),(8,0,5),(9,0,5),(9,0,4),(9,0,3),(9,0,2),(9,0,1),(9,0,0),
428:(12,14,5),(12,13,5),(13,13,5),(13,12,5),(13,12,4),(13,11,4),(13,10,4),(13,9,4),(13,9,3),(13,9,2),(13,9,1),(13,8,1),(13,7,1),(13,6,1),(13,6,2),
429:(3,0,1),(4,0,1),(5,0,1),(6,0,1),(6,0,0),(6,-1,0),(7,-1,0),(8,-1,0),(8,-1,0),(8,0,0),
430:(11,3,5),(11,3,4),(12,3,4),(13,3,4),(14,3,4),(14,4,4),(14,5,4),(14,6,4),(14,7,4),(14,8,4),(14,8,4),(14,8,3),(14,8,2),(14,9,2),
431:(2,13,4),(2,13,5),(2,12,5),(2,11,5),(2,10,5),(3,10,5),(4,10,5),(4,9,5),(4,8,5),(5,8,5),(6,8,5),(6,7,5),(7,7,5),(8,7,5),(9,7,5),(9,6,5),(9,5,5),(9,4,5),(10,4,5),(10,3,5),
432:(2,8,3),(3,8,3),(3,9,3),(4,9,3),(5,9,3),(5,9,2),(5,10,2),(5,11,2),(5,12,2),(6,12,2),(6,13,2),(6,14,2),
433:(13,14,1),(12,14,1),(12,14,2),(12,14,3),(11,14,3),(10,14,3),(9,14,3),(8,14,3),(8,14,4),(7,14,4),(6,14,4),(5,14,4),(5,13,4),(4,13,4),(4,12,4),(3,12,4),(2,12,4),(1,12,4),(1,11,4),(0,11,4),(0,10,4),(0,9,4),
434:(12,7,0),(12,8,0),(13,8,0),(14,8,0),(14,9,0),(14,10,0),(14,11,0),(14,12,0),(14,13,0),(14,14,0),
435:(9,3,3),(9,3,4),(8,3,4),(8,3,5),(7,3,5),(7,4,5),(7,5,5),(6,5,5),(5,5,5),(4,5,5),(3,5,5),(3,6,5),(2,6,5),(1,6,5),(0,6,5),(0,7,5),(0,8,5),(0,9,5),(0,9,4),(0,10,4),(0,10,3),(0,11,3),(0,12,3),
436:(5,1,0),(6,1,0),(7,1,0),(7,0,0),
437:(6,1,1),(7,1,1),(8,1,1),(9,1,1),(9,1,2),(9,2,2),(10,2,2),(11,2,2),(11,3,2),(11,3,3),(11,4,3),(11,5,3),(11,6,3),(11,7,3),(11,8,3),(11,9,3),(11,9,4),(11,10,4),(12,10,4),(12,11,4),(12,12,4),(12,12,3),(12,13,3),(12,14,3),(13,14,3),
438:(8,9,5),(7,9,5),(6,9,5),(6,10,5),(6,10,4),(5,10,4),(5,10,3),(5,10,2),(5,10,1),(5,10,0),(6,10,0),
439:(8,5,5),(7,5,5),(6,5,5),(6,5,4),(6,6,4),(6,7,4),(5,7,4),(5,8,4),(5,9,4),(5,10,4),(4,10,4),(4,11,4),
440:(7,6,2),(8,6,2),(8,6,3),(8,6,3),(9,6,3),(10,6,3),(11,6,3),(12,6,3),(12,6,4),(12,5,4),(12,4,4),(12,4,3),
441:(13,14,5),(12,14,5),(11,14,5),(10,14,5),(9,14,5),(8,14,5),(7,14,5),(6,14,5),(6,14,5),(5,14,5),(5,14,4),(5,14,3),(5,14,2),(4,14,2),(4,14,1),
442:(10,1,3),(9,1,3),(9,2,3),(9,3,3),(9,4,3),(9,5,3),(8,5,3),(7,5,3),(7,5,4),(7,6,4),(7,7,4),(7,8,4),(6,8,4),(5,8,4),(4,8,4),(4,9,4),(3,9,4),(3,10,4),(2,10,4),(2,11,4),(2,11,3),(2,12,3),(2,13,3),
443:(4,5,3),(5,5,3),(5,5,2),(5,5,1),(6,5,1),(7,5,1),(8,5,1),(9,5,1),(10,5,1),(10,6,1),(10,7,1),(10,8,1),(10,8,0),
444:(0,11,0),(1,11,0),(2,11,0),(3,11,0),(3,11,1),(4,11,1),(5,11,1),(6,11,1),(7,11,1),(7,10,1),(8,10,1),(8,10,2),(9,10,2),(10,10,2),(11,10,2),(11,10,1),(11,9,1),
445:(9,12,2),(9,12,1),(9,11,1),(9,10,1),(9,10,0),(9,9,0),(9,8,0),(9,7,0),(8,7,0),(8,6,0),(8,6,0),(8,5,0),(8,4,0),
446:(0,6,1),(1,6,1),(2,6,1),(2,6,2),(3,6,2),(3,6,3),(4,6,3),(4,5,3),(4,4,3),
447:(13,13,4),(13,12,4),(13,11,4),(13,10,4),(13,9,4),(13,8,4),(13,7,4),(13,6,4),(13,5,4),(13,4,4),(13,3,4),(13,3,3),(13,3,2),(13,3,1),(13,2,1),(12,2,1),(12,1,1),(12,0,1),
448:(2,6,5),(3,6,5),(3,5,5),(3,5,4),(4,5,4),(5,5,4),(5,4,4),(5,3,4),(6,3,4),(7,3,4),(7,4,4),(7,4,3),
449:(7,6,0),(6,6,0),(6,7,0),(6,7,-1),(5,7,-1),(4,7,-1),(3,7,-1),(3,7,0),
