soc=5581
lb_soc=4415
makespan=27
lb_makespan=27
comp_time=86586
highLevelExpanded=120
lowLevelExpanded=108833
solution=
0:(8,9,3),(9,9,3),(10,9,3),(10,9,4),(10,9,5),(10,8,5),(10,7,5),(10,6,5),
1:(8,9,5),(7,9,5),(6,9,5),(5,9,5),(4,9,5),(4,9,4),(4,9,3),(4,9,2),(4,8,2),(4,7,2),
2:(1,6,5),(2,6,5),(3,6,5),(3,6,4),(3,6,3),(3,6,2),(3,6,1),(3,5,1),
3:(8,5,4),(8,4,4),(8,3,4),(8,2,4),(8,1,4),
4:(5,11,0),(4,11,0),(4,10,0),(4,9,0),(4,8,0),(4,7,0),(4,6,0),(4,5,0),(4,4,0),(4,3,0),(4,2,0),(4,1,0),(4,0,0),
5:(9,0,3),(9,0,4),(9,0,5),(9,1,5),(9,2,5),
6:(7,0,5),(6,0,5),(6,1,5),(6,1,6),(6,2,6),(6,3,6),(6,4,6),(6,5,6),(6,6,6),(6,7,6),(6,8,6),(6,9,6),(6,10,6),(6,11,6),(6,11,5),(6,11,4),(6,12,4),(6,12,3),(6,13,3),
7:(5,14,5),(6,14,5),(7,14,5),(8,14,5),(8,14,4),(8,14,3),(8,13,3),(8,12,3),(8,11,3),(8,10,3),(8,9,3),(8,8,3),(8,7,3),(8,6,3),(8,5,3),(8,4,3),
8:(1,5,0),(2,5,0),(3,5,0),(4,5,0),(5,5,0),(6,5,0),(6,4,0),(6,3,0),(6,2,0),(6,1,0),
9:(12,3,4),(11,3,4),(11,4,4),(11,4,4),(11,5,4),(11,6,4),(11,7,4),(10,7,4),(9,7,4),(9,8,4),(8,8,4),(8,9,4),(8,10,4),(8,11,4),
10:(14,12,5),(13,12,5),(12,12,5),(11,12,5),(11,12,4),(11,12,3),(11,12,2),(11,13,2),(11,14,2),
11:(8,13,3),(9,13,3),(10,13,3),(11,13,3),(11,13,4),(11,12,4),(11,11,4),
12:(14,13,5),(13,13,5),(12,13,5),(11,13,5),(10,13,5),(9,13,5),(8,13,5),(7,13,5),(6,13,5),(5,13,5),(4,13,5),(3,13,5),(2,13,5),(1,13,5),(1,13,4),(1,13,3),(1,13,2),(1,13,1),(1,13,0),(1,12,0),(1,11,0),(1,10,0),(1,9,0),(1,8,0),(1,7,0),
13:(10,6,5),(11,6,5),(12,6,5),(12,6,4),(12,7,4),(12,8,4),(12,9,4),(12,10,4),(12,11,4),(12,12,4),(12,13,4),
14:(9,3,3),(8,3,3),(8,4,3),(8,4,4),
15:(10,4,0),(9,4,0),(9,4,1),(9,3,1),(9,2,1),
16:(14,12,2),(13,12,2),(12,12,2),(11,12,2),(10,12,2),(9,12,2),(8,12,2),(7,12,2),(6,12,2),(6,11,2),(6,10,2),(5,10,2),(4,10,2),(4,10,2),(4,9,2),(4,8,2),(4,8,1),(4,7,1),(4,6,1),(4,5,1),(4,4,1),(3,4,1),(2,4,1),
17:(8,11,2),(9,11,2),(10,11,2),(11,11,2),(12,11,2),(13,11,2),(14,11,2),(14,10,2),(14,9,2),(14,9,3),(14,9,4),
18:(13,11,2),(12,11,2),(11,11,2),(11,11,3),(10,11,3),(9,11,3),(9,11,4),(9,11,5),(8,11,5),(8,10,5),(8,9,5),(8,8,5),(8,7,5),(7,7,5),(7,6,5),(6,6,5),(6,5,5),(6,4,5),(6,3,5),(6,2,5),(6,1,5),
19:(14,4,0),(13,4,0),(12,4,0),(11,4,0),(11,5,0),(11,6,0),(10,6,0),(10,7,0),(9,7,0),(9,8,0),(9,9,0),(8,9,0),(8,10,0),(8,11,0),(8,12,0),(8,13,0),(7,13,0),(6,13,0),(5,13,0),(4,13,0),(4,13,-1),(3,13,-1),(2,13,-1),(2,13,0),
20:(3,14,3),(4,14,3),(5,14,3),(6,14,3),(7,14,3),(7,14,2),(8,14,2),(9,14,2),(9,14,1),(10,14,1),(10,14,0),(10,13,0),(10,12,0),(10,11,0),
21:(5,0,1),(6,0,1),(7,0,1),(8,0,1),(9,0,1),(9,0,2),(9,1,2),(9,2,2),(9,3,2),(9,4,2),
22:(2,6,5),(2,6,4),(1,6,4),(1,6,3),(1,6,2),(1,6,1),(1,6,0),(1,5,0),(1,4,0),(1,3,0),(1,2,0),(1,1,0),
23:(4,8,0),(5,8,0),(6,8,0),(7,8,0),(8,8,0),(9,8,0),(10,8,0),(11,8,0),(11,8,1),(12,8,1),(12,8,2),(12,8,3),(12,8,4),(12,7,4),(12,6,4),(12,5,4),(12,4,4),(12,3,4),
24:(0,1,0),(1,1,0),(2,1,0),(3,1,0),(4,1,0),(5,1,0),(5,2,0),(5,3,0),(5,4,0),(5,5,0),(5,6,0),(6,6,0),(7,6,0),(8,6,0),(9,6,0),(10,6,0),(10,7,0),(10,7,1),(10,8,1),(10,9,1),(10,10,1),(10,11,1),(10,12,1),
25:(5,0,0),(6,0,0),(7,0,0),(8,0,0),(9,0,0),(10,0,0),(11,0,0),(12,0,0),(12,1,0),(12,2,0),(12,3,0),(12,4,0),(12,5,0),(12,6,0),(12,7,0),(13,7,0),(13,7,1),(13,8,1),(13,9,1),(13,9,2),(13,10,2),(13,11,2),(13,12,2),
26:(8,4,1),(9,4,1),(10,4,1),(11,4,1),(11,4,0),(11,5,0),(11,6,0),(11,7,0),(11,8,0),(11,9,0),
27:(9,5,2),(10,5,2),(11,5,2),(11,6,2),
28:(12,2,0),(11,2,0),(10,2,0),(9,2,0),(8,2,0),(7,2,0),(7,3,0),(7,4,0),(6,4,0),(6,4,0),(6,5,0),(5,5,0),(5,6,0),(5,7,0),(5,8,0),(5,9,0),(5,10,0),(5,11,0),(5,12,0),(4,12,0),(4,13,0),(4,14,0),(3,14,0),(2,14,0),
29:(1,14,3),(2,14,3),(3,14,3),(4,14,3),(5,14,3),(6,14,3),(7,14,3),(8,14,3),(9,14,3),(9,13,3),(9,13,2),(9,12,2),(10,12,2),(10,11,2),(10,10,2),(10,9,2),(10,8,2),(10,7,2),(10,6,2),(10,5,2),(10,4,2),
30:(14,14,1),(13,14,1),(12,14,1),(11,14,1),(10,14,1),(9,14,1),(8,14,1),(7,14,1),(6,14,1),(5,14,1),(5,14,2),
31:(0,9,0),(1,9,0),(2,9,0),(3,9,0),(4,9,0),(5,9,0),(6,9,0),(7,9,0),(8,9,0),(8,9,1),(8,9,2),(8,9,3),(8,9,4),(8,9,5),(8,8,5),(8,7,5),(8,6,5),(8,5,5),(8,4,5),(8,3,5),
32:(6,14,4),(5,14,4),(4,14,4),(4,13,4),(4,13,3),(4,13,2),(4,13,1),(4,12,1),
33:(12,4,3),(11,4,3),(10,4,3),(9,4,3),(8,4,3),(7,4,3),(6,4,3),(5,4,3),(4,4,3),(3,4,3),(3,5,3),(3,5,2),(3,6,2),(3,7,2),(3,7,1),(3,8,1),(3,9,1),(3,10,1),(3,10,0),(2,10,0),(2,11,0),(2,12,0),
34:(14,1,5),(13,1,5),(12,1,5),(11,1,5),(10,1,5),(10,1,4),(10,1,3),(10,1,2),(10,1,1),(10,1,0),(10,2,0),(10,3,0),
35:(12,8,4),(11,8,4),(10,8,4),(9,8,4),(8,8,4),(7,8,4),(6,8,4),(6,7,4),(6,6,4),(6,5,4),(6,4,4),(6,3,4),(6,2,4),
36:(13,13,3),(12,13,3),(11,13,3),(11,13,4),(10,13,4),(9,13,4),(8,13,4),(7,13,4),(6,13,4),(5,13,4),(4,13,4),(4,12,4),(4,11,4),(4,10,4),(4,9,4),(3,9,4),(3,8,4),(3,7,4),
37:(12,6,3),(12,6,2),(12,6,1),
38:(10,11,3),(11,11,3),(11,10,3),(11,10,2),(11,10,1),(11,9,1),(11,8,1),(11,7,1),(11,7,0),(11,7,-1),(11,6,-1),(11,5,-1),(11,4,-1),(11,3,-1),(11,2,-1),(11,1,-1),(11,0,-1),(11,0,0),(11,0,1),
39:(2,6,0),(3,6,0),(4,6,0),(5,6,0),(6,6,0),(7,6,0),(7,6,1),(7,6,2),(7,6,3),(7,7,3),(7,8,3),(7,9,3),
40:(8,11,3),(7,11,3),(6,11,3),(5,11,3),(4,11,3),(3,11,3),(2,11,3),(1,11,3),(0,11,3),(0,11,2),(0,11,1),(0,11,0),(0,10,0),(0,9,0),(0,8,0),(0,7,0),(-1,7,0),(-1,6,0),(-1,5,0),(0,5,0),
41:(14,8,3),(13,8,3),(12,8,3),(11,8,3),(10,8,3),(10,8,4),(10,7,4),(10,6,4),(10,5,4),(10,4,4),(10,3,4),(10,2,4),(10,1,4),
42:(3,12,1),(4,12,1),(4,11,1),(4,10,1),(4,9,1),(5,9,1),(5,8,1),(5,7,1),(5,6,1),(5,6,0),(6,6,0),(6,5,0),(6,4,0),(7,4,0),(7,3,0),(7,2,0),(7,1,0),(7,1,-1),(8,1,-1),(9,1,-1),(10,1,-1),(10,1,0),
43:(14,10,2),(13,10,2),(12,10,2),(12,9,2),(11,9,2),(10,9,2),(9,9,2),(8,9,2),(8,9,1),(8,8,1),(8,7,1),(8,6,1),(8,5,1),(7,5,1),(7,4,1),(7,3,1),(7,2,1),(7,1,1),(8,1,1),
44:(5,5,4),(4,5,4),(3,5,4),(2,5,4),(2,5,3),(2,5,2),(2,5,1),(2,4,1),(2,3,1),(2,2,1),(2,1,1),
45:(0,4,1),(1,4,1),(2,4,1),(3,4,1),(4,4,1),(5,4,1),(5,4,2),(5,4,2),(5,4,3),
46:(11,12,4),(11,12,3),(11,11,3),(11,10,3),
47:(7,12,1),(6,12,1),(6,12,2),(5,12,2),(4,12,2),(3,12,2),(3,12,3),(3,12,4),(3,11,4),(3,10,4),
48:(12,13,5),(11,13,5),(10,13,5),(9,13,5),(8,13,5),(7,13,5),(6,13,5),(6,13,4),(6,14,4),
49:(5,1,4),(4,1,4),(3,1,4),(3,1,4),(3,2,4),(3,3,4),(3,4,4),(3,5,4),(3,6,4),(3,7,4),(3,8,4),(3,9,4),(2,9,4),(2,9,3),(2,10,3),(2,11,3),(2,12,3),
50:(0,14,3),(1,14,3),(2,14,3),(3,14,3),(4,14,3),(5,14,3),(6,14,3),(7,14,3),(8,14,3),(9,14,3),(10,14,3),(11,14,3),(12,14,3),(12,13,3),(12,12,3),(12,11,3),(12,11,2),(12,10,2),(12,10,1),(12,9,1),(12,8,1),(12,7,1),(12,7,0),(12,6,0),
51:(1,12,2),(2,12,2),(3,12,2),(4,12,2),(4,12,3),(5,12,3),(6,12,3),(6,12,4),(6,11,4),(6,10,4),
52:(14,7,3),(13,7,3),(12,7,3),(11,7,3),(10,7,3),(10,8,3),(10,8,2),(10,8,1),(10,9,1),(10,10,1),(9,10,1),(9,11,1),(8,11,1),(7,11,1),(6,11,1),(5,11,1),
53:(9,8,0),(10,8,0),(11,8,0),(11,8,1),(11,7,1),(11,6,1),
54:(9,5,5),(9,5,4),(9,5,3),(9,5,2),(9,6,2),(10,6,2),(10,7,2),(11,7,2),(11,7,2),(11,8,2),(11,8,1),(11,9,1),(11,10,1),(11,10,0),(11,11,0),(11,12,0),(11,13,0),(11,13,0),(12,13,0),
55:(1,2,4),(1,2,3),(1,2,2),(1,2,1),(1,3,1),(1,4,1),(1,5,1),(1,6,1),(1,7,1),(1,8,1),(1,9,1),
56:(6,1,5),(7,1,5),(7,1,4),(7,1,3),(7,1,2),(7,1,1),(7,1,0),(7,2,0),(7,3,0),(7,4,0),(7,5,0),(7,6,0),(7,7,0),(7,8,0),(8,8,0),(8,9,0),(8,10,0),(7,10,0),
57:(2,4,3),(3,4,3),(3,5,3),(3,5,2),(3,5,1),(3,5,0),(4,5,0),(5,5,0),(5,5,-1),(6,5,-1),(7,5,-1),(7,5,0),
58:(0,0,1),(1,0,1),(2,0,1),(2,1,1),(2,2,1),(2,3,1),(2,4,1),(3,4,1),(3,4,1),(4,4,1),(4,5,1),(5,5,1),(5,5,2),(6,5,2),(7,5,2),(8,5,2),(9,5,2),(9,5,3),(9,6,3),(9,7,3),(10,7,3),(11,7,3),(11,6,3),
59:(12,10,5),(12,10,4),(12,10,3),(12,11,3),(12,12,3),(12,12,3),(11,12,3),
60:(1,11,0),(2,11,0),(3,11,0),(4,11,0),(5,11,0),(6,11,0),(7,11,0),(8,11,0),(8,10,0),(8,9,0),(8,8,0),(9,8,0),(10,8,0),(11,8,0),(11,7,0),(12,7,0),(12,6,0),(12,5,0),(13,5,0),
61:(10,4,4),(9,4,4),(8,4,4),(7,4,4),(6,4,4),(5,4,4),(4,4,4),(4,4,3),(4,5,3),(4,6,3),
62:(2,14,2),(3,14,2),(4,14,2),(5,14,2),(6,14,2),(6,14,1),(7,14,1),(7,13,1),(8,13,1),(9,13,1),(10,13,1),(11,13,1),(11,12,1),(11,11,1),(11,10,1),(11,9,1),(11,8,1),
63:(6,8,0),(7,8,0),(8,8,0),(9,8,0),(10,8,0),(11,8,0),(12,8,0),(13,8,0),(14,8,0),(14,7,0),(14,6,0),(14,5,0),(14,5,1),
64:(6,8,2),(7,8,2),(8,8,2),(9,8,2),(10,8,2),(11,8,2),(12,8,2),(12,8,3),(12,7,3),(12,6,3),(12,5,3),(12,4,3),(12,3,3),(12,3,3),(12,2,3),(12,1,3),(13,1,3),(14,1,3),
65:(5,13,2),(5,12,2),(5,11,2),(5,10,2),(5,10,3),
66:(14,13,0),(13,13,0),(12,13,0),(11,13,0),(10,13,0),(9,13,0),(8,13,0),(7,13,0),(6,13,0),(5,13,0),(4,13,0),(4,12,0),(4,11,0),
67:(3,11,2),(4,11,2),(4,11,3),(4,11,4),(5,11,4),(6,11,4),(7,11,4),(8,11,4),(9,11,4),(10,11,4),(10,10,4),(11,10,4),(11,9,4),(12,9,4),(12,8,4),(12,7,4),(12,6,4),(12,6,3),(12,5,3),(12,4,3),(12,3,3),(12,2,3),(12,1,3),(12,1,4),
68:(10,0,2),(9,0,2),(8,0,2),(8,1,2),(8,1,1),(8,2,1),(8,3,1),(8,4,1),
69:(6,5,1),(5,5,1),(4,5,1),(3,5,1),(2,5,1),(2,6,1),(2,7,1),(2,8,1),(2,8,2),(2,8,3),(2,9,3),(2,10,3),(2,11,3),(2,12,3),(2,13,3),(2,13,4),
70:(1,11,2),(1,10,2),(1,9,2),(1,8,2),(1,7,2),(1,7,3),
71:(10,5,1),(9,5,1),(8,5,1),(7,5,1),(6,5,1),(5,5,1),(5,5,2),(5,5,3),(5,5,4),(4,5,4),(4,5,5),(4,6,5),
72:(13,14,1),(13,13,1),(13,12,1),(13,11,1),(13,10,1),
73:(4,10,3),(5,10,3),(6,10,3),(7,10,3),(8,10,3),(9,10,3),(10,10,3),(10,10,2),(11,10,2),(12,10,2),(12,10,1),(12,10,0),(13,10,0),(14,10,0),(14,9,0),
74:(2,1,1),(2,1,2),(2,1,3),(2,2,3),(2,2,4),(2,2,5),
75:(11,6,0),(10,6,0),(9,6,0),(8,6,0),(7,6,0),(7,7,0),(6,7,0),(5,7,0),(4,7,0),(3,7,0),(2,7,0),(1,7,0),(1,8,0),(1,9,0),(1,9,0),(0,9,0),
76:(14,5,4),(13,5,4),(12,5,4),(11,5,4),(10,5,4),(9,5,4),(8,5,4),(8,5,5),(7,5,5),(6,5,5),(5,5,5),(4,5,5),(4,5,6),(3,5,6),(2,5,6),(2,5,5),(2,6,5),
77:(0,3,1),(1,3,1),(2,3,1),(3,3,1),(3,3,2),(3,4,2),
78:(3,3,5),(4,3,5),(5,3,5),(6,3,5),(7,3,5),(8,3,5),(8,3,4),(8,3,3),(8,3,2),(8,4,2),(8,5,2),(8,6,2),(8,7,2),(8,7,1),(8,7,0),(8,8,0),(8,9,0),(8,10,0),(8,11,0),(8,12,0),(8,13,0),
79:(14,9,2),(14,9,3),(14,9,4),(14,10,4),(14,11,4),(14,12,4),(14,13,4),
80:(13,1,2),(13,1,3),(13,1,4),(13,1,5),(13,2,5),(13,3,5),(13,4,5),(13,5,5),(13,6,5),
81:(2,7,1),(3,7,1),(4,7,1),(5,7,1),(6,7,1),(7,7,1),(7,7,2),
82:(9,3,4),(8,3,4),(7,3,4),(6,3,4),(5,3,4),(5,3,3),(5,3,2),(4,3,2),(4,3,1),(4,2,1),
83:(0,12,0),(1,12,0),(2,12,0),(3,12,0),(4,12,0),(4,12,1),(4,11,1),(4,10,1),(4,9,1),(5,9,1),(5,8,1),(5,8,2),(5,8,3),(5,7,3),(5,7,4),(6,7,4),(6,6,4),(6,6,5),
84:(4,14,0),(3,14,0),(3,13,0),(3,13,0),(3,12,0),(3,11,0),(3,10,0),(3,9,0),
85:(5,3,0),(4,3,0),(3,3,0),(3,2,0),(3,2,1),(3,2,2),(3,1,2),(3,0,2),
86:(7,8,3),(6,8,3),(6,8,2),(6,8,1),(6,9,1),(6,10,1),
87:(3,6,5),(3,6,4),(2,6,4),(1,6,4),(0,6,4),(0,6,3),(0,7,3),
88:(4,12,4),(3,12,4),(3,12,3),(3,12,2),(3,12,1),(3,11,1),(3,10,1),(3,9,1),(3,8,1),(3,8,0),
89:(7,9,2),(6,9,2),(5,9,2),(4,9,2),(3,9,2),(2,9,2),(1,9,2),(1,9,3),(1,9,4),(1,8,4),(1,7,4),(1,6,4),(1,5,4),(1,4,4),(1,3,4),
90:(12,8,5),(11,8,5),(10,8,5),(9,8,5),(8,8,5),(8,8,4),(8,8,3),(8,7,3),(8,6,3),(8,5,3),(7,5,3),(7,5,2),(7,4,2),(7,3,2),
91:(7,13,1),(6,13,1),(5,13,1),(4,13,1),(3,13,1),(2,13,1),(2,12,1),(2,11,1),(2,10,1),(2,9,1),(2,8,1),(1,8,1),(1,7,1),(1,7,0),(1,6,0),(1,6,-1),(1,5,-1),(1,4,-1),(1,4,0),(1,3,0),(1,2,0),
92:(14,2,4),(13,2,4),(12,2,4),(11,2,4),(10,2,4),(9,2,4),(8,2,4),(7,2,4),(6,2,4),(5,2,4),(4,2,4),(3,2,4),(3,2,3),(3,3,3),(3,4,3),(3,5,3),(3,6,3),(3,7,3),(3,8,3),(3,9,3),(2,9,3),(2,10,3),(2,11,3),(2,11,2),(2,12,2),(2,13,2),(2,13,3),
93:(11,14,0),(10,14,0),(10,14,1),(10,14,2),
94:(9,13,2),(8,13,2),(7,13,2),(6,13,2),(6,13,3),(6,12,3),(6,11,3),(6,10,3),(6,10,4),(6,9,4),(6,8,4),(6,7,4),(6,6,4),(5,6,4),(5,6,4),(5,5,4),(4,5,4),(4,4,4),(4,3,4),(4,2,4),(4,2,3),(4,1,3),(5,1,3),
95:(10,5,2),(10,5,1),(9,5,1),(8,5,1),(7,5,1),(7,6,1),(7,7,1),(7,8,1),(7,9,1),(7,10,1),(7,11,1),(7,12,1),(7,13,1),
96:(11,8,4),(11,8,3),(11,7,3),(11,6,3),(12,6,3),(13,6,3),(13,5,3),(13,4,3),(14,4,3),
97:(13,4,3),(12,4,3),(11,4,3),(10,4,3),(10,4,2),(10,4,1),
98:(5,10,2),(5,11,2),(5,11,3),(5,12,3),(5,13,3),(4,13,3),(4,14,3),
99:(13,0,3),(14,0,3),(14,0,2),(14,0,1),(14,1,1),(14,2,1),(14,3,1),(14,4,1),(14,5,1),(14,6,1),
100:(13,5,3),(14,5,3),(14,4,3),(14,3,3),
101:(12,12,2),(11,12,2),(10,12,2),(9,12,2),(8,12,2),(7,12,2),(7,12,3),(7,13,3),(7,14,3),
102:(7,13,4),(8,13,4),(8,13,3),(8,12,3),(8,11,3),(8,10,3),(8,9,3),(8,8,3),(8,8,2),(8,7,2),(8,7,2),(8,7,1),(8,6,1),
103:(13,7,0),(13,7,1),(13,7,2),(13,6,2),(13,5,2),(13,4,2),(13,3,2),
104:(4,6,2),(5,6,2),(6,6,2),(7,6,2),(8,6,2),(8,7,2),(8,7,2),(9,7,2),(10,7,2),(10,7,3),(10,8,3),
105:(10,10,3),(11,10,3),(11,10,2),(12,10,2),(12,10,1),(12,10,0),(12,9,0),(12,8,0),
106:(3,4,2),(4,4,2),(5,4,2),(6,4,2),(7,4,2),(8,4,2),(9,4,2),(10,4,2),(11,4,2),(12,4,2),(13,4,2),(13,4,3),(13,4,4),(13,4,5),(14,4,5),(14,5,5),
107:(7,12,0),(8,12,0),(9,12,0),(10,12,0),(11,12,0),(12,12,0),(12,12,1),(12,12,2),(12,12,3),(12,11,3),(12,11,4),(12,11,5),
108:(12,6,4),(13,6,4),(14,6,4),(14,6,3),(14,7,3),(14,8,3),(14,9,3),(14,10,3),(14,11,3),
109:(2,5,2),(3,5,2),(4,5,2),(5,5,2),(6,5,2),(7,5,2),(8,5,2),(9,5,2),(9,5,1),(9,6,1),
110:(14,7,5),(13,7,5),(12,7,5),(11,7,5),(10,7,5),(10,7,4),(10,7,3),(10,7,2),(10,7,1),(10,6,1),
111:(5,0,3),(5,1,3),(5,2,3),(5,3,3),(5,4,3),(5,5,3),(5,5,4),(5,6,4),(5,7,4),(5,8,4),(5,9,4),(5,10,4),(5,11,4),
112:(1,11,5),(0,11,5),(0,11,4),(0,11,3),(0,11,2),(0,10,2),(0,9,2),(0,9,1),(0,8,1),(0,7,1),(0,6,1),(0,5,1),(0,4,1),
113:(0,13,0),(1,13,0),(2,13,0),(2,13,-1),(3,13,-1),(4,13,-1),(5,13,-1),(6,13,-1),(7,13,-1),(8,13,-1),(9,13,-1),(10,13,-1),(11,13,-1),(12,13,-1),(13,13,-1),(14,13,-1),(14,13,0),
114:(5,9,1),(6,9,1),(7,9,1),(8,9,1),(9,9,1),(10,9,1),(11,9,1),(12,9,1),(12,10,1),(12,11,1),(12,12,1),(12,13,1),
115:(0,6,2),(1,6,2),(2,6,2),(3,6,2),(4,6,2),(5,6,2),(6,6,2),(6,5,2),(7,5,2),(7,5,2),(7,4,2),(7,3,2),(7,3,3),(7,2,3),(7,1,3),(7,0,3),
116:(4,5,1),(3,5,1),(2,5,1),(1,5,1),(1,5,2),(1,6,2),(1,7,2),(1,8,2),(1,9,2),(1,9,3),(1,10,3),(1,11,3),(1,12,3),(1,13,3),(1,14,3),(1,14,4),
117:(10,13,4),(9,13,4),(8,13,4),(7,13,4),(7,14,4),
118:(14,0,5),(13,0,5),(12,0,5),(11,0,5),(11,1,5),(11,2,5),(11,3,5),(11,4,5),(11,5,5),(10,5,5),(10,5,4),(9,5,4),(9,6,4),(9,7,4),(9,8,4),(8,8,4),(8,9,4),
119:(4,4,2),(5,4,2),(6,4,2),(7,4,2),(8,4,2),(9,4,2),(9,5,2),(9,6,2),(9,7,2),(9,8,2),(9,9,2),(9,10,2),(9,11,2),(9,12,2),(9,13,2),
120:(7,12,3),(7,12,2),(7,12,1),(7,11,1),(7,10,1),(7,9,1),(6,9,1),(6,8,1),(6,7,1),(6,6,1),
121:(1,7,5),(1,7,4),(1,7,3),(1,8,3),
122:(1,13,2),(1,12,2),(1,11,2),(1,10,2),(1,9,2),(1,8,2),(2,8,2),(2,7,2),(3,7,2),(3,6,2),(3,5,2),(4,5,2),
123:(12,4,4),(11,4,4),(10,4,4),(9,4,4),(9,4,3),(9,5,3),(9,6,3),(9,7,3),(9,8,3),(9,9,3),
124:(9,11,3),(8,11,3),(7,11,3),(6,11,3),(5,11,3),(4,11,3),(3,11,3),(2,11,3),(1,11,3),(0,11,3),(0,11,2),(0,11,1),(0,11,0),(0,12,0),
125:(8,11,4),(9,11,4),(10,11,4),(11,11,4),(11,11,3),(11,11,2),(11,11,1),(11,10,1),(11,9,1),(11,8,1),(11,8,0),(11,7,0),(11,6,0),(11,5,0),
126:(3,8,3),(4,8,3),(5,8,3),(5,7,3),(5,6,3),
127:(7,4,5),(6,4,5),(6,5,5),(6,6,5),(6,7,5),
128:(1,10,3),(2,10,3),(3,10,3),(4,10,3),(4,10,4),(5,10,4),(6,10,4),(7,10,4),(8,10,4),(9,10,4),(9,9,4),(10,9,4),(10,9,4),(11,9,4),(12,9,4),(13,9,4),
129:(3,6,4),(4,6,4),(4,6,3),(4,6,2),(4,5,2),(4,4,2),(4,3,2),(4,2,2),(4,1,2),
130:(9,6,2),(8,6,2),(7,6,2),(7,6,3),(6,6,3),(6,6,4),(5,6,4),(5,6,5),(5,7,5),
131:(6,13,5),(5,13,5),(4,13,5),(3,13,5),(3,13,4),(3,12,4),(3,11,4),(3,11,3),(3,10,3),(3,9,3),(3,8,3),(3,8,3),(3,8,3),(2,8,3),
132:(12,14,2),(11,14,2),(10,14,2),(9,14,2),(8,14,2),(8,13,2),(7,13,2),(6,13,2),(5,13,2),(4,13,2),(3,13,2),(2,13,2),(1,13,2),(0,13,2),(0,13,3),(0,13,4),
133:(13,7,4),(12,7,4),(11,7,4),(10,7,4),(9,7,4),(9,7,5),(9,8,5),(9,9,5),(9,10,5),
134:(6,0,1),(7,0,1),(7,1,1),(7,2,1),(7,3,1),(7,4,1),(7,5,1),(7,6,1),(7,7,1),(7,8,1),(7,8,2),(7,9,2),
135:(11,7,5),(10,7,5),(9,7,5),(9,6,5),(9,5,5),(9,4,5),(9,4,4),(9,3,4),(9,3,3),(9,2,3),(9,1,3),(9,0,3),
136:(7,4,4),(7,4,3),(7,4,2),(8,4,2),(9,4,2),(10,4,2),(11,4,2),(12,4,2),(13,4,2),(13,4,1),(13,4,0),(13,3,0),(13,2,0),(13,1,0),
137:(12,9,4),(11,9,4),(10,9,4),(9,9,4),(8,9,4),(8,9,3),(8,9,2),(8,9,1),(8,10,1),(8,10,0),(7,10,0),(7,11,0),
138:(3,8,5),(2,8,5),(1,8,5),(1,7,5),(1,6,5),
139:(5,3,1),(6,3,1),(6,3,2),(6,3,2),(6,4,2),
140:(4,0,1),(3,0,1),(3,0,0),(2,0,0),(1,0,0),(0,0,0),(0,1,0),(0,2,0),(0,3,0),(0,4,0),(0,5,0),(0,6,0),(0,7,0),(0,8,0),(-1,8,0),(-1,9,0),(-1,10,0),(0,10,0),
141:(1,1,4),(2,1,4),(2,2,4),(3,2,4),(4,2,4),(5,2,4),(6,2,4),(6,2,3),(7,2,3),(8,2,3),(9,2,3),(10,2,3),(11,2,3),(12,2,3),(13,2,3),(14,2,3),(14,2,2),(14,3,2),(14,4,2),(14,5,2),(14,6,2),
142:(14,10,4),(13,10,4),(12,10,4),(11,10,4),(10,10,4),(9,10,4),(8,10,4),(8,9,4),(7,9,4),(7,8,4),
143:(10,2,5),(9,2,5),(8,2,5),(7,2,5),(6,2,5),(5,2,5),(5,2,4),(5,2,3),(5,2,2),(5,2,1),(5,2,0),(5,3,0),
144:(9,7,4),(8,7,4),(7,7,4),(6,7,4),(5,7,4),(5,7,5),(5,6,5),(5,5,5),(5,4,5),(5,3,5),
145:(6,1,2),(7,1,2),(8,1,2),(9,1,2),(10,1,2),(10,1,1),(10,1,0),(10,2,0),(10,3,0),(10,4,0),(10,5,0),(10,6,0),(10,7,0),(10,8,0),(10,9,0),
146:(8,7,2),(9,7,2),(10,7,2),(10,7,3),(10,6,3),
147:(0,13,2),(1,13,2),(2,13,2),(3,13,2),(3,12,2),(3,11,2),(3,10,2),(4,10,2),(5,10,2),(6,10,2),(7,10,2),(8,10,2),(9,10,2),(10,10,2),(11,10,2),(11,9,2),(11,9,3),(12,9,3),(12,8,3),(12,7,3),(12,6,3),(12,5,3),
148:(1,9,3),(2,9,3),(3,9,3),(4,9,3),(5,9,3),(6,9,3),(7,9,3),(8,9,3),(8,8,3),(8,7,3),(9,7,3),(9,6,3),(9,5,3),(9,5,4),(10,5,4),(10,4,4),(10,4,3),
149:(5,9,0),(4,9,0),(3,9,0),(3,8,0),(2,8,0),(1,8,0),(1,7,0),(1,6,0),(1,5,0),
150:(1,8,4),(0,8,4),(0,8,3),(0,9,3),(0,10,3),
151:(6,7,2),(7,7,2),(8,7,2),(9,7,2),(10,7,2),(10,7,3),(10,8,3),(10,8,4),(10,8,5),(10,9,5),
152:(13,5,2),(12,5,2),(12,6,2),(12,7,2),(11,7,2),(10,7,2),(9,7,2),(9,8,2),(9,9,2),(8,9,2),(7,9,2),(6,9,2),(5,9,2),(4,9,2),(3,9,2),(3,9,3),(2,9,3),(1,9,3),(0,9,3),(0,9,2),
153:(6,6,4),(7,6,4),(8,6,4),(8,6,3),(8,7,3),(8,8,3),(9,8,3),(10,8,3),(10,9,3),(10,10,3),
154:(12,6,2),(11,6,2),(10,6,2),(10,6,3),(10,5,3),
155:(14,5,3),(14,5,2),(13,5,2),(12,5,2),(12,6,2),(12,7,2),(11,7,2),(11,8,2),(11,9,2),(10,9,2),(10,9,1),(10,10,1),(10,11,1),(9,11,1),(8,11,1),(7,11,1),(6,11,1),(6,12,1),(5,12,1),(5,13,1),(4,13,1),(3,13,1),(2,13,1),(1,13,1),(1,13,0),(1,14,0),
156:(6,11,0),(7,11,0),(8,11,0),(9,11,0),(10,11,0),(10,10,0),(10,9,0),(10,8,0),(10,7,0),(11,7,0),(11,6,0),(11,5,0),(11,4,0),(11,3,0),(11,2,0),(11,1,0),
157:(13,10,3),(12,10,3),(12,9,3),(11,9,3),(11,8,3),(11,7,3),(11,6,3),(11,5,3),(11,5,2),(11,4,2),(11,3,2),(11,2,2),(10,2,2),(9,2,2),(8,2,2),(8,1,2),(7,1,2),(6,1,2),(5,1,2),(5,1,3),(4,1,3),(3,1,3),(2,1,3),(1,1,3),(1,1,2),
158:(12,1,5),(11,1,5),(10,1,5),(10,1,4),(9,1,4),(9,1,3),(8,1,3),(7,1,3),(6,1,3),(6,1,2),(6,2,2),(6,2,1),(6,2,0),(6,3,0),(6,4,0),(6,5,0),(5,5,0),(5,6,0),(5,7,0),(5,8,0),(5,9,0),(5,10,0),(5,11,0),(5,12,0),(4,12,0),
159:(3,0,0),(3,1,0),(3,2,0),(3,2,-1),(3,3,-1),(3,4,-1),(3,5,-1),(3,6,-1),(3,7,-1),(3,8,-1),(3,9,-1),(3,10,-1),(3,11,-1),(3,12,-1),(3,13,-1),(3,13,0),
160:(1,5,2),(2,5,2),(2,5,3),(2,4,3),(2,4,4),(2,4,5),(2,3,5),
161:(3,3,0),(3,4,0),
162:(4,13,1),(4,13,2),(4,12,2),(4,11,2),(5,11,2),(5,10,2),(5,10,2),(6,10,2),(7,10,2),(8,10,2),(9,10,2),(10,10,2),(10,9,2),(10,8,2),(10,7,2),(10,6,2),(10,5,2),(10,4,2),(10,3,2),
163:(10,14,5),(10,14,4),(10,13,4),(10,12,4),(10,11,4),(11,11,4),(11,10,4),(11,9,4),(11,9,3),(11,9,2),(11,8,2),
164:(10,6,1),(9,6,1),(8,6,1),(7,6,1),(7,6,2),(7,6,3),(7,6,4),
165:(14,12,0),(14,12,1),(14,12,2),(14,12,3),(14,11,3),(14,10,3),(14,10,4),(14,9,4),(14,8,4),(14,7,4),
166:(3,11,1),(4,11,1),(5,11,1),(6,11,1),(7,11,1),(8,11,1),(9,11,1),(10,11,1),(10,10,1),(10,10,2),(10,9,2),(10,8,2),(10,8,2),(10,7,2),(10,6,2),(10,5,2),(11,5,2),(12,5,2),(13,5,2),(13,4,2),(14,4,2),(14,3,2),(14,2,2),(14,1,2),
167:(5,14,3),(5,13,3),(5,12,3),(5,12,4),(5,12,4),(5,11,4),(5,10,4),(5,9,4),(5,8,4),(5,8,3),(5,7,3),(5,7,2),(5,6,2),(5,6,1),(5,5,1),(5,4,1),
168:(9,8,3),(10,8,3),(10,8,3),(10,9,3),(10,10,3),(10,11,3),(10,12,3),(10,13,3),(11,13,3),
169:(11,13,4),(10,13,4),(9,13,4),(9,12,4),(9,12,5),
170:(2,12,5),(3,12,5),(4,12,5),(5,12,5),(6,12,5),(7,12,5),(8,12,5),(8,12,4),(9,12,4),(10,12,4),(10,11,4),(10,11,3),(11,11,3),(11,11,2),(11,11,1),(11,10,1),
171:(3,2,2),(4,2,2),(4,2,3),(4,3,3),
172:(14,4,1),(13,4,1),(12,4,1),(12,4,2),(11,4,2),(11,4,3),(11,4,4),
173:(10,13,1),(9,13,1),(8,13,1),(8,12,1),(8,11,1),(8,10,1),(8,9,1),(8,8,1),(8,7,1),(8,6,1),(7,6,1),(7,5,1),(7,4,1),(6,4,1),(6,3,1),(5,3,1),(5,2,1),
174:(6,5,5),(5,5,5),(4,5,5),(4,5,5),(4,5,5),(4,5,5),(4,5,5),(4,5,5),(4,5,5),(4,5,5),(4,4,5),(4,4,5),(4,5,5),
175:(10,2,2),(9,2,2),(8,2,2),(7,2,2),(7,3,2),(7,4,2),(7,4,2),(7,4,1),(6,4,1),(6,4,1),(5,4,1),(4,4,1),(3,4,1),(2,4,1),(2,5,1),
176:(13,10,4),(13,10,3),(13,11,3),(13,11,3),(12,11,3),(11,11,3),(10,11,3),(10,12,3),
177:(6,4,3),(5,4,3),(5,5,3),(4,5,3),(3,5,3),(2,5,3),(1,5,3),(1,5,2),(1,6,2),(1,7,2),(1,8,2),(1,9,2),(1,10,2),(1,11,2),(1,12,2),
178:(2,3,4),(3,3,4),(4,3,4),(5,3,4),(5,3,3),(6,3,3),(7,3,3),(7,3,3),(7,3,2),(8,3,2),(9,3,2),(10,3,2),(11,3,2),(12,3,2),(12,3,3),(12,4,3),(12,5,3),(12,5,4),(12,6,4),(12,7,4),(12,8,4),(12,8,3),
179:(5,7,3),(6,7,3),(6,6,3),(6,5,3),(7,5,3),(8,5,3),(8,4,3),(8,4,3),(8,3,3),(8,3,3),(8,2,3),(8,1,3),
180:(14,5,2),(13,5,2),(12,5,2),(11,5,2),(10,5,2),(9,5,2),(9,5,3),(8,5,3),(7,5,3),(7,5,4),(7,5,4),(7,5,3),(7,6,3),(7,7,3),(6,7,3),(5,7,3),(4,7,3),(4,7,3),(3,7,3),(3,8,3),(3,9,3),(2,9,3),(1,9,3),(0,9,3),
181:(3,13,2),(3,13,1),(4,13,1),(4,12,1),(4,11,1),(4,10,1),(4,9,1),(4,8,1),(4,7,1),(4,7,1),(5,7,1),(6,7,1),
182:(13,14,3),(12,14,3),(11,14,3),(10,14,3),(9,14,3),(9,14,2),(9,14,1),(9,13,1),(9,12,1),(8,12,1),(8,11,1),(8,10,1),(8,9,1),(8,8,1),
183:(12,2,1),(13,2,1),(14,2,1),(14,2,2),(14,2,3),(14,2,4),(14,3,4),(14,4,4),
184:(8,2,4),(7,2,4),(6,2,4),(5,2,4),(5,2,3),(4,2,3),(3,2,3),(2,2,3),(1,2,3),(0,2,3),(0,2,2),(0,1,2),(0,0,2),
185:(8,13,5),(9,13,5),(9,12,5),(10,12,5),(11,12,5),(12,12,5),(12,12,4),(12,12,3),(12,11,3),(12,11,2),(12,10,2),(12,9,2),
186:(11,6,5),(11,7,5),(10,7,5),(9,7,5),(8,7,5),(7,7,5),(7,8,5),(7,9,5),(6,9,5),(6,10,5),(5,10,5),(4,10,5),(4,11,5),(4,12,5),(4,12,4),(4,12,3),(4,12,2),
187:(11,0,1),(10,0,1),(9,0,1),(9,0,2),(8,0,2),(7,0,2),(6,0,2),(5,0,2),(5,1,2),(5,2,2),(5,3,2),(5,4,2),
188:(7,1,0),(7,2,0),(7,3,0),(7,4,0),(7,5,0),(7,5,-1),(7,6,-1),(7,7,-1),(7,8,-1),(7,9,-1),(7,10,-1),(7,10,0),(7,10,1),(7,10,2),(7,10,3),(7,10,4),(7,11,4),(6,11,4),(6,12,4),
189:(11,5,4),(10,5,4),(9,5,4),(8,5,4),(7,5,4),(7,5,3),(7,5,2),(7,5,1),(6,5,1),
190:(3,0,4),(4,0,4),(4,0,5),(4,1,5),(4,2,5),(4,3,5),(5,3,5),(6,3,5),(7,3,5),(7,4,5),(7,5,5),(7,5,5),(8,5,5),(9,5,5),(9,5,4),
191:(8,11,0),(8,11,1),(7,11,1),(7,11,2),(6,11,2),(5,11,2),(4,11,2),(3,11,2),(2,11,2),(1,11,2),(1,11,1),
192:(9,11,4),(9,10,4),(8,10,4),(7,10,4),(6,10,4),(6,9,4),(5,9,4),(4,9,4),(3,9,4),(2,9,4),(1,9,4),
193:(7,6,4),(7,6,5),(6,6,5),(5,6,5),(4,6,5),(3,6,5),(3,7,5),(3,8,5),
194:(4,7,0),(5,7,0),(5,7,1),(5,8,1),(5,9,1),(5,10,1),
195:(7,8,4),(7,8,3),(7,8,2),(7,8,1),(7,8,0),(7,9,0),(7,10,0),(7,11,0),(7,12,0),(7,13,0),(7,14,0),
196:(11,4,5),(11,5,5),(11,6,5),(11,6,5),(11,7,5),(11,8,5),(11,9,5),(10,9,5),(10,10,5),(10,11,5),(10,12,5),(10,12,4),
197:(10,9,1),(9,9,1),(8,9,1),(8,9,0),(8,9,1),(8,9,1),(7,9,1),(7,9,1),(7,9,0),(7,9,1),
198:(1,7,4),(2,7,4),(3,7,4),(4,7,4),(4,7,3),(5,7,3),(6,7,3),(6,7,2),
199:(8,6,4),(9,6,4),(10,6,4),(11,6,4),(12,6,4),(13,6,4),(13,7,4),(13,8,4),(13,9,4),(13,10,4),
200:(11,0,0),(11,0,1),(11,0,2),(11,0,3),(11,0,4),(11,0,5),(11,1,5),(11,2,5),(11,3,5),(11,4,5),(11,5,5),(11,6,5),(11,7,5),(11,7,6),(11,8,6),(11,9,6),(11,9,5),(11,10,5),(11,11,5),(11,12,5),(11,13,5),
201:(3,1,0),(2,1,0),(2,2,0),(2,3,0),(2,4,0),(2,5,0),(2,6,0),(2,7,0),(2,8,0),
202:(7,11,2),(6,11,2),(6,11,2),(5,11,2),(5,11,1),(4,11,1),(3,11,1),(3,11,0),(3,12,0),
203:(12,3,1),(11,3,1),(10,3,1),(10,3,1),(9,3,1),(8,3,1),(7,3,1),(6,3,1),(5,3,1),(4,3,1),(3,3,1),(2,3,1),(1,3,1),(1,4,1),(1,5,1),(0,5,1),
204:(1,2,5),(0,2,5),(0,3,5),(0,4,5),(0,5,5),(0,6,5),(0,7,5),(0,8,5),(0,9,5),(0,10,5),
205:(8,1,3),(7,1,3),(6,1,3),(5,1,3),(4,1,3),(3,1,3),(3,1,4),(3,2,4),(3,3,4),(3,3,5),(3,4,5),(3,5,5),
206:(11,7,1),(11,7,2),(11,8,2),(11,7,2),(11,7,3),(11,7,4),(11,7,5),(10,7,5),(10,7,5),(10,8,5),
207:(11,12,2),(10,12,2),(9,12,2),(8,12,2),(7,12,2),(6,12,2),(5,12,2),(4,12,2),(3,12,2),(3,11,2),(3,11,3),(3,10,3),(3,9,3),(3,8,3),(3,8,4),(2,8,4),(1,8,4),(1,7,4),(1,6,4),
208:(10,0,4),(10,1,4),(9,1,4),(9,2,4),(9,3,4),(9,3,5),
209:(9,4,1),(9,4,2),(8,4,2),(8,4,3),(7,4,3),(6,4,3),(5,4,3),(5,4,4),(4,4,4),(3,4,4),(3,5,4),(3,6,4),(3,6,5),
210:(13,3,4),(12,3,4),(12,3,3),(12,3,2),(12,3,1),(12,2,1),
211:(2,8,3),(1,8,3),(1,8,2),(0,8,2),(0,7,2),(0,6,2),
212:(0,10,5),(1,10,5),(2,10,5),(3,10,5),(4,10,5),(5,10,5),(6,10,5),(7,10,5),(8,10,5),(8,9,5),(9,9,5),(9,9,6),(10,9,6),(11,9,6),(12,9,6),(13,9,6),(13,9,5),(13,8,5),
213:(2,11,0),(3,11,0),(4,11,0),(5,11,0),(6,11,0),(7,11,0),(8,11,0),(9,11,0),(10,11,0),(11,11,0),(12,11,0),(13,11,0),(13,12,0),(13,13,0),(13,14,0),
214:(7,2,0),(8,2,0),(8,3,0),(8,4,0),(9,4,0),(9,4,1),(9,5,1),(9,6,1),(9,7,1),(10,7,1),(10,8,1),(10,9,1),(10,10,1),(10,11,1),(10,11,1),(11,11,1),
215:(6,14,2),(6,13,2),(5,13,2),(4,13,2),(4,13,1),(3,13,1),(2,13,1),(2,12,1),(2,11,1),(2,10,1),(2,9,1),(2,8,1),(2,7,1),
216:(7,11,5),(6,11,5),(5,11,5),(4,11,5),(3,11,5),(2,11,5),(1,11,5),(1,11,4),(1,10,4),(1,10,3),(1,10,2),(0,10,2),(0,9,2),(0,8,2),(0,8,1),(0,8,0),
217:(3,5,5),(4,5,5),(4,5,4),(4,6,4),(4,6,3),(4,7,3),(4,8,3),(4,9,3),(4,9,3),(4,9,2),(4,9,1),
218:(3,13,4),(4,13,4),(5,13,4),(6,13,4),(7,13,4),(7,12,4),(7,12,4),(7,11,4),(8,11,4),(9,11,4),(9,10,4),(9,9,4),(9,8,4),(10,8,4),(10,7,4),(10,6,4),(10,5,4),(10,4,4),(10,3,4),(10,3,4),(10,2,4),(10,2,3),(10,1,3),(10,0,3),
219:(10,9,0),(9,9,0),(9,10,0),(9,10,0),(9,11,0),(9,11,0),(9,11,0),(9,11,-1),(9,11,-1),(9,11,0),
220:(5,10,1),(6,10,1),(7,10,1),(8,10,1),(9,10,1),(10,10,1),(10,9,1),(10,9,0),(10,8,0),(10,7,0),(11,7,0),(11,6,0),(11,5,0),(11,4,0),(12,4,0),(13,4,0),
221:(2,13,5),(3,13,5),(3,13,4),(3,12,4),(4,12,4),(5,12,4),(6,12,4),(7,12,4),(8,12,4),(9,12,4),(10,12,4),(11,12,4),(12,12,4),(13,12,4),(13,13,4),
222:(7,3,1),(8,3,1),(9,3,1),(9,3,2),(10,3,2),(11,3,2),(11,3,3),(11,4,3),(11,5,3),
223:(2,5,4),(1,5,4),(1,5,5),(1,4,5),
224:(14,9,0),(13,9,0),(12,9,0),(12,8,0),(12,7,0),(12,6,0),(12,5,0),(11,5,0),(11,5,1),(11,5,2),(11,4,2),(11,3,2),(11,2,2),(11,1,2),
225:(0,9,5),(1,9,5),(2,9,5),(3,9,5),(3,9,4),(3,8,4),(4,8,4),(4,7,4),(4,6,4),(5,6,4),(5,5,4),(5,4,4),
226:(0,9,2),(1,9,2),(2,9,2),(3,9,2),(3,9,1),(4,9,1),(5,9,1),(6,9,1),(6,9,0),(7,9,0),
227:(2,8,5),(2,7,5),(3,7,5),(3,6,5),(3,5,5),(3,4,5),(3,3,5),(4,3,5),(4,2,5),(4,1,5),(3,1,5),(3,0,5),
228:(12,0,1),(12,0,2),(12,1,2),(11,1,2),(11,2,2),(10,2,2),(9,2,2),(8,2,2),(7,2,2),(6,2,2),(5,2,2),(5,3,2),(5,3,2),(4,3,2),(3,3,2),(2,3,2),(1,3,2),(0,3,2),(0,4,2),(0,5,2),
229:(11,3,4),(11,3,3),(11,3,2),(11,4,2),(11,5,2),(10,5,2),(10,6,2),(10,6,2),(9,6,2),(9,7,2),(9,7,1),(9,8,1),(9,9,1),(9,10,1),(9,11,1),(8,11,1),(7,11,1),(7,12,1),
230:(8,0,4),(7,0,4),(6,0,4),(5,0,4),(4,0,4),(4,1,4),(4,2,4),(4,3,4),(4,3,4),(3,3,4),(2,3,4),(2,4,4),(2,5,4),(2,6,4),(2,7,4),(2,7,5),(2,8,5),(2,9,5),(2,10,5),(2,11,5),(2,12,5),(1,12,5),(1,13,5),
231:(10,10,1),(9,10,1),(8,10,1),(8,10,2),(7,10,2),(6,10,2),(6,10,3),(6,10,4),(6,9,4),(6,8,4),(6,7,4),(6,6,4),(6,5,4),(6,4,4),
232:(1,9,5),(2,9,5),(3,9,5),(3,9,4),(3,9,3),(3,9,2),(3,8,2),
233:(12,7,5),(12,6,5),(12,5,5),(12,4,5),(12,3,5),(12,2,5),(12,1,5),(12,0,5),
234:(6,12,1),(6,12,0),(7,12,0),(8,12,0),(8,11,0),(8,10,0),(8,9,0),(8,8,0),(8,7,0),(8,6,0),(8,5,0),(8,4,0),(8,3,0),(8,2,0),(8,1,0),
235:(10,6,3),(10,6,2),(10,6,1),(10,5,1),(10,4,1),(10,3,1),(9,3,1),(9,3,1),(8,3,1),(7,3,1),(6,3,1),(5,3,1),(4,3,1),(3,3,1),(2,3,1),(1,3,1),(0,3,1),(0,3,0),
236:(11,3,0),(12,3,0),(12,3,1),(12,4,1),(12,4,2),(12,4,3),(12,4,4),(12,5,4),(12,6,4),(12,7,4),(12,8,4),(12,9,4),(12,10,4),(12,11,4),(12,12,4),
237:(3,8,2),(2,8,2),(2,8,3),(2,8,4),(1,8,4),(1,8,5),(1,9,5),(1,10,5),(1,11,5),
238:(12,11,0),(11,11,0),(10,11,0),(10,11,1),(9,11,1),(9,11,2),(8,11,2),(7,11,2),(6,11,2),(6,11,3),
239:(2,9,2),(3,9,2),(4,9,2),(4,8,2),(5,8,2),(6,8,2),(7,8,2),(8,8,2),(9,8,2),(9,8,3),(9,8,4),(10,8,4),(11,8,4),(12,8,4),(13,8,4),(14,8,4),
240:(12,9,3),(12,9,4),(12,9,5),(12,8,5),(12,7,5),
241:(8,0,3),(9,0,3),(10,0,3),(10,1,3),(11,1,3),(12,1,3),(13,1,3),(13,2,3),(13,3,3),(13,4,3),(13,5,3),(13,5,2),(13,6,2),(14,6,2),(14,7,2),(14,8,2),
242:(2,0,4),(2,0,4),(2,1,4),(2,2,4),(2,3,4),(2,4,4),(2,5,4),(2,6,4),(2,7,4),(2,8,4),(2,8,3),(2,9,3),(2,10,3),(2,11,3),(3,11,3),(4,11,3),(4,12,3),(4,13,3),(4,13,4),(5,13,4),(5,14,4),(5,14,3),
243:(13,2,3),(12,2,3),(11,2,3),(10,2,3),(9,2,3),(8,2,3),(7,2,3),(7,2,3),(7,2,4),(6,2,4),(5,2,4),(4,2,4),(3,2,4),(3,2,3),(2,2,3),(1,2,3),(0,2,3),(0,2,4),(0,2,5),
244:(12,11,2),(11,11,2),(11,11,1),(11,10,1),(11,9,1),(11,8,1),(10,8,1),(9,8,1),(8,8,1),(8,8,2),(8,8,1),(7,8,1),
245:(1,4,0),(2,4,0),(2,3,0),(3,3,0),(3,2,0),(3,2,1),(3,2,2),(3,2,3),(3,2,4),(4,2,4),(4,2,5),(5,2,5),(6,2,5),(6,2,6),(7,2,6),(8,2,6),(9,2,6),(10,2,6),(10,2,5),
246:(6,14,0),(6,13,0),(6,12,0),(6,11,0),(6,10,0),(6,9,0),(6,8,0),(6,8,0),(6,8,1),(6,8,2),(6,8,3),(6,8,4),(6,7,4),(6,6,4),(6,5,4),
247:(13,5,0),(13,6,0),(13,7,0),(13,8,0),(13,9,0),(12,9,0),(11,9,0),(11,10,0),(11,11,0),(11,12,0),(10,12,0),(9,12,0),(8,12,0),(8,12,1),(7,12,1),(6,12,1),(6,12,0),
248:(1,7,1),(2,7,1),(3,7,1),(4,7,1),(4,7,2),(4,6,2),
249:(12,0,0),(13,0,0),(14,0,0),(14,1,0),(14,2,0),(14,3,0),(14,4,0),
250:(4,11,3),(5,11,3),(5,11,4),(6,11,4),(7,11,4),(7,10,4),(7,9,4),(7,8,4),(7,7,4),(7,7,4),(8,7,4),
251:(9,2,0),(9,2,1),(8,2,1),(8,2,2),(7,2,2),(6,2,2),(5,2,2),(5,3,2),(4,3,2),(3,3,2),(2,3,2),(1,3,2),(1,4,2),(1,5,2),(1,6,2),(1,7,2),(0,7,2),(0,8,2),(0,9,2),(0,10,2),(0,11,2),(0,11,3),(0,11,4),(0,11,5),(0,12,5),(0,13,5),(0,14,5),
252:(8,5,0),(7,5,0),(6,5,0),(5,5,0),(5,6,0),(5,7,0),(5,8,0),(4,8,0),(4,9,0),(4,9,1),(4,10,1),
253:(5,8,4),(6,8,4),(7,8,4),(8,8,4),(8,7,4),(8,6,4),(8,6,3),(9,6,3),(9,5,3),(9,5,2),(9,5,1),(10,5,1),(11,5,1),(12,5,1),(13,5,1),(13,4,1),(13,3,1),(13,2,1),(13,2,0),
254:(5,3,4),(5,2,4),(5,1,4),(6,1,4),(7,1,4),(7,1,5),(8,1,5),(9,1,5),(10,1,5),(11,1,5),(12,1,5),(13,1,5),(14,1,5),(14,1,4),
255:(11,9,5),(10,9,5),(9,9,5),(8,9,5),(7,9,5),(6,9,5),(5,9,5),(4,9,5),(4,9,4),(4,9,3),(4,9,2),(4,8,2),(4,8,1),(4,7,1),(4,6,1),(4,5,1),(4,5,0),(4,4,0),(4,3,0),
256:(7,3,2),(7,4,2),(7,5,2),(6,5,2),(6,6,2),(6,7,2),(5,7,2),(5,8,2),(5,9,2),(5,10,2),(4,10,2),(3,10,2),(2,10,2),(1,10,2),(1,10,3),(1,11,3),
257:(8,6,1),(8,5,1),(8,4,1),(8,3,1),(8,2,1),(7,2,1),(8,2,1),(8,1,1),(8,1,1),(8,0,1),
258:(12,6,0),(11,6,0),(10,6,0),(9,6,0),(8,6,0),(8,7,0),(7,7,0),(6,7,0),(5,7,0),(4,7,0),(3,7,0),(2,7,0),(1,7,0),(0,7,0),(0,7,1),(0,7,2),(0,8,2),(0,8,3),(0,8,4),(0,8,5),(0,9,5),
259:(13,14,2),(12,14,2),(11,14,2),(11,13,2),(11,13,1),(10,13,1),(9,13,1),(9,12,1),(9,11,1),(9,10,1),(8,10,1),(7,10,1),(7,10,2),(6,10,2),(5,10,2),(4,10,2),(4,9,2),(4,8,2),(4,8,1),(4,7,1),
260:(14,7,1),(14,7,2),(14,8,2),(13,8,2),(12,8,2),(12,9,2),(12,10,2),(12,11,2),(12,12,2),
261:(10,5,0),(11,5,0),(11,5,1),(12,5,1),(13,5,1),(13,5,2),(13,6,2),(13,7,2),(13,8,2),
262:(11,8,0),(12,8,0),(12,8,1),(12,8,2),(12,8,3),(12,9,3),(12,10,3),
263:(4,13,0),(3,13,0),(3,12,0),(3,11,0),(3,10,0),(3,9,0),(3,8,0),(3,7,0),(3,6,0),(3,5,0),(2,5,0),(2,4,0),(2,3,0),(3,3,0),(3,3,1),(3,2,1),(3,1,1),(3,0,1),
264:(10,8,2),(9,8,2),(9,8,3),(8,8,3),(7,8,3),(6,8,3),(5,8,3),(4,8,3),(4,8,4),(4,7,4),(4,6,4),(4,5,4),(4,4,4),(4,4,5),(4,3,5),(4,2,5),
265:(5,2,0),(4,2,0),(4,3,0),(4,4,0),(4,5,0),(4,5,1),(4,6,1),(4,7,1),(3,7,1),(3,8,1),(3,9,1),(3,10,1),(3,11,1),(3,12,1),(3,12,2),(3,12,3),(3,13,3),
266:(11,9,1),(10,9,1),(9,9,1),(9,9,2),(8,9,2),(7,9,2),(6,9,2),(5,9,2),(4,9,2),(3,9,2),(3,9,3),(4,9,3),
267:(8,0,0),(9,0,0),(10,0,0),(11,0,0),(12,0,0),(12,1,0),(12,2,0),(12,3,0),(12,4,0),(12,5,0),(12,6,0),(12,7,0),(12,7,0),(13,7,0),(13,8,0),(13,9,0),(13,10,0),(13,11,0),(13,11,1),
268:(9,10,0),(10,10,0),(11,10,0),(12,10,0),(13,10,0),(13,11,0),(13,11,1),(13,11,2),(13,11,3),(13,11,4),
269:(11,11,4),(10,11,4),(10,11,3),(9,11,3),(9,12,3),(8,12,3),(8,12,3),(7,12,3),(6,12,3),(5,12,3),(4,12,3),(3,12,3),(2,12,3),(2,13,3),(2,14,3),
270:(5,10,4),(6,10,4),(7,10,4),(7,10,5),(8,10,5),(8,9,5),(8,8,5),(8,7,5),(9,7,5),(9,6,5),(9,5,5),(10,5,5),(11,5,5),(12,5,5),(13,5,5),(13,4,5),(14,4,5),
271:(3,4,4),(4,4,4),(5,4,4),(6,4,4),(6,4,5),(6,3,5),(6,2,5),(7,2,5),(7,1,5),(8,1,5),(9,1,5),(9,0,5),
272:(13,1,0),(12,1,0),(11,1,0),(10,1,0),(9,1,0),(8,1,0),(8,1,1),(7,1,1),(6,1,1),(5,1,1),(4,1,1),(3,1,1),(3,1,2),(2,1,2),(2,1,3),(2,2,3),(2,3,3),(2,3,4),(2,4,4),(2,5,4),(2,6,4),(2,7,4),(2,8,4),(2,9,4),
273:(0,0,3),(1,0,3),(2,0,3),(3,0,3),(4,0,3),(5,0,3),(6,0,3),(7,0,3),(8,0,3),(9,0,3),(10,0,3),(11,0,3),(12,0,3),(13,0,3),(13,1,3),(13,2,3),(13,3,3),(13,4,3),(13,5,3),(13,6,3),(13,7,3),(13,8,3),(13,9,3),(13,10,3),(13,11,3),(13,12,3),(13,13,3),(13,14,3),
274:(5,11,4),(6,11,4),(7,11,4),(8,11,4),(9,11,4),(10,11,4),(10,10,4),(10,9,4),(10,8,4),(10,7,4),(10,6,4),(10,5,4),(10,4,4),(10,3,4),(11,3,4),(11,2,4),(11,1,4),(11,1,3),(11,0,3),
275:(10,12,5),(10,11,5),(10,10,5),(10,9,5),(10,8,5),(10,7,5),(10,6,5),(10,5,5),(10,4,5),(10,3,5),(10,2,5),(10,1,5),(10,0,5),
276:(0,2,0),(0,3,0),(0,4,0),(0,5,0),(0,6,0),(0,7,0),(0,8,0),(0,9,0),(0,10,0),(0,11,0),(0,12,0),(0,12,1),(0,13,1),(0,14,1),
277:(8,11,5),(9,11,5),(10,11,5),(11,11,5),(12,11,5),(13,11,5),(14,11,5),(14,11,4),(14,10,4),
278:(5,4,3),(5,3,3),(6,3,3),(7,3,3),(8,3,3),(8,3,2),(8,2,2),(8,2,1),
279:(6,8,4),(6,8,5),(5,8,5),(5,7,5),(5,6,5),(5,5,5),(5,4,5),(4,4,5),(4,3,5),(4,2,5),(4,1,5),(3,1,5),(2,1,5),(1,1,5),(1,0,5),
280:(2,6,4),(1,6,4),(0,6,4),(0,5,4),(0,4,4),(0,4,5),
281:(5,12,2),(6,12,2),(7,12,2),(7,12,1),(8,12,1),(9,12,1),(10,12,1),(11,12,1),(12,12,1),(13,12,1),(13,13,1),(13,14,1),
282:(9,14,1),(8,14,1),(7,14,1),(6,14,1),(5,14,1),(4,14,1),(3,14,1),(3,14,2),(3,14,3),(3,14,4),(3,13,4),(3,12,4),(3,11,4),
283:(4,13,5),(4,13,5),(4,13,4),(5,13,4),(6,13,4),(7,13,4),(7,13,3),(8,13,3),(8,12,3),(8,11,3),
284:(14,8,0),(13,8,0),(12,8,0),(11,8,0),(11,8,1),(10,8,1),(10,7,1),(10,6,1),(10,6,2),(9,6,2),(8,6,2),(8,6,3),(8,5,3),(8,5,3),(7,5,3),(8,5,3),
285:(4,10,5),(4,9,5),(4,8,5),(3,8,5),(2,8,5),(2,7,5),(2,6,5),(2,5,5),(2,4,5),(2,4,6),(1,4,6),(1,3,6),(1,3,5),(1,2,5),(1,1,5),
286:(9,10,2),(9,10,3),(9,9,3),(9,8,3),(9,8,4),(9,7,4),(9,6,4),(9,5,4),(9,4,4),
287:(1,14,4),(2,14,4),(3,14,4),(4,14,4),(5,14,4),(6,14,4),(6,14,5),(7,14,5),(8,14,5),(9,14,5),
288:(3,9,2),(4,9,2),(4,9,3),(5,9,3),(6,9,3),(7,9,3),(7,10,3),(8,10,3),(9,10,3),(9,11,3),(9,11,4),(9,12,4),(9,13,4),
289:(1,3,5),(2,3,5),(3,3,5),(4,3,5),(5,3,5),(5,3,4),(6,3,4),(7,3,4),(7,3,3),(7,3,2),(8,3,2),(8,4,2),(8,5,2),(9,5,2),(9,6,2),(9,7,2),
290:(5,4,0),(5,5,0),(5,6,0),(5,7,0),(5,8,0),(5,8,0),(5,9,0),(5,10,0),(5,11,0),(5,11,1),(5,11,2),(5,12,2),(4,12,2),(4,13,2),(4,14,2),
291:(10,7,0),(9,7,0),(9,7,0),(9,7,0),(9,6,0),(9,5,0),(9,4,0),
292:(14,2,2),(13,2,2),(13,2,1),(13,3,1),(13,4,1),(13,5,1),(13,6,1),(13,7,1),(12,7,1),(11,7,1),(10,7,1),(9,7,1),(9,8,1),(9,9,1),(9,10,1),(9,11,1),(8,11,1),(7,11,1),(6,11,1),(6,12,1),(6,13,1),
293:(0,10,0),(1,10,0),(2,10,0),(2,10,1),(2,10,2),(2,10,3),(2,9,3),(2,8,3),(2,7,3),
294:(14,3,1),(14,3,2),(14,4,2),(14,5,2),(14,5,3),
295:(3,11,4),(4,11,4),(4,10,4),(5,10,4),(5,9,4),(5,9,3),(6,9,3),(6,8,3),(6,7,3),(6,6,3),(7,6,3),(7,6,2),(8,6,2),(8,5,2),(8,4,2),(8,3,2),(9,3,2),(9,2,2),
296:(10,2,0),(9,2,0),(9,2,1),(8,2,1),(7,2,1),(6,2,1),(5,2,1),(4,2,1),(3,2,1),(3,2,2),(2,2,2),(2,2,3),(2,3,3),(2,4,3),
297:(8,8,0),(8,7,0),(7,7,0),(6,7,0),(5,7,0),(5,7,1),(4,7,1),(3,7,1),(2,7,1),(2,7,2),(2,8,2),
298:(10,13,0),(9,13,0),(9,13,1),(9,13,2),(9,13,3),(9,12,3),(9,12,4),(9,11,4),(9,11,5),(8,11,5),
299:(3,12,4),(3,11,4),(4,11,4),(5,11,4),(6,11,4),(6,10,4),(6,9,4),(6,8,4),(6,7,4),(6,6,4),(6,5,4),(7,5,4),(7,4,4),(7,4,5),(7,3,5),(8,3,5),(8,3,4),(9,3,4),(9,2,4),(10,2,4),(11,2,4),(12,2,4),(13,2,4),(14,2,4),
300:(12,8,2),(11,8,2),(10,8,2),(10,8,1),(9,8,1),(8,8,1),(7,8,1),(7,8,0),(6,8,0),(5,8,0),(4,8,0),(4,8,1),(3,8,1),(2,8,1),(1,8,1),(0,8,1),(0,7,1),
301:(12,9,2),(11,9,2),(10,9,2),(10,9,1),(10,8,1),(9,8,1),(8,8,1),(8,7,1),(8,6,1),(8,5,1),(8,5,1),(8,5,0),
302:(7,10,5),(6,10,5),(6,10,4),(6,9,4),(6,8,4),(5,8,4),(5,8,4),(5,8,3),(5,8,3),(4,8,3),
303:(12,1,0),(12,1,1),(12,2,1),(12,2,2),(12,2,3),(12,3,3),(12,3,4),(12,4,4),(12,5,4),(12,6,4),(12,7,4),(12,8,4),(12,9,4),(12,10,4),(11,10,4),(10,10,4),(10,10,5),(10,11,5),(10,12,5),(10,13,5),
304:(4,8,3),(5,8,3),(6,8,3),(6,8,4),(6,8,5),
305:(1,7,2),(2,7,2),(3,7,2),(3,7,1),(3,6,1),(4,6,1),(5,6,1),(5,5,1),(5,4,1),(5,4,1),(5,4,0),
306:(6,5,3),(5,5,3),(5,6,3),(5,6,2),(5,7,2),(5,8,2),(5,9,2),(5,9,3),
307:(2,5,0),(3,5,0),(4,5,0),(4,5,1),(5,5,1),(5,5,2),(6,5,2),(6,5,3),
308:(4,7,3),(3,7,3),(2,7,3),(1,7,3),(0,7,3),(0,7,4),(0,6,4),(0,5,4),(0,4,4),(0,3,4),(0,3,5),(0,2,5),(0,1,5),(0,0,5),
309:(0,13,5),(1,13,5),(2,13,5),(2,13,4),(2,13,3),(3,13,3),(4,13,3),(4,12,3),(4,11,3),(4,10,3),(4,9,3),(4,9,2),(4,8,2),(5,8,2),(5,7,2),(5,6,2),(5,5,2),(6,5,2),(7,5,2),(8,5,2),(8,4,2),
310:(8,12,5),(9,12,5),(10,12,5),(10,11,5),(11,11,5),(12,11,5),(13,11,5),(13,10,5),(13,9,5),(13,8,5),(13,8,4),(13,7,4),(13,6,4),(13,5,4),(13,4,4),(13,3,4),(13,2,4),(13,2,3),(13,1,3),(13,1,2),(13,1,1),
311:(7,5,3),(6,5,3),(6,5,2),(6,5,1),(6,5,0),(6,4,0),(5,4,0),(4,4,0),(4,3,0),(3,3,0),(2,3,0),(1,3,0),(0,3,0),(0,2,0),
312:(5,7,0),(5,7,1),(5,8,1),(5,9,1),(5,10,1),(5,10,0),(4,10,0),(4,11,0),(4,12,0),(4,13,0),(4,13,1),(4,14,1),
313:(11,13,0),(10,13,0),(9,13,0),(8,13,0),(7,13,0),(6,13,0),(5,13,0),(4,13,0),(3,13,0),(3,13,1),(3,12,1),(3,11,1),(3,11,2),(3,10,2),(3,10,2),(3,9,2),
314:(6,0,2),(6,1,2),(6,2,2),(6,2,2),(6,2,1),(6,3,1),(6,4,1),(6,4,0),(6,5,0),(6,6,0),(7,6,0),(7,7,0),(7,8,0),(8,8,0),(8,9,0),(8,10,0),(8,11,0),(8,12,0),(9,12,0),(9,13,0),
315:(11,1,2),(10,1,2),(9,1,2),(9,2,2),(8,2,2),(7,2,2),(6,2,2),(5,2,2),(4,2,2),(4,3,2),(3,3,2),(2,3,2),(1,3,2),(1,4,2),(1,4,1),(1,5,1),(1,6,1),(1,7,1),(1,8,1),(0,8,1),(0,9,1),
316:(1,4,2),(2,4,2),(3,4,2),(4,4,2),(5,4,2),(5,3,2),(6,3,2),(6,2,2),(6,1,2),(7,1,2),(8,1,2),(9,1,2),(10,1,2),(10,1,1),(11,1,1),(12,1,1),(12,0,1),
317:(11,10,2),(11,10,2),(11,9,2),(11,8,2),(11,8,2),(12,8,2),(12,7,2),
318:(2,2,0),(2,2,1),(2,2,2),(2,2,2),(2,2,3),(2,2,4),
319:(1,8,1),(1,8,0),(1,7,0),(1,6,0),(1,5,0),(1,4,0),(2,4,0),(2,3,0),(2,2,0),(2,2,0),(3,2,0),(4,2,0),(5,2,0),
320:(3,1,5),(3,1,4),(3,1,3),(3,2,3),(3,3,3),(3,4,3),(3,5,3),(3,5,2),(3,6,2),(3,6,1),
321:(8,6,5),(9,6,5),(9,6,4),(9,5,4),(9,4,4),(9,4,4),(9,4,3),
322:(13,14,5),(12,14,5),(11,14,5),(10,14,5),(9,14,5),(8,14,5),(8,14,4),(8,13,4),(7,13,4),(6,13,4),(5,13,4),(4,13,4),(4,12,4),(4,11,4),(4,10,4),(4,9,4),(4,8,4),(4,7,4),(4,7,3),(3,7,3),(3,7,2),(2,7,2),(2,6,2),(2,6,1),
323:(3,1,4),(3,2,4),(4,2,4),(4,2,5),(5,2,5),(5,3,5),(6,3,5),(7,3,5),(7,4,5),(7,5,5),(7,6,5),(7,7,5),(7,8,5),(7,9,5),(7,10,5),(7,11,5),(7,12,5),(7,13,5),(7,14,5),
324:(11,12,1),(10,12,1),(9,12,1),(9,12,0),(8,12,0),(8,11,0),(8,10,0),(8,9,0),(8,8,0),(8,7,0),(8,6,0),(8,6,-1),(8,5,-1),(8,4,-1),(8,4,0),(8,3,0),(8,2,0),
325:(12,11,4),(11,11,4),(11,10,4),(10,10,4),(9,10,4),(9,9,4),(9,8,4),(9,7,4),(9,6,4),(8,6,4),(8,5,4),(8,5,4),(7,5,4),(6,5,4),(5,5,4),(4,5,4),(3,5,4),(2,5,4),(1,5,4),(0,5,4),(0,4,4),(0,3,4),
326:(4,2,4),(4,3,4),(5,3,4),(5,4,4),(5,5,4),(5,6,4),(5,7,4),(5,8,4),(6,8,4),(6,8,3),(6,9,3),(6,10,3),(7,10,3),(7,11,3),(7,12,3),(7,13,3),
327:(3,11,3),(2,11,3),(1,11,3),(1,11,4),(0,11,4),(0,10,4),(0,9,4),
328:(1,12,0),(2,12,0),(2,12,1),(3,12,1),(4,12,1),(5,12,1),(6,12,1),(7,12,1),(8,12,1),(8,11,1),(9,11,1),(10,11,1),(11,11,1),(11,10,1),(12,10,1),(12,11,1),
329:(3,14,5),(4,14,5),(5,14,5),(6,14,5),(7,14,5),(7,14,5),(8,14,5),(9,14,5),(10,14,5),(11,14,5),(12,14,5),(12,14,4),(12,14,4),(12,14,3),(12,13,3),
330:(8,12,3),(9,12,3),(10,12,3),(11,12,3),(11,12,2),(12,12,2),(13,12,2),(14,12,2),(14,11,2),(14,10,2),
331:(2,2,4),(2,2,3),(3,2,3),(4,2,3),(4,2,2),(4,2,2),(4,2,2),(4,2,3),(4,2,3),(4,2,2),
332:(1,3,3),(2,3,3),(3,3,3),(3,4,3),(3,4,4),(3,5,4),(3,6,4),(3,7,4),(3,8,4),(3,9,4),(4,9,4),(4,10,4),(4,10,3),
333:(8,10,0),(9,10,0),(10,10,0),(11,10,0),(12,10,0),(13,10,0),(13,11,0),(13,11,1),(13,11,2),(13,11,2),(14,11,2),
334:(6,7,3),(7,7,3),(8,7,3),(9,7,3),(9,6,3),(9,6,4),(10,6,4),(11,6,4),(11,6,5),(12,6,5),(12,5,5),(13,5,5),(13,4,5),(13,3,5),
335:(2,3,5),(3,3,5),(4,3,5),(5,3,5),(6,3,5),(6,3,4),(7,3,4),(8,3,4),(9,3,4),(10,3,4),(10,3,3),
336:(2,8,1),(3,8,1),(3,8,2),(3,8,3),(4,8,3),(5,8,3),(5,7,3),(6,7,3),(6,6,3),(7,6,3),(8,6,3),(8,5,3),(8,4,3),(8,3,3),(9,3,3),(9,2,3),(10,2,3),(11,2,3),
337:(14,1,4),(13,1,4),(12,1,4),(11,1,4),(10,1,4),(10,1,3),(10,1,2),(10,2,2),(10,3,2),(10,4,2),(10,5,2),(10,6,2),(10,7,2),(10,7,1),(10,8,1),(10,9,1),(10,10,1),(10,11,1),(10,12,1),(10,12,0),
338:(0,0,0),(0,1,0),(0,2,0),(0,3,0),(0,4,0),(0,5,0),(1,5,0),(2,5,0),(3,5,0),(4,5,0),(4,6,0),
339:(7,10,0),(6,10,0),(6,9,0),(6,8,0),(6,7,0),(6,6,0),(5,6,0),(4,6,0),(4,6,0),(3,6,0),(2,6,0),(1,6,0),(0,6,0),
340:(13,0,2),(13,0,1),(12,0,1),(11,0,1),(11,1,1),(11,2,1),(10,2,1),(10,3,1),(9,3,1),
341:(6,0,3),(7,0,3),(8,0,3),(9,0,3),(10,0,3),(11,0,3),(12,0,3),(12,0,2),(12,0,1),(12,0,0),(12,1,0),(12,2,0),(12,3,0),
342:(11,1,5),(10,1,5),(9,1,5),(8,1,5),(7,1,5),(7,2,5),(7,3,5),(7,4,5),(6,4,5),(6,4,6),(5,4,6),(5,5,6),(5,6,6),(5,7,6),(5,8,6),(5,8,5),
343:(4,8,1),(5,8,1),(6,8,1),(6,7,1),(7,7,1),(7,7,2),(7,6,2),(7,5,2),(7,4,2),(7,4,2),(7,3,2),(7,2,2),
344:(1,13,0),(2,13,0),(2,13,-1),(3,13,-1),(4,13,-1),(5,13,-1),(6,13,-1),(7,13,-1),(8,13,-1),(9,13,-1),(10,13,-1),(11,13,-1),(11,13,0),(11,13,1),
345:(11,11,2),(10,11,2),(10,11,1),(9,11,1),(9,12,1),(9,13,1),(8,13,1),(8,13,2),(7,13,2),(6,13,2),(6,13,3),(6,13,4),(6,13,5),(6,14,5),
346:(12,13,3),(12,12,3),(12,11,3),(12,11,2),(12,10,2),(11,10,2),(10,10,2),(10,9,2),(10,8,2),(10,7,2),(9,7,2),(9,6,2),(9,5,2),(9,5,1),(8,5,1),
347:(11,13,3),(10,13,3),(10,13,2),(10,13,1),(10,12,1),(10,11,1),(10,10,1),(9,10,1),(9,9,1),(9,9,1),(8,9,1),(8,8,1),(8,7,1),(7,7,1),(7,6,1),(7,5,1),(7,4,1),(7,3,1),(6,3,1),(6,2,1),(6,1,1),(6,0,1),
348:(4,5,5),(4,6,5),(5,6,5),(5,6,4),(6,6,4),(7,6,4),(8,6,4),(9,6,4),(10,6,4),(11,6,4),(11,7,4),(11,8,4),(11,8,3),(11,8,3),(11,8,4),
349:(3,2,1),(3,2,2),(3,3,2),(3,4,2),(3,5,2),(3,5,2),(3,6,2),(3,7,2),(4,7,2),(5,7,2),(5,8,2),(5,9,2),(5,10,2),(5,11,2),(5,11,3),(5,12,3),(5,13,3),
350:(0,11,3),(0,11,2),(0,11,1),(0,10,1),
351:(10,7,1),(9,7,1),(8,7,1),(8,6,1),(8,5,1),(8,4,1),(7,4,1),(6,4,1),(6,3,1),(6,2,1),(6,1,1),(6,0,1),(5,0,1),
352:(12,5,4),(11,5,4),(10,5,4),(10,5,3),(10,4,3),(10,3,3),(9,3,3),(9,2,3),(8,2,3),(8,1,3),(7,1,3),(6,1,3),(5,1,3),(4,1,3),(3,1,3),(2,1,3),(1,1,3),(1,1,2),(1,0,2),
353:(5,12,3),(6,12,3),(7,12,3),(7,12,2),(7,11,2),(7,10,2),(7,9,2),(7,9,2),(7,9,3),(7,8,3),(8,8,3),(8,7,3),(8,6,3),(8,6,2),
354:(7,13,0),(7,13,1),(6,13,1),(6,13,1),(5,13,1),(4,13,1),(3,13,1),(2,13,1),(2,13,2),(2,13,3),(2,13,4),(2,12,4),
355:(10,11,5),(10,10,5),(9,10,5),(8,10,5),(8,10,6),(7,10,6),(6,10,6),(5,10,6),(4,10,6),(4,10,5),(4,10,4),(4,10,3),(3,10,3),
356:(0,10,4),(1,10,4),(2,10,4),(3,10,4),(3,10,5),(4,10,5),(5,10,5),(6,10,5),(7,10,5),(7,11,5),(7,12,5),(8,12,5),(8,13,5),(9,13,5),(10,13,5),(11,13,5),(12,13,5),(13,13,5),(13,14,5),
357:(1,1,3),(2,1,3),(2,2,3),(2,3,3),(2,3,2),(3,3,2),(3,3,1),(4,3,1),(4,4,1),(4,5,1),(4,6,1),(4,7,1),(5,7,1),(5,8,1),(6,8,1),(6,8,0),(7,8,0),(8,8,0),(9,8,0),(10,8,0),(10,8,1),
358:(11,5,5),(11,5,6),(10,5,6),(9,5,6),(8,5,6),(7,5,6),(6,5,6),(5,5,6),(5,6,6),(5,7,6),(5,8,6),(5,8,5),(5,8,4),(5,8,3),(5,8,2),(5,8,1),
359:(0,13,1),(1,13,1),(2,13,1),(3,13,1),(3,13,2),(3,13,2),(4,13,2),(5,13,2),(5,12,2),(5,11,2),(6,11,2),(7,11,2),(8,11,2),(8,10,2),(8,9,2),
360:(4,7,1),(4,6,1),(5,6,1),(6,6,1),(7,6,1),(8,6,1),(9,6,1),(9,6,0),(10,6,0),(11,6,0),(11,5,0),(12,5,0),(13,5,0),(13,4,0),(13,3,0),
361:(9,13,5),(10,13,5),(9,13,5),(8,13,5),(8,12,5),(8,11,5),(8,10,5),(8,9,5),(8,8,5),(8,7,5),(8,6,5),(7,6,5),(6,6,5),(6,5,5),(6,4,5),(6,3,5),(6,3,4),(5,3,4),(5,3,3),
362:(14,1,3),(14,2,3),(13,2,3),(13,3,3),(13,4,3),(13,5,3),(12,5,3),(12,6,3),(11,6,3),(11,7,3),(11,8,3),(11,9,3),(11,9,2),(11,10,2),(11,11,2),(11,11,3),
363:(0,5,5),(0,5,4),(0,4,4),(0,3,4),(0,2,4),(0,1,4),
364:(6,9,1),(7,9,1),(7,9,2),(8,9,2),(8,10,2),(9,10,2),(9,11,2),(9,12,2),(9,13,2),(9,14,2),(9,14,1),(10,14,1),(11,14,1),
365:(10,4,2),(10,4,3),(9,4,3),(9,5,3),(8,5,3),(8,4,3),(7,4,3),
366:(1,7,0),(1,7,1),(1,7,2),(1,7,2),(1,7,3),(1,7,4),(1,6,4),(1,5,4),(1,5,5),
367:(10,7,5),(9,7,5),(8,7,5),(7,7,5),(7,7,4),(6,7,4),(6,7,4),(5,7,4),(4,7,4),(4,7,3),(3,7,3),(3,7,2),(3,7,1),(3,8,1),(3,9,1),(3,10,1),(3,10,1),(2,10,1),
368:(8,7,1),(7,7,1),(6,7,1),(6,7,2),(6,7,3),(6,6,3),(6,6,3),(7,6,3),(7,7,3),(6,7,3),(7,7,3),(7,6,3),(6,6,3),
369:(10,5,3),(9,5,3),(8,5,3),(8,5,3),(8,5,4),(7,5,4),(6,5,4),(5,5,4),(4,5,4),(3,5,4),(2,5,4),(1,5,4),(0,5,4),(0,5,3),(0,4,3),
370:(10,0,3),(11,0,3),(12,0,3),(13,0,3),(13,0,4),(13,1,4),
371:(0,9,3),(1,9,3),(2,9,3),(3,9,3),(3,10,3),(3,10,4),(3,10,5),(3,11,5),(3,12,5),(3,13,5),(3,14,5),
372:(13,6,0),(12,6,0),(11,6,0),(10,6,0),(10,5,0),(10,5,0),(9,5,0),(8,5,0),(7,5,0),(6,5,0),(5,5,0),(4,5,0),(4,4,0),(4,4,1),(3,4,1),(2,4,1),(1,4,1),(1,3,1),(0,3,1),(0,2,1),(0,1,1),(0,0,1),
373:(3,5,3),(3,5,4),(3,6,4),(3,7,4),(4,7,4),(5,7,4),(5,7,5),(5,8,5),(5,9,5),(6,9,5),(7,9,5),(8,9,5),(8,10,5),
374:(0,13,4),(1,13,4),(2,13,4),(3,13,4),(4,13,4),(5,13,4),(6,13,4),(6,14,4),(6,14,3),(6,14,2),(7,14,2),(8,14,2),(8,14,1),
375:(3,7,4),(3,8,4),(2,8,4),(2,9,4),(2,9,3),(2,9,3),(2,9,2),
376:(5,9,5),(5,9,4),(4,9,4),(4,10,4),(4,11,4),(4,12,4),(4,13,4),(4,14,4),
377:(8,3,3),(8,3,2),(9,3,2),(10,3,2),(11,3,2),(12,3,2),(12,4,2),(12,5,2),(12,6,2),(13,6,2),(13,6,1),(13,6,0),(13,7,0),(13,8,0),(13,9,0),(12,9,0),(12,10,0),
378:(2,0,1),(2,0,2),(3,0,2),(4,0,2),(5,0,2),(6,0,2),(6,1,2),(7,1,2),(8,1,2),(9,1,2),(10,1,2),(11,1,2),(12,1,2),(13,1,2),(13,2,2),
379:(3,1,3),(4,1,3),(4,1,4),(4,2,4),(4,3,4),(4,4,4),(4,5,4),(4,6,4),(5,6,4),(5,7,4),(5,8,4),(5,9,4),(6,9,4),(7,9,4),(8,9,4),(9,9,4),(10,9,4),(11,9,4),(11,9,5),(11,10,5),(11,11,5),(11,12,5),(11,12,6),(12,12,6),(12,13,6),(12,13,5),
380:(9,1,5),(8,1,5),(7,1,5),(6,1,5),(5,1,5),(4,1,5),(3,1,5),(2,1,5),(2,1,4),(2,0,4),
381:(14,3,2),(13,3,2),(12,3,2),(11,3,2),(11,3,3),(11,3,4),(10,3,4),(10,2,4),(10,2,4),(9,2,4),(8,2,4),(7,2,4),(7,2,5),(6,2,5),(5,2,5),
382:(1,9,1),(0,9,1),(0,9,0),(0,10,0),(0,11,0),(0,12,0),(0,13,0),
383:(8,3,5),(7,3,5),(6,3,5),(6,2,5),(6,2,4),(6,1,4),(6,1,3),(6,0,3),
384:(11,10,4),(10,10,4),(10,10,3),(10,10,2),(10,11,2),(10,12,2),(9,12,2),(8,12,2),(7,12,2),(6,12,2),(5,12,2),(5,13,2),
385:(6,8,1),(7,8,1),(8,8,1),(9,8,1),(9,8,2),(9,7,2),(9,7,3),(9,8,3),(9,8,4),(9,8,5),
386:(1,12,3),(2,12,3),(2,12,4),(2,12,5),(2,11,5),(2,10,5),(2,9,5),(2,8,5),(2,7,5),(2,6,5),(2,5,5),(2,4,5),(3,4,5),(3,3,5),(3,3,5),(4,3,5),
387:(7,5,1),(6,5,1),(5,5,1),(5,4,1),(5,3,1),(4,3,1),(4,2,1),(3,2,1),(2,2,1),(1,2,1),(1,2,2),(1,2,3),(1,2,4),(1,2,4),(1,2,5),
388:(7,1,2),(7,2,2),(7,2,3),(7,2,4),(7,3,4),(7,4,4),(7,5,4),(8,5,4),(8,6,4),(8,7,4),(8,7,3),(7,7,3),(7,7,4),
389:(13,7,1),(12,7,1),(11,7,1),(11,7,0),(11,8,0),(11,9,0),(11,10,0),(10,10,0),
390:(4,11,1),(5,11,1),(6,11,1),(6,11,2),(6,11,1),(7,11,1),(8,11,1),(8,12,1),(8,12,2),(9,12,2),(10,12,2),(11,12,2),(11,13,2),(12,13,2),(13,13,2),
391:(2,7,5),(3,7,5),(4,7,5),(4,7,5),(5,7,5),(5,6,5),(6,6,5),(6,6,4),(6,5,4),(6,4,4),(6,4,3),(6,3,3),(6,3,2),(6,3,1),(6,2,1),(6,3,1),(6,4,1),
392:(1,8,2),(1,8,1),(2,8,1),(3,8,1),(4,8,1),(4,8,0),(4,9,0),(5,9,0),(5,10,0),(5,10,-1),(6,10,-1),(7,10,-1),(8,10,-1),(9,10,-1),(10,10,-1),(11,10,-1),(12,10,-1),(13,10,-1),(13,10,0),
393:(14,9,3),(13,9,3),(13,9,4),(12,9,4),(11,9,4),(10,9,4),(9,9,4),(9,8,4),(8,8,4),(8,8,5),(8,7,5),(8,6,5),(7,6,5),(6,6,5),(6,5,5),(6,4,5),(6,3,5),(6,2,5),(6,1,5),(6,0,5),
394:(7,1,3),(6,1,3),(5,1,3),(4,1,3),(3,1,3),(3,2,3),(3,3,3),(3,4,3),(3,5,3),(3,6,3),(3,6,4),(3,7,4),(3,8,4),(3,9,4),(3,9,5),(3,10,5),(3,11,5),(3,12,5),
395:(5,0,2),(4,0,2),(4,0,3),(4,0,4),(3,0,4),(3,1,4),(3,2,4),(3,2,5),
396:(8,13,2),(8,13,3),(9,13,3),(10,13,3),(10,12,3),(10,12,4),(10,11,4),(10,10,4),(11,10,4),(12,10,4),(12,9,4),(13,9,4),(13,8,4),(13,7,4),(13,6,4),(14,6,4),
397:(8,1,1),(9,1,1),
398:(0,1,2),(1,1,2),(1,1,3),(1,1,4),(1,2,4),(1,3,4),(2,3,4),(2,4,4),(2,5,4),(2,6,4),(2,7,4),(2,8,4),(2,8,4),(3,8,4),(4,8,4),(5,8,4),(6,8,4),(6,9,4),(7,9,4),(7,10,4),(8,10,4),(9,10,4),(10,10,4),
399:(0,2,4),(1,2,4),(1,3,4),(2,3,4),(3,3,4),(3,4,4),(3,5,4),(3,6,4),(3,7,4),(3,8,4),(3,9,4),(4,9,4),(5,9,4),(6,9,4),(7,9,4),(8,9,4),(9,9,4),(10,9,4),(11,9,4),(11,9,3),(11,9,2),(11,10,2),(11,11,2),(11,12,2),(11,13,2),(12,13,2),(12,14,2),(12,14,1),
400:(6,6,5),(5,6,5),(5,6,4),(5,7,4),(5,8,4),(4,8,4),(4,9,4),(4,10,4),(4,10,3),(4,10,2),(4,11,2),
401:(8,10,3),(8,10,2),(8,9,2),(8,8,2),(8,8,1),(8,7,1),(9,7,1),(10,7,1),(10,6,1),(10,5,1),(11,5,1),(12,5,1),(13,5,1),(13,4,1),(14,4,1),(14,3,1),(14,2,1),
402:(3,0,5),(4,0,5),(5,0,5),(6,0,5),(7,0,5),(8,0,5),(8,0,4),(9,0,4),(10,0,4),(11,0,4),(12,0,4),(12,1,4),(12,2,4),(13,2,4),(13,3,4),(13,3,3),(13,4,3),(13,5,3),(13,6,3),(14,6,3),(14,7,3),
403:(13,9,3),(12,9,3),(11,9,3),(11,9,2),(10,9,2),(9,9,2),(9,9,1),(9,9,0),(9,10,0),
404:(9,12,3),(9,12,2),(9,13,2),(10,13,2),
405:(12,9,0),(12,9,1),(12,9,2),(12,9,3),(12,9,4),(12,9,5),(12,10,5),(12,11,5),(12,12,5),
406:(5,2,4),(4,2,4),(4,2,5),(3,2,5),(2,2,5),(1,2,5),(0,2,5),(0,2,4),(0,2,3),(0,3,3),(0,4,3),(0,5,3),(0,6,3),
407:(8,14,1),(8,13,1),(8,12,1),(8,11,1),(8,11,2),(8,10,2),(9,10,2),(9,9,2),(10,9,2),(10,8,2),(10,7,2),(11,7,2),(11,7,3),(11,6,3),(11,6,3),(11,6,3),(12,6,3),(12,5,3),(12,4,3),(12,3,3),(12,2,3),(12,1,3),(12,0,3),
408:(14,0,4),(13,0,4),(12,0,4),(11,0,4),(10,0,4),(9,0,4),(9,1,4),(9,2,4),(8,2,4),(7,2,4),(7,3,4),
409:(11,11,3),(12,11,3),(12,11,2),(12,12,2),(12,13,2),(11,13,2),(11,14,2),(11,15,2),(10,15,2),(9,15,2),(8,15,2),(7,15,2),(6,15,2),(5,15,2),(4,15,2),(3,15,2),(2,15,2),(2,14,2),
410:(1,0,5),(2,0,5),(3,0,5),(3,0,4),(3,1,4),(3,2,4),(3,3,4),(3,4,4),(3,5,4),(3,6,4),(3,7,4),(4,7,4),(5,7,4),(6,7,4),(6,8,4),(6,9,4),(7,9,4),(7,10,4),(7,11,4),(7,12,4),(8,12,4),(8,13,4),(8,14,4),
411:(5,4,2),(6,4,2),(6,4,3),(7,4,3),(7,3,3),(8,3,3),(8,2,3),(8,1,3),(9,1,3),(10,1,3),(11,1,3),(12,1,3),(13,1,3),(14,1,3),(14,0,3),(14,0,4),
412:(11,0,3),(11,0,4),(10,0,4),(9,0,4),(8,0,4),(8,0,3),(7,0,3),(7,0,4),
413:(3,3,3),(4,3,3),(4,3,2),(4,3,1),(4,3,1),(4,4,1),(4,5,1),(4,6,1),(4,6,1),(4,6,1),(4,7,1),(4,7,0),(4,8,0),(4,9,0),
414:(7,8,1),(8,8,1),(9,8,1),(9,9,1),(9,9,2),(8,9,2),(8,10,2),(7,10,2),(7,10,3),(7,10,4),(7,10,5),(6,10,5),(5,10,5),(5,11,5),(5,12,5),(5,13,5),(5,14,5),(4,14,5),
415:(10,1,1),(10,1,0),(9,1,0),(8,1,0),(7,1,0),(6,1,0),(6,1,1),(5,1,1),(4,1,1),(3,1,1),(3,1,2),(2,1,2),(2,0,2),
416:(8,14,5),(9,14,5),(10,14,5),(10,13,5),(10,12,5),(11,12,5),(11,11,5),(11,10,5),(12,10,5),(12,9,5),(12,8,5),(12,8,6),(12,7,6),(12,6,6),(12,6,5),
417:(3,8,1),(4,8,1),(4,8,0),(5,8,0),(5,9,0),(5,9,-1),(6,9,-1),(6,9,0),(6,10,0),
418:(9,2,5),(9,2,4),(10,2,4),(10,3,4),(10,4,4),(10,4,3),(10,4,2),(11,4,2),(12,4,2),(12,4,1),
419:(8,2,0),(8,3,0),(9,3,0),
420:(7,9,5),(7,9,4),(8,9,4),(8,9,3),(9,9,3),(10,9,3),(11,9,3),(12,9,3),(12,8,3),(12,7,3),(12,6,3),(12,6,2),(12,5,2),(12,4,2),(12,3,2),(12,2,2),(12,1,2),(13,1,2),(14,1,2),(14,0,2),
421:(14,12,3),(14,11,3),(14,10,3),(13,10,3),(13,9,3),(13,8,3),(12,8,3),(12,7,3),(12,6,3),(12,5,3),(12,5,4),(12,4,4),(12,3,4),(11,3,4),(11,2,4),(10,2,4),(9,2,4),(8,2,4),(7,2,4),(7,1,4),
422:(12,4,1),(12,4,2),(12,4,3),(12,4,4),(11,4,4),(11,5,4),(11,6,4),(11,7,4),(11,8,4),(11,9,4),(10,9,4),(10,10,4),(9,10,4),(9,11,4),
423:(3,6,2),(4,6,2),(5,6,2),(6,6,2),(6,7,2),(6,7,3),(7,7,3),(7,8,3),(7,8,3),(7,8,2),(8,8,2),(9,8,2),
424:(10,3,2),(9,3,2),(9,4,2),(9,4,1),(9,5,1),(9,6,1),(9,6,0),(9,7,0),(9,8,0),(9,9,0),(9,9,1),(9,10,1),(9,10,1),(8,10,1),
425:(11,12,0),(10,12,0),(10,12,1),(10,12,1),(10,11,1),(9,11,1),(9,10,1),(8,10,1),(7,10,1),(7,10,2),(7,10,3),(7,10,4),(7,10,5),(7,10,6),(7,9,6),(7,9,5),
426:(12,13,0),(11,13,0),(11,13,1),(11,12,1),(11,11,1),(11,11,1),(10,11,1),(10,11,2),(9,11,2),(8,11,2),(8,10,2),(8,10,3),(8,9,3),(8,8,3),
427:(11,14,3),(10,14,3),(9,14,3),(8,14,3),(8,13,3),(7,13,3),(6,13,3),(6,12,3),(5,12,3),(4,12,3),(4,11,3),(4,11,4),(4,10,4),(4,9,4),(3,9,4),(2,9,4),(2,8,4),(2,7,4),(2,6,4),(2,6,3),(1,6,3),(1,5,3),(1,4,3),
428:(0,3,3),(1,3,3),(1,2,3),(1,1,3),(1,1,3),(2,1,3),(3,1,3),(4,1,3),(5,1,3),(5,1,2),(6,1,2),(7,1,2),(8,1,2),(9,1,2),(10,1,2),(10,1,1),(11,1,1),
429:(11,9,2),(10,9,2),(9,9,2),(9,9,3),(9,8,3),(9,8,2),(8,8,2),(8,7,2),(8,6,2),(7,6,2),(7,6,2),(6,6,2),
430:(13,8,1),(12,8,1),(12,9,1),(12,9,1),(12,9,2),(11,9,2),(10,9,2),(10,9,3),(9,9,3),(8,9,3),(7,9,3),(7,9,4),(7,9,5),(6,9,5),(5,9,5),(4,9,5),(4,9,4),
431:(2,1,0),(2,1,-1),(3,1,-1),(4,1,-1),(5,1,-1),(6,1,-1),(7,1,-1),(8,1,-1),(9,1,-1),(10,1,-1),(11,1,-1),(11,2,-1),(11,2,0),(11,2,1),(11,3,1),(12,3,1),(12,3,1),(13,3,1),
432:(3,5,2),(4,5,2),(4,5,3),(4,4,3),(4,4,3),(4,4,3),(4,4,3),(4,4,2),(4,4,2),(4,4,3),
433:(0,14,4),(1,14,4),(2,14,4),(3,14,4),(4,14,4),(5,14,4),(6,14,4),(6,14,3),(6,14,2),(7,14,2),(7,14,1),(7,13,1),(7,13,0),(7,12,0),
434:(8,2,3),(9,2,3),(10,2,3),(10,2,2),(10,2,1),(10,2,0),(11,2,0),(12,2,0),(12,3,0),(12,4,0),(12,5,0),(13,5,0),(13,6,0),
435:(1,4,4),(2,4,4),(3,4,4),(4,4,4),(5,4,4),(5,4,3),(5,3,3),(5,3,3),(5,2,3),
436:(0,11,1),(1,11,1),(2,11,1),(3,11,1),(3,10,1),(3,9,1),(3,8,1),(3,8,1),(4,8,1),(5,8,1),(6,8,1),(6,8,2),(7,8,2),(8,8,2),(8,7,2),(8,7,3),(9,7,3),(9,7,4),(9,6,4),
437:(11,0,4),(11,1,4),(11,2,4),(11,3,4),(12,3,4),(13,3,4),(13,4,4),(13,5,4),(13,6,4),(13,7,4),(13,7,5),(13,8,5),(13,9,5),(13,10,5),
438:(11,8,5),(11,8,6),(12,8,6),(12,7,6),(12,6,6),(12,5,6),(12,4,6),(12,3,6),(12,2,6),(12,1,6),(12,1,6),(12,1,5),
439:(6,10,1),(6,10,2),(5,10,2),(4,10,2),(4,9,2),(4,8,2),(4,7,2),(5,7,2),(5,6,2),(5,5,2),(4,5,2),(4,4,2),(4,3,2),(3,3,2),(3,3,3),(3,2,3),
440:(13,9,1),(13,9,2),(13,9,3),(13,9,4),(13,9,5),(13,8,5),(13,7,5),(13,6,5),(12,6,5),(12,5,5),(12,4,5),(11,4,5),(10,4,5),(9,4,5),(8,4,5),(7,4,5),(6,4,5),(6,3,5),(6,2,5),(6,1,5),(5,1,5),(4,1,5),
441:(3,13,0),(3,12,0),(3,12,-1),(2,12,-1),(2,11,-1),(2,10,-1),(2,9,-1),(2,8,-1),(2,7,-1),(2,6,-1),(2,5,-1),(2,4,-1),(2,4,-1),(2,4,-1),(2,4,0),
442:(9,0,1),(8,0,1),(8,1,1),(7,1,1),(6,1,1),(5,1,1),(5,1,2),(5,1,3),(5,1,4),
443:(13,12,4),(12,12,4),(12,11,4),(12,10,4),(11,10,4),(11,9,4),(11,8,4),(11,8,5),
444:(3,10,4),(4,10,4),(5,10,4),(6,10,4),(6,9,4),(7,9,4),(8,9,4),(9,9,4),(10,9,4),(10,8,4),(10,7,4),(10,6,4),(10,5,4),(10,4,4),(10,4,4),(10,3,4),(10,2,4),(10,2,3),(10,2,2),(10,2,1),(10,2,0),
445:(3,14,0),(3,14,-1),(4,14,-1),(5,14,-1),(6,14,-1),(7,14,-1),(8,14,-1),(8,13,-1),(8,12,-1),(8,11,-1),(8,10,-1),(8,9,-1),(8,8,-1),(8,7,-1),(8,6,-1),(8,5,-1),(8,4,-1),(8,3,-1),(8,2,-1),(8,1,-1),(8,0,-1),(8,0,0),
446:(8,5,2),(7,5,2),(7,5,3),(7,5,4),(7,6,4),(7,6,5),(7,7,5),(7,8,5),(7,9,5),(7,10,5),(6,10,5),(5,10,5),(4,10,5),(4,11,5),(4,12,5),(4,13,5),
447:(1,4,1),(1,5,1),(1,6,1),(2,6,1),(2,7,1),(2,8,1),(2,9,1),(2,10,1),(3,10,1),(4,10,1),(4,11,1),(5,11,1),(6,11,1),(6,11,2),(6,12,2),(6,13,2),
448:(8,3,1),(8,4,1),(7,4,1),(8,4,1),(9,4,1),(9,5,1),(8,5,1),(8,6,1),(9,6,1),(9,7,1),(9,8,1),(9,9,1),(9,9,2),
449:(8,4,2),(8,5,2),(8,6,2),(8,7,2),(8,7,1),(9,7,1),(9,7,0),(8,7,0),(7,7,0),(7,8,0),(7,8,-1),(6,8,-1),(5,8,-1),(4,8,-1),(4,8,-1),(4,8,0),
