soc=5639
lb_soc=4467
makespan=27
lb_makespan=24
comp_time=87318
highLevelExpanded=128
lowLevelExpanded=79498
solution=
0:(7,14,5),(8,14,5),(9,14,5),(10,14,5),(11,14,5),(12,14,5),(12,14,4),(12,13,4),(12,12,4),(12,11,4),(12,10,4),(12,9,4),(12,8,4),(12,7,4),
1:(11,9,1),(11,9,0),(11,10,0),(11,11,0),(11,12,0),
2:(11,2,1),(10,2,1),(9,2,1),(8,2,1),(7,2,1),(6,2,1),(5,2,1),(5,2,2),(5,2,3),(5,2,4),(5,3,4),(5,4,4),(5,5,4),(6,5,4),(6,6,4),(6,7,4),(5,7,4),(5,8,4),(5,9,4),
3:(5,7,4),(6,7,4),(7,7,4),(7,6,4),(7,5,4),(7,4,4),(7,3,4),(7,2,4),(7,1,4),
4:(11,10,4),(10,10,4),(9,10,4),
5:(8,11,2),(7,11,2),(7,11,3),(7,12,3),(7,13,3),(7,14,3),
6:(10,3,0),(11,3,0),(11,3,1),(11,3,2),(11,3,3),(11,3,4),(11,4,4),(11,5,4),(11,6,4),(11,7,4),(11,8,4),(11,9,4),(11,10,4),(12,10,4),(12,11,4),(12,12,4),(11,12,4),
7:(14,6,2),(14,7,2),(14,8,2),(14,9,2),(14,10,2),(14,11,2),
8:(3,14,1),(4,14,1),(5,14,1),(6,14,1),(7,14,1),(8,14,1),(9,14,1),(10,14,1),(11,14,1),(11,14,0),(11,13,0),
9:(4,4,5),(4,5,5),(4,6,5),(4,7,5),(4,8,5),(4,9,5),(4,10,5),(4,10,4),(5,10,4),(6,10,4),(6,11,4),(7,11,4),(8,11,4),(9,11,4),(10,11,4),(10,12,4),(10,12,3),(10,12,2),(11,12,2),
10:(10,2,3),(11,2,3),(12,2,3),(13,2,3),(14,2,3),(14,2,2),(14,2,1),(14,2,0),(14,3,0),(14,4,0),
11:(13,14,1),(12,14,1),(11,14,1),(11,13,1),(11,12,1),(11,11,1),(11,11,0),(11,10,0),(11,9,0),(11,8,0),
12:(12,11,1),(11,11,1),(10,11,1),(10,12,1),(10,13,1),
13:(14,9,4),(13,9,4),(13,9,3),(13,9,2),(13,9,1),(13,8,1),(13,7,1),(13,6,1),(13,5,1),(13,4,1),
14:(8,14,1),(9,14,1),(10,14,1),(11,14,1),(11,14,2),(11,14,3),(11,14,4),(11,13,4),(11,12,4),(11,11,4),
15:(2,9,2),(3,9,2),(4,9,2),(5,9,2),(6,9,2),(7,9,2),(8,9,2),(9,9,2),(10,9,2),(11,9,2),(12,9,2),(12,9,1),(12,9,0),(12,10,0),(12,11,0),(12,12,0),(12,13,0),
16:(9,1,2),(8,1,2),(7,1,2),(6,1,2),(5,1,2),(4,1,2),(4,2,2),(4,3,2),(4,3,2),(4,4,2),(3,4,2),(3,5,2),(3,6,2),(3,6,3),(3,7,3),(4,7,3),(4,8,3),(4,8,4),(4,9,4),(4,10,4),(4,11,4),
17:(2,9,5),(1,9,5),(0,9,5),(0,9,4),(0,9,3),(0,9,2),(0,10,2),(0,11,2),(0,12,2),(0,13,2),(0,14,2),
18:(13,12,5),(13,12,4),(13,12,3),(13,12,2),(13,12,1),(13,11,1),
19:(10,6,2),(10,5,2),
20:(10,13,2),(9,13,2),(8,13,2),(7,13,2),(6,13,2),(6,13,2),(6,13,1),(5,13,1),(4,13,1),(3,13,1),(2,13,1),(2,12,1),(2,11,1),(2,10,1),(2,9,1),(2,8,1),(2,7,1),(2,6,1),(1,6,1),(1,5,1),(0,5,1),(0,4,1),
21:(13,9,2),(12,9,2),(12,9,1),(12,8,1),
22:(4,10,1),(5,10,1),(6,10,1),(7,10,1),(8,10,1),(8,9,1),(8,8,1),(8,8,2),(8,7,2),(8,6,2),(8,5,2),(8,4,2),(8,3,2),(8,2,2),(8,1,2),
23:(0,12,3),(1,12,3),(2,12,3),(3,12,3),(4,12,3),(5,12,3),(6,12,3),(7,12,3),(8,12,3),(9,12,3),(10,12,3),(10,12,4),(11,12,4),(11,12,5),(11,11,5),(11,10,5),(11,9,5),(11,8,5),
24:(5,1,4),(6,1,4),(7,1,4),(8,1,4),(9,1,4),(10,1,4),(11,1,4),(11,2,4),(11,2,3),(11,3,3),(11,4,3),(12,4,3),(12,5,3),
25:(11,1,0),(12,1,0),(13,1,0),(14,1,0),(14,1,1),(14,2,1),(14,3,1),(14,4,1),(14,5,1),(14,6,1),(14,7,1),(14,8,1),(14,8,2),(14,9,2),(14,10,2),
26:(4,5,2),(5,5,2),(6,5,2),(7,5,2),(8,5,2),(9,5,2),(9,5,3),(10,5,3),(10,6,3),(11,6,3),(12,6,3),(13,6,3),(13,6,4),(13,7,4),
27:(9,2,1),(9,2,2),(10,2,2),(10,2,2),(10,2,3),(11,2,3),(12,2,3),(13,2,3),
28:(13,0,2),(12,0,2),(11,0,2),(10,0,2),(9,0,2),(8,0,2),(7,0,2),(6,0,2),(5,0,2),(5,0,1),(5,0,0),(5,1,0),(5,2,0),
29:(5,10,4),(4,10,4),(3,10,4),(2,10,4),(2,11,4),(2,12,4),
30:(7,5,5),(7,5,4),(7,5,3),(7,6,3),(7,7,3),(7,8,3),(7,9,3),(7,10,3),(6,10,3),(6,11,3),(6,12,3),(7,12,3),
31:(0,10,2),(1,10,2),(1,10,3),(1,10,4),(1,11,4),(1,12,4),(1,13,4),(1,14,4),
32:(0,3,2),(1,3,2),(1,4,2),(1,4,1),(1,4,0),(1,5,0),(1,6,0),(1,7,0),(1,8,0),(1,9,0),(1,10,0),(1,11,0),(1,12,0),(1,13,0),(2,13,0),(3,13,0),(4,13,0),(4,14,0),(5,14,0),(6,14,0),(7,14,0),(7,13,0),
33:(1,14,0),(2,14,0),(3,14,0),(4,14,0),(5,14,0),(6,14,0),(7,14,0),(8,14,0),(9,14,0),(10,14,0),(10,13,0),(10,12,0),(10,12,1),(11,12,1),(11,11,1),(12,11,1),(12,11,1),(12,11,2),(13,11,2),(13,11,3),
34:(6,6,5),(7,6,5),(8,6,5),(9,6,5),(9,7,5),
35:(6,12,4),(7,12,4),(7,11,4),(7,10,4),(7,9,4),(7,8,4),(8,8,4),(9,8,4),(10,8,4),(10,8,4),(10,8,5),(10,7,5),(10,7,5),(10,7,4),(10,7,3),(10,6,3),
36:(9,13,0),(8,13,0),(7,13,0),(6,13,0),(5,13,0),(4,13,0),(4,12,0),(4,11,0),(4,10,0),(4,9,0),(4,8,0),(4,8,0),(4,8,1),(4,7,1),(3,7,1),(2,7,1),(2,7,2),(2,6,2),
37:(1,2,0),(0,2,0),(0,2,1),(0,2,2),(0,2,3),(0,2,4),(0,2,5),(0,1,5),(0,0,5),
38:(14,10,3),(13,10,3),(13,10,4),(13,9,4),(13,8,4),(13,7,4),(13,6,4),(13,5,4),(13,4,4),(13,3,4),(13,2,4),(13,1,4),(13,0,4),
39:(8,2,4),(7,2,4),(6,2,4),(5,2,4),(4,2,4),(3,2,4),(3,3,4),(3,4,4),(3,5,4),(3,6,4),(3,6,4),(3,6,5),(3,7,5),(3,8,5),(2,8,5),(2,9,5),(2,10,5),(2,11,5),(2,12,5),(2,13,5),(2,13,4),
40:(3,5,4),(4,5,4),(5,5,4),(6,5,4),(6,5,3),(7,5,3),(8,5,3),(9,5,3),(9,6,3),
41:(13,2,4),(12,2,4),(11,2,4),(10,2,4),(9,2,4),(8,2,4),(7,2,4),(6,2,4),(5,2,4),(4,2,4),(3,2,4),(3,2,5),(3,1,5),
42:(6,7,1),(5,7,1),(4,7,1),(4,7,2),(4,7,3),(4,6,3),(4,5,3),(4,4,3),(4,3,3),(4,2,3),
43:(11,7,5),(10,7,5),(9,7,5),(8,7,5),(7,7,5),(6,7,5),(5,7,5),(4,7,5),(3,7,5),(3,8,5),(3,9,5),(3,10,5),(3,11,5),(3,11,4),(3,12,4),
44:(10,5,3),(11,5,3),(11,5,2),(11,5,1),(11,6,1),(11,7,1),(11,8,1),
45:(3,4,0),(3,4,1),(3,4,2),(3,4,3),(3,4,4),(3,4,5),
46:(11,4,0),(10,4,0),(9,4,0),(8,4,0),(7,4,0),(6,4,0),(5,4,0),(4,4,0),(3,4,0),(2,4,0),(1,4,0),(1,4,1),(1,4,2),(1,4,3),(1,4,4),(1,5,4),(1,6,4),
47:(4,0,3),(5,0,3),(5,0,2),(5,0,1),(5,1,1),(5,2,1),(5,3,1),(5,4,1),(5,5,1),(5,6,1),(5,7,1),(5,8,1),(5,9,1),(5,10,1),(5,11,1),(5,12,1),(5,13,1),(5,14,1),
48:(3,11,0),(3,10,0),(3,9,0),(3,8,0),(4,8,0),(4,7,0),(4,6,0),(4,5,0),(4,4,0),(4,3,0),(4,2,0),(5,2,0),(6,2,0),(6,1,0),(7,1,0),(8,1,0),(9,1,0),(9,1,1),(10,1,1),(11,1,1),(12,1,1),(13,1,1),(14,1,1),(14,0,1),
49:(2,13,0),(3,13,0),(3,13,1),(3,12,1),(3,11,1),
50:(0,12,0),(1,12,0),(1,11,0),(1,10,0),(1,9,0),(1,8,0),(1,7,0),(1,7,1),(1,6,1),(2,6,1),(3,6,1),(4,6,1),(4,5,1),(4,4,1),(4,3,1),(4,2,1),(4,1,1),(4,1,2),
51:(13,4,0),(12,4,0),(11,4,0),(10,4,0),(9,4,0),(8,4,0),(7,4,0),(6,4,0),(5,4,0),(5,4,1),(5,4,2),(5,5,2),(5,6,2),(5,7,2),
52:(0,11,3),(1,11,3),(2,11,3),(3,11,3),(4,11,3),(4,11,2),(4,10,2),(4,9,2),(4,8,2),(4,7,2),
53:(3,7,2),(4,7,2),(5,7,2),(6,7,2),(7,7,2),(8,7,2),(8,7,1),(9,7,1),(9,7,0),(9,8,0),(9,9,0),(9,10,0),(9,11,0),
54:(11,11,1),(10,11,1),(9,11,1),(8,11,1),(7,11,1),(6,11,1),(6,11,2),(6,10,2),(6,9,2),
55:(6,0,2),(5,0,2),(4,0,2),(3,0,2),(2,0,2),(1,0,2),(1,0,3),(1,0,4),(1,0,5),
56:(5,6,0),(6,6,0),(7,6,0),(8,6,0),(9,6,0),(10,6,0),(11,6,0),(11,5,0),(11,4,0),(11,3,0),(11,2,0),
57:(4,1,5),(4,2,5),(4,3,5),(5,3,5),(5,3,4),(5,4,4),(6,4,4),(6,5,4),(6,6,4),(6,6,3),(7,6,3),(7,7,3),(7,7,2),(7,7,1),
58:(3,6,3),(2,6,3),(1,6,3),(1,6,2),(1,6,1),(1,5,1),(1,4,1),(1,3,1),(1,2,1),(1,1,1),
59:(9,3,3),(10,3,3),(11,3,3),(11,4,3),(11,4,2),(11,4,1),(11,5,1),(11,6,1),
60:(8,13,1),(7,13,1),(6,13,1),(5,13,1),(4,13,1),(3,13,1),(2,13,1),(1,13,1),(1,13,2),(1,13,3),(1,12,3),(1,11,3),(1,10,3),(1,9,3),(1,8,3),(1,7,3),(1,6,3),(0,6,3),(0,5,3),(0,4,3),(0,3,3),(0,2,3),(0,1,3),
61:(13,2,2),(12,2,2),(12,3,2),(12,4,2),(12,5,2),(11,5,2),(11,6,2),(10,6,2),(10,7,2),(10,8,2),(9,8,2),(9,9,2),(9,10,2),
62:(10,6,3),(11,6,3),(11,7,3),(11,8,3),
63:(13,0,1),(12,0,1),(11,0,1),(10,0,1),(9,0,1),(8,0,1),(7,0,1),(6,0,1),(5,0,1),(4,0,1),(4,0,2),(4,0,3),(4,0,4),(4,0,5),(4,1,5),(4,2,5),(4,3,5),(4,4,5),(4,5,5),(3,5,5),(3,6,5),(3,7,5),(3,8,5),(3,9,5),(3,10,5),(3,11,5),
64:(13,2,0),(12,2,0),(12,2,1),(12,3,1),(12,4,1),(12,5,1),
65:(1,11,3),(2,11,3),(3,11,3),(4,11,3),(4,11,4),(4,11,5),(4,12,5),(4,13,5),(4,14,5),
66:(4,10,2),(3,10,2),(2,10,2),(1,10,2),(0,10,2),(0,10,1),
67:(8,12,3),(9,12,3),(10,12,3),(11,12,3),(11,12,2),(11,13,2),(11,14,2),
68:(0,4,0),(1,4,0),(2,4,0),(3,4,0),(4,4,0),(5,4,0),(5,4,1),(5,5,1),(5,6,1),(5,7,1),(5,8,1),(5,9,1),(6,9,1),(6,10,1),(7,10,1),(8,10,1),(9,10,1),(10,10,1),(10,10,2),(10,10,3),
69:(7,2,1),(8,2,1),(8,2,2),(9,2,2),(10,2,2),(11,2,2),(11,2,2),(11,3,2),(12,3,2),(13,3,2),(13,4,2),(13,5,2),(13,6,2),(13,7,2),(13,8,2),(13,8,2),(12,8,2),(12,9,2),(12,10,2),(13,10,2),(13,11,2),
70:(0,10,1),(1,10,1),(2,10,1),(3,10,1),(4,10,1),(4,10,0),(4,9,0),(4,8,0),(4,7,0),(4,6,0),(4,5,0),(4,4,0),(4,3,0),(4,2,0),
71:(14,8,0),(13,8,0),(12,8,0),(11,8,0),(11,7,0),(11,6,0),(11,5,0),(11,4,0),(11,4,1),(11,3,1),
72:(1,12,1),(2,12,1),(3,12,1),(4,12,1),(4,12,2),(4,13,2),(4,14,2),
73:(7,2,3),(8,2,3),(9,2,3),(10,2,3),(11,2,3),(11,3,3),(11,3,2),(11,4,2),(11,5,2),(11,6,2),(11,7,2),(11,8,2),
74:(7,10,5),(8,10,5),(9,10,5),(10,10,5),(11,10,5),(11,9,5),(11,8,5),(11,7,5),(11,6,5),(11,5,5),(11,5,6),(11,4,6),(11,3,6),(11,3,5),
75:(4,9,3),(5,9,3),(6,9,3),(6,9,2),(6,8,2),(6,7,2),(6,6,2),(6,6,3),(6,5,3),(7,5,3),(8,5,3),(8,4,3),(8,4,2),(8,4,1),(8,3,1),
76:(5,2,3),(6,2,3),(7,2,3),(8,2,3),(9,2,3),(10,2,3),(11,2,3),(11,3,3),(11,4,3),(12,4,3),(13,4,3),(13,5,3),(13,6,3),(13,7,3),(13,8,3),(13,8,4),(13,9,4),
77:(1,14,5),(2,14,5),(3,14,5),(4,14,5),(5,14,5),(6,14,5),(7,14,5),(8,14,5),(9,14,5),(10,14,5),(11,14,5),(11,13,5),(11,12,5),(11,11,5),(11,10,5),(11,10,4),(11,10,3),
78:(13,7,2),(13,7,3),(13,8,3),(13,9,3),(13,10,3),(13,10,4),
79:(13,5,4),(12,5,4),(11,5,4),(10,5,4),(10,5,3),(10,6,3),(10,6,2),(10,7,2),(10,8,2),(10,9,2),(10,10,2),(10,11,2),(10,12,2),(10,13,2),
80:(5,5,2),(6,5,2),(7,5,2),(7,5,3),(7,6,3),(7,6,4),(7,6,5),(7,7,5),(7,8,5),(7,9,5),(7,10,5),(7,11,5),
81:(14,11,1),(13,11,1),(12,11,1),(11,11,1),(11,11,2),(11,10,2),(11,9,2),(11,8,2),(11,7,2),(11,7,3),(10,7,3),(10,6,3),(10,5,3),(10,4,3),(10,3,3),(10,2,3),(10,1,3),
82:(6,13,1),(6,13,2),(7,13,2),(7,13,3),(8,13,3),(9,13,3),(10,13,3),(11,13,3),(12,13,3),(12,13,4),(12,14,4),
83:(9,2,4),(10,2,4),(10,2,3),(11,2,3),(11,2,2),(11,3,2),(11,4,2),(11,5,2),(11,6,2),(11,7,2),(11,8,2),(11,9,2),
84:(12,10,4),(11,10,4),(10,10,4),(10,9,4),(9,9,4),(8,9,4),(7,9,4),(6,9,4),(5,9,4),(4,9,4),(3,9,4),(2,9,4),(1,9,4),(0,9,4),
85:(8,3,4),(8,4,4),(7,4,4),(6,4,4),(6,5,4),(6,6,4),(5,6,4),(5,6,3),(4,6,3),(3,6,3),(2,6,3),(1,6,3),(1,6,2),(1,6,1),(1,6,0),(1,7,0),(1,8,0),
86:(8,9,0),(7,9,0),(6,9,0),(5,9,0),(4,9,0),(3,9,0),(2,9,0),(1,9,0),(0,9,0),(0,9,1),(0,8,1),(0,7,1),(0,6,1),(0,5,1),(0,4,1),(0,3,1),
87:(7,10,2),(6,10,2),(5,10,2),(4,10,2),(3,10,2),(3,10,1),(3,10,0),(3,9,0),(3,8,0),(3,7,0),(3,6,0),(3,5,0),(3,4,0),(3,3,0),(3,2,0),(3,1,0),
88:(9,6,5),(10,6,5),(11,6,5),(12,6,5),(12,6,4),(12,6,3),(12,6,2),(12,6,1),(12,7,1),
89:(0,3,3),(1,3,3),(2,3,3),(3,3,3),(4,3,3),(5,3,3),(5,3,2),(5,3,1),(5,4,1),(5,5,1),(6,5,1),(6,6,1),(6,6,0),(7,6,0),(7,7,0),(8,7,0),(8,8,0),(8,9,0),(8,10,0),(8,11,0),(8,12,0),(8,13,0),
90:(14,2,3),(13,2,3),(13,3,3),(12,3,3),(12,4,3),(12,5,3),(12,6,3),(12,7,3),(12,8,3),(12,9,3),(11,9,3),(10,9,3),(9,9,3),(8,9,3),(8,9,2),(8,10,2),(8,11,2),(8,12,2),(8,12,1),(8,13,1),(8,14,1),
91:(6,5,3),(5,5,3),(4,5,3),(3,5,3),(2,5,3),(1,5,3),(0,5,3),(0,5,2),(0,5,1),(0,5,0),(0,4,0),(0,3,0),(0,2,0),(0,1,0),
92:(3,2,1),(3,3,1),(3,4,1),(3,5,1),(3,6,1),(3,7,1),(3,8,1),
93:(12,3,1),(13,3,1),(14,3,1),(14,3,2),(14,3,3),(14,3,4),(14,4,4),(14,5,4),(14,6,4),(14,7,4),(14,8,4),
94:(14,0,3),(13,0,3),(12,0,3),(12,1,3),(12,2,3),(12,3,3),(12,4,3),(12,5,3),(12,6,3),(12,7,3),(12,8,3),(12,9,3),(12,10,3),(12,11,3),(12,12,3),(12,13,3),
95:(11,0,4),(10,0,4),(9,0,4),(8,0,4),(7,0,4),(6,0,4),(5,0,4),(4,0,4),(4,1,4),(4,1,5),(4,2,5),(4,3,5),(4,4,5),(4,5,5),(3,5,5),(3,5,4),(3,6,4),
96:(5,0,5),(6,0,5),(7,0,5),(8,0,5),(9,0,5),(10,0,5),(11,0,5),(12,0,5),(12,1,5),(12,2,5),(12,3,5),(12,4,5),(12,4,6),(12,5,6),(12,6,6),(12,7,6),(12,7,5),
97:(1,8,3),(2,8,3),(3,8,3),(4,8,3),(5,8,3),(5,8,4),(5,8,5),(5,7,5),(5,6,5),
98:(6,9,1),(5,9,1),(4,9,1),(3,9,1),(2,9,1),(1,9,1),(0,9,1),(0,8,1),(0,7,1),(0,6,1),(0,5,1),(0,5,2),(0,4,2),(0,4,3),(0,4,4),(0,4,5),(0,3,5),(0,2,5),(0,1,5),
99:(11,12,2),(10,12,2),(9,12,2),(8,12,2),(7,12,2),(6,12,2),(5,12,2),(4,12,2),(3,12,2),(2,12,2),(1,12,2),(1,11,2),(1,10,2),
100:(5,12,5),(6,12,5),(7,12,5),(8,12,5),(9,12,5),(10,12,5),(11,12,5),(12,12,5),(13,12,5),(14,12,5),(14,11,5),(14,10,5),(14,9,5),(14,8,5),(14,7,5),(14,6,5),(14,5,5),(14,4,5),(14,3,5),(13,3,5),(13,2,5),(13,1,5),(14,1,5),(14,0,5),
101:(10,10,3),(11,10,3),(12,10,3),(13,10,3),(14,10,3),(14,10,2),(14,10,1),(14,11,1),(14,12,1),(14,13,1),
102:(3,0,4),(4,0,4),(5,0,4),(6,0,4),(6,0,3),(7,0,3),(8,0,3),(9,0,3),(10,0,3),(11,0,3),(11,0,2),(11,1,2),(11,2,2),(11,3,2),(12,3,2),(13,3,2),(13,4,2),(13,5,2),(13,6,2),(13,7,2),
103:(7,8,3),(7,8,4),(7,8,5),(7,7,5),(7,6,5),(7,5,5),(7,4,5),(7,3,5),(7,2,5),(7,1,5),
104:(9,7,5),(9,7,4),(9,7,3),(9,7,2),(9,7,1),(9,7,0),(9,6,0),(9,5,0),(9,4,0),(9,3,0),
105:(8,9,3),(7,9,3),(7,8,3),(6,8,3),(6,7,3),
106:(5,11,3),(6,11,3),(6,10,3),(7,10,3),(8,10,3),(9,10,3),(10,10,3),(11,10,3),(12,10,3),(13,10,3),(14,10,3),(14,9,3),(14,8,3),(14,7,3),(15,7,3),(15,6,3),(15,5,3),(15,4,3),(15,3,3),(15,2,3),(15,1,3),(14,1,3),(14,0,3),
107:(0,0,5),(1,0,5),(1,1,5),(1,2,5),(1,3,5),(2,3,5),(2,4,5),(2,5,5),(3,5,5),(3,6,5),(4,6,5),(4,7,5),(5,7,5),(5,8,5),(5,8,4),(5,8,3),
108:(4,11,2),(4,11,1),
109:(0,13,0),(1,13,0),(2,13,0),(3,13,0),(4,13,0),(4,12,0),(4,11,0),(4,10,0),(4,9,0),(5,9,0),(6,9,0),
110:(9,9,0),(10,9,0),(11,9,0),(12,9,0),(12,8,0),(12,7,0),(12,6,0),
111:(6,11,4),(7,11,4),(8,11,4),(8,11,3),(8,11,2),(8,11,1),
112:(13,6,2),(12,6,2),(11,6,2),(10,6,2),(9,6,2),(8,6,2),(7,6,2),(6,6,2),(5,6,2),(4,6,2),(3,6,2),(2,6,2),(2,6,3),(2,6,4),(2,6,5),(2,7,5),(2,8,5),(2,9,5),(2,10,5),(2,11,5),(2,12,5),
113:(2,0,1),(3,0,1),(4,0,1),(4,1,1),(4,2,1),(4,3,1),(4,4,1),(4,5,1),(4,6,1),(4,7,1),(4,8,1),(4,8,1),(5,8,1),(6,8,1),(6,9,1),(7,9,1),(7,10,1),(8,10,1),(9,10,1),(10,10,1),(10,11,1),
114:(6,12,5),(6,12,4),(5,12,4),(5,12,3),(5,11,3),(5,10,3),(5,9,3),(5,8,3),(5,7,3),(5,6,3),(5,5,3),(5,5,3),(5,5,2),
115:(11,14,0),(10,14,0),(9,14,0),(8,14,0),(7,14,0),(7,14,1),(6,14,1),(6,14,2),(6,14,3),(6,13,3),(6,13,4),(6,12,4),(6,11,4),(6,10,4),(5,10,4),(5,10,5),(5,9,5),(5,8,5),(5,7,5),(4,7,5),(4,6,5),(4,5,5),(3,5,5),(2,5,5),
116:(11,12,1),(12,12,1),(12,12,2),(12,11,2),(12,10,2),(12,9,2),(12,8,2),(12,7,2),(12,6,2),(12,5,2),(12,4,2),(12,3,2),(12,3,1),(12,2,1),(12,1,1),(12,1,2),(12,1,3),(13,1,3),
117:(2,8,4),(3,8,4),(4,8,4),(4,9,4),(4,10,4),(4,9,4),(5,9,4),(5,10,4),(6,10,4),(6,10,3),(7,10,3),(8,10,3),(9,10,3),(10,10,3),(11,10,3),(11,10,2),(11,10,1),
118:(3,14,0),(4,14,0),(5,14,0),(6,14,0),(6,13,0),(7,13,0),(8,13,0),(9,13,0),(10,13,0),(10,12,0),(10,11,0),(10,10,0),(10,9,0),(10,8,0),(10,7,0),(11,7,0),(11,6,0),(11,5,0),(11,4,0),(11,3,0),
119:(9,6,4),(8,6,4),(7,6,4),(6,6,4),(5,6,4),(4,6,4),(3,6,4),(3,6,3),(3,6,2),(3,7,2),(3,8,2),(3,9,2),(3,9,1),(3,10,1),
120:(8,0,1),(9,0,1),(10,0,1),(10,1,1),(11,1,1),(12,1,1),(13,1,1),(14,1,1),(14,1,2),(14,1,3),(14,1,4),(14,2,4),(14,3,4),(14,4,4),(14,5,4),(14,6,4),
121:(7,9,2),(8,9,2),(9,9,2),(10,9,2),(11,9,2),(11,9,3),(12,9,3),(12,8,3),(13,8,3),(13,8,4),(13,8,5),(13,7,5),(13,6,5),(13,5,5),
122:(14,8,3),(13,8,3),(12,8,3),(12,8,2),(11,8,2),(10,8,2),(10,9,2),(10,10,2),(9,10,2),(8,10,2),(7,10,2),(6,10,2),(5,10,2),(5,10,2),(5,10,2),(5,10,1),
123:(7,6,3),(6,6,3),(6,5,3),(6,4,3),(6,4,4),(6,3,4),
124:(2,6,1),(3,6,1),(4,6,1),(5,6,1),(5,6,2),(5,6,3),(6,6,3),(7,6,3),(7,6,3),(7,7,3),(7,8,3),(7,9,3),(8,9,3),(8,10,3),(8,11,3),(8,12,3),(9,12,3),(9,13,3),(9,14,3),(10,14,3),(11,14,3),
125:(7,4,0),(8,4,0),(8,4,1),(8,4,2),(8,4,3),(8,4,4),(8,4,5),(8,4,6),(8,5,6),(8,6,6),(8,7,6),(8,8,6),(8,9,6),(8,9,5),
126:(7,6,2),(6,6,2),(5,6,2),(4,6,2),(3,6,2),(3,7,2),(3,8,2),(3,9,2),(3,10,2),(3,11,2),(3,12,2),(3,12,1),(3,13,1),(3,14,1),
127:(4,4,3),(5,4,3),(6,4,3),(7,4,3),(7,5,3),(8,5,3),(8,5,4),(8,6,4),(8,7,4),(8,8,4),(8,9,4),(8,10,4),
128:(9,4,0),(9,4,1),(9,5,1),(8,5,1),(8,6,1),
129:(11,2,3),(11,2,2),(11,2,1),(10,2,1),(10,2,0),(10,3,0),(10,4,0),
130:(2,14,3),(1,14,3),(0,14,3),(0,14,2),(0,14,1),(0,14,0),(0,13,0),(0,12,0),(0,11,0),(0,10,0),(0,9,0),(0,8,0),(0,7,0),(0,6,0),(0,5,0),(0,4,0),
131:(13,11,5),(14,11,5),(14,11,4),(14,10,4),(14,9,4),(14,9,3),(14,8,3),(14,7,3),(14,6,3),(14,5,3),(14,4,3),(14,4,2),(14,3,2),(14,2,2),(14,1,2),
132:(11,8,2),(12,8,2),(13,8,2),(14,8,2),(14,7,2),
133:(1,4,4),(1,5,4),(1,6,4),(2,6,4),(3,6,4),(3,7,4),(3,8,4),(4,8,4),(4,8,4),(5,8,4),(5,9,4),(5,9,4),(5,10,4),(5,11,4),(6,11,4),(7,11,4),(8,11,4),(9,11,4),(10,11,4),(10,12,4),(10,13,4),
134:(6,3,0),(6,4,0),(6,5,0),(6,6,0),(7,6,0),(8,6,0),(8,7,0),(9,7,0),(9,8,0),(10,8,0),(10,8,1),(10,8,2),(10,9,2),(10,10,2),(11,10,2),(12,10,2),(12,11,2),(12,12,2),(12,13,2),(13,13,2),(14,13,2),(14,12,2),
135:(2,0,5),(3,0,5),(4,0,5),(5,0,5),(5,0,4),(5,0,3),(5,1,3),(5,2,3),(5,3,3),(5,4,3),
136:(9,9,2),(9,9,1),(8,9,1),(7,9,1),(6,9,1),(5,9,1),(5,9,0),(4,9,0),(3,9,0),(2,9,0),(1,9,0),(1,10,0),(1,11,0),(1,12,0),(1,13,0),
137:(4,10,5),(5,10,5),(6,10,5),(7,10,5),(8,10,5),(9,10,5),(10,10,5),(10,11,5),(10,12,5),
138:(2,13,2),(3,13,2),(4,13,2),(5,13,2),(5,13,1),(5,12,1),(5,11,1),(5,11,0),(5,10,0),(5,10,0),(6,10,0),
139:(3,8,5),(2,8,5),(1,8,5),(1,7,5),(1,6,5),(1,5,5),
140:(5,1,2),(6,1,2),(6,1,3),(7,1,3),(8,1,3),(9,1,3),(10,1,3),(11,1,3),(11,1,4),(12,1,4),(13,1,4),(14,1,4),(14,1,5),(14,2,5),
141:(10,12,3),(10,11,3),(9,11,3),(9,11,3),(8,11,3),(7,11,3),
142:(10,0,2),(9,0,2),(8,0,2),(7,0,2),(6,0,2),(5,0,2),(4,0,2),(4,1,2),(4,2,2),(4,3,2),(4,3,3),(4,4,3),(4,4,4),(4,4,5),(4,5,5),(3,5,5),(2,5,5),(2,6,5),(2,7,5),(1,7,5),(1,8,5),(1,9,5),(0,9,5),(0,10,5),(0,11,5),
143:(14,2,1),(13,2,1),(13,3,1),(13,3,2),(13,4,2),(13,5,2),(13,6,2),(13,7,2),(13,8,2),(13,9,2),(13,10,2),(12,10,2),(12,11,2),(12,12,2),(12,13,2),(12,14,2),(12,14,3),
144:(0,7,2),(0,6,2),(0,5,2),(0,4,2),(0,3,2),(0,2,2),(0,1,2),(0,1,3),(1,1,3),(2,1,3),(3,1,3),(4,1,3),(5,1,3),(6,1,3),(7,1,3),(7,0,3),(8,0,3),(9,0,3),(10,0,3),(10,0,4),
145:(2,2,3),(3,2,3),(4,2,3),(5,2,3),(6,2,3),(7,2,3),(8,2,3),(9,2,3),(10,2,3),(11,2,3),(11,2,2),(11,3,2),(12,3,2),(13,3,2),(13,4,2),(13,5,2),(13,5,1),(13,6,1),
146:(7,4,3),(8,4,3),(9,4,3),(9,5,3),(9,6,3),(9,7,3),(9,8,3),(9,9,3),(9,10,3),(10,10,3),(11,10,3),(11,10,2),(11,11,2),(11,12,2),(11,13,2),
147:(11,12,4),(11,12,3),(11,12,2),(11,13,2),(11,13,2),(11,13,1),
148:(13,8,2),(13,7,2),(12,7,2),(12,6,2),(12,6,3),(11,6,3),(11,5,3),(11,4,3),(10,4,3),(9,4,3),(9,3,3),(8,3,3),(7,3,3),(7,3,4),(7,2,4),(6,2,4),(5,2,4),(5,1,4),(4,1,4),(3,1,4),(2,1,4),(1,1,4),(1,1,5),
149:(12,12,0),(13,12,0),(13,12,1),(13,13,1),(13,13,2),(13,13,3),
150:(8,9,4),(7,9,4),(6,9,4),(5,9,4),(4,9,4),(3,9,4),(2,9,4),(2,9,3),(2,9,2),
151:(14,3,2),(13,3,2),(13,3,2),(12,3,2),(11,3,2),(10,3,2),(9,3,2),(9,3,1),
152:(14,14,4),(13,14,4),(12,14,4),(11,14,4),(10,14,4),(9,14,4),(8,14,4),(7,14,4),(6,14,4),(6,14,3),(6,13,3),(6,12,3),(6,11,3),(5,11,3),(4,11,3),(4,10,3),(4,10,2),(4,9,2),(4,8,2),(3,8,2),(3,7,2),(3,7,1),(3,6,1),(3,5,1),(3,4,1),(2,4,1),(2,3,1),
153:(8,10,2),(7,10,2),(6,10,2),(5,10,2),(4,10,2),(3,10,2),(2,10,2),(1,10,2),(1,10,1),
154:(6,8,2),(7,8,2),(8,8,2),(9,8,2),(10,8,2),(10,9,2),(10,10,2),(11,10,2),(12,10,2),(13,10,2),(13,11,2),(13,12,2),(14,12,2),(14,12,3),
155:(2,3,4),(2,3,3),(2,4,3),(2,4,2),(2,4,1),(2,4,0),(2,5,0),(2,6,0),(2,7,0),(2,8,0),(2,9,0),(2,10,0),(2,11,0),(2,12,0),
156:(14,1,4),(13,1,4),(12,1,4),(11,1,4),(10,1,4),(10,1,5),(9,1,5),(8,1,5),(7,1,5),(6,1,5),(5,1,5),(5,0,5),
157:(5,6,1),(5,6,1),(5,7,1),(5,7,2),(5,8,2),(5,9,2),(5,10,2),(5,11,2),(4,11,2),(4,12,2),
158:(6,14,1),(7,14,1),(8,14,1),(8,13,1),(8,13,0),(8,12,0),(8,11,0),(8,10,0),(8,9,0),(8,8,0),(8,7,0),(8,6,0),
159:(2,2,2),(3,2,2),(4,2,2),(5,2,2),(6,2,2),(6,2,3),(6,2,4),(6,2,5),(6,3,5),(6,4,5),(6,5,5),(6,6,5),(6,7,5),(6,8,5),(6,8,6),(6,9,6),(6,10,6),(6,11,6),(6,12,6),(6,12,5),
160:(12,8,5),(11,8,5),(10,8,5),(9,8,5),(8,8,5),(7,8,5),(7,8,4),(7,9,4),(7,9,3),(6,9,3),(6,10,3),(6,11,3),(5,11,3),(4,11,3),(4,12,3),(3,12,3),(2,12,3),(1,12,3),(0,12,3),(0,11,3),
161:(14,4,1),(13,4,1),(12,4,1),(11,4,1),(10,4,1),(10,4,2),(10,4,3),(10,4,4),(10,5,4),(10,6,4),(10,7,4),(10,8,4),(10,9,4),(10,10,4),
162:(14,13,3),(14,12,3),(14,11,3),(13,11,3),(13,11,4),(12,11,4),(11,11,4),(10,11,4),(9,11,4),(8,11,4),(7,11,4),(7,10,4),(6,10,4),(5,10,4),(4,10,4),(4,9,4),(3,9,4),(2,9,4),(2,9,3),(2,8,3),(2,7,3),(1,7,3),(1,6,3),(1,5,3),(1,4,3),(1,3,3),(1,2,3),(2,2,3),
163:(11,14,5),(10,14,5),(10,13,5),(10,12,5),(10,11,5),(10,10,5),(10,9,5),(10,8,5),(9,8,5),(9,8,6),(9,7,6),(9,6,6),(9,6,5),(9,5,5),
164:(13,8,5),(12,8,5),(11,8,5),(10,8,5),(9,8,5),(8,8,5),(7,8,5),(6,8,5),(5,8,5),(4,8,5),(3,8,5),(2,8,5),(1,8,5),(1,9,5),(1,10,5),(1,11,5),
165:(7,12,0),(6,12,0),(6,11,0),(6,10,0),(6,10,-1),(6,9,-1),(6,8,-1),(6,7,-1),(6,6,-1),(6,5,-1),(6,4,-1),(6,3,-1),(6,3,0),(6,3,1),(6,3,2),(6,2,2),
166:(2,14,4),(3,14,4),(4,14,4),(5,14,4),(6,14,4),(7,14,4),(7,13,4),(8,13,4),(9,13,4),(9,13,3),(9,13,2),(9,13,1),(9,13,0),(10,13,0),(10,12,0),(10,11,0),(10,10,0),(10,9,0),(10,8,0),(10,7,0),(11,7,0),
167:(0,5,0),(1,5,0),(2,5,0),(3,5,0),(4,5,0),(5,5,0),(6,5,0),(7,5,0),(7,5,1),(7,6,1),
168:(6,2,3),(6,3,3),(5,3,3),(4,3,3),(4,4,3),(3,4,3),(2,4,3),(1,4,3),(1,4,4),(1,5,4),(1,6,4),(1,7,4),(1,8,4),(1,9,4),
169:(0,7,1),(0,7,2),(0,6,2),(0,5,2),(0,4,2),(0,3,2),
170:(10,6,4),(9,6,4),(8,6,4),(8,6,5),(8,5,5),
171:(10,4,1),(10,3,1),(9,3,1),(8,3,1),(7,3,1),(6,3,1),(6,2,1),(5,2,1),(4,2,1),(3,2,1),(2,2,1),(1,2,1),(0,2,1),(0,1,1),(0,0,1),
172:(8,2,5),(7,2,5),(7,2,4),(7,2,3),(7,2,2),(7,3,2),(7,3,1),(6,3,1),(5,3,1),(4,3,1),(3,3,1),(3,4,1),(3,5,1),(3,6,1),(3,6,0),(3,7,0),(3,8,0),(3,9,0),(2,9,0),(1,9,0),(1,10,0),(1,11,0),
173:(6,13,0),(7,13,0),(7,13,1),(7,12,1),(8,12,1),(9,12,1),(9,12,2),(9,12,3),(9,11,3),(9,10,3),(9,9,3),(9,8,3),
174:(9,11,2),(9,10,2),(9,10,2),(9,9,2),(9,8,2),(9,7,2),
175:(12,14,3),(11,14,3),(10,14,3),(9,14,3),(9,13,3),(9,12,3),(9,11,3),(8,11,3),(8,10,3),(7,10,3),(7,9,3),(6,9,3),(6,9,3),(6,8,3),(5,8,3),(4,8,3),(3,8,3),(2,8,3),(2,7,3),(2,6,3),
176:(10,9,2),(10,9,1),(10,8,1),(10,7,1),(10,6,1),(10,5,1),(10,4,1),(11,4,1),(12,4,1),(12,3,1),(13,3,1),(14,3,1),(14,2,1),
177:(6,1,1),(5,1,1),(4,1,1),(3,1,1),(2,1,1),(1,1,1),(0,1,1),(0,1,2),(0,1,3),(0,2,3),(0,3,3),(0,4,3),(0,5,3),(0,6,3),(0,7,3),
178:(5,3,2),(6,3,2),(6,4,2),
179:(9,7,1),(8,7,1),(7,7,1),(6,7,1),(5,7,1),(4,7,1),(3,7,1),(3,6,1),(3,5,1),(4,5,1),(4,4,1),(4,4,2),(4,3,2),(4,2,2),
180:(8,12,4),(9,12,4),(10,12,4),(11,12,4),(12,12,4),(13,12,4),(13,13,4),(13,14,4),
181:(0,5,3),(1,5,3),(2,5,3),(2,5,2),(3,5,2),(4,5,2),(5,5,2),(6,5,2),(7,5,2),(7,5,1),(7,5,0),(7,6,0),(7,7,0),(7,8,0),(7,9,0),(7,10,0),
182:(5,7,2),(6,7,2),(7,7,2),(8,7,2),(9,7,2),(9,7,1),(10,7,1),(10,8,1),(10,9,1),(11,9,1),(12,9,1),(13,9,1),(13,10,1),(13,10,1),(13,10,1),(14,10,1),
183:(14,9,0),(13,9,0),(12,9,0),(12,9,1),(11,9,1),(10,9,1),(9,9,1),(8,9,1),(7,9,1),(6,9,1),(5,9,1),(5,9,2),(4,9,2),(3,9,2),(3,8,2),(2,8,2),(1,8,2),(1,7,2),(1,6,2),
184:(8,6,3),(7,6,3),(7,6,2),(7,6,1),(7,5,1),(7,4,1),
185:(6,11,1),(7,11,1),(8,11,1),(8,11,2),(8,10,2),(8,10,3),(8,9,3),(8,8,3),(8,7,3),(8,6,3),(8,6,4),(8,5,4),(8,4,4),
186:(3,4,3),(4,4,3),(5,4,3),(5,4,4),(5,5,4),(6,5,4),(7,5,4),(8,5,4),(9,5,4),
187:(2,11,1),(3,11,1),(3,11,0),(4,11,0),(5,11,0),(5,12,0),(5,13,0),
188:(11,11,3),(11,11,2),(10,11,2),(9,11,2),(9,11,1),(9,10,1),(8,10,1),(8,10,1),(8,9,1),(8,8,1),(7,8,1),(7,8,0),(6,8,0),(6,7,0),(5,7,0),(5,7,1),(4,7,1),(3,7,1),(2,7,1),(2,6,1),(1,6,1),(0,6,1),
189:(14,10,5),(13,10,5),(12,10,5),(11,10,5),(11,10,4),(10,10,4),(10,9,4),(9,9,4),(8,9,4),(7,9,4),(7,8,4),(7,7,4),(7,6,4),(7,5,4),(7,4,4),(7,3,4),(7,2,4),(6,2,4),
190:(12,5,4),(11,5,4),(11,4,4),(11,3,4),(11,2,4),(10,2,4),(9,2,4),(8,2,4),(7,2,4),(6,2,4),(6,1,4),(5,1,4),(4,1,4),(3,1,4),(2,1,4),(1,1,4),(0,1,4),(0,1,3),(0,1,2),(0,1,1),
191:(2,8,1),(3,8,1),(4,8,1),(5,8,1),(6,8,1),(7,8,1),(7,8,2),(7,8,3),(7,8,4),(7,8,5),(7,8,5),(8,8,5),
192:(13,5,5),(12,5,5),(11,5,5),(10,5,5),(9,5,5),(9,5,4),(9,6,4),(9,6,3),(8,6,3),(7,6,3),(7,7,3),(7,8,3),(6,8,3),(5,8,3),(4,8,3),(3,8,3),(3,8,2),(2,8,2),(2,8,1),(2,9,1),(2,10,1),(2,11,1),(1,11,1),(0,11,1),(0,11,0),(0,12,0),(0,13,0),
193:(10,3,5),(10,4,5),(10,5,5),(10,6,5),(10,6,5),(9,6,5),(8,6,5),(8,7,5),(7,7,5),(6,7,5),(5,7,5),(5,7,4),(5,8,4),(5,9,4),(5,9,3),(5,9,2),(5,10,2),(5,11,2),(5,12,2),
194:(6,9,4),(6,9,3),(6,8,3),(6,7,3),(6,6,3),(7,6,3),(7,6,3),(7,6,2),
195:(4,8,2),(5,8,2),(6,8,2),(7,8,2),(8,8,2),(9,8,2),(10,8,2),(10,9,2),(11,9,2),(12,9,2),(12,10,2),(12,9,2),(12,8,2),(12,7,2),(12,7,3),(13,7,3),
196:(7,8,5),(6,8,5),(5,8,5),(4,8,5),(3,8,5),(3,8,4),(3,8,3),(3,8,2),(3,7,2),(3,7,1),(3,7,0),(3,6,0),(3,5,0),
197:(7,12,2),(6,12,2),(6,11,2),(6,11,1),(6,10,1),(6,9,1),(6,8,1),(6,7,1),(6,6,1),(6,5,1),(6,4,1),(6,3,1),(6,2,1),(6,1,1),
198:(12,11,4),(13,11,4),(13,11,3),(13,12,3),
199:(11,11,5),(12,11,5),(13,11,5),(14,11,5),(14,11,4),(14,11,3),(14,10,3),(14,9,3),(14,8,3),(14,7,3),(14,6,3),
200:(0,8,4),(0,7,4),(0,6,4),(0,5,4),(0,4,4),(0,3,4),(0,2,4),(0,1,4),(0,0,4),(0,0,3),
201:(2,11,5),(3,11,5),(4,11,5),(5,11,5),(6,11,5),(7,11,5),(8,11,5),(9,11,5),(10,11,5),(11,11,5),(12,11,5),(13,11,5),(14,11,5),(14,11,4),(14,10,4),(14,10,3),
202:(4,6,5),(5,6,5),(6,6,5),(7,6,5),(8,6,5),(8,6,4),(8,6,3),(8,6,2),(8,5,2),(8,5,1),(8,4,1),(8,3,1),(8,2,1),
203:(9,13,3),(10,13,3),(11,13,3),(12,13,3),(12,13,2),(12,12,2),(12,11,2),(12,10,2),(12,9,2),(12,8,2),(12,7,2),(12,6,2),(12,5,2),(12,4,2),(12,4,2),(12,3,2),(12,3,2),(13,3,2),(13,3,1),
204:(7,11,5),(7,10,5),(7,9,5),(6,9,5),(6,8,5),(6,8,5),(6,7,5),(6,6,5),(6,5,5),(5,5,5),(5,4,5),(5,3,5),(5,2,5),
205:(9,10,4),(9,9,4),(9,8,4),(9,7,4),(9,6,4),(9,6,4),(9,6,3),(9,6,2),(9,5,2),(9,4,2),(9,3,2),(9,2,2),(9,1,2),(9,0,2),
206:(0,3,1),(1,3,1),(2,3,1),(2,4,1),(2,5,1),(2,6,1),(2,7,1),(2,7,2),(2,7,3),(3,7,3),(4,7,3),(5,7,3),(5,8,3),(5,9,3),(6,9,3),(6,10,3),(7,10,3),(8,10,3),(8,11,3),
207:(8,11,0),(7,11,0),(7,11,1),(7,11,2),(7,11,3),(6,11,3),(5,11,3),(4,11,3),(3,11,3),(2,11,3),(1,11,3),(1,11,4),(1,12,4),
208:(6,8,3),(6,8,2),(6,8,1),(6,8,0),(6,9,0),(6,10,0),(6,11,0),
209:(9,6,0),(9,6,1),(9,6,2),(9,6,3),(10,6,3),(10,7,3),(10,8,3),
210:(4,4,1),(4,4,2),(4,4,3),(4,5,3),(3,5,3),(3,6,3),(3,7,3),(3,7,4),
211:(4,0,0),(5,0,0),(5,1,0),(5,2,0),(5,3,0),(5,3,-1),(6,3,-1),(7,3,-1),(7,4,-1),(7,5,-1),(7,6,-1),(7,7,-1),(7,8,-1),(7,9,-1),(7,10,-1),(7,11,-1),(7,11,0),(7,12,0),(7,13,0),(7,13,1),(7,13,2),(7,13,3),(7,13,4),
212:(7,0,5),(7,0,4),(6,0,4),(6,0,3),(5,0,3),(4,0,3),(3,0,3),(3,1,3),(3,1,2),(3,1,1),(3,2,1),(3,3,1),(3,4,1),(3,5,1),(3,6,1),(3,6,0),(3,7,0),
213:(3,11,4),(2,11,4),(2,10,4),(2,9,4),(2,8,4),(2,7,4),(2,6,4),(2,5,4),(2,4,4),(2,3,4),
214:(1,2,1),(1,2,2),(1,2,3),(1,2,4),(1,3,4),(1,4,4),(1,5,4),(1,6,4),(2,6,4),(2,7,4),(2,8,4),(3,8,4),(4,8,4),(5,8,4),(5,9,4),(5,10,4),
215:(6,13,2),(5,13,2),(5,12,2),(4,12,2),(4,11,2),(4,10,2),(4,10,3),(4,9,3),
216:(11,2,2),(10,2,2),(10,2,1),(9,2,1),(8,2,1),(7,2,1),(7,2,0),(6,2,0),(6,3,0),(6,4,0),(5,4,0),(5,5,0),(5,6,0),
217:(12,10,2),(11,10,2),(10,10,2),(9,10,2),(9,10,1),(8,10,1),(7,10,1),(6,10,1),(5,10,1),(4,10,1),(4,10,0),(4,11,0),
218:(5,3,4),(4,3,4),(3,3,4),(2,3,4),(2,3,3),(2,3,2),(2,2,2),
219:(3,5,1),(4,5,1),(5,5,1),(6,5,1),(6,5,0),(7,5,0),(8,5,0),(8,6,0),(9,6,0),(10,6,0),(11,6,0),(11,7,0),(12,7,0),(13,7,0),(13,7,1),(13,8,1),
220:(5,14,4),(4,14,4),(4,14,3),(3,14,3),(2,14,3),(1,14,3),(0,14,3),(0,13,3),(0,12,3),(0,11,3),(0,11,2),(0,10,2),(0,9,2),(0,9,1),(0,8,1),
221:(2,12,1),(3,12,1),(4,12,1),(4,13,1),(4,13,2),(4,13,3),(5,13,3),(5,13,4),(5,14,4),
222:(14,0,5),(13,0,5),(12,0,5),(11,0,5),(10,0,5),(10,0,4),(9,0,4),(8,0,4),(8,0,3),(8,1,3),
223:(10,1,1),(9,1,1),(8,1,1),(8,1,2),(8,2,2),(8,3,2),(8,3,2),(9,3,2),(8,3,2),(8,4,2),(7,4,2),(7,5,2),(7,5,3),(7,6,3),(7,7,3),
224:(4,14,2),(5,14,2),(6,14,2),(7,14,2),(8,14,2),(8,13,2),(8,12,2),(8,11,2),(8,10,2),(8,9,2),(8,8,2),(8,7,2),(8,6,2),(9,6,2),
225:(13,3,3),(12,3,3),(12,3,3),(11,3,3),(10,3,3),(9,3,3),(8,3,3),(8,3,2),(8,2,2),(7,2,2),(6,2,2),(5,2,2),(5,1,2),(4,1,2),(3,1,2),(2,1,2),(1,1,2),
226:(6,1,4),(7,1,4),(8,1,4),(9,1,4),(9,1,3),(9,2,3),(9,3,3),(9,4,3),(9,5,3),(10,5,3),(10,6,3),(11,6,3),(12,6,3),(12,6,2),(12,7,2),(12,8,2),(12,9,2),(12,10,2),(12,11,2),(12,12,2),
227:(7,7,1),(7,6,1),(7,5,1),(7,5,0),(7,5,0),(7,4,0),(7,3,0),(7,2,0),
228:(2,7,4),(3,7,4),(4,7,4),(4,7,3),(4,6,3),(4,6,2),(4,5,2),
229:(5,2,2),(6,2,2),(7,2,2),(8,2,2),(9,2,2),(10,2,2),(10,2,3),(10,2,4),(10,2,5),(10,3,5),(10,4,5),(10,5,5),
230:(0,8,3),(0,7,3),(0,6,3),(0,5,3),(0,4,3),(0,3,3),(0,2,3),(0,2,2),(0,1,2),(0,0,2),
231:(11,11,4),(10,11,4),(9,11,4),(8,11,4),(7,11,4),(6,11,4),(5,11,4),(4,11,4),(3,11,4),(2,11,4),(2,11,3),(2,11,3),(1,11,3),(1,10,3),(1,9,3),(1,8,3),(1,7,3),(1,6,3),(0,6,3),(0,5,3),
232:(0,2,4),(1,2,4),(2,2,4),(2,2,5),(2,1,5),
233:(13,4,2),(12,4,2),(11,4,2),(10,4,2),(9,4,2),(9,4,3),(9,4,3),(8,4,3),(8,4,4),(7,4,4),(6,4,4),(6,4,4),(5,4,4),
234:(0,9,3),(1,9,3),(2,9,3),(3,9,3),(4,9,3),(5,9,3),(5,8,3),(5,7,3),(5,6,3),(5,6,2),(5,6,1),(5,5,1),(5,4,1),(5,3,1),(5,2,1),(5,1,1),(5,0,1),(6,0,1),(7,0,1),(8,0,1),(9,0,1),
235:(0,10,4),(0,10,3),(0,10,2),(0,10,1),(0,9,1),(0,8,1),(0,7,1),(0,6,1),(0,6,1),(1,6,1),(2,6,1),(3,6,1),(4,6,1),(4,5,1),(4,4,1),(4,3,1),(4,2,1),(5,2,1),(5,1,1),(5,0,1),(6,0,1),(7,0,1),
236:(4,14,0),(4,13,0),(3,13,0),(3,13,1),(2,13,1),(2,13,2),(2,13,3),(2,12,3),(2,11,3),(2,10,3),(2,9,3),(2,8,3),(2,7,3),(2,6,3),(2,5,3),
237:(5,14,1),(5,13,1),(5,12,1),(6,12,1),(6,11,1),(6,10,1),(6,9,1),(6,9,0),(6,8,0),(6,7,0),(6,6,0),(6,5,0),(7,5,0),(7,4,0),(8,4,0),(8,3,0),(8,2,0),(9,2,0),
238:(9,3,5),(9,3,4),(9,3,3),(9,3,2),(9,3,1),(9,4,1),(9,5,1),(9,5,1),(9,6,1),(9,7,1),(9,8,1),(9,9,1),(9,10,1),(9,11,1),(9,12,1),(9,12,0),(9,13,0),
239:(8,1,1),(8,1,0),(9,1,0),(9,2,0),(9,3,0),(9,4,0),(9,5,0),(10,5,0),(10,6,0),(10,7,0),(10,8,0),(10,9,0),(11,9,0),(11,10,0),
240:(6,0,1),(5,0,1),(5,0,0),(5,1,0),(5,2,0),(5,3,0),
241:(9,0,4),(8,0,4),(8,0,3),(8,1,3),(8,2,3),(8,3,3),(8,4,3),(8,5,3),(8,5,3),(8,5,3),(8,6,3),
242:(14,5,4),(13,5,4),(12,5,4),(11,5,4),(10,5,4),(10,6,4),(10,6,4),(9,6,4),(8,6,4),(7,6,4),(6,6,4),(6,6,3),(5,6,3),(5,6,2),(5,6,1),
243:(13,9,1),(12,9,1),(11,9,1),(10,9,1),(9,9,1),(9,9,2),(9,10,2),(8,10,2),(7,10,2),(6,10,2),(5,10,2),(4,10,2),(3,10,2),(3,10,2),(3,9,2),
244:(6,1,2),(6,1,3),(6,2,3),(6,3,3),(6,4,3),(6,5,3),(6,5,4),(7,5,4),(8,5,4),(8,6,4),(8,7,4),(8,8,4),(9,8,4),(9,8,5),(10,8,5),(10,9,5),
245:(13,12,0),(13,12,1),(12,12,1),(11,12,1),(10,12,1),(10,12,2),(10,12,3),(10,12,4),(9,12,4),(8,12,4),(8,13,4),(7,13,4),(7,14,4),
246:(5,13,4),(6,13,4),(7,13,4),(8,13,4),(9,13,4),(10,13,4),(11,13,4),(11,12,4),(11,11,4),(11,10,4),(11,10,5),(11,9,5),(11,8,5),(11,7,5),(11,6,5),(11,5,5),(11,5,6),(12,5,6),(12,4,6),(12,4,5),(12,3,5),
247:(2,0,2),(3,0,2),(3,0,3),(3,1,3),(3,1,4),(3,1,4),(3,2,4),(3,2,4),(3,2,4),(3,2,4),(2,2,4),(2,2,4),(3,2,4),
248:(1,5,2),(2,5,2),(3,5,2),(4,5,2),(5,5,2),(6,5,2),(7,5,2),(8,5,2),(8,4,2),(8,4,3),(9,4,3),(10,4,3),(10,4,4),(10,3,4),(10,2,4),(10,1,4),
249:(6,5,2),(7,5,2),(7,4,2),(7,4,2),(7,4,3),
250:(2,10,1),(3,10,1),(4,10,1),(4,9,1),
251:(2,4,3),(3,4,3),(3,5,3),(3,6,3),(3,7,3),(3,8,3),(3,9,3),(3,9,4),(3,10,4),(3,11,4),(3,11,3),
252:(0,13,3),(1,13,3),(1,13,4),(1,13,5),
253:(6,3,1),(7,3,1),(8,3,1),(8,3,2),(8,3,3),(8,3,4),(8,3,5),
254:(7,4,4),(6,4,4),(5,4,4),(5,5,4),(4,5,4),(3,5,4),(2,5,4),(1,5,4),(0,5,4),(0,5,3),(0,5,2),(0,6,2),(0,7,2),(0,7,1),(0,7,0),(0,8,0),
255:(12,14,2),(12,14,2),(12,13,2),(12,12,2),(12,12,3),(12,12,4),(12,11,4),(12,10,4),(12,9,4),(12,8,4),(12,7,4),(12,6,4),(12,5,4),(12,4,4),(12,3,4),(11,3,4),(11,3,4),(10,3,4),(9,3,4),(8,3,4),(7,3,4),
256:(14,5,2),(13,5,2),(12,5,2),(11,5,2),(11,5,1),(11,5,0),(10,5,0),(10,6,0),(10,7,0),(9,7,0),(9,8,0),(8,8,0),(7,8,0),(7,9,0),(7,10,0),(7,11,0),(7,12,0),(6,12,0),(5,12,0),(4,12,0),(3,12,0),(3,13,0),(3,14,0),
257:(10,14,3),(10,14,3),(10,13,3),(11,13,3),(11,12,3),
258:(2,3,1),(2,3,2),(3,3,2),(4,3,2),(5,3,2),(6,3,2),(6,2,2),(6,2,3),(6,2,4),(6,2,5),(6,1,5),(6,0,5),
259:(6,4,3),(7,4,3),(8,4,3),(9,4,3),(10,4,3),(10,4,4),(10,5,4),(10,5,5),(11,5,5),(12,5,5),
260:(8,1,4),(9,1,4),(10,1,4),(10,1,3),(11,1,3),(12,1,3),(13,1,3),(13,1,2),(13,1,1),(13,1,0),(13,2,0),(13,3,0),(13,4,0),(13,5,0),
261:(11,10,0),(10,10,0),(9,10,0),(9,9,0),(9,8,0),(9,8,1),(9,8,2),(9,8,3),(8,8,3),
262:(11,4,1),(10,4,1),(9,4,1),(8,4,1),(8,3,1),(8,2,1),(8,1,1),(8,0,1),(7,0,1),(6,0,1),(5,0,1),(4,0,1),
263:(6,5,1),(5,5,1),(5,5,2),(5,5,3),(5,5,3),(5,5,3),(5,5,3),(5,5,3),(5,5,3),(5,5,3),(4,5,3),(4,5,3),(4,5,3),(5,5,3),
264:(1,2,3),(2,2,3),(3,2,3),(4,2,3),(5,2,3),(5,2,3),(6,2,3),(6,3,3),
265:(9,8,2),(8,8,2),(8,7,2),(8,6,2),(7,6,2),(6,6,2),(6,5,2),(6,5,1),(6,4,1),(6,3,1),(5,3,1),(5,3,2),
266:(3,9,5),(4,9,5),(5,9,5),(5,8,5),(5,7,5),(5,6,5),(6,6,5),(7,6,5),(7,5,5),(7,4,5),(8,4,5),(9,4,5),(10,4,5),(10,3,5),(10,2,5),(10,1,5),(10,0,5),
267:(13,13,5),(12,13,5),(11,13,5),(10,13,5),(10,12,5),(10,11,5),(9,11,5),(9,10,5),(9,9,5),(9,9,5),(8,9,5),(7,9,5),(6,9,5),
268:(11,1,4),(10,1,4),(10,1,3),(9,1,3),(9,1,2),(8,1,2),(8,2,2),(8,2,1),(8,2,0),(8,3,0),(7,3,0),(6,3,0),(6,4,0),
269:(13,10,0),(13,10,1),(13,10,2),(13,11,2),(13,11,3),(13,11,3),(14,11,3),
270:(14,2,0),(13,2,0),(12,2,0),(12,3,0),(12,3,1),(12,3,2),(12,4,2),(12,5,2),(12,5,2),(11,5,2),
271:(6,10,5),(6,9,5),(6,8,5),(6,8,4),
272:(2,2,1),(2,3,1),(2,4,1),(2,5,1),(2,6,1),(2,7,1),(2,8,1),(2,9,1),(2,10,1),(3,10,1),(4,10,1),(5,10,1),(6,10,1),(6,10,2),(6,11,2),(6,12,2),
273:(10,3,1),(9,3,1),(9,3,2),(9,4,2),(8,4,2),(8,5,2),(8,5,1),(7,5,1),(6,5,1),(6,5,2),(6,5,3),(6,5,3),(6,6,3),
274:(12,0,3),(12,1,3),(12,1,3),(12,2,3),(12,3,3),(12,4,3),(12,5,3),(12,6,3),(12,7,3),(12,8,3),(12,9,3),(11,9,3),(10,9,3),(10,9,3),(9,9,3),(8,9,3),(8,10,3),(8,11,3),(8,12,3),(8,13,3),
275:(7,11,4),(7,11,3),(6,11,3),(5,11,3),(5,10,3),(4,10,3),(3,10,3),
276:(14,7,0),(13,7,0),(12,7,0),(11,7,0),(10,7,0),(10,7,1),(10,8,1),(10,9,1),(10,10,1),(10,10,2),(10,10,3),(10,11,3),
277:(13,3,1),(14,3,1),(14,3,2),(14,3,3),(13,3,3),(13,3,4),(12,3,4),(11,3,4),(10,3,4),(9,3,4),(8,3,4),(7,3,4),(7,4,4),(6,4,4),(6,5,4),(6,6,4),(6,7,4),(5,7,4),(5,8,4),(4,8,4),(3,8,4),(2,8,4),
278:(8,14,4),(7,14,4),(6,14,4),(6,14,5),(6,13,5),(6,12,5),(6,11,5),(6,10,5),(6,9,5),(6,8,5),(6,7,5),(6,7,6),(6,6,6),(6,6,5),(6,5,5),(6,4,5),
279:(7,3,0),(7,4,0),(7,4,1),(7,5,1),(7,5,2),(7,6,2),(7,7,2),(7,7,3),(7,7,4),(7,7,4),(7,6,4),(7,6,4),(8,6,4),
280:(12,0,4),(11,0,4),(10,0,4),(10,1,4),(10,2,4),(10,3,4),(10,3,3),(10,4,3),(10,5,3),(10,6,3),(10,6,2),(10,7,2),(10,8,2),
281:(12,12,5),(11,12,5),(10,12,5),(9,12,5),(9,12,4),(8,12,4),(8,12,3),(8,12,2),(7,12,2),(7,12,1),
282:(3,2,5),(3,3,5),(3,4,5),(3,4,4),(3,5,4),(3,6,4),(3,7,4),(3,8,4),(3,9,4),(3,10,4),
283:(4,1,2),(4,2,2),(4,3,2),(4,4,2),(4,5,2),(5,5,2),(5,6,2),(5,7,2),(5,8,2),(5,9,2),(4,9,2),(4,9,2),(4,10,2),(4,10,2),(3,10,2),
284:(0,3,0),(1,3,0),(2,3,0),(3,3,0),(3,3,1),(3,3,2),(4,3,2),(5,3,2),(6,3,2),(7,3,2),(8,3,2),(9,3,2),(9,3,3),(9,3,4),(9,3,5),(9,4,5),
285:(9,7,2),(9,8,2),(9,8,1),(9,9,1),(9,9,2),(9,10,2),(9,11,2),(9,11,2),(8,11,2),(7,11,2),
286:(13,5,3),(12,5,3),(11,5,3),(10,5,3),(9,5,3),(9,6,3),(9,6,2),(9,6,1),(9,7,1),(8,7,1),(7,7,1),(7,8,1),(7,9,1),(6,9,1),(6,10,1),(6,11,1),(5,11,1),(5,12,1),(4,12,1),(4,13,1),(3,13,1),(2,13,1),(2,14,1),
287:(8,7,0),(7,7,0),(6,7,0),(5,7,0),(5,8,0),(5,8,1),(5,9,1),(5,10,1),(5,11,1),(5,12,1),(4,12,1),(4,13,1),(4,13,2),(4,13,3),
288:(10,4,5),(9,4,5),(8,4,5),(8,3,5),(7,3,5),(6,3,5),(5,3,5),(4,3,5),(4,2,5),(4,2,5),(4,2,4),
289:(9,11,3),(9,10,3),(10,10,3),(11,10,3),(12,10,3),(12,10,2),(12,9,2),(12,8,2),(12,7,2),(12,6,2),(12,5,2),(12,4,2),(12,4,1),(12,3,1),(12,2,1),(12,1,1),(12,0,1),
290:(11,1,2),(12,1,2),(12,2,2),
291:(7,5,4),(7,5,3),(7,6,3),(7,7,3),(7,8,3),(7,9,3),(7,10,3),(6,10,3),(6,11,3),(5,11,3),(4,11,3),(4,12,3),(3,12,3),(2,12,3),(1,12,3),(1,13,3),(1,14,3),
292:(1,13,0),(2,13,0),(2,13,1),(2,12,1),(3,12,1),(3,12,1),(4,12,1),(5,12,1),(6,12,1),(6,11,1),(7,11,1),(7,10,1),(8,10,1),(8,9,1),
293:(14,14,0),(13,14,0),(13,13,0),(13,12,0),(13,11,0),(13,10,0),(13,9,0),(13,8,0),(13,7,0),(13,6,0),(13,5,0),(12,5,0),
294:(0,2,1),(1,2,1),(1,3,1),(1,3,2),(1,3,3),(1,4,3),(1,5,3),(2,5,3),(2,6,3),(2,7,3),(3,7,3),(4,7,3),(5,7,3),(5,7,4),(6,7,4),(7,7,4),(8,7,4),(9,7,4),(10,7,4),(10,8,4),(11,8,4),(11,9,4),(11,10,4),(12,10,4),(12,11,4),(13,11,4),(14,11,4),(14,12,4),
295:(1,5,5),(2,5,5),(2,5,4),(2,5,3),(2,4,3),(2,5,3),(3,5,3),
296:(10,3,2),(9,3,2),(8,3,2),(7,3,2),(6,3,2),(6,3,3),(6,4,3),(5,4,3),(4,4,3),(3,4,3),(3,3,3),(3,2,3),
297:(9,10,0),(8,10,0),(7,10,0),(7,9,0),(7,8,0),(6,8,0),(6,7,0),(6,7,0),(6,7,1),
298:(9,13,1),(10,13,1),(11,13,1),(12,13,1),(12,12,1),(12,11,1),(12,10,1),(13,10,1),(13,9,1),(13,9,1),(13,9,2),
299:(14,1,5),(13,1,5),(12,1,5),(11,1,5),(10,1,5),(9,1,5),(8,1,5),(7,1,5),(6,1,5),(5,1,5),(4,1,5),(3,1,5),(3,1,4),(2,1,4),(1,1,4),(1,2,4),(1,2,3),(1,2,2),(1,3,2),(1,4,2),(0,4,2),(0,5,2),(0,6,2),(0,7,2),(0,8,2),
300:(3,11,2),(4,11,2),(5,11,2),(5,12,2),(5,13,2),
301:(4,11,1),(5,11,1),(5,11,1),(5,11,2),(5,11,2),(6,11,2),(6,11,3),(6,11,4),(6,11,5),
302:(2,5,0),(3,5,0),(4,5,0),(5,5,0),(5,5,0),(6,5,0),(7,5,0),(8,5,0),(9,5,0),(9,5,1),(9,5,2),(9,5,3),(9,5,3),(10,5,3),(10,5,3),(10,5,4),(11,5,4),(12,5,4),
303:(8,2,0),(9,2,0),(10,2,0),(10,3,0),(10,3,1),(10,4,1),(10,4,2),(10,4,2),(11,4,2),(11,4,2),(11,4,1),
304:(11,6,3),(12,6,3),(13,6,3),(13,5,3),(13,4,3),(13,3,3),(13,3,2),(13,3,1),(13,2,1),(13,2,2),(13,1,2),
305:(4,8,1),(4,9,1),(4,9,0),(4,10,0),(5,10,0),(5,10,0),(6,10,0),(7,10,0),(8,10,0),(9,10,0),(10,10,0),(11,10,0),(12,10,0),(13,10,0),(14,10,0),
306:(6,3,4),(7,3,4),(8,3,4),(9,3,4),(10,3,4),(10,3,3),(11,3,3),(12,3,3),
307:(4,12,3),(4,11,3),(4,10,3),(4,9,3),(4,8,3),(4,7,3),(4,6,3),(4,5,3),(4,5,4),(3,5,4),(3,4,4),
308:(9,14,2),(8,14,2),(7,14,2),(7,14,1),(7,13,1),(6,13,1),(5,13,1),(4,13,1),(3,13,1),(2,13,1),(1,13,1),(1,13,1),(0,13,1),
309:(12,7,3),(11,7,3),(10,7,3),(9,7,3),(8,7,3),(7,7,3),(7,8,3),(7,9,3),(7,9,2),(7,9,1),(6,9,1),(6,10,1),(6,11,1),(6,12,1),(6,13,1),(6,14,1),
310:(6,7,5),(5,7,5),(5,7,4),(5,7,4),(5,8,4),(5,9,4),(5,10,4),(5,10,3),
311:(0,0,1),(1,0,1),(2,0,1),(3,0,1),(4,0,1),(5,0,1),(6,0,1),(6,-1,1),(7,-1,1),(7,-1,2),(7,0,2),
312:(11,13,4),(11,12,4),(11,11,4),(11,10,4),(11,9,4),(11,8,4),(11,7,4),(11,6,4),(10,6,4),(11,6,4),(11,5,4),(11,4,4),(11,3,4),(11,2,4),(11,2,5),
313:(2,3,5),(2,3,5),(3,3,5),(4,3,5),(5,3,5),(5,2,5),(6,2,5),(7,2,5),(8,2,5),(8,2,4),
314:(9,9,1),(8,9,1),(7,9,1),(7,9,2),(7,9,3),(6,9,3),(6,9,4),(5,9,4),(4,9,4),(3,9,4),(2,9,4),(2,8,4),(2,7,4),
315:(8,6,4),(8,6,3),(8,6,2),(8,6,1),(8,7,1),(8,8,1),(9,8,1),(9,9,1),(9,10,1),(10,10,1),(11,10,1),(11,11,1),(11,11,0),
316:(4,5,3),(4,6,3),(4,6,4),(4,7,4),
317:(12,13,1),(11,13,1),(11,13,0),(10,13,0),(9,13,0),(8,13,0),(8,12,0),(7,12,0),(6,12,0),(5,12,0),(5,11,0),(5,10,0),(4,10,0),(4,9,0),(4,8,0),(4,7,0),(4,6,0),(4,5,0),(4,4,0),(3,4,0),(3,3,0),
318:(13,4,3),(12,4,3),(11,4,3),(10,4,3),(10,4,2),(9,4,2),(9,4,2),(8,4,2),(7,4,2),(7,5,2),(7,5,2),(6,5,2),
319:(10,8,1),(11,8,1),(12,8,1),(12,8,0),(12,7,0),(12,6,0),(12,5,0),(12,4,0),(12,3,0),(12,2,0),
320:(11,13,0),(10,13,0),(9,13,0),(9,12,0),(9,11,0),(9,10,0),(8,10,0),(8,9,0),(8,8,0),(8,7,0),(8,6,0),(8,5,0),(8,5,0),(7,5,0),(7,5,1),(7,5,2),(7,4,2),(7,3,2),(7,2,2),(7,1,2),(7,1,3),
321:(13,7,5),(12,7,5),(11,7,5),(11,7,4),(11,7,3),(11,7,2),(11,7,1),(11,7,0),(11,6,0),(11,5,0),(11,4,0),(11,3,0),(10,3,0),(10,2,0),(10,1,0),
322:(7,13,4),(7,13,3),(6,13,3),(5,13,3),(4,13,3),(3,13,3),(3,13,2),(2,13,2),(2,12,2),(2,12,1),(2,11,1),(2,10,1),(2,9,1),(2,8,1),(2,7,1),(2,6,1),(2,5,1),
323:(4,12,2),(3,12,2),(3,11,2),(3,11,1),(3,10,1),(3,9,1),(3,9,0),(3,8,0),(3,7,0),(3,6,0),(3,5,0),(3,4,0),(3,3,0),(3,3,1),(3,2,1),
324:(4,9,0),(4,8,0),(4,7,0),(4,7,1),(4,7,2),(5,7,2),(6,7,2),(7,7,2),(7,7,3),(8,7,3),(9,7,3),(10,7,3),(10,7,4),(10,6,4),(10,5,4),(11,5,4),(12,5,4),(12,4,4),(12,4,5),(12,3,5),(12,2,5),(12,1,5),
325:(4,8,0),(5,8,0),(6,8,0),(6,9,0),(6,10,0),(6,11,0),(6,11,1),(6,11,2),(6,12,2),(6,13,2),(6,14,2),
326:(12,2,5),(13,2,5),(14,2,5),(14,2,4),(14,2,4),(14,2,3),
327:(3,3,3),(3,3,4),(2,3,4),(1,3,4),(1,4,4),(1,5,4),(1,6,4),(1,6,5),(1,7,5),(1,8,5),(1,9,5),(1,10,5),(1,11,5),(1,12,5),
328:(6,12,3),(6,12,3),(6,12,4),(6,11,4),(6,10,4),(6,9,4),(6,9,5),(6,9,5),(6,9,4),
329:(4,10,4),(4,11,4),(5,11,4),(5,12,4),(6,12,4),(7,12,4),
330:(5,12,2),(5,12,2),(6,12,2),(7,12,2),(7,11,2),(8,11,2),(8,10,2),(8,9,2),(9,9,2),(9,9,1),(10,9,1),(11,9,1),(12,9,1),(12,9,0),
331:(0,8,0),(1,8,0),(2,8,0),(2,8,1),(2,8,2),(2,8,3),(2,8,4),(2,8,5),(2,7,5),(2,6,5),(2,5,5),(2,4,5),
332:(8,6,1),(8,6,1),(9,6,1),(9,7,1),(9,8,1),(10,8,1),(10,9,1),(11,9,1),(12,9,1),(12,9,1),(13,9,1),(14,9,1),(14,9,2),(14,9,3),
333:(0,11,5),(1,11,5),(2,11,5),(3,11,5),(4,11,5),(5,11,5),(5,12,5),(5,12,4),(5,12,3),
334:(13,0,0),(12,0,0),(11,0,0),(10,0,0),(9,0,0),(8,0,0),(7,0,0),(6,0,0),(6,1,0),(6,2,0),(6,3,0),(6,4,0),(6,5,0),(6,5,1),(6,6,1),(6,6,2),(5,6,2),(5,6,3),(5,7,3),(5,7,4),(5,8,4),
335:(5,12,3),(5,13,3),(5,13,2),(6,13,2),(6,13,1),(6,13,0),(7,13,0),(8,13,0),(9,13,0),(10,13,0),(10,12,0),(10,11,0),(10,10,0),(10,9,0),(10,8,0),(10,7,0),(11,7,0),(12,7,0),(13,7,0),
336:(4,3,4),(4,4,4),(4,5,4),(3,5,4),(2,5,4),(2,6,4),(2,6,3),(1,6,3),(0,6,3),(0,6,2),(0,7,2),(0,8,2),(0,8,1),(0,8,0),(0,9,0),(0,10,0),
337:(0,14,3),(0,14,4),(1,14,4),(2,14,4),(3,14,4),(4,14,4),(5,14,4),(6,14,4),(6,14,5),(7,14,5),(8,14,5),(9,14,5),(10,14,5),(11,14,5),(11,13,5),
338:(2,2,4),(3,2,4),(4,2,4),(4,1,4),(5,1,4),(6,1,4),(7,1,4),(8,1,4),(9,1,4),(10,1,4),(10,1,3),(10,1,2),(10,0,2),
339:(1,5,0),(2,5,0),(3,5,0),(4,5,0),(4,5,1),(5,5,1),(6,5,1),(6,5,0),(7,5,0),(8,5,0),(8,5,0),(8,5,1),
340:(1,10,3),(2,10,3),(3,10,3),(4,10,3),(4,10,3),(4,11,3),(4,12,3),(5,12,3),(6,12,3),(6,12,2),(7,12,2),(8,12,2),(9,12,2),(10,12,2),(11,12,2),(12,12,2),(13,12,2),(13,12,1),
341:(7,10,4),(8,10,4),(8,10,3),(9,10,3),(10,10,3),(11,10,3),(11,10,2),(11,10,1),(12,10,1),
342:(2,5,3),(3,5,3),(3,6,3),(4,6,3),(4,5,3),(4,5,4),(4,6,4),
343:(7,5,0),(8,5,0),(9,5,0),(10,5,0),(11,5,0),(12,5,0),(12,4,0),(12,4,1),(12,4,2),(12,3,2),(12,3,2),(13,3,2),(13,3,2),(13,3,3),(13,3,4),
344:(3,9,3),(4,9,3),(5,9,3),(6,9,3),(6,10,3),(7,10,3),(8,10,3),(9,10,3),(10,10,3),(11,10,3),(12,10,3),(13,10,3),(13,10,2),(13,11,2),(13,12,2),(13,12,1),(13,13,1),(13,14,1),
345:(11,5,4),(10,5,4),(9,5,4),(8,5,4),(8,5,3),(8,4,3),(8,4,2),(8,4,1),(8,4,0),(7,4,0),(6,4,0),(6,4,1),
346:(1,11,2),(2,11,2),(2,11,2),(2,10,2),(2,9,2),(3,9,2),(4,9,2),(4,8,2),(4,8,1),(5,8,1),(6,8,1),(6,8,0),(6,8,1),(7,8,1),
347:(11,2,5),(10,2,5),(9,2,5),(8,2,5),(7,2,5),(7,2,4),(7,2,3),(7,2,3),(6,2,3),(6,2,2),(5,2,2),(5,2,1),(4,2,1),(3,2,1),(2,2,1),(1,2,1),(0,2,1),
348:(10,8,4),(11,8,4),(11,7,4),(11,6,4),(11,5,4),(11,4,4),(12,4,4),(11,4,4),(11,3,4),(11,2,4),(11,1,4),(11,0,4),
349:(13,10,3),(12,10,3),(12,10,4),(12,10,5),(12,9,5),(12,8,5),(12,7,5),(12,6,5),
350:(2,11,2),(2,12,2),(2,13,2),(3,13,2),(3,13,3),(3,13,4),(3,13,5),(3,13,6),(4,13,6),(5,13,6),(6,13,6),(7,13,6),(8,13,6),(8,13,5),
351:(4,0,1),(4,1,1),(4,2,1),(4,3,1),(4,4,1),(4,5,1),(4,6,1),(5,6,1),(5,7,1),(5,7,2),(5,7,2),(5,8,2),
352:(1,8,2),(2,8,2),(3,8,2),(4,8,2),(4,9,2),(4,9,2),(5,9,2),(5,10,2),(6,10,2),(6,11,2),(6,12,2),(7,12,2),(8,12,2),(9,12,2),(10,12,2),(11,12,2),(12,12,2),(13,12,2),
353:(11,3,5),(10,3,5),(9,3,5),(9,3,5),(8,3,5),(7,3,5),(6,3,5),(5,3,5),(5,2,5),(5,2,5),(5,2,4),(5,2,3),
354:(9,3,4),(8,3,4),(8,3,3),(7,3,3),(6,3,3),(6,4,3),(5,4,3),(5,4,2),(4,4,2),(3,4,2),(3,5,2),(2,5,2),(1,5,2),(0,5,2),(0,6,2),(0,7,2),(0,8,2),(0,9,2),(0,9,1),(-1,9,1),(-1,10,1),(-1,11,1),(0,11,1),(0,12,1),
355:(6,5,5),(7,5,5),(8,5,5),(9,5,5),(9,5,4),(10,5,4),(11,5,4),(12,5,4),(13,5,4),(14,5,4),(14,5,3),(14,5,2),(14,5,1),(14,4,1),(14,3,1),
356:(3,6,5),(4,6,5),(5,6,5),(6,6,5),(6,6,4),(6,7,4),(7,7,4),(8,7,4),(9,7,4),(10,7,4),(10,8,4),(10,9,4),(10,10,4),(10,11,4),(10,12,4),(10,12,3),(10,13,3),
357:(0,7,4),(1,7,4),(2,7,4),(3,7,4),(3,8,4),(4,8,4),(4,9,4),(4,9,5),(5,9,5),(6,9,5),(7,9,5),(7,9,4),(8,9,4),(9,9,4),(9,9,4),(10,9,4),(11,9,4),(12,9,4),
358:(0,0,4),(1,0,4),(2,0,4),(3,0,4),(4,0,4),(5,0,4),(5,0,5),(6,0,5),(6,-1,5),(7,-1,5),(8,-1,5),(9,-1,5),(10,-1,5),(11,-1,5),(11,0,5),(11,1,5),
359:(1,13,1),(1,12,1),(1,11,1),(1,10,1),(1,9,1),(1,8,1),(1,7,1),(2,7,1),(2,6,1),(2,5,1),(2,4,1),(2,3,1),(2,3,2),
360:(11,0,5),(10,0,5),(9,0,5),(9,0,4),(8,0,4),(7,0,4),(6,0,4),(5,0,4),(5,1,4),(5,1,3),(5,2,3),(5,3,3),(4,3,3),(4,4,3),(4,4,3),(4,4,3),(4,4,2),
361:(10,3,3),(10,3,2),(10,3,1),(9,3,1),(9,2,1),(9,2,0),(8,2,0),(8,1,0),(7,1,0),(6,1,0),(5,1,0),(4,1,0),(3,1,0),(2,1,0),(2,0,0),
362:(4,12,5),(3,12,5),(2,12,5),(1,12,5),(0,12,5),(0,11,5),(0,10,5),(0,9,5),(0,8,5),(0,7,5),(0,6,5),
363:(8,4,1),(8,5,1),(8,6,1),(8,7,1),(7,7,1),(6,7,1),(5,7,1),(4,7,1),(3,7,1),(2,7,1),(2,8,1),(2,9,1),(2,9,0),(2,10,0),(2,11,0),(2,11,1),(2,11,2),(2,11,3),
364:(13,5,2),(13,6,2),(13,7,2),(13,8,2),(13,9,2),(13,10,2),(13,10,3),(12,10,3),(12,11,3),(11,11,3),(10,11,3),(9,11,3),
365:(14,11,0),(13,11,0),(12,11,0),(12,10,0),(11,10,0),(10,10,0),(10,9,0),(10,8,0),(10,8,1),(10,7,1),(10,6,1),(10,6,2),(9,6,2),(9,5,2),(9,5,3),(9,4,3),(9,4,4),
366:(9,4,2),(9,4,3),(9,4,4),(8,4,4),(7,4,4),(7,3,4),(7,3,5),(6,3,5),(5,3,5),(4,3,5),(3,3,5),(3,3,4),(3,3,3),(2,3,3),
367:(12,6,0),(12,6,1),(12,6,2),(12,6,3),(12,5,3),(12,5,4),(12,5,5),(11,5,5),(11,4,5),
368:(12,0,1),(11,0,1),(11,1,1),(11,2,1),(10,2,1),(9,2,1),(9,3,1),(9,4,1),(9,5,1),(9,6,1),(9,6,0),(9,7,0),(8,7,0),(8,8,0),(8,9,0),(8,10,0),(8,11,0),(8,12,0),(8,12,0),(7,12,0),
369:(7,2,4),(7,2,3),(8,2,3),(9,2,3),(9,3,3),(9,3,4),(9,4,4),(9,5,4),(9,6,4),(9,7,4),(9,7,4),(10,7,4),(11,7,4),
370:(5,0,2),(5,1,2),(6,1,2),(6,1,1),(6,2,1),(6,2,0),(6,3,0),(7,3,0),(8,3,0),(8,4,0),(9,4,0),(9,5,0),(9,6,0),(9,7,0),(9,8,0),(9,9,0),(9,10,0),(9,10,0),(10,10,0),(10,11,0),(10,12,0),(10,13,0),(10,14,0),(11,14,0),(12,14,0),(13,14,0),(14,14,0),
371:(14,7,5),(13,7,5),(12,7,5),(11,7,5),(10,7,5),(10,7,4),(10,7,3),(10,6,3),(10,6,2),(9,6,2),(8,6,2),(8,5,2),(7,5,2),(7,4,2),(7,3,2),(7,2,2),(7,1,2),(6,1,2),(5,1,2),
372:(0,0,2),(1,0,2),(2,0,2),(2,1,2),(3,1,2),(3,1,2),(4,1,2),(5,1,2),(6,1,2),(7,1,2),(7,1,3),(7,2,3),
373:(1,2,5),(2,2,5),(3,2,5),(4,2,5),(4,3,5),(4,4,5),(4,5,5),(4,6,5),(4,7,5),(5,7,5),(5,8,5),(5,9,5),(5,10,5),(5,11,5),(5,12,5),(6,12,5),(7,12,5),
374:(6,8,1),(6,8,1),(5,8,1),(5,8,2),(4,8,2),(3,8,2),(2,8,2),(1,8,2),(0,8,2),(0,8,3),(0,8,4),(0,8,4),(0,8,4),(0,8,5),
375:(14,7,4),(13,7,4),(12,7,4),(12,7,3),(12,7,2),(12,8,2),(11,8,2),(10,8,2),(9,8,2),(9,8,2),(9,9,2),(8,9,2),(7,9,2),(7,10,2),(6,10,2),(6,11,2),(6,11,1),
376:(5,14,2),(6,14,2),(6,13,2),(6,12,2),(6,11,2),(7,11,2),(7,10,2),(7,9,2),(8,9,2),(8,8,2),(8,7,2),(8,7,1),(9,7,1),(10,7,1),(11,7,1),(11,7,2),(12,7,2),(12,6,2),
377:(5,11,1),(5,11,2),(5,11,3),(5,11,4),(5,10,4),(4,10,4),(3,10,4),(2,10,4),(1,10,4),
378:(6,9,2),(5,9,2),(5,9,2),(5,9,1),(5,8,1),(4,8,1),(4,7,1),(3,7,1),(2,7,1),(2,7,0),(2,6,0),(2,5,0),
379:(2,0,3),(3,0,3),(4,0,3),(5,0,3),(5,1,3),(6,1,3),(6,1,4),(6,1,5),(6,2,5),(6,3,5),(6,4,5),(6,5,5),(6,6,5),(7,6,5),(7,7,5),(7,8,5),(7,9,5),(7,10,5),(8,10,5),(9,10,5),(9,11,5),(9,12,5),(9,13,5),(10,13,5),
380:(14,11,4),(14,11,3),(14,10,3),(14,9,3),(13,9,3),
381:(5,5,0),(6,5,0),(7,5,0),(7,6,0),(7,6,1),(7,7,1),(7,8,1),(7,8,2),
382:(7,3,2),(8,3,2),(8,4,2),(8,5,2),(9,5,2),(9,5,1),(10,5,1),(10,6,1),(10,7,1),(10,7,2),(10,8,2),(10,9,2),(10,9,1),(10,10,1),(10,10,1),(10,11,1),(11,11,1),
383:(13,14,3),(12,14,3),(12,14,2),(12,13,2),(12,12,2),(12,11,2),(12,10,2),(12,9,2),(12,8,2),(12,7,2),(12,6,2),(12,5,2),(12,4,2),(12,4,1),(12,3,1),
384:(11,6,1),(11,5,1),(12,5,1),(13,5,1),(13,5,2),(13,5,3),(13,5,4),(13,5,5),(13,5,5),(13,5,4),
385:(9,0,5),(9,0,4),(9,1,4),(9,2,4),(9,3,4),(9,4,4),(9,5,4),(9,5,5),(9,6,5),(8,6,5),(7,6,5),(7,7,5),(7,7,4),(7,8,4),(7,8,3),(6,8,3),(6,9,3),(6,10,3),(6,11,3),(5,11,3),(4,11,3),(4,12,3),
386:(12,7,2),(11,7,2),(10,7,2),(10,8,2),(10,9,2),(10,10,2),(10,11,2),(10,11,3),(10,11,4),(10,12,4),(10,13,4),(10,14,4),
387:(7,14,1),(7,14,0),(6,14,0),(6,14,-1),(5,14,-1),(4,14,-1),(3,14,-1),(2,14,-1),(1,14,-1),(0,14,-1),(0,14,0),
388:(14,7,1),(13,7,1),(12,7,1),(11,7,1),(10,7,1),(10,7,2),(10,7,2),(10,7,3),(10,7,4),(10,7,5),(10,7,6),(9,7,6),(8,7,6),(7,7,6),(6,7,6),(5,7,6),(4,7,6),(3,7,6),(2,7,6),(2,7,5),
389:(3,12,3),(4,12,3),(5,12,3),(6,12,3),(7,12,3),(7,12,2),(7,13,2),(8,13,2),
390:(12,14,5),(13,14,5),(13,13,5),(13,12,5),(13,11,5),(13,10,5),(13,9,5),(13,8,5),(13,7,5),(13,6,5),(13,5,5),(13,4,5),(13,3,5),(13,2,5),(13,1,5),(13,0,5),
391:(2,6,2),(3,6,2),(4,6,2),(4,6,1),(4,6,0),(4,5,0),(4,4,0),(4,3,0),(4,2,0),(5,2,0),(6,2,0),(6,1,0),(7,1,0),(8,1,0),(9,1,0),(9,0,0),(10,0,0),(11,0,0),(12,0,0),(13,0,0),
392:(9,12,5),(8,12,5),(8,11,5),(7,11,5),(7,10,5),(6,10,5),(5,10,5),(4,10,5),(3,10,5),(2,10,5),(2,9,5),(2,9,5),(2,8,5),(2,7,5),(1,7,5),(1,6,5),
393:(1,7,4),(2,7,4),(3,7,4),(3,7,3),(3,7,2),(4,7,2),(4,6,2),(4,6,1),(4,6,0),(4,5,0),(4,4,0),(4,3,0),(4,2,0),(4,1,0),(5,1,0),(6,1,0),(7,1,0),(8,1,0),(8,0,0),
394:(7,13,3),(6,13,3),(6,12,3),(6,11,3),(6,11,3),(6,10,3),(6,10,3),(6,9,3),(6,8,3),(5,8,3),(5,7,3),(5,7,2),(5,7,1),(5,6,1),(5,5,1),(5,4,1),(5,3,1),
395:(1,14,4),(2,14,4),(3,14,4),(3,14,5),(3,13,5),(3,12,5),(3,11,5),(4,11,5),(4,10,5),(4,9,5),(4,8,5),
396:(0,9,5),(0,9,4),(0,9,3),(0,8,3),(1,8,3),(1,7,3),(2,7,3),(3,7,3),(4,7,3),(4,6,3),(4,6,3),(4,6,2),
397:(9,8,4),(8,8,4),(8,7,4),(8,6,4),(8,6,4),(8,5,4),(8,4,4),(8,3,4),(7,3,4),(7,2,4),(6,2,4),(5,2,4),(5,1,4),(4,1,4),(4,1,3),(3,1,3),(2,1,3),(2,0,3),
398:(9,0,1),(9,0,0),(8,0,0),(8,1,0),(7,1,0),(6,1,0),(5,1,0),(4,1,0),(3,1,0),(2,1,0),(1,1,0),(1,2,0),(1,2,1),(1,3,1),(1,4,1),(1,5,1),(1,6,1),(1,7,1),
399:(5,2,1),(6,2,1),(6,3,1),(6,4,1),(6,5,1),(6,5,1),(6,6,1),(7,6,1),(7,7,1),(7,7,2),(6,7,2),
400:(5,8,3),(5,7,3),(5,6,3),(5,6,2),(4,6,2),(3,6,2),(2,6,2),(1,6,2),(1,6,3),(1,6,4),(0,6,4),(0,5,4),
401:(5,5,1),(5,5,0),(5,6,0),(5,6,0),(5,7,0),(5,8,0),
402:(8,7,1),(8,7,2),(9,7,2),(10,7,2),(10,7,3),(11,7,3),(11,6,3),(11,5,3),
403:(5,14,5),(5,13,5),(5,12,5),(5,12,5),(5,11,5),(5,10,5),(5,9,5),(5,8,5),(5,8,4),(5,7,4),(5,6,4),
404:(3,0,3),(3,0,4),(3,1,4),(3,2,4),(3,3,4),(3,4,4),(4,4,4),(5,4,4),(6,4,4),(6,5,4),(6,5,4),(6,6,4),(6,7,4),(7,7,4),(8,7,4),(9,7,4),(9,8,4),(9,8,5),(9,9,5),
405:(10,10,5),(9,10,5),(9,9,5),(9,9,6),(9,8,6),(9,7,6),(9,6,6),(9,5,6),(9,4,6),(9,4,5),(9,4,4),(9,4,3),(9,4,2),(9,3,2),(9,2,2),(9,2,1),(9,2,0),(9,1,0),(9,0,0),
406:(2,7,1),(2,7,2),(2,6,2),(2,6,2),(2,5,2),(2,4,2),
407:(5,1,0),(4,1,0),(3,1,0),(2,1,0),(2,2,0),(2,2,1),(2,3,1),(2,3,2),(2,3,3),(2,4,3),
408:(5,11,2),(5,11,3),(4,11,3),(4,11,4),(4,12,4),(4,13,4),
409:(12,9,3),(13,9,3),(13,9,2),(13,9,1),(13,9,0),(13,8,0),(13,7,0),(13,6,0),(13,5,0),(13,5,-1),(13,4,-1),(13,3,-1),(13,2,-1),(13,2,0),
410:(10,12,4),(10,12,4),(11,12,4),(12,12,4),(12,11,4),(12,10,4),(12,9,4),(12,8,4),(12,7,4),(12,6,4),(12,5,4),(12,4,4),(12,4,3),
411:(14,14,1),(13,14,1),(12,14,1),(12,14,2),(12,14,3),(12,14,4),(12,13,4),(12,13,5),(11,13,5),(10,13,5),(9,13,5),(8,13,5),(7,13,5),(6,13,5),(5,13,5),(4,13,5),(3,13,5),(3,12,5),(3,11,5),(3,10,5),(2,10,5),(2,9,5),
412:(12,4,2),(12,4,1),(12,4,2),(12,5,2),(12,5,1),(12,6,1),(12,7,1),(12,7,0),(12,8,0),(12,9,0),(12,10,0),(12,11,0),(12,11,1),(12,12,1),(12,13,1),
413:(13,13,2),(12,13,2),(12,13,3),(12,12,3),(12,11,3),(12,10,3),(12,10,4),(12,9,4),(12,8,4),(12,7,4),(11,7,4),(11,6,4),(11,5,4),(11,4,4),(11,4,3),(11,3,3),(11,2,3),(11,1,3),(11,0,3),
414:(4,3,1),(4,3,1),(3,3,1),(3,2,1),(3,1,1),(3,0,1),(3,0,2),
415:(5,13,5),(6,13,5),(7,13,5),(8,13,5),(9,13,5),(10,13,5),(11,13,5),(11,12,5),(11,11,5),(11,10,5),(11,9,5),(11,8,5),(11,7,5),(11,6,5),(11,6,4),(12,6,4),(12,6,3),(13,6,3),(13,5,3),(13,5,2),(12,5,2),
416:(1,11,0),(2,11,0),(2,11,1),(2,11,2),(2,10,2),(2,10,3),(2,10,4),(2,10,5),(2,9,5),(2,8,5),(2,7,5),(3,7,5),(4,7,5),(5,7,5),(6,7,5),(6,6,5),(7,6,5),(7,5,5),(7,4,5),(7,3,5),
417:(2,7,0),(2,7,1),(2,8,1),(2,8,2),(2,8,3),(2,9,3),(2,10,3),(2,11,3),(2,11,4),(2,11,5),(2,12,5),(2,13,5),(2,14,5),
418:(5,8,1),(4,8,1),(4,8,2),(4,8,1),(3,8,1),(2,8,1),(1,8,1),(1,9,1),
419:(3,13,2),(3,13,1),(3,13,2),(3,12,2),(3,11,2),(3,11,2),(3,10,2),(3,10,1),(3,10,0),(3,9,0),(3,8,0),(2,8,0),
420:(7,7,2),(7,7,3),(6,7,3),(5,7,3),(5,7,4),(5,6,4),(5,5,4),(4,5,4),(4,4,4),(4,4,5),(4,3,5),(4,3,4),
421:(11,14,2),(10,14,2),(9,14,2),(8,14,2),(8,13,2),(7,13,2),(6,13,2),(6,13,1),(5,13,1),(4,13,1),(3,13,1),(2,13,1),(1,13,1),(1,13,2),(0,13,2),(0,12,2),(0,11,2),(0,10,2),
422:(8,0,0),(7,0,0),(7,1,0),(6,1,0),(6,2,0),(6,3,0),(6,4,0),(5,4,0),(5,5,0),(5,6,0),(4,6,0),(4,7,0),(3,7,0),(3,8,0),(3,9,0),(3,10,0),(3,11,0),(3,12,0),(3,13,0),(2,13,0),
423:(12,3,5),(13,3,5),(14,3,5),(14,3,4),(14,4,4),(14,5,4),(14,6,4),(14,7,4),(14,8,4),(14,9,4),(14,10,4),(14,11,4),(14,12,4),(14,13,4),
424:(4,3,5),(4,4,5),(4,5,5),(4,6,5),(4,7,5),(4,8,5),(4,9,5),(5,9,5),(5,10,5),(6,10,5),
425:(9,12,4),(9,11,4),(9,11,5),(8,11,5),(7,11,5),(7,11,4),(6,11,4),(5,11,4),(4,11,4),(4,10,4),(4,9,4),(4,8,4),(4,8,3),(4,7,3),(4,6,3),(4,5,3),(4,4,3),(3,4,3),(3,3,3),
426:(4,2,5),(5,2,5),(5,1,5),(6,1,5),(7,1,5),(7,0,5),
427:(3,10,5),(4,10,5),(5,10,5),(5,9,5),(5,8,5),(5,7,5),(5,6,5),(5,5,5),(5,4,5),(5,3,5),(6,3,5),(7,3,5),(7,3,4),(8,3,4),(9,3,4),(10,3,4),(10,3,3),(10,2,3),(11,2,3),
428:(2,12,5),(2,11,5),(3,11,5),(3,10,5),(3,9,5),(3,8,5),(3,7,5),(3,6,5),(4,6,5),(4,5,5),(5,5,5),(5,5,4),(6,5,4),(6,5,3),(7,5,3),(8,5,3),(9,5,3),(9,5,2),(9,4,2),(9,3,2),
429:(13,7,4),(12,7,4),(12,8,4),(11,8,4),(10,8,4),(9,8,4),(9,9,4),(8,9,4),(7,9,4),(7,10,4),(6,10,4),(5,10,4),(5,11,4),(5,12,4),(5,12,4),(5,12,5),
430:(1,13,4),(2,13,4),(3,13,4),(3,13,3),(3,12,3),(3,12,2),(3,11,2),(3,11,2),(3,11,2),(4,11,2),
431:(8,1,3),(8,1,4),(8,2,4),(7,2,4),(6,2,4),(5,2,4),(5,2,4),(5,3,4),(5,4,4),(5,5,4),(4,5,4),
432:(2,10,2),(2,9,2),(2,8,2),(2,8,3),(2,7,3),(2,6,3),(2,5,3),(2,4,3),(3,4,3),(3,3,3),(3,2,3),(3,1,3),(4,1,3),(5,1,3),(5,1,4),(5,0,4),
433:(9,6,1),(9,6,2),(9,6,3),(9,6,4),(9,6,5),(8,6,5),(8,7,5),(8,8,5),(8,9,5),(8,10,5),(8,11,5),(8,12,5),(7,12,5),(6,12,5),(6,13,5),(5,13,5),(4,13,5),(3,13,5),(3,14,5),
434:(5,8,4),(6,8,4),(7,8,4),(8,8,4),(8,8,3),(8,8,2),(8,8,2),(9,8,2),(9,8,1),(10,8,1),(10,7,1),(10,6,1),
435:(4,7,3),(4,8,3),(5,8,3),(5,9,3),(5,9,4),(5,10,4),(6,10,4),(7,10,4),(8,10,4),(8,10,4),(8,10,3),(9,10,3),(10,10,3),(11,10,3),(12,10,3),(12,11,3),
436:(0,6,5),(1,6,5),(2,6,5),(3,6,5),(4,6,5),(4,5,5),(5,5,5),(6,5,5),(6,5,4),(7,5,4),(8,5,4),(8,5,3),(8,5,2),(8,4,2),(9,4,2),(10,4,2),(11,4,2),(11,3,2),(11,2,2),(11,2,1),(11,1,1),(11,0,1),
437:(12,13,5),(12,13,4),(12,12,4),(12,11,4),(12,10,4),(12,9,4),(12,8,4),(12,7,4),(12,6,4),(12,5,4),(12,4,4),(12,3,4),(12,3,4),(11,3,4),(11,4,4),(11,4,3),(11,3,3),
438:(14,3,5),(14,4,5),(13,4,5),(13,5,5),(13,6,5),(13,7,5),(13,8,5),(12,8,5),(11,8,5),(10,8,5),(9,8,5),(9,8,4),(9,9,4),(9,9,3),(8,9,3),(7,9,3),(7,9,2),(7,9,1),(6,9,1),(5,9,1),(5,9,0),(4,9,0),(3,9,0),(2,9,0),(1,9,0),(1,10,0),
439:(1,7,3),(1,6,3),(1,6,2),(1,5,2),(1,4,2),(1,3,2),(1,2,2),(1,1,2),(2,1,2),(3,1,2),(4,1,2),(5,1,2),(6,1,2),(7,1,2),(7,2,2),(8,2,2),(9,2,2),
440:(13,2,1),(12,2,1),(12,1,1),(11,1,1),(11,1,2),(10,1,2),(9,1,2),(8,1,2),(7,1,2),(7,1,1),
441:(8,8,4),(8,8,3),(8,8,3),(7,8,3),(6,8,3),(5,8,3),(4,8,3),(3,8,3),(3,8,2),(3,9,2),(3,10,2),(3,10,2),(3,11,2),(3,12,2),(3,12,1),
442:(13,14,0),(13,13,0),(13,12,0),(13,11,0),(13,11,1),(13,10,1),(13,9,1),(13,8,1),(13,8,1),(13,8,2),(12,8,2),(12,8,3),
443:(3,8,2),(3,7,2),(3,6,2),(3,5,2),(3,4,2),(3,4,2),(3,3,2),
444:(11,10,3),(11,9,3),(10,9,3),(9,9,3),(9,8,3),(8,8,3),(8,7,3),(8,7,2),(8,6,2),(8,5,2),(8,4,2),(7,4,2),(7,3,2),(7,3,1),
445:(5,8,5),(5,8,5),(5,7,5),(6,7,5),(6,6,5),(7,6,5),(7,5,5),(7,4,5),(8,4,5),(8,4,4),(8,4,3),(8,4,4),(8,4,3),(8,4,3),(8,4,2),(8,4,1),
446:(9,3,2),(9,3,3),(10,3,3),(10,3,4),(10,3,5),(10,4,5),(10,5,5),(10,6,5),
447:(0,4,4),(1,4,4),(1,5,4),(1,6,4),(1,7,4),(1,8,4),(1,8,3),(1,9,3),(1,10,3),(1,10,3),(1,10,3),(2,10,3),
448:(14,10,2),(13,10,2),(12,10,2),(11,10,2),(10,10,2),(10,10,3),(10,10,4),(10,9,4),(9,9,4),(9,9,3),(9,8,3),(9,7,3),(8,7,3),
449:(13,8,4),(12,8,4),(11,8,4),(10,8,4),(9,8,4),(9,8,3),(9,9,3),(8,9,3),(9,9,3),(9,9,2),(9,10,2),(9,11,2),
