soc=5765
lb_soc=4509
makespan=30
lb_makespan=26
comp_time=108763
highLevelExpanded=143
lowLevelExpanded=148004
solution=
0:(8,13,1),(7,13,1),(6,13,1),(5,13,1),(4,13,1),(3,13,1),(2,13,1),(1,13,1),(0,13,1),(0,13,2),(0,13,3),(0,14,3),
1:(12,11,0),(11,11,0),(10,11,0),(9,11,0),(8,11,0),(7,11,0),(7,11,1),(7,11,2),(7,11,3),(7,10,3),(7,10,4),(7,10,5),(6,10,5),(5,10,5),(5,9,5),(5,8,5),(4,8,5),(4,7,5),(4,6,5),(4,5,5),(4,4,5),(4,3,5),(3,3,5),(2,3,5),(2,2,5),
2:(12,2,4),(11,2,4),(10,2,4),(9,2,4),(8,2,4),(8,3,4),(8,4,4),(8,5,4),(8,6,4),(8,7,4),(8,8,4),(8,9,4),
3:(2,0,0),(3,0,0),(4,0,0),(5,0,0),(6,0,0),(7,0,0),(8,0,0),(9,0,0),(10,0,0),(10,1,0),(10,1,1),(10,2,1),(10,3,1),(10,4,1),(10,5,1),(10,6,1),(10,7,1),(11,7,1),(12,7,1),(12,7,2),(12,8,2),(12,9,2),(12,10,2),(12,10,3),(13,10,3),
4:(7,8,3),(6,8,3),(5,8,3),(5,8,2),(5,7,2),(5,6,2),(5,6,1),(4,6,1),(4,6,0),(3,6,0),(3,5,0),(3,4,0),(3,3,0),
5:(3,10,0),(4,10,0),(5,10,0),(6,10,0),(7,10,0),(7,10,1),(7,10,2),(7,10,3),(7,10,4),(7,10,5),(7,9,5),(7,8,5),(7,7,5),
6:(3,4,0),(3,5,0),(3,6,0),(3,7,0),(3,8,0),
7:(2,0,2),(3,0,2),(4,0,2),(5,0,2),(5,1,2),(5,2,2),(4,2,2),(4,3,2),(5,3,2),(5,4,2),(5,5,2),(5,6,2),(5,6,1),(5,7,1),(5,8,1),(5,8,2),(6,8,2),(6,9,2),(6,10,2),(6,11,2),(7,11,2),(7,12,2),(7,13,2),
8:(9,5,1),(10,5,1),(11,5,1),(12,5,1),(12,5,2),(12,6,2),(12,7,2),(12,8,2),(12,9,2),(12,10,2),(12,11,2),(12,12,2),(12,13,2),(12,14,2),
9:(1,7,3),(2,7,3),(3,7,3),(4,7,3),(4,7,2),(4,7,1),
10:(5,7,4),(6,7,4),(7,7,4),(8,7,4),(9,7,4),(10,7,4),(11,7,4),(12,7,4),(13,7,4),(14,7,4),(14,7,5),(14,6,5),(14,5,5),(14,4,5),
11:(11,3,1),(10,3,1),(10,3,0),(10,4,0),(10,5,0),(10,6,0),(10,7,0),(10,8,0),
12:(9,5,5),(8,5,5),(8,5,4),(8,6,4),(8,7,4),(8,8,4),(8,9,4),(8,10,4),
13:(12,9,4),(11,9,4),(10,9,4),(9,9,4),(8,9,4),(7,9,4),(6,9,4),(5,9,4),(5,9,3),(4,9,3),(4,9,2),(4,8,2),(4,7,2),(4,6,2),(4,5,2),
14:(14,5,2),(13,5,2),(12,5,2),(11,5,2),(10,5,2),(9,5,2),(9,6,2),(9,6,1),(9,6,0),(8,6,0),(7,6,0),(6,6,0),(6,7,0),(6,8,0),(6,9,0),(6,10,0),(6,11,0),
15:(2,7,2),(2,7,1),(2,6,1),(2,5,1),(2,4,1),(2,3,1),(2,2,1),(2,1,1),(2,0,1),
16:(9,2,2),(9,2,3),(9,2,4),(9,2,5),(9,1,5),(9,0,5),
17:(11,14,2),(10,14,2),(9,14,2),(9,14,3),(9,14,4),
18:(8,3,5),(9,3,5),(9,3,4),(9,3,3),(9,3,2),(9,4,2),(9,5,2),(9,6,2),(9,7,2),(9,8,2),
19:(2,2,0),(3,2,0),(4,2,0),(5,2,0),(6,2,0),(6,3,0),(6,4,0),(6,5,0),(6,6,0),(6,7,0),(7,7,0),(8,7,0),(9,7,0),(10,7,0),(11,7,0),(11,8,0),(11,8,1),(11,9,1),(11,9,2),(12,9,2),(12,10,2),(12,10,3),(13,10,3),(14,10,3),(14,11,3),
20:(10,12,5),(11,12,5),(12,12,5),(12,11,5),(12,11,4),(13,11,4),(13,10,4),(13,10,3),(13,10,2),(13,9,2),(13,8,2),(13,7,2),(13,7,1),(13,6,1),(14,6,1),(14,6,0),
21:(8,8,1),(7,8,1),(6,8,1),(5,8,1),(4,8,1),(4,8,2),(4,7,2),(4,6,2),(4,5,2),(4,4,2),(4,3,2),(4,2,2),(4,1,2),(4,0,2),
22:(5,5,2),(6,5,2),(7,5,2),(8,5,2),(9,5,2),(9,5,3),(10,5,3),(11,5,3),(12,5,3),(13,5,3),(13,6,3),(13,7,3),(13,8,3),
23:(12,5,5),(11,5,5),(10,5,5),(9,5,5),(9,5,4),(9,6,4),(9,6,3),(9,7,3),(9,8,3),(9,9,3),(9,9,2),(9,10,2),(9,10,1),(9,11,1),
24:(6,4,2),(5,4,2),(4,4,2),(3,4,2),(2,4,2),(1,4,2),(0,4,2),(0,4,3),(0,4,4),(0,4,5),(0,5,5),
25:(2,13,1),(3,13,1),(4,13,1),(4,13,0),(5,13,0),(6,13,0),(7,13,0),(8,13,0),(9,13,0),(10,13,0),(10,12,0),(10,11,0),(11,11,0),(12,11,0),(12,10,0),
26:(8,1,3),(8,1,4),(8,2,4),(8,3,4),(8,4,4),(8,4,4),(8,5,4),(8,6,4),(8,6,5),(8,7,5),(8,7,5),(8,8,5),(8,9,5),(7,9,5),(7,10,5),(7,11,5),(7,12,5),(7,13,5),(7,13,4),
27:(4,5,4),(5,5,4),(6,5,4),(7,5,4),(8,5,4),(9,5,4),(10,5,4),(10,5,3),(10,5,2),(10,5,1),(10,6,1),(10,7,1),(10,8,1),(10,9,1),(10,10,1),(10,11,1),(10,12,1),(10,12,0),
28:(8,10,5),(8,9,5),(8,8,5),(8,7,5),(8,6,5),(8,5,5),(8,4,5),
29:(7,9,3),(8,9,3),(9,9,3),(10,9,3),(11,9,3),(11,9,4),(11,9,5),(11,8,5),(11,7,5),(11,6,5),(11,5,5),(11,4,5),(11,3,5),(11,2,5),
30:(2,5,0),(1,5,0),(0,5,0),(0,4,0),(0,3,0),
31:(5,12,4),(6,12,4),(7,12,4),(8,12,4),(9,12,4),(10,12,4),(10,11,4),
32:(10,14,5),(9,14,5),(8,14,5),(7,14,5),(6,14,5),(5,14,5),(4,14,5),(3,14,5),(3,14,4),(3,14,3),(3,13,3),(3,12,3),(3,11,3),(3,10,3),(3,9,3),(3,8,3),(3,7,3),(3,7,2),(3,6,2),(3,5,2),(3,5,1),(3,4,1),(3,3,1),(3,2,1),(3,2,2),(3,1,2),(3,0,2),(3,0,1),
33:(8,12,5),(9,12,5),(9,11,5),(9,10,5),(9,9,5),(10,9,5),(10,8,5),(10,8,5),(11,8,5),(11,7,5),(11,7,5),(11,6,5),(11,5,5),(11,5,4),(11,4,4),(11,3,4),
34:(1,7,1),(1,7,2),(2,7,2),(3,7,2),(3,6,2),(4,6,2),(5,6,2),(6,6,2),(7,6,2),(8,6,2),(8,7,2),(8,7,2),(9,7,2),(10,7,2),(11,7,2),(12,7,2),(13,7,2),(13,6,2),(13,5,2),(14,5,2),
35:(9,7,1),(9,6,1),(9,5,1),(9,4,1),(9,3,1),(9,2,1),
36:(6,5,1),(6,4,1),(6,4,2),(6,4,3),(6,3,3),(6,2,3),
37:(12,1,4),(11,1,4),(10,1,4),(9,1,4),(8,1,4),(7,1,4),(6,1,4),(5,1,4),(4,1,4),(4,1,3),(4,2,3),(4,3,3),(4,4,3),(4,5,3),(3,5,3),(3,5,2),(3,6,2),(4,6,2),
38:(7,3,0),(6,3,0),(5,3,0),(4,3,0),(3,3,0),(2,3,0),(1,3,0),(1,3,1),(1,2,1),(1,1,1),
39:(6,6,4),(7,6,4),(7,6,3),(7,6,2),(7,6,1),(7,6,0),(7,5,0),(7,4,0),(7,3,0),(7,2,0),(7,1,0),(7,0,0),
40:(8,6,4),(8,6,5),(7,6,5),(7,7,5),(6,7,5),(5,7,5),(5,8,5),(5,9,5),(5,10,5),(5,11,5),(5,12,5),(5,13,5),(5,14,5),
41:(13,14,1),(12,14,1),(11,14,1),(11,14,2),(11,14,3),(11,14,4),
42:(4,4,4),(5,4,4),(6,4,4),(7,4,4),(7,4,3),(7,5,3),(7,6,3),
43:(3,1,3),(4,1,3),(5,1,3),(6,1,3),(7,1,3),(7,1,2),(7,2,2),
44:(12,4,1),(11,4,1),(10,4,1),(10,4,2),(10,4,3),(10,5,3),(10,6,3),(10,6,4),(10,7,4),
45:(14,11,4),(13,11,4),(12,11,4),(11,11,4),(10,11,4),(9,11,4),(8,11,4),(7,11,4),(6,11,4),(6,11,3),(6,11,2),(6,11,1),(6,12,1),(6,13,1),
46:(8,9,5),(7,9,5),(6,9,5),(5,9,5),(4,9,5),(3,9,5),(2,9,5),(1,9,5),(0,9,5),(0,9,4),(0,9,3),(0,9,2),(0,9,1),(0,8,1),(0,7,1),(0,7,0),
47:(7,6,2),(8,6,2),(9,6,2),(10,6,2),(11,6,2),(11,6,1),(12,6,1),(12,5,1),
48:(6,8,2),(7,8,2),(8,8,2),(9,8,2),(10,8,2),(11,8,2),(12,8,2),(13,8,2),(14,8,2),(14,8,3),(14,8,4),(14,8,5),(14,7,5),
49:(13,7,1),(12,7,1),(11,7,1),(10,7,1),(9,7,1),(8,7,1),(7,7,1),(6,7,1),(5,7,1),(5,7,2),(4,7,2),(4,6,2),(4,5,2),(4,4,2),(4,4,3),(3,4,3),(2,4,3),(1,4,3),(1,4,4),(0,4,4),(0,3,4),
50:(8,0,5),(7,0,5),(6,0,5),(5,0,5),(4,0,5),(4,0,4),(4,1,4),(4,2,4),(4,3,4),(4,4,4),(3,4,4),(3,5,4),(3,6,4),(3,6,5),(3,7,5),(3,8,5),(3,8,4),(3,8,3),(3,9,3),(3,9,2),(3,10,2),(3,11,2),(3,12,2),(3,13,2),(3,14,2),
51:(10,14,3),(11,14,3),(12,14,3),(13,14,3),(13,13,3),(13,12,3),(13,11,3),(14,11,3),(14,10,3),(14,10,4),(14,9,4),(14,8,4),(14,7,4),(14,6,4),
52:(6,10,3),(6,9,3),(6,8,3),(6,8,2),(6,8,1),(6,7,1),(6,6,1),(6,6,0),(5,6,0),(4,6,0),(4,5,0),
53:(5,1,0),(6,1,0),(7,1,0),(8,1,0),(9,1,0),(10,1,0),(11,1,0),(12,1,0),(12,2,0),(12,3,0),(13,3,0),(13,4,0),(13,5,0),(13,6,0),(13,6,1),(13,7,1),(13,8,1),(13,9,1),
54:(3,3,5),(4,3,5),(5,3,5),(6,3,5),(6,3,4),(6,3,3),(6,4,3),(6,5,3),(6,6,3),(6,6,2),(6,6,1),(6,7,1),(6,8,1),(6,9,1),(6,10,1),
55:(3,6,3),(2,6,3),(1,6,3),(1,6,2),(1,7,2),(1,8,2),(1,9,2),(1,10,2),
56:(1,13,3),(2,13,3),(3,13,3),(4,13,3),(5,13,3),(6,13,3),(7,13,3),(8,13,3),(8,12,3),(8,12,2),(8,11,2),(8,10,2),(8,10,1),(8,9,1),(8,8,1),(8,8,2),(8,7,2),(8,6,2),(8,5,2),(8,4,2),(8,3,2),(9,3,2),(10,3,2),(11,3,2),(11,2,2),(11,1,2),(12,1,2),
57:(10,5,4),(9,5,4),(9,4,4),(9,3,4),(9,2,4),(9,1,4),(8,1,4),
58:(9,5,2),(8,5,2),(8,5,3),(7,5,3),(6,5,3),(5,5,3),(4,5,3),(3,5,3),(2,5,3),(2,5,4),(2,6,4),(2,7,4),(2,8,4),(2,9,4),
59:(14,10,3),(14,9,3),(14,8,3),(14,7,3),(14,6,3),(14,6,3),(14,5,3),(14,5,2),(14,5,1),(14,5,0),
60:(12,2,5),(13,2,5),(13,2,4),
61:(1,5,3),(2,5,3),(2,6,3),(2,7,3),(2,8,3),(3,8,3),(3,8,2),(3,8,1),(4,8,1),(5,8,1),(5,8,0),(6,8,0),(7,8,0),(7,9,0),(7,10,0),(8,10,0),(8,11,0),(8,12,0),(8,13,0),(8,14,0),
62:(11,9,0),(12,9,0),(13,9,0),(14,9,0),(14,9,1),(14,9,2),(14,9,3),(14,8,3),(14,7,3),(14,6,3),(14,5,3),(14,4,3),(14,3,3),
63:(1,5,2),(2,5,2),(3,5,2),(4,5,2),(5,5,2),(6,5,2),(6,4,2),
64:(6,10,0),(7,10,0),(8,10,0),(9,10,0),(10,10,0),(11,10,0),(12,10,0),(12,10,1),(12,9,1),(12,8,1),
65:(3,0,4),(4,0,4),(4,0,5),(4,1,5),
66:(7,2,3),(6,2,3),(5,2,3),(4,2,3),(4,2,2),(4,2,1),(4,1,1),(4,0,1),
67:(3,5,3),(4,5,3),(5,5,3),(6,5,3),(6,5,4),(7,5,4),(7,5,5),(7,6,5),
68:(14,14,1),(13,14,1),(12,14,1),(11,14,1),(10,14,1),(9,14,1),(9,13,1),(9,13,2),(9,12,2),(9,12,3),(9,12,4),(9,12,5),(9,11,5),(9,10,5),(9,9,5),(8,9,5),(8,8,5),
69:(12,4,3),(13,4,3),(13,4,2),(13,4,1),(13,4,0),(13,5,0),(13,6,0),(13,7,0),
70:(3,8,4),(4,8,4),(5,8,4),(6,8,4),(6,9,4),(6,10,4),(6,11,4),(6,12,4),(7,12,4),
71:(1,6,0),(0,6,0),(0,6,1),(0,6,2),(0,7,2),(0,7,3),(0,7,4),
72:(14,4,5),(13,4,5),(12,4,5),(12,5,5),(12,6,5),(12,7,5),(12,8,5),(12,9,5),(12,10,5),(12,11,5),(12,12,5),
73:(8,8,2),(8,8,3),(8,7,3),(8,6,3),(8,5,3),(8,4,3),(8,4,3),(8,4,4),
74:(13,11,3),(12,11,3),(11,11,3),(10,11,3),(9,11,3),(8,11,3),(7,11,3),(6,11,3),(5,11,3),(5,11,4),(5,12,4),(5,13,4),
75:(0,3,2),(1,3,2),(1,3,3),(1,3,4),(2,3,4),(3,3,4),(4,3,4),(5,3,4),(6,3,4),(6,3,5),(7,3,5),(7,4,5),(7,5,5),(8,5,5),(8,6,5),(9,6,5),(9,7,5),(9,8,5),(9,9,5),(10,9,5),(11,9,5),(12,9,5),(13,9,5),(13,10,5),
76:(11,11,0),(10,11,0),(9,11,0),(9,11,1),(9,11,2),(9,11,3),(9,11,4),(9,11,5),(9,12,5),(9,13,5),(9,14,5),
77:(4,14,3),(5,14,3),(6,14,3),(7,14,3),(8,14,3),(9,14,3),(9,13,3),(9,12,3),(9,11,3),(9,10,3),(9,9,3),(9,8,3),(9,7,3),(9,7,2),(9,6,2),
78:(2,10,1),(1,10,1),(1,10,2),(1,11,2),
79:(8,11,0),(7,11,0),(6,11,0),(5,11,0),(4,11,0),(3,11,0),(2,11,0),(1,11,0),(1,10,0),(1,10,1),(1,9,1),(1,8,1),(1,7,1),(1,6,1),(1,5,1),(1,5,2),(1,4,2),(0,4,2),(0,4,3),(0,3,3),(0,2,3),(0,1,3),(0,0,3),
80:(7,13,1),(7,13,0),(8,13,0),(9,13,0),(9,12,0),(9,11,0),(9,10,0),(9,9,0),(9,8,0),(9,7,0),(9,6,0),(9,5,0),(10,5,0),(10,4,0),(10,3,0),(10,2,0),
81:(2,11,3),(3,11,3),(3,11,2),(3,10,2),(3,9,2),(3,8,2),(4,8,2),(4,7,2),(4,6,2),(4,5,2),(4,4,2),(4,4,1),(4,4,0),(5,4,0),(6,4,0),(6,3,0),(6,2,0),(7,2,0),(7,1,0),(8,1,0),(8,0,0),(9,0,0),(10,0,0),(11,0,0),(12,0,0),(13,0,0),(14,0,0),
82:(9,12,5),(10,12,5),(11,12,5),(11,11,5),(11,10,5),
83:(10,10,2),(11,10,2),(11,10,1),(11,9,1),(11,8,1),(11,7,1),(11,6,1),(11,5,1),(11,4,1),(11,3,1),(11,2,1),(11,1,1),(11,0,1),
84:(11,1,1),(10,1,1),(9,1,1),(8,1,1),(7,1,1),(6,1,1),(5,1,1),(5,1,1),(5,2,1),(5,3,1),(5,3,1),(5,4,1),(5,5,1),(5,5,2),(5,5,3),(5,6,3),(5,7,3),(5,8,3),(5,9,3),(5,10,3),(5,11,3),(5,12,3),(5,13,3),(5,14,3),
85:(7,6,0),(6,6,0),(5,6,0),(5,6,1),(5,7,1),(5,8,1),(5,9,1),(5,10,1),(5,11,1),(5,12,1),(5,13,1),
86:(8,7,4),(7,7,4),(7,7,5),(6,7,5),(6,8,5),(6,9,5),(5,9,5),(5,10,5),(5,11,5),(4,11,5),(3,11,5),(3,12,5),
87:(13,8,2),(12,8,2),(11,8,2),(10,8,2),(10,7,2),(10,6,2),(10,5,2),(10,4,2),(10,3,2),(10,3,2),(10,2,2),(10,1,2),(9,1,2),(9,1,3),
88:(14,10,5),(13,10,5),(12,10,5),(11,10,5),(10,10,5),(9,10,5),(8,10,5),(7,10,5),(6,10,5),(5,10,5),(5,10,4),(5,10,3),(4,10,3),(4,10,3),(3,10,3),(2,10,3),(2,10,2),(2,10,1),(1,10,1),(0,10,1),(0,10,0),
89:(9,5,3),(10,5,3),(11,5,3),(12,5,3),(13,5,3),(14,5,3),(14,5,2),(14,4,2),(14,3,2),(14,2,2),(14,1,2),
90:(14,9,3),(13,9,3),(12,9,3),(11,9,3),(11,9,2),(10,9,2),(9,9,2),(9,10,2),(9,10,1),(9,11,1),(9,11,0),(8,11,0),(7,11,0),(6,11,0),(5,11,0),(4,11,0),(3,11,0),(2,11,0),(1,11,0),(1,11,1),
91:(10,1,4),(10,1,3),(11,1,3),(11,2,3),(11,3,3),
92:(4,0,0),(4,1,0),(3,1,0),(2,1,0),(1,1,0),(1,2,0),(1,2,0),(1,3,0),(1,4,0),(0,4,0),
93:(1,3,3),(2,3,3),(3,3,3),(3,4,3),(3,4,2),(3,5,2),(3,6,2),(3,7,2),(3,8,2),(3,9,2),(3,10,2),(3,11,2),(3,12,2),(3,13,2),(3,13,1),
94:(1,0,4),(2,0,4),(3,0,4),(3,0,5),(3,1,5),(3,2,5),(3,3,5),(4,3,5),(4,4,5),(4,5,5),(4,6,5),(4,7,5),(4,8,5),(4,9,5),(4,10,5),(4,11,5),(4,12,5),
95:(14,13,0),(13,13,0),(12,13,0),(11,13,0),(11,13,1),(11,13,2),(11,13,3),(11,13,4),
96:(12,8,2),(12,7,2),(13,7,2),(14,7,2),(14,6,2),
97:(10,1,0),(9,1,0),(8,1,0),(8,2,0),(7,2,0),(7,2,1),(6,2,1),(5,2,1),(5,2,2),(5,3,2),(5,4,2),(5,5,2),(5,5,2),(5,5,3),(4,5,3),(4,5,3),(4,5,4),(4,6,4),
98:(9,12,4),(10,12,4),(11,12,4),(12,12,4),(12,12,3),(12,11,3),(12,10,3),(12,9,3),(12,8,3),(12,7,3),(12,6,3),(12,5,3),(13,5,3),(13,5,2),(13,4,2),(12,4,2),(12,3,2),(12,2,2),
99:(4,6,2),(3,6,2),(3,6,3),(3,6,4),(3,6,5),(3,5,5),(3,4,5),(3,3,5),(3,2,5),
100:(6,9,2),(7,9,2),(7,8,2),(8,8,2),(9,8,2),(10,8,2),(10,7,2),(11,7,2),(12,7,2),(12,6,2),
101:(11,11,1),(10,11,1),(9,11,1),(8,11,1),(7,11,1),(6,11,1),(5,11,1),(4,11,1),(4,11,2),(4,11,3),(4,11,4),(4,10,4),(4,9,4),(4,9,4),(4,9,4),(4,9,5),
102:(1,8,3),(2,8,3),(3,8,3),(3,8,4),(3,9,4),(3,9,4),(3,9,4),(3,9,5),
103:(6,13,0),(5,13,0),(4,13,0),(3,13,0),(2,13,0),(1,13,0),(0,13,0),(0,12,0),(0,12,0),(0,11,0),(0,10,0),(0,9,0),(0,8,0),
104:(8,3,2),(7,3,2),(6,3,2),(5,3,2),(4,3,2),(4,3,3),(4,3,3),(4,3,4),(4,3,5),(3,3,5),(2,3,5),(1,3,5),(0,3,5),
105:(3,7,0),(2,7,0),(2,7,1),(2,8,1),(2,9,1),(2,10,1),(2,11,1),(2,12,1),(2,13,1),
106:(4,12,0),(5,12,0),(6,12,0),(7,12,0),(8,12,0),(9,12,0),(10,12,0),(11,12,0),(12,12,0),(12,11,0),(12,10,0),(12,9,0),(12,8,0),(12,7,0),(12,7,1),(12,6,1),(13,6,1),(14,6,1),(14,5,1),(14,4,1),
107:(0,4,5),(1,4,5),(2,4,5),(3,4,5),(4,4,5),(5,4,5),(6,4,5),(7,4,5),(7,4,4),(7,5,4),(8,5,4),(9,5,4),(9,6,4),(9,7,4),(9,8,4),(10,8,4),(11,8,4),(12,8,4),(12,9,4),(12,10,4),(13,10,4),(14,10,4),(14,10,3),(14,11,3),(14,11,2),(14,12,2),(14,12,1),
108:(7,10,5),(6,10,5),(5,10,5),(4,10,5),(3,10,5),(2,10,5),(2,10,4),(2,10,3),(1,10,3),(1,9,3),(1,9,2),(1,9,1),(1,9,0),(1,8,0),(1,7,0),(1,6,0),(1,5,0),
109:(4,14,1),(5,14,1),(5,14,0),(5,13,0),(5,12,0),(5,11,0),(5,10,0),(5,9,0),(5,8,0),(5,7,0),(5,6,0),(5,6,0),(5,6,0),(6,6,0),
110:(14,12,5),(13,12,5),(13,12,4),(13,13,4),(12,13,4),(11,13,4),(10,13,4),(9,13,4),(8,13,4),(7,13,4),(6,13,4),(6,13,3),(5,13,3),(4,13,3),(3,13,3),(2,13,3),(1,13,3),
111:(8,9,2),(8,8,2),(8,8,3),(7,8,3),(6,8,3),(5,8,3),(5,7,3),(5,7,4),(5,6,4),(5,6,5),(5,5,5),(4,5,5),(4,4,5),(4,3,5),(3,3,5),(2,3,5),(1,3,5),(1,2,5),(0,2,5),(0,1,5),(0,0,5),
112:(5,8,4),(6,8,4),(7,8,4),(8,8,4),(9,8,4),(10,8,4),(11,8,4),(11,7,4),
113:(10,8,1),(9,8,1),(8,8,1),(7,8,1),(7,7,1),(7,6,1),(7,5,1),(7,4,1),(7,3,1),(7,2,1),(7,1,1),(7,1,2),(7,1,3),
114:(11,12,5),(11,12,4),(11,12,3),(10,12,3),(9,12,3),(8,12,3),(7,12,3),(6,12,3),(5,12,3),(5,12,2),(4,12,2),(3,12,2),(2,12,2),(2,13,2),
115:(14,6,5),(13,6,5),(13,6,4),(13,6,3),(13,6,2),(13,6,1),(13,7,1),(13,8,1),(13,9,1),(13,10,1),(12,10,1),(12,11,1),(12,12,1),(12,13,1),
116:(6,0,3),(7,0,3),(8,0,3),(9,0,3),(10,0,3),(10,0,4),(10,0,5),(10,1,5),(10,2,5),(10,3,5),
117:(4,0,3),(5,0,3),(6,0,3),(7,0,3),(8,0,3),(8,1,3),(8,2,3),(8,3,3),(8,4,3),(8,4,2),(9,4,2),
118:(8,13,4),(7,13,4),(6,13,4),(6,13,3),(6,13,2),(6,12,2),(6,11,2),(6,10,2),(6,9,2),(6,8,2),(6,7,2),(6,6,2),(6,6,1),(7,6,1),(7,5,1),(7,4,1),(7,3,1),(6,3,1),
119:(4,14,0),(5,14,0),(6,14,0),(7,14,0),(8,14,0),(9,14,0),(10,14,0),(11,14,0),(12,14,0),(13,14,0),(14,14,0),(14,14,1),(14,13,1),(14,12,1),(14,12,1),(14,11,1),
120:(13,14,3),(12,14,3),(12,13,3),(11,13,3),(10,13,3),(9,13,3),(8,13,3),(8,12,3),(7,12,3),(6,12,3),(6,11,3),(6,11,3),(5,11,3),(4,11,3),(3,11,3),
121:(11,10,1),(10,10,1),(9,10,1),(8,10,1),(7,10,1),(6,10,1),(5,10,1),(4,10,1),(3,10,1),(2,10,1),(1,10,1),(0,10,1),(0,10,2),(0,11,2),(0,11,3),(0,11,4),(0,12,4),(0,13,4),(0,14,4),
122:(1,5,5),(0,5,5),(0,5,4),(0,5,3),(0,5,2),
123:(3,0,3),(3,1,3),(3,2,3),(3,3,3),(4,3,3),(4,4,3),(4,4,4),(4,5,4),(4,6,4),(4,7,4),(4,8,4),(4,9,4),(4,9,3),(4,9,2),
124:(1,4,2),(2,4,2),(3,4,2),(3,4,1),(3,5,1),(3,6,1),
125:(8,5,5),(8,5,4),(9,5,4),(10,5,4),(11,5,4),(12,5,4),(12,6,4),(12,6,4),(12,7,4),(12,8,4),(12,9,4),(12,10,4),(12,11,4),(12,12,4),(12,13,4),(13,13,4),(14,13,4),
126:(6,11,3),(6,10,3),(6,9,3),(6,8,3),(6,8,4),(6,8,5),(6,7,5),(5,7,5),(5,7,6),(4,7,6),(3,7,6),(2,7,6),(2,7,5),
127:(1,1,5),(2,1,5),(3,1,5),(3,2,5),(3,3,5),(4,3,5),(5,3,5),(6,3,5),(7,3,5),(7,4,5),(7,4,4),(7,5,4),(8,5,4),(8,6,4),(9,6,4),(9,7,4),(9,7,3),(9,7,2),(10,7,2),(11,7,2),(12,7,2),
128:(6,9,3),(7,9,3),(8,9,3),(9,9,3),(10,9,3),(11,9,3),(12,9,3),(13,9,3),(13,10,3),(13,10,2),(13,10,1),(13,10,0),(13,11,0),(14,11,0),
129:(1,14,2),(1,14,3),(1,13,3),(1,13,3),(1,12,3),(1,11,3),(1,10,3),(1,9,3),(2,9,3),(2,8,3),(3,8,3),(3,7,3),(4,7,3),(4,7,4),(4,7,5),(4,6,5),(4,5,5),(4,4,5),(5,4,5),(5,3,5),
130:(12,5,1),(11,5,1),(11,5,2),(10,5,2),(10,5,3),(10,5,4),(10,6,4),(9,6,4),(9,7,4),(9,8,4),(9,9,4),(9,10,4),(9,11,4),
131:(10,13,3),(9,13,3),(8,13,3),(8,12,3),(8,11,3),(8,10,3),(8,9,3),(8,8,3),(8,7,3),(8,6,3),(9,6,3),(9,5,3),(9,4,3),(9,4,4),(9,4,5),(9,3,5),(9,2,5),(9,1,5),(8,1,5),
132:(5,13,3),(4,13,3),(4,12,3),(3,12,3),(2,12,3),(2,11,3),(2,10,3),(2,9,3),(2,8,3),(1,8,3),(1,7,3),(0,7,3),(-1,7,3),(-1,6,3),(-1,5,3),(0,5,3),(0,4,3),(0,3,3),(1,3,3),(1,2,3),
133:(11,5,4),(10,5,4),(10,5,3),(9,5,3),(9,6,3),(9,7,3),(9,8,3),(9,8,2),(9,9,2),(9,10,2),(9,11,2),(8,11,2),(7,11,2),(6,11,2),(6,12,2),(6,13,2),
134:(13,12,2),(13,12,1),(13,13,1),(13,14,1),
135:(2,1,5),(3,1,5),(4,1,5),(4,1,4),(4,1,3),(4,1,2),(4,1,2),(4,1,1),
136:(14,6,0),(13,6,0),(12,6,0),(11,6,0),(10,6,0),(9,6,0),(9,6,1),(9,5,1),(9,5,2),(9,5,3),(9,5,4),(9,4,4),(9,3,4),
137:(14,3,2),(13,3,2),(12,3,2),(11,3,2),(10,3,2),(9,3,2),(8,3,2),(8,4,2),(7,4,2),(7,5,2),(7,5,3),
138:(3,9,1),(4,9,1),(5,9,1),(6,9,1),(7,9,1),(8,9,1),(9,9,1),(10,9,1),(10,9,2),(10,10,2),
139:(10,4,5),(11,4,5),(11,4,4),(11,4,3),(11,4,2),(11,5,2),(11,6,2),(11,6,2),(11,6,1),
140:(6,14,5),(5,14,5),(4,14,5),(3,14,5),(2,14,5),(2,13,5),(2,12,5),(2,11,5),(2,10,5),(2,9,5),(2,8,5),(2,7,5),(2,7,4),(2,6,4),(2,5,4),(2,5,5),(2,4,5),
141:(8,4,5),(7,4,5),(7,4,5),(7,5,5),(7,6,5),(7,7,5),(7,7,4),(7,7,3),(7,8,3),(7,9,3),(7,10,3),(6,10,3),(6,10,2),(6,10,2),(6,11,2),(6,12,2),(5,12,2),(5,13,2),
142:(11,5,0),(10,5,0),(10,5,1),(10,6,1),(10,6,2),(10,6,3),(10,7,3),(10,7,4),(10,8,4),(10,9,4),(10,9,4),(9,9,4),
143:(0,7,3),(0,7,4),(0,6,4),(0,5,4),(0,4,4),(0,3,4),(0,2,4),(0,1,4),(0,0,4),
144:(8,7,0),(7,7,0),(6,7,0),(5,7,0),(4,7,0),(4,8,0),(4,8,1),(4,8,2),(4,8,3),
145:(13,14,2),(12,14,2),(11,14,2),(10,14,2),(9,14,2),(8,14,2),(7,14,2),(6,14,2),(5,14,2),(5,14,3),(5,13,3),(5,12,3),(5,12,4),(5,11,4),(5,10,4),(5,10,5),(5,9,5),(5,8,5),(4,8,5),(4,7,5),(4,6,5),
146:(4,3,0),(5,3,0),(5,3,1),(6,3,1),(7,3,1),(8,3,1),(9,3,1),(10,3,1),(11,3,1),(11,3,2),(11,4,2),(11,5,2),(11,5,2),(11,6,2),
147:(2,12,5),(1,12,5),(1,12,4),(1,12,3),(1,12,2),(1,12,1),(1,11,1),(1,10,1),(1,9,1),(1,8,1),(1,7,1),(1,6,1),(1,5,1),(1,4,1),(1,3,1),
148:(7,10,2),(8,10,2),(9,10,2),(10,10,2),(11,10,2),(11,9,2),(12,9,2),(13,9,2),(13,9,3),(13,8,3),(13,7,3),(13,7,4),(13,6,4),(13,5,4),(13,4,4),(13,3,4),(12,3,4),(12,3,5),(12,2,5),(13,2,5),
149:(7,1,5),(8,1,5),(9,1,5),(10,1,5),(11,1,5),(12,1,5),(13,1,5),(13,1,4),(13,1,3),(13,1,2),(13,1,1),(14,1,1),(14,1,0),
150:(7,3,1),(6,3,1),(6,3,1),(6,3,2),
151:(3,2,1),(4,2,1),(5,2,1),(6,2,1),(7,2,1),(7,2,2),(7,2,3),(7,2,4),(7,2,5),(7,3,5),(7,4,5),(7,5,5),(7,5,6),(7,6,6),(7,7,6),(7,8,6),(7,8,5),(7,9,5),
152:(0,12,4),(1,12,4),(1,12,3),(1,11,3),(1,10,3),(1,9,3),(1,8,3),(1,7,3),(1,7,3),(1,6,3),(2,6,3),(2,6,2),(2,5,2),(2,4,2),(3,4,2),
153:(8,14,4),(9,14,4),(10,14,4),(11,14,4),(12,14,4),(13,14,4),(14,14,4),(14,14,3),(14,14,2),(14,13,2),(14,12,2),(14,11,2),(14,10,2),
154:(13,4,4),(13,3,4),(13,3,3),(13,3,2),(13,2,2),
155:(2,4,5),(2,5,5),(1,5,5),(1,6,5),(1,7,5),(1,8,5),(1,9,5),(1,10,5),(1,11,5),(1,11,4),(1,11,3),(1,12,3),(1,12,2),(1,13,2),(1,14,2),(0,14,2),
156:(8,12,4),(9,12,4),(10,12,4),(11,12,4),(12,12,4),(12,12,3),(12,12,2),(12,12,1),(12,13,1),(12,13,0),
157:(9,13,2),(8,13,2),(7,13,2),(6,13,2),(5,13,2),(4,13,2),(4,13,1),(4,12,1),(4,11,1),(4,10,1),
158:(5,8,1),(6,8,1),(6,8,2),(7,8,2),(7,8,3),(7,8,4),
159:(0,4,2),(1,4,2),(2,4,2),(2,5,2),(3,5,2),(3,6,2),(3,7,2),(3,7,3),(3,8,3),(3,9,3),(2,9,3),(2,10,3),(2,11,3),(2,12,3),
160:(1,7,0),(1,7,1),(1,7,2),(2,7,2),(3,7,2),(4,7,2),(5,7,2),(6,7,2),(7,7,2),(7,6,2),(8,6,2),(9,6,2),(9,5,2),(10,5,2),(11,5,2),(11,4,2),(11,3,2),(11,2,2),(11,1,2),(11,0,2),
161:(0,10,1),(0,9,1),(1,9,1),(2,9,1),(3,9,1),(4,9,1),(4,9,1),(5,9,1),(6,9,1),(7,9,1),(8,9,1),(8,8,1),(9,8,1),(10,8,1),(10,8,2),
162:(0,0,3),(1,0,3),(2,0,3),(2,1,3),(2,1,2),(2,2,2),(2,3,2),(2,3,1),(2,4,1),(2,5,1),(2,6,1),(2,7,1),(3,7,1),
163:(2,6,1),(3,6,1),(4,6,1),(4,7,1),(4,7,1),(5,7,1),(6,7,1),(6,8,1),(7,8,1),(8,8,1),(9,8,1),(10,8,1),(10,9,1),(10,10,1),(10,11,1),(10,12,1),(10,13,1),
164:(9,3,3),(10,3,3),(11,3,3),(12,3,3),(13,3,3),(13,3,2),(13,4,2),(13,5,2),(13,6,2),(13,6,1),(13,7,1),(13,8,1),(13,8,0),(13,9,0),(13,10,0),(13,11,0),(13,12,0),(14,12,0),(14,13,0),(14,14,0),
165:(13,3,0),(12,3,0),(12,3,1),(12,3,2),(12,3,3),(12,3,4),(12,4,4),(12,5,4),(12,6,4),(12,7,4),(12,8,4),(12,9,4),(12,10,4),(12,11,4),(12,12,4),(12,13,4),
166:(14,2,2),(13,2,2),(12,2,2),(11,2,2),(10,2,2),(9,2,2),(8,2,2),(8,3,2),(8,3,2),(7,3,2),(7,4,2),(7,5,2),(6,5,2),(6,5,3),(6,5,3),(5,5,3),(4,5,3),(3,5,3),(3,5,3),(2,5,3),(2,6,3),(1,6,3),(1,7,3),(0,7,3),
167:(5,9,0),(4,9,0),(3,9,0),(2,9,0),(2,8,0),(2,8,1),(2,8,2),(2,7,2),
168:(5,11,0),(4,11,0),(3,11,0),(3,11,1),
169:(4,12,1),(5,12,1),(6,12,1),(7,12,1),(8,12,1),(9,12,1),(10,12,1),(11,12,1),(11,13,1),(11,14,1),
170:(11,4,2),(10,4,2),(9,4,2),(9,5,2),(9,6,2),(9,7,2),(9,8,2),(9,9,2),(9,10,2),(9,11,2),(9,11,3),(9,12,3),(9,13,3),(9,14,3),
171:(8,3,3),(8,3,2),(8,3,1),(8,4,1),(8,5,1),(8,6,1),(8,7,1),(9,7,1),(9,8,1),(9,9,1),
172:(7,7,2),(6,7,2),(5,7,2),(4,7,2),(4,6,2),(4,5,2),(3,5,2),(2,5,2),(1,5,2),(1,4,2),(1,3,2),(1,2,2),(1,1,2),(1,0,2),
173:(11,0,0),(11,1,0),(11,2,0),(11,3,0),(11,4,0),(11,5,0),(11,6,0),(11,7,0),(11,8,0),(11,8,1),(11,9,1),(10,9,1),(10,10,1),(10,11,1),(10,12,1),(10,12,2),(10,13,2),(10,13,3),(10,13,4),
174:(13,11,1),(13,11,2),(13,11,3),(13,11,4),(13,11,5),(14,11,5),(14,12,5),(14,13,5),
175:(13,5,5),(12,5,5),(11,5,5),(10,5,5),(9,5,5),(9,4,5),(9,4,4),(9,4,3),(9,4,2),(9,4,1),(8,4,1),(7,4,1),(7,4,0),(6,4,0),(6,3,0),(5,3,0),(4,3,0),(4,2,0),
176:(5,14,1),(5,13,1),(5,12,1),(4,12,1),(3,12,1),(2,12,1),(1,12,1),(0,12,1),(0,11,1),(0,10,1),(0,9,1),(0,8,1),(0,7,1),(0,6,1),
177:(0,10,0),(1,10,0),(2,10,0),(3,10,0),(4,10,0),(5,10,0),(6,10,0),(7,10,0),(8,10,0),(9,10,0),(10,10,0),(10,10,1),(10,11,1),(10,12,1),(10,12,2),(10,12,3),
178:(10,8,2),(9,8,2),(9,7,2),(8,7,2),(7,7,2),(7,6,2),(7,5,2),(7,5,3),(7,4,3),(8,4,3),(8,3,3),(8,2,3),(8,1,3),(8,0,3),(7,0,3),
179:(0,8,5),(1,8,5),(1,8,4),(1,8,3),(1,7,3),(1,6,3),(1,6,2),(2,6,2),(2,5,2),(3,5,2),(3,5,1),(4,5,1),(4,4,1),(5,4,1),(5,4,1),(6,4,1),(7,4,1),(8,4,1),(8,4,0),(9,4,0),(10,4,0),
180:(3,5,5),(4,5,5),(4,4,5),(4,3,5),(4,2,5),
181:(7,3,5),(6,3,5),(6,3,4),(5,3,4),(5,3,4),(5,3,3),
182:(4,12,5),(3,12,5),(3,11,5),(3,10,5),(3,9,5),(3,8,5),(3,7,5),(3,6,5),(3,5,5),(3,5,5),(3,5,4),(3,5,3),(3,5,2),(2,5,2),(2,4,2),(2,3,2),(3,3,2),
183:(14,7,2),(13,7,2),(13,7,3),(12,7,3),(11,7,3),(10,7,3),(9,7,3),(8,7,3),(7,7,3),(6,7,3),(5,7,3),(4,7,3),(4,7,4),(4,6,4),(3,6,4),(2,6,4),
184:(8,8,5),(7,8,5),(6,8,5),(5,8,5),(5,9,5),(4,9,5),(3,9,5),(3,10,5),(3,11,5),(2,11,5),
185:(14,1,1),(13,1,1),(12,1,1),(11,1,1),(10,1,1),(9,1,1),(8,1,1),(7,1,1),(6,1,1),(5,1,1),(5,2,1),(5,3,1),(5,4,1),(5,5,1),(5,6,1),(5,7,1),(5,8,1),(5,9,1),(5,10,1),(5,11,1),(4,11,1),(4,11,2),(4,12,2),(4,13,2),(3,13,2),(3,13,3),(2,13,3),(2,14,3),(2,14,2),
186:(1,12,5),(1,11,5),(2,11,5),(3,11,5),(4,11,5),(4,11,4),(4,11,3),(4,11,2),(4,10,2),(4,9,2),(4,8,2),(4,7,2),(4,6,2),(4,5,2),(4,4,2),
187:(1,5,0),(1,5,1),(1,5,2),(1,5,3),(1,5,4),(1,6,4),(1,6,5),(1,7,5),(1,8,5),(1,9,5),(1,10,5),(1,11,5),
188:(7,2,1),(8,2,1),(9,2,1),(10,2,1),(11,2,1),(12,2,1),(13,2,1),(13,3,1),(13,3,2),(13,4,2),(13,5,2),(13,5,3),(13,6,3),(13,7,3),(12,7,3),(12,8,3),(12,9,3),(13,9,3),(13,10,3),(13,11,3),(13,12,3),(13,13,3),
189:(6,6,0),(6,6,1),(6,6,2),(6,7,2),(6,8,2),(7,8,2),(7,9,2),(7,10,2),(7,11,2),(7,12,2),(7,13,2),(7,14,2),
190:(9,13,4),(8,13,4),(8,12,4),(8,11,4),(8,10,4),(8,10,4),(8,10,3),(8,10,2),(8,10,1),(8,9,1),(8,8,1),(8,8,0),(8,7,0),(8,6,0),(8,6,1),(8,5,1),
191:(13,2,1),(13,2,0),(13,3,0),(13,4,0),(13,5,0),(13,6,0),(13,7,0),(13,8,0),(13,9,0),(12,9,0),(11,9,0),(11,10,0),(10,10,0),(9,10,0),(8,10,0),(8,11,0),(7,11,0),(7,12,0),(7,13,0),(6,13,0),(5,13,0),(5,14,0),
192:(2,2,3),(3,2,3),(4,2,3),(4,2,4),(5,2,4),(6,2,4),(7,2,4),(8,2,4),(9,2,4),(10,2,4),(10,3,4),(10,4,4),(10,4,5),(11,4,5),(11,5,5),(11,6,5),
193:(8,9,3),(8,10,3),(7,10,3),(6,10,3),(6,10,2),(5,10,2),(5,11,2),(5,11,1),(5,11,0),(4,11,0),(3,11,0),(2,11,0),(2,10,0),
194:(13,5,3),(12,5,3),(12,5,4),(11,5,4),(11,5,5),(10,5,5),(9,5,5),(8,5,5),(7,5,5),(6,5,5),(6,4,5),(6,3,5),
195:(8,10,0),(8,10,1),(7,10,1),(6,10,1),(5,10,1),(4,10,1),(4,10,2),(4,9,2),(4,8,2),(4,7,2),(4,6,2),(4,5,2),(4,4,2),(4,3,2),(4,2,2),(4,2,3),(4,1,3),(4,0,3),
196:(3,7,5),(4,7,5),(5,7,5),(5,7,4),(6,7,4),(7,7,4),(8,7,4),(9,7,4),(9,7,3),(10,7,3),(11,7,3),(11,7,2),(11,7,1),(11,7,0),(11,8,0),(11,9,0),(11,10,0),(11,11,0),(11,12,0),(11,13,0),
197:(4,9,0),(4,8,0),(5,8,0),(6,8,0),(7,8,0),(8,8,0),(9,8,0),(9,8,1),(9,8,2),(9,8,3),(9,8,4),(9,8,5),(9,7,5),(9,6,5),(9,5,5),(9,4,5),
198:(0,13,2),(0,13,1),(0,12,1),(0,11,1),(0,10,1),(0,9,1),(0,8,1),(0,7,1),(1,7,1),(1,6,1),(1,5,1),(2,5,1),(3,5,1),(4,5,1),(5,5,1),(5,4,1),(6,4,1),(7,4,1),(8,4,1),(8,3,1),(9,3,1),(10,3,1),(10,3,0),
199:(12,5,0),(11,5,0),(10,5,0),(9,5,0),(8,5,0),(7,5,0),(6,5,0),(5,5,0),(4,5,0),(4,5,1),(4,6,1),(4,6,0),
200:(2,14,1),(3,14,1),(4,14,1),(5,14,1),(6,14,1),(7,14,1),(7,13,1),(8,13,1),(8,13,2),(8,13,3),(8,13,4),
201:(7,3,4),(8,3,4),(8,3,3),(8,3,2),(8,2,2),(8,1,2),(8,1,2),(8,1,2),(8,1,1),
202:(7,6,4),(8,6,4),(9,6,4),(9,6,3),(9,7,3),(9,8,3),(10,8,3),(10,8,2),(10,8,1),(10,9,1),(10,9,0),(10,10,0),(10,11,0),
203:(1,6,4),(0,6,4),(0,6,3),
204:(2,6,4),(3,6,4),(4,6,4),(5,6,4),(6,6,4),(6,5,4),(6,4,4),(6,3,4),(6,2,4),(6,1,4),(6,0,4),
205:(0,14,2),(1,14,2),(2,14,2),(3,14,2),(4,14,2),(5,14,2),(6,14,2),(6,14,3),(7,14,3),(8,14,3),(9,14,3),(10,14,3),(11,14,3),(12,14,3),(12,13,3),(12,12,3),(12,12,4),(12,11,4),(12,11,5),(12,10,5),(12,9,5),(12,8,5),(12,7,5),(13,7,5),(13,6,5),
206:(13,0,0),(12,0,0),(11,0,0),(10,0,0),(9,0,0),(8,0,0),(8,1,0),(8,2,0),(8,3,0),(8,4,0),(8,5,0),(8,6,0),(7,6,0),(7,7,0),(7,8,0),(7,9,0),(7,10,0),(7,11,0),(7,12,0),(7,13,0),
207:(4,0,5),(5,0,5),(5,0,4),(6,0,4),(7,0,4),(8,0,4),(9,0,4),(9,0,3),(9,0,2),(9,1,2),(9,2,2),(9,3,2),(9,3,1),(9,4,1),(9,5,1),(9,6,1),(9,7,1),(10,7,1),(10,8,1),(10,9,1),
208:(5,13,5),(6,13,5),(7,13,5),(8,13,5),(8,13,4),(8,13,3),(8,13,2),(8,12,2),(8,11,2),(8,10,2),(8,9,2),(8,8,2),(8,7,2),(8,6,2),(8,5,2),(9,5,2),(9,5,1),(9,4,1),
209:(12,2,0),(11,2,0),(10,2,0),(9,2,0),(8,2,0),(8,2,1),(8,3,1),(8,4,1),(8,5,1),(8,6,1),(7,6,1),(7,6,1),(7,6,2),
210:(3,10,4),(4,10,4),(5,10,4),(5,9,4),(5,8,4),(6,8,4),(6,7,4),(7,7,4),(8,7,4),(9,7,4),(9,6,4),(10,6,4),(11,6,4),(11,6,4),(11,5,4),(12,5,4),(13,5,4),(14,5,4),(14,5,4),(14,5,3),
211:(14,14,3),(13,14,3),(13,13,3),(12,13,3),(11,13,3),(10,13,3),(10,12,3),(10,12,3),(9,12,3),(8,12,3),(7,12,3),(6,12,3),(6,12,3),(6,11,3),(5,11,3),(4,11,3),(4,11,4),(3,11,4),(2,11,4),(1,11,4),(0,11,4),(0,10,4),(0,9,4),
212:(0,10,5),(1,10,5),(1,10,4),(1,10,3),(1,9,3),(1,8,3),(1,7,3),(1,6,3),(1,5,3),
213:(6,1,2),(7,1,2),(7,2,2),(7,3,2),(7,4,2),(8,4,2),(8,4,1),(8,5,1),(8,6,1),(8,7,1),
214:(11,10,5),(10,10,5),(9,10,5),(8,10,5),(7,10,5),(6,10,5),(5,10,5),(4,10,5),(3,10,5),(3,10,4),(3,11,4),(3,12,4),(3,13,4),(3,14,4),
215:(0,11,1),(1,11,1),(1,11,0),(2,11,0),(3,11,0),(3,10,0),(4,10,0),(5,10,0),(6,10,0),(7,10,0),(7,9,0),(7,8,0),(7,7,0),(8,7,0),(8,6,0),(8,5,0),(8,4,0),(7,4,0),
216:(14,8,4),(13,8,4),(13,8,3),(13,8,2),(13,9,2),(13,10,2),(13,11,2),(13,12,2),(13,13,2),
217:(10,9,4),(9,9,4),(9,8,4),(9,7,4),(9,6,4),(9,6,3),(9,5,3),(9,5,3),(9,4,3),(9,4,2),(9,4,1),(8,4,1),(8,3,1),(7,3,1),(6,3,1),(5,3,1),(5,2,1),(5,1,1),(5,0,1),
218:(5,8,3),(4,8,3),(4,8,2),(3,8,2),(2,8,2),(2,7,2),(1,7,2),(1,6,2),(1,6,2),(0,6,2),
219:(8,1,4),(7,1,4),(6,1,4),(5,1,4),(5,1,3),(5,1,2),(5,2,2),(4,2,2),(3,2,2),(2,2,2),(2,3,2),(2,4,2),(1,4,2),(1,5,2),(1,6,2),(1,7,2),(0,7,2),(0,8,2),(0,9,2),(0,10,2),
220:(3,5,4),(4,5,4),(4,5,3),(4,5,3),(4,6,3),(4,7,3),(4,7,3),(4,8,3),(4,9,3),(4,10,3),(5,10,3),(5,11,3),(5,12,3),(6,12,3),(6,13,3),(6,14,3),
221:(4,10,3),(3,10,3),(3,9,3),(3,8,3),(3,7,3),(3,6,3),
222:(9,10,1),(9,11,1),(8,11,1),(7,11,1),(6,11,1),(6,11,0),(6,12,0),
223:(11,12,2),(12,12,2),(12,12,1),(12,12,0),(12,11,0),(12,10,0),(12,9,0),(12,8,0),(12,7,0),(12,6,0),(12,5,0),(12,4,0),(12,3,0),(12,2,0),(12,1,0),
224:(9,1,3),(9,1,2),(9,2,2),(9,3,2),(9,4,2),(10,4,2),(9,4,2),(9,5,2),(9,6,2),(9,7,2),(10,7,2),(10,8,2),(10,9,2),
225:(14,14,0),(13,14,0),(12,14,0),(11,14,0),(10,14,0),(10,14,1),(9,14,1),(8,14,1),(7,14,1),(7,14,2),(7,14,3),(7,13,3),(7,12,3),(7,11,3),(7,11,4),(7,10,4),(7,9,4),(6,9,4),(6,9,5),
226:(10,4,4),(10,4,3),(10,4,2),(10,3,2),(10,3,1),(10,3,0),(10,4,0),(10,5,0),(10,6,0),
227:(10,7,4),(10,7,5),(10,8,5),(10,9,5),(10,9,5),(10,10,5),(10,11,5),(11,11,5),(11,12,5),(11,13,5),
228:(1,10,3),(2,10,3),(3,10,3),(4,10,3),(5,10,3),(6,10,3),(7,10,3),(8,10,3),(9,10,3),(10,10,3),(11,10,3),(12,10,3),(13,10,3),(13,10,4),(13,9,4),
229:(8,2,1),(8,3,1),(7,3,1),(7,4,1),(6,4,1),(6,4,1),(5,4,1),(4,4,1),(3,4,1),(2,4,1),(2,5,1),(2,6,1),(2,6,0),
230:(3,13,1),(3,13,0),(2,13,0),(1,13,0),(1,12,0),(1,11,0),(1,10,0),(1,9,0),(1,8,0),(1,7,0),(1,6,0),(1,5,0),(1,4,0),(1,3,0),
231:(6,13,4),(5,13,4),(5,12,4),(5,11,4),(5,10,4),(5,9,4),(5,8,4),(6,8,4),(6,7,4),(6,6,4),(6,5,4),(6,4,4),(7,4,4),(7,3,4),(8,3,4),(8,2,4),(9,2,4),(9,1,4),(9,0,4),
232:(1,7,5),(2,7,5),(3,7,5),(4,7,5),(4,7,4),(5,7,4),(5,6,4),(6,6,4),(6,5,4),(6,5,3),(6,4,3),(7,4,3),(7,4,2),(7,3,2),
233:(13,0,5),(12,0,5),(11,0,5),(10,0,5),(9,0,5),(9,0,4),(9,0,3),(9,1,3),(9,2,3),
234:(9,7,5),(9,7,4),(10,7,4),(10,6,4),(10,5,4),(10,4,4),(10,3,4),(10,2,4),(10,2,3),(10,2,2),(10,1,2),(10,0,2),
235:(4,4,1),(3,4,1),(2,4,1),(2,4,2),(2,4,3),(2,4,4),(2,3,4),(2,2,4),
236:(4,8,2),(4,7,2),(4,7,3),(5,7,3),(6,7,3),(7,7,3),(8,7,3),(8,6,3),(8,5,3),
237:(3,13,3),(3,13,3),(4,13,3),(5,13,3),(6,13,3),(7,13,3),(7,13,2),(8,13,2),(9,13,2),
238:(3,14,4),(4,14,4),(4,13,4),(4,12,4),(4,11,4),(4,10,4),(4,9,4),(4,8,4),(5,8,4),(5,7,4),
239:(2,9,1),(3,9,1),(4,9,1),(5,9,1),(6,9,1),(7,9,1),(8,9,1),(9,9,1),(10,9,1),(11,9,1),(12,9,1),(13,9,1),(14,9,1),
240:(4,3,4),(5,3,4),(5,3,3),(6,3,3),(7,3,3),(7,4,3),(7,5,3),(8,5,3),(9,5,3),(9,6,3),(9,7,3),(9,7,3),(10,7,3),(10,8,3),(10,9,3),(10,10,3),(10,11,3),(11,11,3),(11,12,3),(11,13,3),(11,14,3),(12,14,3),(12,15,3),(12,15,2),(12,15,1),(12,14,1),
241:(2,2,4),(3,2,4),(4,2,4),(5,2,4),(6,2,4),(7,2,4),(7,2,5),(7,1,5),
242:(12,3,5),(11,3,5),(10,3,5),(9,3,5),(8,3,5),(8,2,5),(8,1,5),(8,0,5),(8,0,4),(8,0,3),(8,0,2),
243:(13,11,0),(12,11,0),(11,11,0),(10,11,0),(9,11,0),(8,11,0),(7,11,0),(6,11,0),(6,11,1),(6,10,1),(6,9,1),(6,8,1),(6,8,2),(6,7,2),
244:(14,2,4),(14,3,4),(14,4,4),(14,5,4),(14,6,4),(14,7,4),(13,7,4),(13,8,4),(12,8,4),(11,8,4),(11,9,4),(11,10,4),(11,11,4),(11,12,4),(10,12,4),(9,12,4),(8,12,4),(8,12,5),(7,12,5),(6,12,5),(6,13,5),(6,13,4),
245:(8,8,4),(9,8,4),(10,8,4),(11,8,4),(11,8,3),(11,7,3),(11,7,2),(11,7,1),(11,7,0),(11,6,0),(11,5,0),(11,4,0),(11,3,0),
246:(10,13,2),(10,12,2),(10,11,2),(10,11,2),(10,11,3),(10,10,3),(10,9,3),(10,8,3),(10,7,3),(10,6,3),(10,6,4),(10,5,4),(10,4,4),(10,3,4),(10,2,4),(10,2,5),(10,1,5),(10,0,5),
247:(8,10,2),(8,9,2),(8,9,2),(8,9,2),(8,9,2),(8,9,2),(8,9,2),(8,9,2),(8,9,2),(8,9,2),(8,9,3),(8,9,3),(8,9,2),
248:(10,7,1),(9,7,1),(8,7,1),(8,8,1),(8,8,2),(8,8,3),(7,8,3),(7,9,3),(7,9,4),(6,9,4),(6,10,4),(6,11,4),
249:(12,2,2),(11,2,2),(10,2,2),(9,2,2),(9,2,2),(8,2,2),(8,2,1),(8,2,1),(8,2,0),
250:(1,14,0),(2,14,0),(3,14,0),(4,14,0),(5,14,0),(6,14,0),(7,14,0),(8,14,0),(9,14,0),(10,14,0),(11,14,0),(12,14,0),(13,14,0),(13,13,0),(13,13,1),(13,12,1),(13,12,2),(13,11,2),(13,10,2),
251:(3,12,2),(4,12,2),(5,12,2),(6,12,2),(6,12,3),(6,11,3),(6,10,3),(6,9,3),
252:(12,3,1),(13,3,1),(14,3,1),(14,3,2),(14,3,3),(14,3,4),
253:(9,1,5),(9,1,4),(8,1,4),(7,1,4),(7,2,4),(7,2,3),(7,3,3),(7,3,2),(7,3,2),(7,4,2),(7,5,2),(7,5,1),(7,6,1),(7,6,0),(7,7,0),(7,8,0),(7,9,0),
254:(11,9,4),(11,10,4),(12,10,4),(13,10,4),(13,11,4),(13,12,4),
255:(12,14,2),(11,14,2),(10,14,2),(10,13,2),(10,12,2),(10,11,2),(10,10,2),(10,9,2),(10,8,2),(10,8,1),(10,7,1),(9,7,1),(9,6,1),(8,6,1),(7,6,1),(6,6,1),(5,6,1),(4,6,1),(4,5,1),
256:(13,13,4),(14,13,4),(14,12,4),(14,11,4),
257:(13,8,1),(12,8,1),(11,8,1),(10,8,1),(9,8,1),(8,8,1),(8,8,2),(8,7,2),(8,6,2),(8,5,2),(8,4,2),(8,4,2),(8,4,3),(7,4,3),(7,4,4),
258:(11,2,0),(10,2,0),(9,2,0),(9,3,0),(8,3,0),(7,3,0),(6,3,0),(5,3,0),(4,3,0),(3,3,0),(2,3,0),(2,3,1),(2,3,2),(2,3,3),(2,4,3),(2,5,3),(2,6,3),(2,7,3),(2,8,3),(2,9,3),(2,10,3),(2,10,4),
259:(14,2,3),(13,2,3),(12,2,3),(12,2,2),(11,2,2),(10,2,2),(9,2,2),(8,2,2),(8,2,1),(8,3,1),(7,3,1),(6,3,1),(5,3,1),(4,3,1),(3,3,1),(2,3,1),(2,4,1),(2,5,1),(2,6,1),(2,7,1),(2,8,1),(2,9,1),(2,10,1),(2,10,2),(2,11,2),(2,12,2),(1,12,2),
260:(5,2,4),(6,2,4),(7,2,4),(8,2,4),(8,2,3),(9,2,3),(9,1,3),(10,1,3),(11,1,3),(12,1,3),(12,0,3),
261:(9,6,5),(10,6,5),(11,6,5),(12,6,5),(13,6,5),(13,6,4),(13,6,3),(13,7,3),(13,7,3),(14,7,3),
262:(6,0,0),(7,0,0),(8,0,0),(9,0,0),(9,0,1),(10,0,1),(10,1,1),(10,2,1),(10,3,1),(10,4,1),(10,5,1),(10,6,1),(10,7,1),(10,7,1),(10,7,2),(10,7,3),(10,7,3),(10,8,3),(11,8,3),(11,8,4),
263:(6,1,1),(5,1,1),(4,1,1),(3,1,1),(2,1,1),(2,1,0),(2,2,0),(2,3,0),(2,4,0),(2,5,0),
264:(2,11,4),(1,11,4),(1,11,4),(1,10,4),
265:(12,6,5),(12,6,4),(12,6,3),(12,6,3),(13,6,3),(13,5,3),(13,4,3),
266:(7,5,4),(7,5,3),(7,5,3),(7,6,3),(7,7,3),(7,8,3),(7,8,2),(7,9,2),
267:(12,0,3),(11,0,3),(10,0,3),(10,0,4),(10,1,4),(10,2,4),(9,2,4),(9,3,4),(8,3,4),(7,3,4),(6,3,4),(5,3,4),(4,3,4),(4,4,4),(4,5,4),(4,6,4),(4,7,4),(4,7,4),(4,8,4),(3,8,4),(3,9,4),(3,10,4),(3,11,4),
268:(7,9,2),(7,9,1),(6,9,1),(6,9,2),(5,9,2),(5,8,2),(5,8,3),(5,8,4),(5,7,4),(5,6,4),(5,6,5),(4,6,5),(4,5,5),(3,5,5),(2,5,5),(2,4,5),(1,4,5),(1,3,5),
269:(13,13,5),(12,13,5),(11,13,5),(10,13,5),(9,13,5),(8,13,5),(7,13,5),(7,13,4),(7,13,3),(7,13,2),(6,13,2),(6,12,2),(6,11,2),(6,11,1),(6,11,0),(5,11,0),
270:(1,11,3),(2,11,3),(3,11,3),(4,11,3),(5,11,3),(5,10,3),(5,9,3),(5,8,3),(6,8,3),(7,8,3),(8,8,3),(8,7,3),(8,6,3),(9,6,3),(9,5,3),(9,5,3),(9,5,2),
271:(4,11,4),(5,11,4),(6,11,4),(7,11,4),(7,11,3),(7,11,2),(8,11,2),(9,11,2),(9,11,1),(9,11,0),(9,10,0),(9,9,0),(9,8,0),(9,7,0),(9,6,0),(9,5,0),(9,4,0),(9,4,-1),(9,3,-1),(9,2,-1),(9,1,-1),(9,1,0),
272:(13,10,3),(12,10,3),(11,10,3),(10,10,3),(9,10,3),(9,10,4),(8,10,4),(7,10,4),(6,10,4),(5,10,4),(4,10,4),(3,10,4),(2,10,4),(2,11,4),(1,11,4),(1,12,4),(1,13,4),(1,13,4),(0,13,4),
273:(1,2,1),(2,2,1),(3,2,1),(4,2,1),(5,2,1),(6,2,1),(6,3,1),(7,3,1),(8,3,1),(9,3,1),(10,3,1),(11,3,1),(11,4,1),(12,4,1),(13,4,1),(13,4,0),
274:(13,14,5),(12,14,5),(11,14,5),(10,14,5),(9,14,5),(8,14,5),(7,14,5),(6,14,5),(6,13,5),(6,12,5),(6,11,5),(5,11,5),(5,10,5),(5,9,5),(5,8,5),(5,8,4),(5,8,3),(6,8,3),(6,7,3),(5,7,3),(5,6,3),(5,5,3),(5,4,3),
275:(2,13,3),(2,12,3),(2,11,3),(2,10,3),(2,10,4),(2,9,4),(2,8,4),(2,8,5),(2,7,5),(2,6,5),
276:(5,7,1),(4,7,1),(3,7,1),(2,7,1),(2,7,2),(2,7,3),(2,7,4),(2,7,5),(2,6,5),(2,5,5),(2,4,5),(2,3,5),(2,2,5),(2,1,5),
277:(13,1,0),(12,1,0),(11,1,0),(10,1,0),(10,2,0),(9,2,0),(8,2,0),(7,2,0),(6,2,0),(5,2,0),(5,3,0),(5,4,0),(5,5,0),(5,6,0),(5,7,0),(5,8,0),(4,8,0),(4,8,1),(3,8,1),(3,9,1),(3,9,2),(3,10,2),(3,11,2),(3,12,2),
278:(10,1,5),(9,1,5),(9,1,4),(8,1,4),(7,1,4),(6,1,4),(6,1,3),(6,1,2),(6,2,2),(5,2,2),(5,3,2),(5,4,2),
279:(1,11,5),(2,11,5),(2,11,4),(3,11,4),(3,11,3),(4,11,3),(5,11,3),(5,11,2),(6,11,2),(6,10,2),(6,9,2),(6,8,2),(6,7,2),(6,7,1),(6,7,0),(7,7,0),
280:(8,4,1),(7,4,1),(6,4,1),(6,5,1),
281:(12,12,2),(13,12,2),(13,12,3),(13,12,4),(13,12,5),(13,11,5),(13,10,5),(13,9,5),(13,8,5),(13,7,5),(13,6,5),(13,5,5),(13,4,5),(13,4,6),(13,3,6),(13,2,6),(13,1,6),(13,0,6),(13,0,5),
282:(9,11,2),(8,11,2),(7,11,2),(6,11,2),(5,11,2),(4,11,2),(3,11,2),(2,11,2),(2,10,2),(2,9,2),(2,9,1),(2,8,1),(2,7,1),(2,6,1),(2,5,1),(2,4,1),(2,4,0),(2,3,0),(2,2,0),(1,2,0),(1,1,0),(1,0,0),
283:(6,14,3),(6,13,3),(6,12,3),(6,11,3),(6,11,2),(6,10,2),(6,10,1),(7,10,1),(7,10,2),
284:(12,8,1),(12,8,0),(12,7,0),(12,7,1),(12,6,1),(12,5,1),(12,5,2),(12,4,2),(12,3,2),(12,3,3),(13,3,3),(13,2,3),(13,1,3),(13,1,4),(13,1,5),
285:(1,3,0),(2,3,0),(2,3,1),(2,3,2),(2,3,3),(2,4,3),(2,5,3),(2,5,4),(2,6,4),(2,7,4),(2,8,4),(2,9,4),(2,9,4),(2,10,4),(2,10,4),(2,11,4),(2,12,4),(2,13,4),
286:(10,9,1),(9,9,1),(9,8,1),(9,7,1),(8,7,1),(7,7,1),(7,6,1),(7,5,1),(7,4,1),(6,4,1),(6,3,1),(6,3,0),(6,2,0),(6,1,0),(6,0,0),
287:(14,6,4),(13,6,4),(12,6,4),(11,6,4),(10,6,4),(10,6,4),(9,6,4),(9,6,3),(9,6,3),(9,7,3),(8,7,3),(7,7,3),(6,7,3),(5,7,3),(4,7,3),(3,7,3),(2,7,3),(1,7,3),(1,7,2),
288:(12,10,1),(12,10,0),(12,9,0),(12,8,0),(12,7,0),(12,6,0),(12,6,0),(12,6,1),(12,6,2),(12,6,3),(12,5,3),(11,5,3),
289:(7,1,3),(6,1,3),(6,2,3),(5,2,3),(4,2,3),(3,2,3),(3,2,4),(3,3,4),
290:(9,8,3),(9,7,3),(9,7,4),(9,6,4),(8,6,4),(7,6,4),
291:(9,2,5),(10,2,5),(11,2,5),(12,2,5),(12,3,5),(12,4,5),(12,5,5),(12,6,5),(12,7,5),(12,8,5),(13,8,5),
292:(11,4,0),(10,4,0),(9,4,0),(8,4,0),(8,4,0),(8,5,0),(8,5,0),(7,5,0),
293:(3,4,1),(3,4,2),(3,4,3),(4,4,3),(5,4,3),(6,4,3),(6,5,3),(6,6,3),(6,7,3),(6,8,3),(7,8,3),(8,8,3),(9,8,3),(9,9,3),(9,10,3),(9,11,3),(9,12,3),(9,13,3),(10,13,3),(10,14,3),(10,14,4),
294:(12,9,5),(12,9,4),(12,8,4),(12,7,4),(11,7,4),(11,6,4),(11,5,4),(11,4,4),(10,4,4),(10,4,3),(10,4,2),(10,4,1),(10,4,0),(10,3,0),(10,2,0),(9,2,0),
295:(11,10,3),(10,10,3),(9,10,3),(8,10,3),(7,10,3),(7,10,2),(6,10,2),(5,10,2),(5,9,2),(5,8,2),(5,7,2),
296:(10,9,5),(10,9,4),(10,9,3),(10,9,2),(10,9,1),(10,8,1),(10,7,1),(10,6,1),(10,5,1),(10,5,0),(10,4,0),(10,3,0),(10,2,0),(11,2,0),(11,1,0),
297:(8,2,2),(7,2,2),(6,2,2),(5,2,2),(5,2,3),(4,2,3),(3,2,3),(2,2,3),(2,3,3),(2,4,3),(2,5,3),(2,6,3),(2,7,3),(2,7,3),(2,7,3),(2,7,3),(2,7,4),(2,7,4),(2,7,3),
298:(5,14,5),(5,13,5),(6,13,5),(7,13,5),(8,13,5),(8,12,5),(9,12,5),(10,12,5),(10,11,5),(11,11,5),(12,11,5),(12,10,5),(12,9,5),(12,8,5),(12,7,5),(12,6,5),(12,5,5),(12,5,4),(12,4,4),(12,3,4),(12,2,4),
299:(4,6,4),(5,6,4),(6,6,4),(7,6,4),(7,5,4),(8,5,4),(9,5,4),(10,5,4),(11,5,4),(12,5,4),(12,6,4),
300:(6,2,0),(6,2,0),(6,3,0),(6,4,0),(6,5,0),(6,6,0),(6,7,0),(6,8,0),(6,9,0),(5,9,0),(4,9,0),(4,10,0),
301:(6,14,2),(7,14,2),(8,14,2),(9,14,2),(9,14,1),(9,13,1),(10,13,1),(10,12,1),(10,11,1),(11,11,1),(11,10,1),(11,9,1),(12,9,1),
302:(13,13,2),(12,13,2),(11,13,2),(11,12,2),(11,12,3),(10,12,3),(9,12,3),(9,11,3),(8,11,3),(7,11,3),(7,11,4),(7,10,4),(6,10,4),(5,10,4),(5,10,5),(5,9,5),(5,8,5),(4,8,5),(4,7,5),(4,6,5),(4,5,5),(4,4,5),(4,3,5),(3,3,5),(2,3,5),
303:(5,9,2),(5,9,1),(5,9,0),(6,9,0),(6,8,0),(7,8,0),(8,8,0),(9,8,0),(9,7,0),(10,7,0),(11,7,0),(12,7,0),(12,6,0),(12,5,0),(12,4,0),
304:(4,10,5),(4,9,5),(4,9,5),(4,8,5),(4,7,5),(4,6,5),(5,6,5),(5,5,5),(5,4,5),(5,4,4),(5,3,4),(5,2,4),(5,1,4),(5,0,4),
305:(9,3,5),(9,3,4),(8,3,4),(7,3,4),(7,4,4),(6,4,4),(5,4,4),(4,4,4),(3,4,4),(3,5,4),(3,6,4),(3,7,4),
306:(0,0,0),(1,0,0),(1,1,0),(1,1,1),(1,2,1),(1,3,1),(1,4,1),(2,4,1),(2,5,1),(2,6,1),(2,7,1),(3,7,1),(3,8,1),(4,8,1),(4,9,1),(5,9,1),(5,9,2),(5,9,3),(5,10,3),(5,11,3),(5,12,3),(5,12,4),
307:(13,4,5),(12,4,5),(11,4,5),(10,4,5),(9,4,5),(8,4,5),(7,4,5),(7,5,5),(6,5,5),(5,5,5),(4,5,5),(3,5,5),(3,6,5),(3,7,5),(3,8,5),(3,8,4),(3,9,4),(3,10,4),(2,10,4),(2,11,4),(1,11,4),(1,11,4),(0,11,4),
308:(3,0,2),(3,0,3),(3,1,3),(3,2,3),(3,3,3),(3,4,3),(4,4,3),(5,4,3),(5,5,3),(5,6,3),(6,6,3),(6,7,3),(6,8,3),(7,8,3),(8,8,3),(9,8,3),(10,8,3),(11,8,3),(12,8,3),(12,9,3),
309:(3,11,0),(3,11,1),(4,11,1),(5,11,1),(5,12,1),(6,12,1),(7,12,1),(8,12,1),(8,11,1),
310:(14,7,1),(13,7,1),(12,7,1),(11,7,1),(10,7,1),(9,7,1),(9,7,0),(9,6,0),(9,5,0),(9,4,0),(9,3,0),
311:(9,1,0),(9,2,0),(9,3,0),(10,3,0),(11,3,0),(11,3,1),(11,3,2),(11,4,2),(11,5,2),(11,6,2),(11,6,3),(11,7,3),(11,8,3),(11,9,3),(11,10,3),
312:(13,12,5),(12,12,5),(12,12,4),(12,11,4),(11,11,4),(10,11,4),(10,10,4),(9,10,4),(9,9,4),(8,9,4),(7,9,4),(7,9,3),(7,8,3),(7,7,3),(6,7,3),(6,6,3),(6,6,2),(5,6,2),(5,6,1),(5,5,1),(5,4,1),(4,4,1),(4,3,1),
313:(5,11,3),(6,11,3),(7,11,3),(8,11,3),(8,11,2),(9,11,2),(10,11,2),(11,11,2),(12,11,2),(12,11,3),
314:(2,8,0),(3,8,0),(4,8,0),(5,8,0),(5,8,1),(6,8,1),(7,8,1),(8,8,1),(8,8,2),(8,8,3),(9,8,3),(10,8,3),(10,8,4),(11,8,4),(11,8,5),(12,8,5),(12,7,5),(12,6,5),(12,5,5),(12,4,5),(13,4,5),
315:(9,1,1),(9,2,1),(10,2,1),(11,2,1),(11,2,0),(11,3,0),(11,4,0),(11,5,0),(11,6,0),(11,6,-1),(12,6,-1),(12,7,-1),(12,8,-1),(12,8,0),
316:(13,1,5),(12,1,5),(11,1,5),(11,1,4),(11,1,3),(11,1,2),(10,1,2),(9,1,2),(8,1,2),(7,1,2),(6,1,2),(5,1,2),(5,1,1),(5,2,1),(4,2,1),(3,2,1),(2,2,1),(2,3,1),(2,4,1),(1,4,1),(1,5,1),(1,6,1),(1,6,0),
317:(4,9,4),(5,9,4),(6,9,4),(6,9,5),(7,9,5),(8,9,5),(8,9,5),(8,9,5),(8,10,5),
318:(9,14,4),(9,13,4),(9,12,4),(9,11,4),(9,10,4),(9,9,4),(9,9,5),(9,8,5),(9,7,5),(9,6,5),(9,5,5),(9,4,5),(9,3,5),(9,2,5),(10,2,5),(10,1,5),(11,1,5),(11,0,5),
319:(2,3,2),(3,3,2),(4,3,2),(4,3,1),(5,3,1),(5,4,1),(5,5,1),(5,6,1),(6,6,1),(6,7,1),(7,7,1),
320:(0,14,5),(1,14,5),(1,14,4),(1,14,3),(1,13,3),(1,12,3),(1,11,3),(1,10,3),(1,9,3),(1,9,2),(1,8,2),(1,7,2),(1,6,2),(2,6,2),(2,5,2),(2,4,2),
321:(1,14,3),(2,14,3),(3,14,3),(4,14,3),(5,14,3),(6,14,3),(7,14,3),(8,14,3),(9,14,3),(10,14,3),(10,13,3),(10,12,3),(10,11,3),(10,10,3),(10,10,4),(10,9,4),
322:(14,13,5),(13,13,5),(12,13,5),(11,13,5),(10,13,5),(9,13,5),(8,13,5),(7,13,5),(7,12,5),(7,11,5),(7,10,5),(6,10,5),(6,9,5),(6,8,5),(6,7,5),(6,6,5),(6,5,5),(5,5,5),(4,5,5),(4,4,5),(4,3,5),(3,3,5),(2,3,5),(2,2,5),(1,2,5),(0,2,5),(0,1,5),
323:(8,12,2),(7,12,2),(6,12,2),(6,12,3),(5,12,3),(4,12,3),(3,12,3),(2,12,3),(2,12,2),(2,11,2),(2,10,2),(2,9,2),
324:(11,8,2),(11,8,3),(11,8,4),(11,7,4),(11,6,4),(11,5,4),(11,4,4),(10,4,4),(10,3,4),(9,3,4),(8,3,4),(7,3,4),(6,3,4),(5,3,4),(4,3,4),(4,2,4),(4,1,4),
325:(4,9,3),(4,9,2),(4,10,2),(4,10,1),(4,11,1),(5,11,1),(5,11,0),(5,12,0),
326:(1,2,5),(1,3,5),(1,4,5),(1,5,5),
327:(5,0,4),(5,1,4),(5,2,4),(6,2,4),(6,2,5),(7,2,5),(7,3,5),(7,3,5),(7,4,5),(7,5,5),(8,5,5),(8,5,4),(9,5,4),
328:(10,2,5),(11,2,5),(12,2,5),(12,2,4),(12,2,3),(12,3,3),(12,4,3),
329:(9,12,0),(8,12,0),(8,12,1),(8,12,2),(7,12,2),(7,12,3),(6,12,3),(5,12,3),(4,12,3),
330:(4,0,2),(4,0,3),(3,0,3),(3,1,3),(3,2,3),(3,3,3),
331:(5,12,2),(5,11,2),(5,11,1),(5,10,1),(5,10,0),(5,9,0),(5,8,0),(5,7,0),(5,7,0),(4,7,0),
332:(9,2,4),(8,2,4),(8,2,3),(7,2,3),(6,2,3),(5,2,3),(4,2,3),(3,2,3),(2,2,3),(2,2,3),(2,2,2),
333:(7,4,3),(6,4,3),(5,4,3),(5,4,4),(4,4,4),(3,4,4),(3,5,4),(3,6,4),(3,7,4),(3,8,4),(3,9,4),(3,9,4),(3,10,4),(3,11,4),(3,12,4),(2,12,4),(1,12,4),(0,12,4),
334:(7,4,2),(8,4,2),(8,4,1),(8,5,1),(8,6,1),(8,6,0),(8,7,0),(8,8,0),(8,9,0),(8,10,0),(8,11,0),(8,12,0),(8,13,0),(8,14,0),(9,14,0),(10,14,0),
335:(4,3,2),(5,3,2),(5,2,2),(5,1,2),(6,1,2),(6,1,3),(7,1,3),(8,1,3),(9,1,3),(10,1,3),(11,1,3),(12,1,3),(12,1,4),(12,1,5),
336:(8,2,0),(7,2,0),(6,2,0),(6,3,0),(6,4,0),(6,5,0),(6,6,0),(6,7,0),(6,8,0),(5,8,0),(4,8,0),(4,9,0),(3,9,0),(2,9,0),(1,9,0),
337:(6,12,5),(5,12,5),(4,12,5),(3,12,5),(3,12,4),(3,12,3),(3,12,2),(3,11,2),(3,10,2),(3,10,1),(3,10,0),
338:(1,13,5),(2,13,5),(2,13,4),(2,12,4),(2,11,4),(3,11,4),(4,11,4),(4,10,4),(4,9,4),(4,8,4),(5,8,4),(6,8,4),(6,7,4),(6,7,3),(6,6,3),(6,5,3),(6,4,3),(7,4,3),(7,3,3),(7,2,3),
339:(3,1,2),(3,2,2),(3,3,2),(3,3,1),(3,3,2),(3,4,2),(3,4,3),(3,4,4),(3,5,4),(3,6,4),(3,7,4),(3,8,4),(3,9,4),(3,10,4),(3,11,4),(3,12,4),(3,13,4),
340:(11,10,2),(11,9,2),(11,9,2),(11,8,2),(11,7,2),(10,7,2),(10,6,2),
341:(5,9,1),(6,9,1),(6,9,2),(7,9,2),(7,8,2),(8,8,2),(8,7,2),(8,6,2),(8,5,2),(9,5,2),(10,5,2),(10,4,2),(10,3,2),(10,2,2),
342:(4,8,0),(4,8,-1),(4,9,-1),(4,9,0),(4,9,0),(4,9,0),(4,9,0),(4,9,0),(4,9,0),(4,9,0),(4,9,-1),(4,9,-1),(4,9,0),
343:(3,10,3),(3,9,3),(4,9,3),(5,9,3),(5,8,3),(5,7,3),(5,6,3),(5,6,2),(5,6,1),(5,5,1),(5,4,1),(6,4,1),(7,4,1),(8,4,1),(8,3,1),(8,2,1),
344:(6,13,1),(6,12,1),(7,12,1),(8,12,1),(9,12,1),(10,12,1),(11,12,1),(11,12,2),(12,12,2),(13,12,2),(13,11,2),(13,10,2),(13,9,2),
345:(11,7,2),(10,7,2),(10,7,1),(10,7,0),(10,8,0),(10,9,0),(10,10,0),(10,11,0),(9,11,0),(9,12,0),(9,13,0),
346:(1,12,0),(2,12,0),(3,12,0),(4,12,0),(4,12,1),(5,12,1),(6,12,1),(7,12,1),(7,11,1),(7,10,1),(8,10,1),(8,9,1),(8,8,1),(9,8,1),(10,8,1),(10,7,1),(10,7,2),(10,7,3),(10,6,3),(10,5,3),(10,4,3),(10,3,3),(10,2,3),(10,2,4),(11,2,4),(11,1,4),(11,1,5),
347:(1,10,4),(2,10,4),(3,10,4),(4,10,4),(4,10,3),(4,10,2),(5,10,2),(5,9,2),(5,9,1),(6,9,1),(7,9,1),(7,9,0),(8,9,0),(9,9,0),(9,8,0),(9,7,0),(9,6,0),(9,5,0),
348:(9,10,4),(8,10,4),(7,10,4),(7,10,4),(7,11,4),(7,12,4),(7,13,4),(7,14,4),
349:(2,2,5),(1,2,5),(0,2,5),(0,2,4),(0,2,3),(0,2,2),(0,1,2),(0,0,2),
350:(6,5,4),(7,5,4),(7,5,5),(7,6,5),(7,7,5),(8,7,5),(9,7,5),(10,7,5),(10,8,5),(11,8,5),(12,8,5),(12,9,5),(13,9,5),(14,9,5),
351:(13,1,2),(12,1,2),(12,1,3),(12,1,4),(12,1,5),(12,2,5),(12,3,5),(12,4,5),(12,5,5),(12,6,5),(12,7,5),(11,7,5),
352:(6,2,3),(6,2,2),(6,2,1),(6,2,2),(5,2,2),(4,2,2),(3,2,2),(3,2,1),(3,2,0),
353:(3,4,5),(4,4,5),(5,4,5),(5,5,5),(6,5,5),(7,5,5),(8,5,5),(8,6,5),(9,6,5),(10,6,5),(11,6,5),(11,6,4),(11,6,3),(12,6,3),
354:(8,14,1),(8,14,2),(8,14,3),(8,13,3),(8,12,3),(8,12,4),(8,12,5),(7,12,5),(6,12,5),(6,11,5),(7,11,5),(6,11,5),(5,11,5),
355:(2,6,3),(2,6,2),(3,6,2),(3,6,1),(3,7,1),(3,8,1),(3,9,1),(4,9,1),(4,10,1),(5,10,1),(5,10,2),
356:(10,7,2),(10,6,2),(11,6,2),(11,6,1),(11,5,1),(11,4,1),(11,3,1),(11,3,2),(11,2,2),(11,2,3),
357:(2,13,2),(2,13,1),(1,13,1),(1,12,1),(1,12,1),(1,12,0),
358:(5,0,2),(4,0,2),(4,0,1),(4,1,1),(4,2,1),(4,3,1),(4,4,1),(4,5,1),(4,6,1),(5,6,1),(5,7,1),(5,8,1),(5,9,1),(5,10,1),(5,11,1),(4,11,1),(4,12,1),
359:(14,11,1),(14,10,1),(14,9,1),(14,8,1),(14,8,0),
360:(7,9,5),(6,9,5),(5,9,5),(4,9,5),(4,9,4),(4,8,4),(4,7,4),(4,7,3),(4,7,2),(4,6,2),(4,5,2),(4,4,2),(4,3,2),(4,2,2),(3,2,2),(3,1,2),(2,1,2),
361:(9,13,0),(8,13,0),(8,12,0),(8,11,0),(7,11,0),(7,10,0),(7,9,0),(7,8,0),(7,7,0),(7,6,0),(7,6,-1),(7,5,-1),(7,4,-1),(7,4,0),(7,4,1),(7,3,1),(7,2,1),(7,1,1),
362:(1,11,0),(2,11,0),(2,11,1),(2,11,2),(3,11,2),(3,11,3),(3,11,4),(4,11,4),(4,11,5),(4,10,5),(4,10,6),(5,10,6),(6,10,6),(6,10,5),
363:(12,7,3),(11,7,3),(10,7,3),(9,7,3),(8,7,3),(8,7,2),(7,7,2),(7,7,1),(7,6,1),(7,5,1),(7,4,1),(7,4,0),(7,3,0),
364:(11,6,4),(10,6,4),(10,6,3),(10,5,3),(9,5,3),(9,4,3),(9,3,3),(9,2,3),(8,2,3),(7,2,3),(7,1,3),(6,1,3),(5,1,3),(4,1,3),(3,1,3),(2,1,3),(1,1,3),(0,1,3),(0,1,2),
365:(3,9,0),(3,10,0),(4,10,0),(4,11,0),(4,12,0),(4,12,1),(5,12,1),(6,12,1),(7,12,1),(8,12,1),(8,13,1),(8,13,1),(9,13,1),
366:(4,4,0),(5,4,0),(6,4,0),(7,4,0),(7,4,1),(8,4,1),(9,4,1),(10,4,1),(10,4,2),(11,4,2),(11,5,2),(11,6,2),(11,7,2),(12,7,2),(12,8,2),(12,8,2),(12,8,3),(12,9,3),(13,9,3),(13,10,3),(14,10,3),(14,11,3),(14,12,3),(14,13,3),(14,14,3),(14,14,4),
367:(1,4,5),(2,4,5),(3,4,5),(4,4,5),(5,4,5),(5,4,4),(5,4,3),(6,4,3),(6,3,3),
368:(1,0,2),(2,0,2),(3,0,2),(3,1,2),(3,2,2),(3,3,2),(4,3,2),(5,3,2),(5,4,2),(5,4,3),(5,5,3),(5,6,3),(5,7,3),(5,8,3),(6,8,3),(7,8,3),(8,8,3),(9,8,3),(9,8,4),
369:(13,4,2),(12,4,2),(11,4,2),(11,4,1),(10,4,1),(9,4,1),(9,4,0),(8,4,0),(7,4,0),(6,4,0),(5,4,0),(4,4,0),(3,4,0),(2,4,0),(1,4,0),(1,4,1),(0,4,1),(0,5,1),
370:(11,13,0),(11,13,1),(11,12,1),(11,11,1),(11,11,2),(11,10,2),(11,9,2),(11,8,2),(11,7,2),(11,7,2),(11,6,2),(11,6,3),(10,6,3),(10,5,3),(10,5,4),(10,4,4),(10,3,4),
371:(13,6,3),(14,6,3),(14,6,2),(14,6,1),(14,7,1),
372:(13,9,1),(12,9,1),(11,9,1),(11,9,2),(11,8,2),(11,8,1),(11,8,1),(11,8,1),(11,8,2),
373:(0,7,2),(0,7,1),(1,7,1),(1,8,1),(2,8,1),(2,9,1),(2,9,1),(3,9,1),(4,9,1),(5,9,1),(5,9,0),
374:(9,4,0),(9,5,0),(9,6,0),(9,6,1),(9,6,1),(9,6,2),(9,7,2),(9,7,2),(8,7,2),(7,7,2),
375:(2,12,1),(3,12,1),(4,12,1),(4,12,2),(4,12,3),(4,12,4),(4,12,5),(4,11,5),(4,10,5),(4,9,5),(5,9,5),(6,9,5),(6,8,5),(6,7,5),(6,6,5),(6,5,5),(7,5,5),(7,4,5),(7,3,5),(8,3,5),
376:(2,4,0),(3,4,0),(4,4,0),(5,4,0),(5,4,1),(5,4,2),(5,3,2),(5,2,2),(5,1,2),(5,1,3),(5,1,4),(5,1,5),
377:(10,5,1),(10,6,1),(10,6,0),(10,6,0),(10,7,0),(11,7,0),(11,8,0),(11,9,0),(11,10,0),(11,11,0),(11,12,0),(11,13,0),(11,14,0),(12,14,0),(13,14,0),
378:(5,8,5),(4,8,5),(3,8,5),(3,7,5),(2,7,5),(1,7,5),(1,7,4),(1,6,4),(1,5,4),(1,4,4),(1,3,4),(1,2,4),
379:(11,5,2),(12,5,2),(12,5,1),(13,5,1),
380:(14,1,5),(13,1,5),(12,1,5),(11,1,5),(11,1,4),(10,1,4),(9,1,4),(9,2,4),(9,3,4),(8,3,4),(7,3,4),(6,3,4),(5,3,4),(4,3,4),(4,3,3),(4,4,3),(3,4,3),(2,4,3),(2,5,3),(2,6,3),(1,6,3),(1,7,3),(0,7,3),(0,7,2),(0,8,2),(0,9,2),(-1,9,2),(-1,10,2),(-1,11,2),(0,11,2),(0,12,2),
381:(11,1,3),(11,2,3),(10,2,3),(10,2,4),(10,3,4),(10,3,5),(10,4,5),(10,5,5),(10,6,5),(10,7,5),(9,7,5),(8,7,5),(8,8,5),(7,8,5),(6,8,5),(6,8,5),(6,8,4),
382:(6,2,2),(6,2,1),(7,2,1),(8,2,1),(9,2,1),(10,2,1),(11,2,1),(12,2,1),(13,2,1),(13,2,0),(13,1,0),
383:(9,2,1),(9,3,1),(9,4,1),(9,4,0),(9,5,0),(9,5,-1),(9,6,-1),(9,7,-1),(9,8,-1),(9,9,-1),(9,10,-1),(9,11,-1),(9,12,-1),(9,12,-1),(9,12,0),(9,12,1),(9,12,2),
384:(0,5,3),(0,5,2),(0,6,2),(0,7,2),(0,8,2),(0,9,2),(0,10,2),(0,11,2),(0,12,2),(0,12,2),(0,13,2),
385:(2,10,2),(3,10,2),(3,9,2),(4,9,2),(4,9,3),(5,9,3),(6,9,3),(6,9,4),(6,8,4),(6,7,4),(6,6,4),(6,5,4),(6,5,5),(7,5,5),(7,5,4),
386:(1,0,1),(2,0,1),(3,0,1),(4,0,1),(5,0,1),(6,0,1),(7,0,1),(7,0,2),(7,0,3),(7,0,4),(7,1,4),(7,2,4),(7,2,5),(7,3,5),(7,4,5),(7,5,5),(8,5,5),(9,5,5),(9,6,5),(9,7,5),(9,8,5),(9,9,5),(10,9,5),(10,10,5),
387:(1,14,4),(2,14,4),(3,14,4),(4,14,4),(5,14,4),(6,14,4),(7,14,4),(7,14,3),(7,14,2),(8,14,2),(8,13,2),(8,12,2),(8,11,2),(8,10,2),(8,10,1),
388:(0,7,1),(0,6,1),(1,6,1),(2,6,1),(2,6,2),(2,6,3),(2,6,4),(2,6,4),(3,6,4),(4,6,4),(5,6,4),
389:(6,8,3),(5,8,3),(4,8,3),(4,8,2),(3,8,2),(2,8,2),(2,7,2),(2,7,1),(2,7,0),
390:(9,3,4),(10,3,4),(10,4,4),(10,4,4),(10,4,5),(10,4,5),(10,5,5),(10,6,5),(10,7,5),(10,8,5),
391:(1,4,4),(1,4,3),(2,4,3),(2,3,3),(2,2,3),(2,1,3),(3,1,3),(3,1,2),(3,1,1),
392:(7,14,1),(8,14,1),(9,14,1),(10,14,1),(10,14,2),(10,13,2),(10,12,2),(10,11,2),
393:(4,1,4),(4,2,4),(4,3,4),(4,4,4),(4,5,4),(4,5,5),(4,6,5),(4,7,5),(4,7,5),(4,8,5),(4,9,5),(4,10,5),(3,10,5),
394:(6,7,0),(6,7,1),(7,7,1),(7,6,1),(7,5,1),(8,5,1),(9,5,1),(10,5,1),(11,5,1),(11,4,1),(12,4,1),(13,4,1),(13,4,2),(13,3,2),(13,3,3),
395:(13,8,3),(13,7,3),(13,7,4),(13,6,4),(13,5,4),(13,5,5),(13,4,5),(13,3,5),
396:(11,11,3),(11,10,3),(11,9,3),(11,9,4),(12,9,4),(13,9,4),(14,9,4),(14,9,3),
397:(5,2,3),(5,3,3),(6,3,3),(7,3,3),(8,3,3),(9,3,3),(10,3,3),(10,3,2),(11,3,2),(12,3,2),(12,3,1),
398:(13,10,1),(12,10,1),(12,9,1),(12,8,1),(12,7,1),(12,6,1),(12,5,1),(12,5,2),
399:(3,13,0),(2,13,0),(1,13,0),(1,12,0),(1,11,0),(1,10,0),(1,9,0),(1,8,0),(1,7,0),(1,6,0),(1,5,0),(1,4,0),(1,3,0),(1,2,0),(1,1,0),(1,0,0),(1,0,1),
400:(11,8,1),(10,8,1),(10,8,2),(10,8,3),(9,8,3),(9,8,4),(8,8,4),(8,9,4),(8,9,4),(7,9,4),(6,9,4),(6,10,4),(5,10,4),(4,10,4),(4,10,4),(4,9,4),
401:(13,12,3),(14,12,3),(14,11,3),(14,10,3),(14,9,3),(14,8,3),(14,7,3),(14,6,3),(14,5,3),(14,4,3),(14,3,3),(14,2,3),(14,2,4),(14,1,4),
402:(2,10,4),(3,10,4),(4,10,4),(5,10,4),(6,10,4),(7,10,4),(7,9,4),(7,9,5),(8,9,5),(9,9,5),(9,8,5),(9,7,5),(9,7,4),(9,7,3),(9,6,3),(9,6,3),(9,5,3),(9,5,3),(10,5,3),(10,5,2),(11,5,2),
403:(7,10,0),(8,10,0),(9,10,0),(10,10,0),(11,10,0),(11,10,1),(11,10,2),(11,10,3),(11,10,4),(11,11,4),(11,11,5),
404:(10,0,2),(9,0,2),(8,0,2),(8,0,3),(8,0,4),(8,1,4),(8,2,4),(8,2,5),
405:(5,5,1),(6,5,1),(7,5,1),(7,5,2),(7,5,3),(7,6,3),(7,7,3),(7,8,3),(8,8,3),(8,9,3),(8,10,3),(9,10,3),(10,10,3),(11,10,3),(11,11,3),(11,12,3),(12,12,3),(12,13,3),
406:(1,9,1),(2,9,1),(3,9,1),(4,9,1),(5,9,1),(5,9,2),(5,8,2),(5,7,2),(5,6,2),(5,6,2),(6,6,2),(6,6,3),(6,6,4),
407:(0,8,2),(0,8,1),(0,7,1),(0,6,1),(1,6,1),(2,6,1),(2,5,1),(3,5,1),(4,5,1),(4,4,1),(4,3,1),(4,2,1),(5,2,1),(6,2,1),(7,2,1),(7,1,1),(7,0,1),
408:(2,1,3),(2,1,2),(2,2,2),(2,2,2),(2,3,2),(2,4,2),(3,4,2),(3,5,2),(3,6,2),(3,7,2),(3,8,2),(3,9,2),(3,10,2),(4,10,2),(4,11,2),(5,11,2),(6,11,2),(6,12,2),
409:(10,6,5),(10,6,6),(9,6,6),(8,6,6),(7,6,6),(6,6,6),(5,6,6),(4,6,6),(3,6,6),(2,6,6),(1,6,6),(1,7,6),(1,7,5),(1,7,4),(1,7,3),(1,8,3),(1,8,2),(1,8,1),(0,8,1),(0,9,1),(0,9,0),
410:(5,1,1),(4,1,1),(3,1,1),(3,2,1),(3,3,1),(3,4,1),(2,4,1),(2,4,2),(2,4,3),(2,4,4),(2,5,4),(1,5,4),
411:(11,11,5),(12,11,5),(13,11,5),(14,11,5),(14,10,5),(14,9,5),(14,8,5),(14,7,5),(14,6,5),(14,5,5),(14,4,5),(14,3,5),(14,2,5),(14,2,4),
412:(11,1,5),(10,1,5),(10,2,5),(10,3,5),(9,3,5),(8,3,5),(8,3,6),(7,3,6),(6,3,6),(6,4,6),(6,5,6),(6,6,6),(6,7,6),(6,8,6),(6,9,6),(6,10,6),(6,11,6),(6,11,5),(6,12,5),(6,13,5),(6,14,5),(6,14,4),
413:(12,6,1),(12,5,1),(12,4,1),(12,4,2),(12,3,2),(11,3,2),(10,3,2),(9,3,2),(9,2,2),(8,2,2),(8,2,1),(7,2,1),(6,2,1),(6,2,2),(5,2,2),(4,2,2),(4,2,3),
414:(9,12,2),(9,12,3),(9,11,3),(9,10,3),(9,9,3),(9,9,3),(9,9,4),(9,8,4),(9,8,5),(9,7,5),(9,7,4),(9,6,4),(10,6,4),
415:(0,3,3),(1,3,3),(2,3,3),(2,2,3),(2,2,4),(3,2,4),(4,2,4),(5,2,4),(5,2,3),
416:(1,9,2),(2,9,2),(2,9,1),(3,9,1),(4,9,1),(5,9,1),(6,9,1),(6,9,1),(6,8,1),(6,8,1),(6,8,1),(7,8,1),(7,8,1),(6,8,1),
417:(6,12,4),(6,11,4),(6,10,4),(6,9,4),(5,9,4),(5,8,4),(5,7,4),(5,6,4),(6,6,4),(6,5,4),(6,4,4),(5,4,4),
418:(14,10,2),(13,10,2),(12,10,2),(11,10,2),(11,10,3),(11,11,3),(10,11,3),(10,11,3),(10,11,3),(9,11,3),(8,11,3),(7,11,3),(6,11,3),(5,11,3),(4,11,3),(4,11,4),(3,11,4),(2,11,4),(1,11,4),(1,11,3),
419:(10,6,0),(11,6,0),(11,6,1),(11,5,1),(11,5,2),(11,5,3),(11,6,3),(11,7,3),(11,7,3),(11,7,3),(12,7,3),(12,7,3),(11,7,3),
420:(5,3,0),(5,3,1),(4,3,1),(4,4,1),(4,5,1),(4,6,1),(4,6,2),(3,6,2),(2,6,2),(2,6,3),(2,7,3),(2,8,3),(1,8,3),(1,9,3),(1,10,3),(1,11,3),(1,11,4),(1,12,4),
421:(4,7,0),(3,7,0),(2,7,0),(2,6,0),(2,6,1),(2,6,2),(2,6,3),(2,6,3),(1,6,3),(1,6,4),(0,6,4),
422:(6,8,5),(5,8,5),(4,8,5),(4,8,6),(3,8,6),(2,8,6),(1,8,6),(0,8,6),(0,8,5),(0,8,4),(0,9,4),(0,9,3),(0,10,3),
423:(10,13,0),(10,13,1),(10,12,1),(10,11,1),(10,10,1),(10,9,1),(10,8,1),(10,7,1),(9,7,1),(9,6,1),(9,5,1),(9,5,2),(9,5,3),(9,4,3),(9,3,3),
424:(14,7,3),(14,7,2),(14,7,2),(14,6,2),(14,5,2),(14,4,2),(14,3,2),(14,2,2),(14,1,2),(14,0,2),(13,0,2),
425:(5,14,4),(6,14,4),(7,14,4),(7,13,4),(7,13,3),(7,13,2),(7,12,2),(7,12,2),(8,12,2),(8,11,2),(8,10,2),(8,10,1),(8,10,0),(8,9,0),
426:(4,7,5),(5,7,5),(6,7,5),(6,6,5),(6,6,5),(6,6,5),(6,6,5),(6,6,5),(6,6,5),(6,6,5),(6,6,5),(6,6,5),(6,6,5),(6,6,5),(5,6,5),(5,6,5),(6,6,5),
427:(11,9,5),(10,9,5),(9,9,5),(8,9,5),(8,8,5),(7,8,5),(7,7,5),(6,7,5),(5,7,5),
428:(6,3,2),(6,4,2),(5,4,2),(4,4,2),(4,5,2),(4,5,3),(3,5,3),(2,5,3),(2,6,3),(2,7,3),(2,8,3),(2,9,3),(1,9,3),(1,10,3),(1,11,3),(0,11,3),(0,12,3),
429:(13,4,1),(12,4,1),(12,4,2),(12,4,3),(12,5,3),(12,6,3),(12,7,3),(12,8,3),(11,8,3),(10,8,3),(10,9,3),(9,9,3),(8,9,3),(7,9,3),(7,9,4),(6,9,4),(6,10,4),(5,10,4),(5,11,4),
430:(12,4,5),(12,4,4),(12,4,4),(12,5,4),(12,6,4),(12,7,4),(12,8,4),(11,8,4),(11,9,4),(11,10,4),(11,11,4),(11,11,3),(11,11,2),
431:(3,6,0),(4,6,0),(4,7,0),(4,8,0),(5,8,0),(6,8,0),(6,9,0),(6,9,0),(7,9,0),(8,9,0),(9,9,0),(10,9,0),(11,9,0),(11,9,1),(11,9,2),(11,9,3),(11,9,4),
432:(8,14,0),(7,14,0),(7,13,0),(6,13,0),(6,12,0),(5,12,0),(4,12,0),
433:(3,7,1),(3,7,2),(3,7,2),(3,7,3),(3,7,4),(3,7,5),(3,6,5),(3,5,5),(3,4,5),
434:(12,0,2),(11,0,2),(10,0,2),(9,0,2),(8,0,2),(8,0,1),(8,0,1),(8,0,0),(7,0,0),(6,0,0),(5,0,0),
435:(0,11,4),(0,12,4),(0,13,4),(1,13,4),(2,13,4),(3,13,4),(4,13,4),(5,13,4),(6,13,4),(6,13,3),(7,13,3),(8,13,3),(8,13,3),(9,13,3),(10,13,3),(11,13,3),(12,13,3),(13,13,3),(13,13,4),
436:(1,2,2),(1,2,1),(1,3,1),(1,4,1),(1,5,1),(1,6,1),(1,7,1),(1,8,1),(2,8,1),(3,8,1),(4,8,1),(4,8,1),(5,8,1),(5,8,2),(6,8,2),(7,8,2),
437:(11,7,3),(10,7,3),(9,7,3),(8,7,3),(8,6,3),(8,5,3),(8,5,3),(8,5,2),(7,5,2),(7,5,3),(7,4,3),(7,3,3),(7,3,4),(6,3,4),(5,3,4),(4,3,4),(4,3,3),
438:(2,8,5),(3,8,5),(3,8,6),(3,8,6),(3,8,5),(4,8,5),(4,8,5),(5,8,5),(6,8,5),(7,8,5),(8,8,5),(8,8,4),(9,8,4),(10,8,4),(11,8,4),(12,8,4),(13,8,4),(14,8,4),
439:(1,1,0),(1,1,1),(1,2,1),(1,3,1),(1,4,1),(1,5,1),(1,6,1),(1,7,1),(1,7,2),(1,7,3),(1,7,4),(1,8,4),(1,8,4),(2,8,4),(2,8,5),
440:(14,9,0),(13,9,0),(13,9,1),(12,9,1),(12,10,1),(12,11,1),(11,11,1),(11,11,1),(11,12,1),(10,12,1),(9,12,1),(8,12,1),(7,12,1),(6,12,1),(5,12,1),(4,12,1),(3,12,1),(2,12,1),(1,12,1),(1,13,1),
441:(4,1,1),(4,1,2),(4,2,2),(4,3,2),(4,4,2),(4,4,2),(4,5,2),(4,5,3),(4,6,3),
442:(6,3,0),(6,4,0),(6,5,0),(5,5,0),(4,5,0),(3,5,0),(3,6,0),(3,7,0),(3,7,1),(3,7,1),(3,7,2),(3,8,2),
443:(6,2,5),(7,2,5),(7,3,5),(7,4,5),(7,5,5),(7,6,5),(8,6,5),(8,7,5),(8,8,5),(8,8,4),(8,9,4),(7,9,4),(7,9,3),(7,10,3),(8,10,3),(8,10,2),(8,11,2),(8,12,2),(8,12,1),
444:(11,8,4),(11,8,4),(11,9,4),(10,9,4),(10,10,4),(10,10,4),(9,10,4),(9,11,4),(8,11,4),(7,11,4),(6,11,4),(6,12,4),
445:(5,4,3),(5,5,3),(5,6,3),(4,6,3),(4,7,3),(4,8,3),(4,9,3),(4,9,4),(5,9,4),
446:(5,9,4),(5,8,4),(5,7,4),(4,7,4),(5,7,4),(5,6,4),(5,5,4),
447:(13,8,4),(12,8,4),(12,8,3),(12,9,3),(12,9,2),(12,10,2),(12,10,2),(12,10,2),(11,10,2),
448:(11,6,5),(11,7,5),(11,8,5),(11,9,5),(11,9,4),(11,10,4),(11,10,3),(11,11,3),(11,12,3),(10,12,3),(9,12,3),(8,12,3),
449:(12,11,4),(11,11,4),(10,11,4),(10,11,4),(9,11,4),(8,11,4),(8,12,4),(8,12,4),(8,12,4),(8,11,4),
