soc=5674
lb_soc=4495
makespan=29
lb_makespan=26
comp_time=118258
highLevelExpanded=152
lowLevelExpanded=151547
solution=
0:(14,14,0),(13,14,0),(12,14,0),(11,14,0),(10,14,0),
1:(1,3,0),(2,3,0),(3,3,0),(4,3,0),(5,3,0),(6,3,0),(7,3,0),(8,3,0),(9,3,0),(10,3,0),(11,3,0),(11,3,1),(11,3,2),(11,2,2),(11,2,3),(11,1,3),
2:(11,7,4),(11,7,5),(11,8,5),(11,9,5),(11,10,5),(11,11,5),
3:(5,7,2),(5,6,2),(5,5,2),(5,4,2),(4,4,2),(4,3,2),(4,2,2),(3,2,2),(3,2,3),(3,1,3),(3,0,3),
4:(3,4,2),(4,4,2),(5,4,2),(6,4,2),(7,4,2),(8,4,2),(9,4,2),(10,4,2),(11,4,2),(12,4,2),(13,4,2),(13,4,1),(13,5,1),(13,6,1),(13,7,1),(13,8,1),(13,9,1),(13,10,1),(13,11,1),(14,11,1),(14,12,1),(14,13,1),(13,13,1),
5:(13,9,1),(12,9,1),(11,9,1),(10,9,1),(9,9,1),
6:(14,9,5),(13,9,5),(13,9,4),(13,9,3),(13,8,3),(13,7,3),(13,6,3),
7:(1,6,4),(1,7,4),(1,7,3),(2,7,3),(3,7,3),(4,7,3),(5,7,3),(5,8,3),(5,8,2),(6,8,2),(7,8,2),(8,8,2),(8,8,1),(9,8,1),(9,8,0),(9,9,0),(9,10,0),(9,11,0),
8:(6,13,2),(5,13,2),(4,13,2),(3,13,2),(2,13,2),(1,13,2),(0,13,2),(0,13,3),(0,14,3),
9:(9,7,1),(9,7,2),(9,7,3),(9,7,4),(9,8,4),(9,9,4),(9,10,4),(9,11,4),(9,12,4),(9,13,4),
10:(11,1,3),(10,1,3),(9,1,3),(8,1,3),(7,1,3),(6,1,3),(6,1,2),(6,1,1),(6,2,1),(6,3,1),(6,4,1),(6,4,0),(6,5,0),(5,5,0),(5,6,0),(6,6,0),(6,6,1),(6,7,1),(6,8,1),(6,9,1),(6,10,1),(6,11,1),(6,12,1),
11:(12,14,2),
12:(5,7,5),(4,7,5),(4,7,4),(4,8,4),(4,9,4),(4,10,4),
13:(11,7,5),(10,7,5),(9,7,5),(8,7,5),(8,7,4),(8,7,3),(8,7,2),
14:(0,3,1),(1,3,1),(2,3,1),(3,3,1),(4,3,1),(5,3,1),(6,3,1),(7,3,1),(8,3,1),(9,3,1),(10,3,1),(10,3,2),(10,3,2),(11,3,2),(12,3,2),(13,3,2),(13,4,2),(13,5,2),(13,6,2),(13,7,2),(13,8,2),(13,9,2),(13,10,2),
15:(11,8,0),(10,8,0),(9,8,0),(9,8,1),(9,8,2),(9,8,3),(9,8,4),(9,8,5),(9,8,6),(8,8,6),(7,8,6),(6,8,6),(5,8,6),(4,8,6),(3,8,6),(3,8,5),
16:(7,3,2),(8,3,2),(9,3,2),(10,3,2),(11,3,2),(11,4,2),(11,5,2),
17:(2,6,0),(2,5,0),(2,4,0),(2,3,0),(2,2,0),(2,1,0),
18:(9,7,5),(8,7,5),(7,7,5),(6,7,5),(5,7,5),(4,7,5),(4,7,4),(4,7,3),(3,7,3),(3,7,2),(3,6,2),(3,5,2),(3,4,2),(3,4,2),(3,3,2),(3,2,2),(3,2,1),
19:(10,6,1),(10,6,2),(10,6,3),(10,6,4),(10,5,4),(10,4,4),(10,3,4),(10,2,4),(10,1,4),(10,0,4),
20:(6,6,1),(5,6,1),(4,6,1),(3,6,1),(2,6,1),(2,6,0),(2,5,0),
21:(12,3,2),(11,3,2),(10,3,2),(10,3,3),(9,3,3),(8,3,3),(7,3,3),(6,3,3),(6,3,3),(6,3,4),(5,3,4),(4,3,4),(4,2,4),(4,1,4),(4,0,4),(3,0,4),(2,0,4),(1,0,4),(0,0,4),
22:(3,14,1),(2,14,1),(1,14,1),(1,14,2),(1,14,3),(1,14,4),(1,13,4),(1,12,4),(1,11,4),(1,10,4),(1,9,4),(1,8,4),(1,7,4),(1,6,4),
23:(4,0,2),(3,0,2),(2,0,2),(2,0,3),(2,0,4),(2,0,5),
24:(9,4,0),(10,4,0),(11,4,0),(12,4,0),(12,4,1),(12,4,2),(12,4,3),(12,4,4),(12,4,5),(12,5,5),(12,6,5),(12,7,5),(12,8,5),
25:(1,8,1),(2,8,1),(3,8,1),(4,8,1),(5,8,1),(6,8,1),(7,8,1),(8,8,1),(9,8,1),(9,7,1),(9,6,1),(9,5,1),
26:(9,7,4),(10,7,4),(11,7,4),(12,7,4),(12,7,3),(12,6,3),(12,5,3),
27:(4,13,2),(4,13,3),(5,13,3),(6,13,3),(7,13,3),(8,13,3),(9,13,3),(10,13,3),(10,12,3),(10,11,3),(10,10,3),(10,9,3),(10,8,3),(10,7,3),(10,6,3),(10,6,3),(9,6,3),(9,5,3),(9,4,3),(9,3,3),(10,3,3),
28:(4,12,0),(5,12,0),(6,12,0),(7,12,0),(7,11,0),(7,10,0),(7,9,0),(7,8,0),(7,7,0),
29:(10,0,5),(9,0,5),(8,0,5),(8,0,4),(8,0,3),(8,1,3),(8,2,3),(8,3,3),(8,4,3),(8,5,3),(8,6,3),(8,7,3),(8,7,4),(8,8,4),(8,9,4),(8,9,3),
30:(8,6,3),(7,6,3),(6,6,3),(6,6,2),(6,7,2),(6,8,2),(6,9,2),
31:(3,6,4),(2,6,4),(1,6,4),(0,6,4),
32:(4,6,0),(5,6,0),(6,6,0),(7,6,0),(7,5,0),(7,4,0),(8,4,0),(9,4,0),(10,4,0),(11,4,0),(12,4,0),(13,4,0),(13,3,0),(13,2,0),
33:(11,4,5),(10,4,5),(9,4,5),(8,4,5),(7,4,5),(6,4,5),(5,4,5),(4,4,5),(3,4,5),(3,4,4),(3,4,3),(3,5,3),
34:(8,4,1),(7,4,1),(6,4,1),(5,4,1),(5,5,1),(5,6,1),(4,6,1),(4,6,2),(4,6,3),(4,7,3),(3,7,3),(3,7,3),(3,8,3),(3,9,3),(4,9,3),
35:(13,7,4),(12,7,4),(12,7,3),(12,7,2),(12,8,2),(12,9,2),(12,10,2),(12,11,2),(12,12,2),
36:(5,4,4),(6,4,4),(7,4,4),(8,4,4),(9,4,4),(9,4,3),(10,4,3),(10,5,3),(10,5,2),(10,6,2),(10,7,2),(10,8,2),
37:(11,13,3),(11,12,3),(11,11,3),(11,10,3),(11,9,3),(11,8,3),(11,8,3),(11,7,3),(11,6,3),(11,5,3),(11,5,4),(10,5,4),(10,4,4),(9,4,4),(8,4,4),(7,4,4),(6,4,4),(6,3,4),(5,3,4),(5,2,4),(5,2,3),(5,1,3),(5,0,3),
38:(6,1,4),(7,1,4),(8,1,4),(9,1,4),(10,1,4),(10,1,3),(10,1,2),(10,1,2),(10,2,2),(10,2,1),
39:(4,14,1),(5,14,1),(6,14,1),(7,14,1),(7,14,2),(7,14,2),(8,14,2),(8,14,3),(8,14,4),(9,14,4),(9,14,4),(10,14,4),(11,14,4),(11,14,5),
40:(12,10,4),(11,10,4),(11,10,3),(11,9,3),(11,9,2),(10,9,2),(9,9,2),(9,8,2),(9,7,2),(9,7,2),(9,6,2),(9,6,1),(9,6,0),(8,6,0),(8,6,0),(7,6,0),(6,6,0),(5,6,0),(4,6,0),(3,6,0),(3,5,0),(3,4,0),(2,4,0),(1,4,0),
41:(14,5,2),(13,5,2),(12,5,2),(11,5,2),(10,5,2),(9,5,2),(8,5,2),(7,5,2),(7,5,3),(6,5,3),(5,5,3),(5,5,4),(5,5,3),(5,5,2),(5,6,2),(5,7,2),
42:(11,4,2),(10,4,2),(10,4,1),(10,3,1),(10,2,1),(10,1,1),
43:(6,3,0),(5,3,0),(5,3,1),(5,3,2),(5,3,3),(5,3,4),(5,3,5),(5,4,5),(5,5,5),
44:(10,5,5),(11,5,5),(12,5,5),(12,6,5),(12,7,5),(12,8,5),(12,9,5),(12,10,5),(12,11,5),(12,12,5),(12,12,4),(12,12,3),(13,12,3),(14,12,3),(14,13,3),(14,14,3),
45:(1,9,5),(2,9,5),(3,9,5),(4,9,5),(5,9,5),(6,9,5),(7,9,5),(8,9,5),(9,9,5),(10,9,5),(11,9,5),(12,9,5),(13,9,5),(13,9,4),(13,8,4),(13,7,4),(13,6,4),(13,5,4),(13,5,3),(13,5,2),(13,4,2),(13,3,2),
46:(8,2,5),(7,2,5),(6,2,5),(5,2,5),(4,2,5),(3,2,5),(2,2,5),(1,2,5),(1,3,5),(1,4,5),(1,5,5),
47:(13,12,1),(12,12,1),(11,12,1),(10,12,1),(9,12,1),(8,12,1),(8,12,0),(8,11,0),(8,10,0),
48:(14,4,3),(14,4,4),(14,4,5),(14,5,5),(14,6,5),
49:(8,7,1),(7,7,1),(7,7,2),(7,8,2),(7,9,2),(7,10,2),
50:(12,1,4),(11,1,4),(10,1,4),(10,1,3),(9,1,3),(9,1,2),(8,1,2),(7,1,2),(6,1,2),(5,1,2),(4,1,2),(4,1,1),(4,1,0),(4,2,0),(4,3,0),(4,4,0),(4,5,0),(4,6,0),(4,7,0),
51:(13,0,1),(12,0,1),(11,0,1),(11,0,2),(11,1,2),(11,2,2),(11,3,2),(11,4,2),(11,4,1),(10,4,1),(10,5,1),(10,6,1),(9,6,1),(9,7,1),(8,7,1),(8,8,1),(7,8,1),(6,8,1),(5,8,1),(5,9,1),(5,10,1),(5,10,2),
52:(0,3,0),(1,3,0),(1,3,1),(1,2,1),
53:(7,14,5),(6,14,5),(5,14,5),(4,14,5),(3,14,5),(2,14,5),(2,14,4),(2,13,4),
54:(7,12,0),(8,12,0),(9,12,0),(10,12,0),(11,12,0),(12,12,0),(13,12,0),(13,12,1),(13,12,2),(13,12,3),(13,12,4),(13,11,4),(14,11,4),
55:(5,14,4),(6,14,4),(7,14,4),(8,14,4),(9,14,4),(10,14,4),(11,14,4),(11,13,4),(11,12,4),(11,11,4),(11,10,4),(11,10,5),(11,9,5),(11,8,5),(11,7,5),(12,7,5),(12,6,5),(12,5,5),(12,4,5),(12,3,5),(12,2,5),(12,1,5),(12,1,4),(13,1,4),(13,1,3),(13,0,3),
56:(3,11,0),(4,11,0),(5,11,0),(6,11,0),(6,11,1),(7,11,1),(8,11,1),(8,10,1),(8,9,1),(8,8,1),(9,8,1),(9,7,1),(10,7,1),(10,6,1),(10,5,1),(11,5,1),(12,5,1),(12,4,1),(12,3,1),
57:(11,14,2),(11,14,3),(12,14,3),(13,14,3),(14,14,3),(14,14,4),(14,14,5),(14,13,5),(14,12,5),(14,11,5),(14,10,5),(14,9,5),
58:(13,10,4),(12,10,4),(11,10,4),(10,10,4),(9,10,4),(8,10,4),(7,10,4),(7,10,3),(7,11,3),(7,12,3),(6,12,3),(5,12,3),(4,12,3),(4,13,3),(4,14,3),
59:(12,3,4),(11,3,4),(10,3,4),(9,3,4),(8,3,4),(7,3,4),(6,3,4),(5,3,4),(4,3,4),(3,3,4),(2,3,4),(1,3,4),(1,3,5),
60:(8,8,1),(9,8,1),(10,8,1),(11,8,1),(12,8,1),(12,8,0),(12,7,0),(12,6,0),
61:(3,7,5),(3,7,4),(3,7,3),(4,7,3),(5,7,3),(6,7,3),(7,7,3),(8,7,3),(8,6,3),(8,6,2),(8,5,2),(8,4,2),(8,4,1),(8,4,0),(9,4,0),
62:(9,0,2),(10,0,2),(11,0,2),(12,0,2),(12,1,2),(12,2,2),(12,3,2),(12,4,2),(12,5,2),(12,6,2),(12,6,3),(12,7,3),(12,8,3),(12,9,3),(12,10,3),(12,11,3),(12,12,3),(12,13,3),(12,14,3),
63:(8,4,0),(9,4,0),(10,4,0),(11,4,0),(12,4,0),(13,4,0),(14,4,0),(14,4,1),(14,4,2),(14,5,2),(14,6,2),
64:(5,11,2),(4,11,2),(3,11,2),(2,11,2),(2,11,1),(2,12,1),(2,13,1),
65:(8,5,3),(7,5,3),(6,5,3),(5,5,3),(5,5,4),(5,4,4),(5,3,4),(5,2,4),(5,1,4),(5,0,4),
66:(1,6,3),(2,6,3),(3,6,3),(4,6,3),(5,6,3),(5,7,3),(5,8,3),(5,9,3),(6,9,3),(6,10,3),(7,10,3),(7,11,3),(7,12,3),(7,12,2),(8,12,2),(9,12,2),(10,12,2),(10,12,1),(10,13,1),(10,14,1),(10,15,1),(11,15,1),(12,15,1),(13,15,1),(13,14,1),
67:(1,4,4),(2,4,4),(3,4,4),(4,4,4),(4,5,4),(4,5,4),(4,6,4),(5,6,4),(5,7,4),(5,8,4),(6,8,4),(7,8,4),(8,8,4),(8,9,4),(8,10,4),(8,11,4),(8,12,4),(8,12,4),(9,12,4),(10,12,4),
68:(0,3,4),(1,3,4),(2,3,4),(3,3,4),(4,3,4),(4,3,3),(5,3,3),(5,4,3),(6,4,3),(7,4,3),(8,4,3),(9,4,3),(9,5,3),(9,6,3),(9,7,3),(10,7,3),(10,8,3),(10,9,3),(10,10,3),
69:(12,7,2),(11,7,2),(10,7,2),(9,7,2),(8,7,2),(7,7,2),(6,7,2),(5,7,2),(4,7,2),(4,7,2),(3,7,2),(2,7,2),
70:(10,7,3),(9,7,3),(8,7,3),(7,7,3),(6,7,3),(6,7,4),(5,7,4),(4,7,4),(4,7,5),(3,7,5),(3,6,5),(3,5,5),(3,5,4),(3,4,4),(3,3,4),(3,3,4),(2,3,4),(1,3,4),
71:(7,4,2),(8,4,2),(9,4,2),(10,4,2),(10,3,2),(10,2,2),(11,2,2),(12,2,2),(13,2,2),(13,1,2),
72:(9,13,1),(8,13,1),(7,13,1),(7,12,1),
73:(14,12,3),(13,12,3),(12,12,3),(11,12,3),(10,12,3),(9,12,3),(9,12,4),(9,12,5),(9,11,5),(9,10,5),(9,9,5),(9,8,5),(9,8,6),(9,7,6),(9,6,6),(9,6,5),(9,5,5),
74:(7,6,3),(6,6,3),(5,6,3),(5,6,2),(4,6,2),(3,6,2),(2,6,2),(2,6,1),(2,7,1),(2,8,1),(2,9,1),(2,10,1),(2,11,1),
75:(1,1,0),(2,1,0),(3,1,0),(3,2,0),(3,3,0),
76:(7,2,5),(6,2,5),(6,1,5),
77:(11,9,5),(12,9,5),(13,9,5),(13,9,4),(13,8,4),(13,7,4),(13,6,4),(13,5,4),(13,4,4),(13,3,4),(13,2,4),(13,1,4),(13,0,4),
78:(5,4,3),(6,4,3),(7,4,3),(8,4,3),(9,4,3),(10,4,3),(11,4,3),(12,4,3),(13,4,3),(13,4,2),(13,4,1),(13,5,1),(13,6,1),(13,7,1),(13,7,0),(13,8,0),(13,9,0),(13,10,0),(13,11,0),
79:(12,2,1),(12,3,1),(12,4,1),(12,5,1),(12,6,1),(12,7,1),(12,8,1),(12,9,1),(12,10,1),
80:(7,2,0),(8,2,0),(9,2,0),(10,2,0),(11,2,0),(11,3,0),(11,4,0),(11,5,0),(11,6,0),(11,7,0),(12,7,0),(12,8,0),(12,9,0),(13,9,0),(13,10,0),(13,11,0),(12,11,0),
81:(3,2,3),(2,2,3),(2,2,4),(2,2,5),(2,3,5),(2,4,5),(2,5,5),(2,6,5),(2,7,5),(2,8,5),(2,9,5),(2,10,5),
82:(9,9,1),(8,9,1),(7,9,1),(6,9,1),(5,9,1),(4,9,1),(4,9,2),(4,9,3),(4,9,4),(4,8,4),(4,7,4),(4,6,4),
83:(5,11,0),(6,11,0),(7,11,0),(8,11,0),(9,11,0),(10,11,0),(11,11,0),(11,11,1),(11,11,2),(11,11,3),(11,10,3),
84:(14,12,0),(13,12,0),(12,12,0),(11,12,0),(11,12,1),(10,12,1),(9,12,1),(8,12,1),(8,11,1),(7,11,1),(6,11,1),(5,11,1),(5,10,1),(5,9,1),(4,9,1),(4,8,1),(4,7,1),(3,7,1),(3,6,1),(3,6,2),(2,6,2),(1,6,2),(1,6,1),
85:(13,3,5),(12,3,5),(11,3,5),(10,3,5),(9,3,5),(8,3,5),(7,3,5),(6,3,5),(5,3,5),(5,4,5),(4,4,5),(3,4,5),(3,5,5),(3,6,5),(3,7,5),
86:(4,11,4),(5,11,4),(6,11,4),(7,11,4),(8,11,4),(9,11,4),(10,11,4),(11,11,4),(11,10,4),(12,10,4),(13,10,4),(13,9,4),(13,8,4),(13,7,4),(13,6,4),(13,5,4),(13,4,4),
87:(0,13,5),(1,13,5),(2,13,5),(3,13,5),(4,13,5),(5,13,5),(5,12,5),(6,12,5),(7,12,5),(7,11,5),(7,10,5),(7,9,5),
88:(4,6,3),(3,6,3),(3,6,2),(2,6,2),(1,6,2),(0,6,2),(0,7,2),(0,8,2),(0,9,2),
89:(10,3,1),(11,3,1),(11,3,2),(11,3,3),
90:(14,4,5),(13,4,5),(12,4,5),(11,4,5),(10,4,5),(9,4,5),(8,4,5),(7,4,5),(6,4,5),(6,4,4),(6,5,4),(6,6,4),
91:(3,3,3),(4,3,3),(5,3,3),(6,3,3),(7,3,3),(7,4,3),(8,4,3),(9,4,3),(10,4,3),(11,4,3),(11,5,3),(11,6,3),(11,7,3),
92:(3,1,5),(4,1,5),(5,1,5),(5,1,4),(5,1,3),(5,1,2),(5,1,1),(5,0,1),
93:(13,13,2),(12,13,2),(11,13,2),(10,13,2),(9,13,2),(8,13,2),(7,13,2),(6,13,2),(5,13,2),(4,13,2),(3,13,2),(2,13,2),(2,12,2),(2,11,2),
94:(4,1,1),(4,2,1),(4,3,1),(4,4,1),(3,4,1),(3,5,1),(3,6,1),(3,6,1),(2,6,1),
95:(5,4,2),(5,4,3),(4,4,3),(3,4,3),(2,4,3),(1,4,3),(0,4,3),(0,4,4),(0,4,5),(0,5,5),(0,6,5),(0,7,5),
96:(7,0,2),(6,0,2),(5,0,2),(5,0,1),(5,0,0),(5,1,0),(5,2,0),(5,3,0),(5,4,0),(5,5,0),(5,6,0),(5,7,0),(5,8,0),
97:(12,13,5),(11,13,5),(10,13,5),(10,12,5),(10,11,5),(10,10,5),(10,9,5),(10,8,5),(10,7,5),
98:(10,2,5),(9,2,5),(8,2,5),(7,2,5),(7,2,4),(7,2,3),(7,2,2),(7,2,1),(7,3,1),
99:(0,9,1),(1,9,1),(2,9,1),(2,8,1),(2,7,1),(2,6,1),(2,5,1),(2,5,2),(2,4,2),(2,3,2),(2,2,2),(2,1,2),(2,0,2),
100:(7,8,0),(6,8,0),(5,8,0),(4,8,0),(3,8,0),(2,8,0),(1,8,0),(0,8,0),(0,8,1),(0,8,2),(0,8,3),(0,7,3),(0,6,3),(0,5,3),(0,4,3),(0,3,3),
101:(10,0,1),(9,0,1),(8,0,1),(7,0,1),(6,0,1),(5,0,1),(4,0,1),(4,1,1),(4,2,1),(4,3,1),(4,4,1),(3,4,1),(3,5,1),(3,6,1),(3,7,1),(2,7,1),(2,8,1),(1,8,1),(1,8,2),(1,8,3),(1,8,4),(1,9,4),
102:(12,1,2),(12,1,3),(12,1,4),(12,2,4),
103:(11,3,2),(10,3,2),(10,3,3),(9,3,3),(9,2,3),(9,1,3),(9,1,3),(9,0,3),(9,0,3),(8,0,3),(7,0,3),
104:(6,13,5),(7,13,5),(8,13,5),(8,12,5),(8,11,5),(8,11,4),(8,10,4),(8,9,4),(9,9,4),(9,8,4),(10,8,4),(10,8,3),(10,7,3),(10,7,2),(10,6,2),(10,6,1),(10,5,1),(10,4,1),(10,3,1),(11,3,1),(11,2,1),(12,2,1),(12,1,1),(13,1,1),
105:(13,6,1),(12,6,1),(11,6,1),(10,6,1),(9,6,1),(9,6,0),(9,7,0),(9,8,0),(9,9,0),(9,10,0),(9,11,0),(8,11,0),(7,11,0),(6,11,0),(6,12,0),(5,12,0),(4,12,0),(3,12,0),
106:(12,9,5),(12,9,4),(11,9,4),(10,9,4),(9,9,4),(8,9,4),(7,9,4),(7,10,4),(7,11,4),(7,12,4),(7,12,3),(7,13,3),(7,13,2),(6,13,2),
107:(10,12,5),(9,12,5),(8,12,5),(7,12,5),(6,12,5),(5,12,5),(4,12,5),(4,12,4),(4,12,3),(4,12,2),(4,12,1),(4,12,0),(4,13,0),(4,14,0),
108:(1,7,3),(1,6,3),(1,5,3),(1,5,4),(1,4,4),
109:(6,3,3),(6,3,2),(6,3,1),(6,4,1),(6,5,1),
110:(10,10,5),(11,10,5),(12,10,5),(13,10,5),(13,11,5),(13,12,5),
111:(11,1,5),(10,1,5),(9,1,5),(8,1,5),(7,1,5),(7,1,4),(6,1,4),(6,1,3),(6,1,3),(6,1,2),(6,1,1),
112:(6,8,3),(7,8,3),(7,7,3),(7,6,3),(7,5,3),(7,5,3),(7,4,3),(7,3,3),
113:(7,1,1),(8,1,1),(9,1,1),(9,1,2),(9,2,2),(9,2,3),(10,2,3),(10,3,3),(10,3,3),(10,4,3),(11,4,3),
114:(10,8,0),(9,8,0),(8,8,0),(7,8,0),(6,8,0),(5,8,0),(4,8,0),(4,8,1),(4,8,2),(3,8,2),(3,8,3),(3,9,3),(3,10,3),(3,11,3),(3,12,3),
115:(7,5,1),(6,5,1),(5,5,1),(4,5,1),(3,5,1),(3,5,0),(3,6,0),(3,7,0),(3,7,0),(3,8,0),(3,9,0),(3,10,0),
116:(8,0,0),(7,0,0),(6,0,0),(6,0,1),(6,0,2),(6,0,3),(6,0,4),(6,1,4),(6,2,4),(6,2,5),(6,3,5),(6,4,5),
117:(4,12,3),(5,12,3),(6,12,3),(7,12,3),(7,12,2),(8,12,2),(9,12,2),(10,12,2),(11,12,2),(11,12,1),(11,13,1),
118:(14,7,1),(13,7,1),(12,7,1),(12,8,1),(12,9,1),(11,9,1),(10,9,1),(10,10,1),(9,10,1),(8,10,1),(7,10,1),(7,11,1),(6,11,1),(6,11,2),(6,11,3),(6,11,4),(5,11,4),(4,11,4),(3,11,4),(3,12,4),(3,13,4),(3,14,4),(2,14,4),
119:(14,11,2),(13,11,2),(13,11,1),(13,10,1),(13,9,1),(13,8,1),(13,7,1),(12,7,1),(12,6,1),(12,5,1),(11,5,1),(11,5,0),(10,5,0),(9,5,0),(9,5,-1),(8,5,-1),(7,5,-1),(7,5,0),
120:(11,2,5),(10,2,5),(9,2,5),(8,2,5),(7,2,5),(6,2,5),(5,2,5),(4,2,5),(4,1,5),(3,1,5),(2,1,5),(1,1,5),(0,1,5),(0,1,4),(0,1,3),(0,1,2),
121:(11,8,5),(10,8,5),(9,8,5),(8,8,5),(7,8,5),(6,8,5),(6,8,4),(6,8,3),(6,7,3),(6,6,3),(6,5,3),(6,4,3),(6,3,3),
122:(5,9,0),(4,9,0),(3,9,0),(2,9,0),(2,9,1),(2,9,2),(2,9,3),(2,8,3),(2,7,3),(2,6,3),(2,6,4),(2,6,5),(2,5,5),(2,4,5),(2,3,5),(2,2,5),(1,2,5),
123:(6,9,5),(7,9,5),(8,9,5),(9,9,5),(10,9,5),(10,8,5),(10,7,5),(10,6,5),(10,5,5),(10,4,5),(11,4,5),(11,4,4),(11,3,4),(11,2,4),(11,2,4),(11,2,3),
124:(0,14,5),(1,14,5),(2,14,5),(3,14,5),(3,14,4),(4,14,4),(5,14,4),(6,14,4),(7,14,4),(8,14,4),(8,14,3),(8,14,2),(8,13,2),(8,13,1),(8,13,0),
125:(6,5,3),(6,5,2),(7,5,2),(8,5,2),(9,5,2),(9,5,1),(10,5,1),(11,5,1),(12,5,1),(13,5,1),(14,5,1),(14,5,0),(14,6,0),(14,7,0),(14,8,0),(14,9,0),(14,10,0),
126:(14,0,5),(13,0,5),(12,0,5),(11,0,5),(11,1,5),(11,2,5),(11,3,5),(11,4,5),(11,5,5),(11,6,5),(11,7,5),(11,8,5),(10,8,5),(9,8,5),(9,9,5),(9,10,5),(9,11,5),
127:(14,9,4),(13,9,4),(12,9,4),(11,9,4),(10,9,4),(10,9,3),(9,9,3),(8,9,3),(7,9,3),(6,9,3),(6,8,3),(6,8,2),(5,8,2),(4,8,2),(4,8,1),(4,7,1),(4,6,1),(4,5,1),(4,5,0),(4,4,0),(4,3,0),
128:(2,12,5),(3,12,5),(4,12,5),(5,12,5),(5,12,4),(6,12,4),(7,12,4),(8,12,4),(8,12,3),(9,12,3),(10,12,3),(11,12,3),(12,12,3),(12,11,3),(12,11,2),(12,10,2),(12,9,2),(12,8,2),(12,7,2),(12,6,2),(12,5,2),(12,5,1),(12,5,0),
129:(10,2,4),(11,2,4),(12,2,4),(13,2,4),(13,2,5),(13,3,5),(13,4,5),(13,5,5),(13,6,5),(13,7,5),(14,7,5),
130:(12,6,1),(11,6,1),(11,5,1),(11,4,1),(11,3,1),(11,2,1),(11,1,1),(11,0,1),(11,0,0),
131:(14,14,3),(13,14,3),(13,14,4),(13,13,4),(13,12,4),(13,11,4),(13,10,4),(13,9,4),(13,8,4),(13,7,4),(13,6,4),(13,5,4),(12,5,4),(11,5,4),(11,4,4),(10,4,4),(9,4,4),(8,4,4),(7,4,4),(7,4,5),
132:(12,10,5),(12,10,5),(12,10,4),(11,10,4),(10,10,4),(9,10,4),(9,10,3),(9,10,2),(9,9,2),(9,8,2),(9,7,2),(9,6,2),(9,5,2),(9,4,2),(9,3,2),(9,2,2),(9,2,1),(9,1,1),(9,0,1),
133:(3,12,4),(4,12,4),(5,12,4),(6,12,4),(7,12,4),(7,12,5),(7,11,5),(7,11,5),(7,10,5),(7,9,5),(7,8,5),(7,7,5),(7,6,5),(8,6,5),(8,5,5),(8,4,5),
134:(9,2,0),(9,3,0),(9,4,0),(9,5,0),(9,6,0),(9,7,0),(9,8,0),(9,9,0),(9,10,0),(9,11,0),(8,11,0),(7,11,0),(6,11,0),(6,12,0),(5,12,0),(4,12,0),(4,12,1),
135:(10,14,2),(9,14,2),(8,14,2),(7,14,2),(6,14,2),(5,14,2),(5,14,1),(5,13,1),(5,12,1),(5,11,1),(5,10,1),(5,9,1),(5,8,1),(6,8,1),(6,7,1),(6,7,0),(5,7,0),
136:(9,3,5),(8,3,5),(7,3,5),(6,3,5),(5,3,5),(4,3,5),(3,3,5),(3,2,5),
137:(5,13,4),(6,13,4),(6,12,4),(6,11,4),(6,10,4),
138:(0,0,1),(1,0,1),(2,0,1),(3,0,1),(4,0,1),(4,0,2),(5,0,2),(6,0,2),(7,0,2),(8,0,2),(9,0,2),(10,0,2),(10,0,3),(10,1,3),
139:(13,5,0),(12,5,0),(11,5,0),(10,5,0),(9,5,0),(8,5,0),(7,5,0),(7,5,1),(7,6,1),(6,6,1),(6,7,1),(6,7,2),(5,7,2),(5,7,3),(5,7,4),(4,7,4),(4,7,5),(4,8,5),(4,9,5),
140:(4,0,0),(5,0,0),(5,0,1),(5,1,1),(6,1,1),(7,1,1),(7,1,2),(7,2,2),(7,2,3),
141:(9,8,3),(10,8,3),(10,8,2),(10,8,1),(10,8,0),(10,9,0),(10,10,0),(10,11,0),(10,12,0),(10,13,0),
142:(0,5,2),(1,5,2),(2,5,2),(3,5,2),(4,5,2),(5,5,2),(5,5,1),(5,4,1),(5,3,1),(5,3,0),(6,3,0),(6,3,0),(7,3,0),(8,3,0),
143:(12,0,2),(11,0,2),(11,0,3),(10,0,3),(9,0,3),(8,0,3),(7,0,3),(6,0,3),(6,0,4),(6,1,4),(6,2,4),
144:(5,12,5),(6,12,5),(7,12,5),(7,12,4),(8,12,4),(9,12,4),(10,12,4),(11,12,4),(12,12,4),(12,12,3),(12,11,3),(12,11,2),(12,10,2),(12,9,2),(12,8,2),(12,7,2),(12,6,2),(12,5,2),(12,5,1),(12,5,0),(13,5,0),(13,4,0),
145:(2,6,5),(2,5,5),(2,5,4),(2,5,3),(1,5,3),
146:(13,6,4),(12,6,4),(11,6,4),(11,6,3),(10,6,3),(9,6,3),(8,6,3),(8,6,2),(8,5,2),(8,4,2),(7,4,2),(6,4,2),(6,3,2),(6,3,1),(5,3,1),(4,3,1),(4,2,1),
147:(14,0,2),(13,0,2),(12,0,2),(12,0,3),(11,0,3),(10,0,3),(9,0,3),(8,0,3),(8,1,3),(8,2,3),(8,3,3),(8,4,3),(8,5,3),(8,6,3),
148:(6,5,2),(6,4,2),(6,4,3),(5,4,3),(4,4,3),(4,4,2),
149:(11,9,1),(10,9,1),(9,9,1),(8,9,1),(8,9,2),(8,9,2),(8,10,2),(8,10,3),(7,10,3),(7,11,3),(7,11,3),(6,11,3),(5,11,3),
150:(2,1,1),(3,1,1),(4,1,1),(4,1,2),(5,1,2),(6,1,2),(6,2,2),(6,2,2),(7,2,2),(8,2,2),(9,2,2),(10,2,2),(11,2,2),(12,2,2),(13,2,2),(14,2,2),(14,2,3),
151:(8,13,3),(7,13,3),(6,13,3),(6,13,2),(5,13,2),(4,13,2),(3,13,2),(3,12,2),(3,11,2),(3,10,2),(3,9,2),(3,8,2),(3,7,2),(3,6,2),(3,6,2),(3,5,2),(3,4,2),(2,4,2),
152:(10,4,3),(9,4,3),(8,4,3),(8,4,2),(8,4,1),(7,4,1),(7,5,1),(7,6,1),(6,6,1),(6,7,1),(6,8,1),(6,9,1),(6,10,1),(6,11,1),(6,12,1),(6,13,1),(5,13,1),(4,13,1),(3,13,1),(3,14,1),
153:(3,6,0),(3,6,1),(3,7,1),(3,8,1),
154:(11,10,0),(10,10,0),(9,10,0),(8,10,0),(7,10,0),(7,9,0),(7,8,0),(7,8,1),(7,7,1),
155:(12,11,0),(11,11,0),(10,11,0),(9,11,0),(9,10,0),(8,10,0),(8,9,0),(8,8,0),(8,7,0),(8,6,0),(8,5,0),(8,4,0),(8,3,0),(8,3,1),(8,2,1),(8,2,2),
156:(7,14,4),(7,14,3),(7,13,3),(7,13,3),(7,12,3),(7,11,3),(7,10,3),(7,9,3),(7,8,3),(7,7,3),(7,6,3),(7,5,3),(7,4,3),(8,4,3),(8,3,3),(8,2,3),
157:(4,4,2),(5,4,2),(6,4,2),(7,4,2),(7,5,2),(7,6,2),(7,7,2),(7,8,2),(8,8,2),(8,8,2),(9,8,2),
158:(9,14,5),(8,14,5),(7,14,5),(6,14,5),(5,14,5),(4,14,5),(3,14,5),(3,13,5),(3,12,5),(3,11,5),(3,10,5),(3,9,5),(2,9,5),(2,8,5),(2,7,5),(2,6,5),(2,5,5),(2,4,5),(2,4,4),(2,4,3),(1,4,3),(1,4,2),(1,3,2),(1,2,2),(1,1,2),(1,1,1),(0,1,1),(0,0,1),
159:(6,11,4),(7,11,4),(8,11,4),(9,11,4),(10,11,4),(11,11,4),(12,11,4),(12,11,3),(12,11,2),(12,10,2),(12,9,2),(12,9,2),(12,8,2),(12,7,2),(12,7,1),(12,6,1),
160:(7,7,0),(6,7,0),(6,7,1),(6,8,1),(6,9,1),(6,10,1),(6,11,1),(6,12,1),(6,13,1),(6,14,1),
161:(10,0,2),(10,1,2),(9,1,2),(8,1,2),(7,1,2),(7,2,2),(7,3,2),(7,4,2),(7,5,2),(7,6,2),(7,7,2),(7,8,2),(7,9,2),(8,9,2),(8,10,2),(8,11,2),(8,12,2),(7,12,2),
162:(2,5,2),(3,5,2),(4,5,2),(4,6,2),(4,6,3),(5,6,3),(6,6,3),(6,6,2),
163:(13,2,5),(12,2,5),(11,2,5),(10,2,5),(9,2,5),(9,3,5),(9,4,5),(9,5,5),(9,6,5),(9,7,5),
164:(7,11,3),(8,11,3),(9,11,3),(9,12,3),(9,12,4),(10,12,4),(10,12,5),
165:(1,8,2),(2,8,2),(3,8,2),(4,8,2),(5,8,2),(5,9,2),(5,10,2),(6,10,2),(6,10,3),(7,10,3),(8,10,3),(9,10,3),(9,10,2),(9,11,2),(10,11,2),(10,11,2),(11,11,2),(11,10,2),
166:(1,14,1),(1,14,2),(1,14,3),(1,13,3),(1,12,3),(1,11,3),(1,10,3),(1,10,2),(1,9,2),(1,8,2),(1,7,2),(1,6,2),(1,5,2),(1,4,2),(2,4,2),(2,3,2),(2,2,2),(3,2,2),(4,2,2),(4,1,2),(5,1,2),(6,1,2),(6,0,2),(6,0,3),(6,0,4),
167:(3,7,2),(3,7,3),(4,7,3),(5,7,3),(5,7,4),(5,7,5),(6,7,5),(7,7,5),(8,7,5),(8,6,5),(8,5,5),(8,4,5),(8,3,5),
168:(2,14,5),(3,14,5),(4,14,5),(4,14,4),(5,14,4),(6,14,4),(7,14,4),(8,14,4),(9,14,4),(10,14,4),(10,14,4),(11,14,4),(12,14,4),
169:(10,10,3),(11,10,3),(12,10,3),(13,10,3),(13,10,4),(13,9,4),(13,8,4),(13,7,4),(13,6,4),(13,5,4),(13,4,4),(13,3,4),(13,2,4),
170:(12,2,5),(11,2,5),(10,2,5),(9,2,5),(8,2,5),(8,2,6),(8,3,6),(8,4,6),(8,5,6),(8,6,6),(8,7,6),(8,8,6),(8,9,6),(8,10,6),(8,10,5),(8,11,5),(8,12,5),(8,13,5),(8,14,5),
171:(6,8,0),(6,8,1),(7,8,1),(8,8,1),(9,8,1),(9,8,2),(9,8,3),(9,9,3),
172:(6,12,0),(6,12,1),(5,12,1),(5,11,1),(5,10,1),(5,9,1),(5,8,1),(5,7,1),
173:(9,13,2),(8,13,2),(7,13,2),(7,13,1),(6,13,1),(5,13,1),(4,13,1),(3,13,1),(3,13,0),
174:(0,14,2),(0,13,2),(1,13,2),(2,13,2),(2,12,2),(3,12,2),(4,12,2),(4,11,2),(4,10,2),(4,9,2),(4,9,3),(5,9,3),(5,8,3),(5,8,2),
175:(9,5,0),(8,5,0),(7,5,0),(6,5,0),(5,5,0),(4,5,0),(3,5,0),(3,6,0),(2,6,0),(1,6,0),(1,7,0),(1,8,0),(1,9,0),(1,9,1),(1,10,1),
176:(12,8,4),(11,8,4),(10,8,4),(9,8,4),(8,8,4),(7,8,4),(7,8,3),(7,7,3),(7,7,2),(6,7,2),(5,7,2),(4,7,2),(4,6,2),(4,5,2),(3,5,2),(3,4,2),(3,3,2),
177:(12,14,3),(12,14,4),(12,14,5),(12,13,5),(12,12,5),(12,11,5),(13,11,5),(13,10,5),(13,9,5),(13,8,5),(13,7,5),(13,6,5),(13,5,5),(13,4,5),(13,3,5),(13,2,5),(13,1,5),
178:(3,0,0),(4,0,0),(5,0,0),(6,0,0),(7,0,0),(8,0,0),(9,0,0),(10,0,0),(10,0,1),(11,0,1),(12,0,1),(12,0,2),(12,0,3),(12,0,4),(12,0,5),(12,1,5),(12,2,5),(13,2,5),(13,3,5),(13,4,5),(13,5,5),(13,6,5),(13,7,5),(13,8,5),(13,9,5),(13,10,5),(14,10,5),(14,11,5),(14,12,5),
179:(0,13,0),(0,12,0),(0,11,0),(0,10,0),(0,9,0),(0,8,0),(0,7,0),(1,7,0),(1,6,0),(1,5,0),(1,4,0),(2,4,0),(3,4,0),(4,4,0),(5,4,0),(5,3,0),(6,3,0),(7,3,0),(7,2,0),(7,2,1),(8,2,1),(9,2,1),(9,2,2),(10,2,2),(11,2,2),(12,2,2),(12,1,2),(12,0,2),
180:(3,10,4),(4,10,4),(5,10,4),(5,11,4),(5,11,3),(5,12,3),(5,13,3),(6,13,3),(7,13,3),(8,13,3),(8,13,3),(8,14,3),
181:(8,1,5),(8,2,5),(8,3,5),(9,3,5),(9,4,5),(9,5,5),(9,5,4),(10,5,4),(11,5,4),(12,5,4),(12,6,4),(12,7,4),(12,7,3),(12,8,3),(12,9,3),(12,10,3),(13,10,3),(13,11,3),(13,12,3),(13,13,3),(13,14,3),
182:(11,1,0),(10,1,0),(9,1,0),(9,2,0),(9,3,0),(9,4,0),(9,5,0),(9,6,0),(9,7,0),(9,8,0),(9,9,0),(9,10,0),(9,10,1),(9,10,2),(9,10,2),(8,10,2),(8,11,2),(8,11,3),
183:(4,5,4),(4,6,4),(4,6,4),(4,7,4),(4,7,3),(4,8,3),(4,9,3),(4,10,3),
184:(10,1,1),(9,1,1),(9,2,1),(8,2,1),(8,2,2),(8,2,3),(8,2,4),(7,2,4),(7,3,4),(7,4,4),(7,5,4),(7,6,4),(7,7,4),(7,8,4),(7,9,4),(7,10,4),(7,10,5),(7,11,5),(7,12,5),(7,13,5),(7,14,5),
185:(0,14,4),(1,14,4),(2,14,4),(3,14,4),(4,14,4),(5,14,4),(6,14,4),(7,14,4),(7,14,3),(7,14,2),(7,13,2),(7,12,2),(7,11,2),
186:(12,11,1),(11,11,1),(10,11,1),(10,11,2),(10,11,3),(10,11,4),(10,10,4),
187:(4,12,5),(5,12,5),(5,11,5),(5,10,5),(5,10,6),(5,9,6),(5,8,6),(5,7,6),(5,6,6),(5,5,6),(5,4,6),(5,4,5),(5,3,5),(5,3,4),(5,2,4),(5,2,3),(6,2,3),(6,2,2),(6,2,1),
188:(3,8,1),(4,8,1),(5,8,1),(5,8,2),(5,8,3),(5,9,3),(5,10,3),
189:(0,6,2),(1,6,2),(2,6,2),(2,6,3),(3,6,3),(4,6,3),(5,6,3),(6,6,3),(7,6,3),(7,5,3),(7,4,3),(7,4,4),(8,4,4),(8,3,4),(9,3,4),(10,3,4),
190:(12,9,4),(12,9,3),(13,9,3),(14,9,3),(14,10,3),(14,11,3),(14,11,4),(14,12,4),
191:(0,7,5),(0,7,4),(0,7,3),(0,7,2),(0,7,1),(0,6,1),
192:(2,0,4),(3,0,4),(4,0,4),(5,0,4),(6,0,4),(6,1,4),(6,1,3),(6,1,2),(6,1,1),(6,2,1),(6,3,1),(6,4,1),(7,4,1),
193:(2,4,3),(3,4,3),(3,5,3),(4,5,3),(5,5,3),(6,5,3),(7,5,3),(8,5,3),(9,5,3),(10,5,3),(10,6,3),(10,6,3),(11,6,3),(12,6,3),
194:(11,6,2),(11,5,2),(10,5,2),(9,5,2),(9,5,1),(8,5,1),(8,5,0),(8,4,0),(8,3,0),(8,2,0),
195:(1,5,4),(2,5,4),(3,5,4),(4,5,4),(4,6,4),(5,6,4),(6,6,4),(7,6,4),(8,6,4),(9,6,4),(10,6,4),(10,7,4),(10,8,4),
196:(11,0,1),(10,0,1),(9,0,1),(8,0,1),(7,0,1),(6,0,1),(6,1,1),(6,2,1),(6,2,2),(6,2,3),(6,3,3),(6,3,4),(6,4,4),(6,5,4),(5,5,4),(5,6,4),(5,7,4),(5,8,4),(5,9,4),(5,10,4),(5,11,4),(4,11,4),(3,11,4),(2,11,4),(2,11,5),
197:(2,1,5),(2,1,4),(2,1,3),(2,2,3),(2,3,3),(2,4,3),(2,5,3),(2,5,3),(2,5,3),(2,5,2),
198:(8,5,5),(7,5,5),(6,5,5),(5,5,5),(4,5,5),(3,5,5),(3,5,4),(2,5,4),(2,5,4),(2,5,3),
199:(6,14,0),(7,14,0),(8,14,0),(9,14,0),(9,13,0),(9,12,0),(9,11,0),(9,10,0),(10,10,0),(10,9,0),(10,8,0),(10,7,0),(10,6,0),
200:(5,9,4),(4,9,4),(4,10,4),(5,10,4),(5,11,4),(5,11,4),(5,12,4),(6,12,4),(6,13,4),(6,14,4),
201:(3,13,3),(3,13,2),(3,12,2),(3,11,2),(3,10,2),(3,9,2),(3,8,2),(3,7,2),(3,6,2),(4,6,2),(5,6,2),(5,5,2),(5,4,2),(6,4,2),(7,4,2),(7,3,2),(7,2,2),(7,1,2),(7,0,2),
202:(8,12,3),(9,12,3),(10,12,3),(10,12,2),(11,12,2),(12,12,2),(13,12,2),(13,11,2),(13,11,1),(13,10,1),(13,9,1),(13,8,1),(13,7,1),(14,7,1),(14,6,1),(14,6,0),(14,5,0),(14,4,0),(14,3,0),(14,2,0),
203:(1,2,4),(2,2,4),(3,2,4),(4,2,4),(5,2,4),(6,2,4),(7,2,4),(7,2,3),(8,2,3),(9,2,3),(10,2,3),(11,2,3),(12,2,3),(12,1,3),(12,1,2),(12,1,1),(12,1,0),(12,0,0),
204:(12,3,0),(11,3,0),(11,3,1),(11,3,2),(11,4,2),(11,5,2),(11,6,2),(11,7,2),(11,8,2),(11,9,2),(11,10,2),(11,11,2),(11,11,3),(11,12,3),
205:(5,3,1),(6,3,1),(7,3,1),(8,3,1),(9,3,1),(10,3,1),(10,3,0),(10,2,0),
206:(3,6,2),(4,6,2),(5,6,2),(5,7,2),(5,7,2),(5,8,2),(5,9,2),(5,10,2),(6,10,2),(6,11,2),(6,11,3),(6,12,3),(6,13,3),
207:(12,4,4),(11,4,4),(10,4,4),(9,4,4),(9,5,4),(8,5,4),(8,6,4),(8,7,4),(7,7,4),(7,8,4),(7,8,3),(7,9,3),
208:(8,7,5),(7,7,5),(6,7,5),(5,7,5),(4,7,5),(3,7,5),(3,8,5),(3,8,4),(3,8,3),(3,9,3),(3,10,3),(3,11,3),(3,12,3),(3,12,3),(2,12,3),
209:(1,4,1),(2,4,1),(3,4,1),(3,4,0),(4,4,0),(5,4,0),(5,5,0),(5,6,0),(6,6,0),(6,7,0),(6,8,0),
210:(9,13,0),(8,13,0),(7,13,0),(6,13,0),(5,13,0),(5,12,0),(5,12,1),(5,12,2),
211:(1,14,2),(1,13,2),(1,13,1),(1,12,1),(1,11,1),(1,10,1),(1,9,1),(1,8,1),(1,7,1),(1,6,1),(1,5,1),(2,5,1),(2,4,1),
212:(5,14,3),(6,14,3),(7,14,3),(8,14,3),(8,14,2),(8,14,1),(8,14,0),(8,13,0),(8,12,0),
213:(8,7,3),(8,7,2),(8,8,2),(8,9,2),(8,10,2),(8,11,2),(7,11,2),(7,12,2),(7,13,2),(7,13,1),
214:(4,11,5),(3,11,5),(2,11,5),(2,11,4),(2,11,3),(2,11,2),(2,11,1),(2,11,0),(2,10,0),(2,9,0),(2,8,0),
215:(10,11,1),(9,11,1),(8,11,1),(7,11,1),(7,11,2),(6,11,2),(6,11,3),(6,11,4),(6,12,4),(6,12,4),(5,12,4),
216:(14,1,2),(13,1,2),(13,2,2),(13,3,2),(13,4,2),(13,5,2),(12,5,2),(12,6,2),(11,6,2),(11,6,3),(11,7,3),(11,8,3),(11,9,3),(10,9,3),(10,10,3),(9,10,3),(9,10,4),(8,10,4),(7,10,4),(7,11,4),(6,11,4),(5,11,4),(4,11,4),(3,11,4),(2,11,4),(1,11,4),(0,11,4),(0,11,3),(0,12,3),
217:(2,6,3),(2,7,3),(2,7,4),(3,7,4),(4,7,4),(5,7,4),(5,7,5),(6,7,5),(7,7,5),(8,7,5),
218:(9,12,4),(9,11,4),(9,11,5),(8,11,5),(7,11,5),(6,11,5),(5,11,5),(4,11,5),(3,11,5),(2,11,5),(1,11,5),(0,11,5),(0,11,4),(0,10,4),(0,9,4),(0,9,3),(0,8,3),(0,7,3),
219:(4,2,0),(5,2,0),(5,2,1),(5,2,2),(5,2,3),(5,3,3),(5,4,3),(5,4,4),
220:(8,11,2),(7,11,2),(6,11,2),(5,11,2),(4,11,2),(4,11,3),(4,10,3),(4,10,2),(4,9,2),(4,8,2),(4,7,2),(3,7,2),(3,6,2),(3,5,2),(3,4,2),(3,3,2),(3,2,2),(3,1,2),(3,1,1),(3,0,1),
221:(10,9,5),(9,9,5),(9,9,4),(8,9,4),(7,9,4),(6,9,4),(5,9,4),(4,9,4),(3,9,4),(3,8,4),(2,8,4),(2,7,4),(2,6,4),(2,5,4),(1,5,4),
222:(12,7,1),(11,7,1),(10,7,1),(9,7,1),(8,7,1),(8,7,2),(8,8,2),(8,8,3),(8,9,3),(8,10,3),(8,11,3),(8,12,3),
223:(9,5,3),(8,5,3),(7,5,3),(6,5,3),(6,6,3),(6,6,2),(5,6,2),(5,6,1),
224:(4,11,3),(5,11,3),(6,11,3),(7,11,3),(7,11,4),(7,11,5),(7,10,5),(7,9,5),(7,8,5),(7,7,5),(7,6,5),(8,6,5),(9,6,5),(9,5,5),(9,4,5),(9,3,5),(9,2,5),
225:(5,4,0),(6,4,0),(7,4,0),(7,4,1),(7,4,1),(7,4,2),(8,4,2),(9,4,2),(9,4,3),(9,4,3),(10,4,3),
226:(12,11,2),(11,11,2),(10,11,2),(10,10,2),
227:(6,9,2),(7,9,2),(7,9,2),(7,9,1),
228:(13,14,4),(13,13,4),(12,13,4),(11,13,4),(10,13,4),(10,13,3),(10,12,3),(9,12,3),(9,11,3),
229:(1,2,5),(2,2,5),(3,2,5),(3,2,4),(3,2,3),(3,2,2),(3,2,1),(4,2,1),(4,3,1),(4,4,1),(4,5,1),(4,6,1),(4,7,1),(4,8,1),(5,8,1),(6,8,1),(6,9,1),(6,10,1),(7,10,1),(8,10,1),(8,11,1),(9,11,1),(9,12,1),
230:(6,0,2),(6,0,3),(6,0,4),(6,1,4),(6,2,4),(6,3,4),(6,3,5),(6,4,5),(6,5,5),(6,6,5),(5,6,5),(5,7,5),(5,8,5),
231:(12,2,4),(12,3,4),(11,3,4),(10,3,4),(9,3,4),(8,3,4),(8,4,4),(8,5,4),
232:(3,14,2),(2,14,2),(2,13,2),(2,12,2),(2,11,2),(2,10,2),(2,9,2),(1,9,2),(1,8,2),(1,7,2),(1,6,2),(1,5,2),(1,4,2),(1,3,2),(1,2,2),(1,2,3),(1,2,4),
233:(14,3,2),(13,3,2),(12,3,2),(12,4,2),(12,5,2),(12,6,2),(12,6,2),(11,6,2),(10,6,2),(9,6,2),(8,6,2),(8,6,3),(7,6,3),(6,6,3),(5,6,3),(4,6,3),(3,6,3),(2,6,3),(1,6,3),
234:(2,4,4),(2,4,3),(1,4,3),(1,5,3),(1,6,3),(1,7,3),(1,8,3),(1,9,3),
235:(3,6,1),(4,6,1),(4,7,1),(5,7,1),(6,7,1),(6,7,1),(6,8,1),(6,9,1),(6,10,1),(6,10,2),(6,11,2),(6,12,2),(6,13,2),(6,14,2),(6,14,3),
236:(8,4,5),(7,4,5),(6,4,5),(6,4,4),(6,4,3),(6,4,2),(6,4,1),(6,4,0),(6,3,0),(6,2,0),(6,1,0),
237:(14,1,1),(13,1,1),(12,1,1),(12,2,1),(12,3,1),(12,4,1),(11,4,1),(10,4,1),(10,5,1),(10,6,1),(10,7,1),(10,8,1),(10,9,1),(10,10,1),(9,10,1),
238:(0,10,5),(1,10,5),(2,10,5),(3,10,5),(4,10,5),(5,10,5),(6,10,5),(7,10,5),(7,9,5),(7,8,5),(7,7,5),(7,6,5),(8,6,5),(9,6,5),(9,5,5),(9,5,4),(9,5,3),(10,5,3),(10,5,2),(10,5,1),(10,4,1),(10,3,1),(11,3,1),(11,2,1),(11,1,1),
239:(13,14,0),(12,14,0),(11,14,0),(10,14,0),(9,14,0),(8,14,0),(7,14,0),(6,14,0),(5,14,0),(5,13,0),(5,12,0),(5,11,0),(4,11,0),(4,10,0),(4,9,0),(4,8,0),(4,7,0),(3,7,0),(2,7,0),(2,6,0),
240:(5,0,5),(5,1,5),(5,2,5),(5,3,5),(5,4,5),(5,5,5),(6,5,5),(7,5,5),(7,5,4),(7,6,4),(7,7,4),(7,7,4),(7,8,4),(7,9,4),(7,10,4),(7,10,3),(7,11,3),(7,12,3),(7,13,3),(8,13,3),(9,13,3),
241:(8,14,4),(7,14,4),(7,13,4),(6,13,4),(5,13,4),(4,13,4),(3,13,4),(3,12,4),(2,12,4),(1,12,4),(0,12,4),(0,11,4),(0,10,4),(0,9,4),(0,9,3),(0,8,3),(0,7,3),(0,6,3),(0,5,3),(0,4,3),(0,4,3),(0,4,2),(0,4,1),(0,3,1),
242:(1,0,0),(2,0,0),(3,0,0),(4,0,0),(4,1,0),(4,2,0),(4,3,0),(4,4,0),(4,4,0),(5,4,0),(6,4,0),(7,4,0),(8,4,0),(9,4,0),(9,5,0),(9,6,0),(9,6,1),(10,6,1),(10,7,1),(10,8,1),(11,8,1),(11,8,2),(12,8,2),(12,9,2),(12,10,2),
243:(11,9,3),(10,9,3),(9,9,3),(8,9,3),(8,10,3),(8,10,2),(8,10,1),(7,10,1),(7,10,1),(6,10,1),(6,10,2),
244:(7,12,1),(7,11,1),(7,10,1),(8,10,1),(8,9,1),(8,8,1),(9,8,1),(9,7,1),(9,6,1),(9,5,1),(9,5,2),(9,4,2),(9,3,2),(9,2,2),(9,1,2),(9,0,2),
245:(12,4,0),(11,4,0),(11,4,1),(10,4,1),(9,4,1),(9,4,2),(9,4,3),(9,4,4),(9,5,4),(9,5,4),(9,6,4),
246:(12,3,3),(11,3,3),(11,4,3),(10,4,3),(10,5,3),(9,5,3),(9,6,3),(9,7,3),(8,7,3),(8,7,3),(7,7,3),(6,7,3),(6,7,4),(5,7,4),(5,7,5),
247:(5,7,1),(6,7,1),(7,7,1),(8,7,1),(8,8,1),(9,8,1),(10,8,1),(11,8,1),(12,8,1),
248:(0,2,2),(1,2,2),(2,2,2),(3,2,2),(4,2,2),(5,2,2),(5,2,3),(5,3,3),
249:(1,8,4),(2,8,4),(3,8,4),(3,8,3),(4,8,3),(5,8,3),(6,8,3),(7,8,3),(8,8,3),(8,9,3),(8,9,3),(8,10,3),(8,10,2),(8,11,2),(9,11,2),(9,10,2),
250:(4,0,4),(5,0,4),(5,0,5),(6,0,5),(7,0,5),(7,1,5),(7,2,5),(7,3,5),
251:(10,0,0),(11,0,0),(11,1,0),
252:(13,0,4),(13,1,4),(13,2,4),(13,3,4),(13,4,4),(12,4,4),(11,4,4),(11,5,4),(11,6,4),(10,6,4),(10,7,4),(9,7,4),(9,8,4),(9,9,4),(9,10,4),(8,10,4),(7,10,4),(7,11,4),(6,11,4),(5,11,4),(4,11,4),(3,11,4),(2,11,4),(1,11,4),(1,12,4),(1,13,4),(1,14,4),
253:(8,2,1),(8,3,1),(9,3,1),(9,3,0),(10,3,0),(10,4,0),(10,5,0),(10,5,0),(11,5,0),(12,5,0),(12,5,0),(13,5,0),(13,6,0),
254:(2,14,4),(3,14,4),(3,13,4),(3,13,3),(3,12,3),(3,11,3),(3,10,3),(3,9,3),(4,9,3),(5,9,3),(6,9,3),(6,8,3),(6,8,2),(6,7,2),(6,7,2),(6,7,1),(6,7,0),
255:(1,8,3),(2,8,3),(3,8,3),(4,8,3),(4,8,4),(5,8,4),(5,8,4),(6,8,4),(7,8,4),(8,8,4),(9,8,4),(10,8,4),(11,8,4),(11,7,4),(11,7,4),(12,7,4),(13,7,4),
256:(14,0,1),(13,0,1),(12,0,1),(12,1,1),(12,2,1),(12,3,1),(11,3,1),(11,4,1),(11,5,1),(11,6,1),(11,6,2),(11,7,2),
257:(5,11,1),(6,11,1),(7,11,1),(7,11,2),(8,11,2),(8,11,1),(9,11,1),(10,11,1),(10,12,1),(10,12,1),(11,12,1),
258:(8,5,2),(7,5,2),(7,6,2),(7,7,2),(7,7,3),(7,7,4),(6,7,4),(5,7,4),(4,7,4),(4,7,5),(3,7,5),(2,7,5),(1,7,5),(1,8,5),(0,8,5),
259:(3,1,4),(3,1,3),(3,1,2),(2,1,2),(2,1,1),(2,2,1),(2,2,0),(2,3,0),
260:(0,11,1),(1,11,1),(2,11,1),(3,11,1),(4,11,1),(5,11,1),(5,10,1),(5,9,1),(5,8,1),(6,8,1),(7,8,1),(8,8,1),(9,8,1),(10,8,1),(11,8,1),(11,8,0),(12,8,0),(13,8,0),(13,8,1),(13,8,1),(13,7,1),(13,6,1),
261:(5,12,0),(5,12,1),(5,12,2),(5,12,3),(5,13,3),(5,14,3),
262:(3,5,2),(4,5,2),(4,5,3),(4,4,3),(4,4,4),(4,3,4),(4,2,4),(4,1,4),(4,1,4),(5,1,4),
263:(3,2,0),(4,2,0),(5,2,0),(6,2,0),(7,2,0),(8,2,0),(9,2,0),(9,3,0),(9,4,0),(9,5,0),(9,6,0),(9,7,0),(9,7,1),(9,7,2),
264:(14,5,0),(13,5,0),(13,5,1),(13,5,2),(13,5,3),(12,5,3),(12,5,4),(12,5,5),(12,6,5),(12,7,5),(12,8,5),(12,8,5),(11,8,5),(10,8,5),(9,8,5),
265:(7,1,5),(6,1,5),(6,1,6),(5,1,6),(5,2,6),(5,3,6),(5,4,6),(4,4,6),(4,5,6),(4,6,6),(4,7,6),(4,8,6),(4,9,6),(4,10,6),(4,11,6),(4,12,6),(4,13,6),(4,13,5),(4,14,5),
266:(13,5,4),(12,5,4),(12,4,4),(12,3,4),
267:(1,4,2),(1,4,1),(1,5,1),(1,6,1),(1,7,1),(2,7,1),(3,7,1),(4,7,1),(4,8,1),(4,9,1),(4,9,1),(4,9,1),(5,9,1),(6,9,1),(6,10,1),(7,10,1),(7,11,1),
268:(14,3,0),(13,3,0),(12,3,0),(11,3,0),(11,4,0),(11,4,1),(11,4,2),(11,4,3),(11,5,3),(11,5,4),(11,5,5),(11,6,5),(10,6,5),(10,6,5),(9,6,5),(8,6,5),
269:(10,5,0),(10,5,1),(10,5,1),(11,5,1),(12,5,1),(13,5,1),(14,5,1),(14,5,2),(14,5,3),(14,5,4),(14,5,5),(14,4,5),(14,3,5),(14,2,5),(14,1,5),(14,0,5),
270:(12,0,3),(11,0,3),(10,0,3),(9,0,3),(9,0,2),(8,0,2),(7,0,2),(7,0,1),(6,0,1),(6,1,1),(5,1,1),(5,1,1),(4,1,1),
271:(7,2,2),(8,2,2),(9,2,2),(10,2,2),(10,2,3),(11,2,3),(12,2,3),(13,2,3),(14,2,3),(14,2,4),(14,1,4),
272:(2,14,3),(3,14,3),(4,14,3),(5,14,3),(6,14,3),(7,14,3),(8,14,3),(9,14,3),(10,14,3),(11,14,3),(12,14,3),(13,14,3),(13,13,3),(13,13,4),(13,12,4),(13,11,4),(13,10,4),(13,9,4),(14,9,4),(14,8,4),
273:(3,12,0),(2,12,0),(2,12,1),(2,13,1),(2,14,1),
274:(12,1,5),(11,1,5),(10,1,5),(9,1,5),(8,1,5),(8,2,5),(8,3,5),(8,4,5),(7,4,5),(6,4,5),(5,4,5),(4,4,5),(3,4,5),(3,5,5),(2,5,5),(2,5,4),(2,6,4),(2,7,4),(2,8,4),(2,8,3),(2,8,2),(2,8,1),(1,8,1),(1,8,0),(1,9,0),(1,10,0),(1,10,-1),(0,10,-1),(0,11,-1),(0,11,0),
275:(7,0,0),(7,0,1),(7,0,2),(8,0,2),(8,1,2),(8,2,2),(9,2,2),(10,2,2),(10,2,3),(10,2,4),(10,2,5),(10,3,5),(10,4,5),(10,5,5),(10,6,5),
276:(14,6,4),(13,6,4),(12,6,4),(11,6,4),(10,6,4),(9,6,4),(9,7,4),(9,8,4),(8,8,4),(8,9,4),(7,9,4),(7,10,4),(7,11,4),(6,11,4),(5,11,4),(4,11,4),(3,11,4),(2,11,4),(1,11,4),(1,11,3),(0,11,3),(0,11,2),(0,11,1),
277:(9,4,2),(9,5,2),(8,5,2),(8,5,3),(8,5,4),(7,5,4),(6,5,4),(5,5,4),(5,6,4),(5,7,4),(5,8,4),(4,8,4),(4,9,4),(3,9,4),(3,9,5),(3,10,5),(3,11,5),
278:(7,5,3),(6,5,3),(5,5,3),(5,5,2),(5,6,2),(4,6,2),(3,6,2),(2,6,2),(2,7,2),(2,8,2),(1,8,2),(1,9,2),(1,10,2),(0,10,2),(0,11,2),(0,12,2),
279:(1,9,1),(2,9,1),(3,9,1),(4,9,1),(4,9,2),(4,10,2),(4,11,2),(5,11,2),(6,11,2),(7,11,2),(8,11,2),(9,11,2),(10,11,2),(10,11,3),(10,12,3),
280:(2,2,3),(2,2,2),(2,3,2),(2,4,2),(2,5,2),(2,6,2),(2,7,2),(2,7,1),(3,7,1),(4,7,1),(4,8,1),(5,8,1),(6,8,1),(7,8,1),(8,8,1),(8,9,1),(8,10,1),(8,11,1),(9,11,1),(9,12,1),(10,12,1),
281:(7,4,4),(8,4,4),(9,4,4),(9,4,3),(10,4,3),(10,4,2),(10,5,2),(10,5,1),(10,6,1),(10,7,1),(10,8,1),(10,9,1),(10,10,1),(10,11,1),
282:(8,9,1),(8,9,2),(9,9,2),(9,10,2),(9,10,3),(9,11,3),(9,12,3),(9,13,3),(9,14,3),(10,14,3),
283:(13,12,3),(12,12,3),(11,12,3),(11,11,3),(11,10,3),(10,10,3),(10,9,3),(10,8,3),(9,8,3),(9,7,3),(9,7,3),(9,7,2),(9,6,2),(8,6,2),(8,5,2),(7,5,2),(7,4,2),(6,4,2),(6,3,2),(6,2,2),(6,1,2),(6,0,2),(5,0,2),(4,0,2),
284:(11,8,4),(10,8,4),(9,8,4),(8,8,4),(8,8,3),(8,8,2),(8,8,1),(8,9,1),(8,9,0),(7,9,0),
285:(2,9,4),(3,9,4),(4,9,4),(5,9,4),(5,8,4),(6,8,4),(7,8,4),(8,8,4),(8,7,4),(8,7,4),(8,8,4),(8,8,3),
286:(2,11,1),(3,11,1),(4,11,1),(4,10,1),(4,9,1),(4,8,1),(4,7,1),(4,6,1),(4,5,1),(5,5,1),(5,4,1),(5,4,2),(5,3,2),
287:(8,14,1),(9,14,1),(10,14,1),(11,14,1),(11,13,1),(11,12,1),(11,11,1),(11,10,1),(11,9,1),(11,8,1),(11,8,2),(12,8,2),(12,7,2),(12,6,2),(12,5,2),(13,5,2),(13,5,3),(13,4,3),
288:(14,6,3),(13,6,3),(13,6,2),(13,6,1),(13,5,1),(13,4,1),(12,4,1),(12,3,1),(11,3,1),(11,2,1),(11,1,1),(11,0,1),(10,0,1),(9,0,1),(8,0,1),(8,0,0),
289:(14,10,0),(13,10,0),(12,10,0),(11,10,0),(10,10,0),(9,10,0),(8,10,0),(8,9,0),(8,8,0),(8,7,0),(8,6,0),(7,6,0),(7,5,0),(7,4,0),
290:(7,11,1),(8,11,1),(8,11,2),(8,11,3),(7,11,3),(7,11,4),(6,11,4),(5,11,4),(5,11,5),(5,12,5),
291:(5,2,0),(6,2,0),(7,2,0),(8,2,0),(8,3,0),(8,3,1),(8,4,1),(8,4,2),(9,4,2),(9,5,2),(9,5,3),(9,6,3),(9,7,3),(9,7,4),(10,7,4),
292:(9,12,1),(10,12,1),(10,12,2),(11,12,2),(11,12,3),(11,11,3),(11,10,3),(11,9,3),(11,8,3),(11,8,4),(11,7,4),(11,6,4),(11,6,5),(11,5,5),
293:(10,10,4),(10,9,4),(10,9,4),(10,8,4),(11,8,4),(12,8,4),(12,7,4),(12,6,4),(12,6,4),(13,6,4),(14,6,4),
294:(6,5,4),(7,5,4),(8,5,4),(8,5,4),(8,4,4),(9,4,4),(10,4,4),(11,4,4),(11,4,3),(12,4,3),(13,4,3),(13,4,2),(13,4,1),
295:(9,8,1),(9,9,1),(8,9,1),(8,9,0),(7,9,0),(6,9,0),(5,9,0),(4,9,0),(3,9,0),(3,10,0),(2,10,0),(1,10,0),(1,11,0),
296:(3,4,0),(4,4,0),(4,5,0),(4,6,0),(4,7,0),(4,8,0),(4,9,0),(4,10,0),(4,10,0),(4,11,0),(4,11,1),
297:(6,11,2),(6,10,2),(7,10,2),(8,10,2),(9,10,2),(9,10,3),(10,10,3),(11,10,3),(12,10,3),(13,10,3),(13,9,3),(13,8,3),(14,8,3),(14,7,3),(14,6,3),(14,5,3),(14,4,3),
298:(12,9,1),(12,9,2),(13,9,2),(14,9,2),(14,9,3),(14,10,3),(14,11,3),
299:(7,10,5),(6,10,5),(5,10,5),(4,10,5),(4,10,4),(3,10,4),(2,10,4),(1,10,4),(0,10,4),(0,9,4),(0,9,3),(0,8,3),(0,8,2),(0,7,2),(0,6,2),(0,5,2),
300:(14,13,4),(14,13,3),(13,13,3),(12,13,3),(11,13,3),(11,12,3),(11,11,3),(10,11,3),(10,10,3),(10,9,3),(10,8,3),(9,8,3),(9,8,3),(9,7,3),(8,7,3),(7,7,3),(6,7,3),(5,7,3),(5,6,3),(5,6,2),(5,5,2),
301:(6,1,5),(6,1,4),(5,1,4),(4,1,4),(4,1,3),(4,2,3),(4,3,3),(4,4,3),(4,5,3),(4,6,3),(4,7,3),
302:(0,4,5),(0,5,5),(0,6,5),(0,7,5),(0,7,4),(0,8,4),(0,9,4),(0,10,4),(0,11,4),(0,11,3),(0,11,2),(0,12,2),(-1,12,2),(-1,13,2),(-1,14,2),(0,14,2),
303:(9,12,5),(8,12,5),(8,11,5),(7,11,5),(6,11,5),(5,11,5),(4,11,5),(4,10,5),(4,9,5),(4,8,5),(4,7,5),(4,6,5),(4,5,5),(4,4,5),(3,4,5),(2,4,5),(2,3,5),(2,3,4),(2,3,3),(2,3,2),(1,3,2),(0,3,2),(0,2,2),
304:(13,1,4),(12,1,4),(11,1,4),(11,2,4),(10,2,4),(9,2,4),(9,3,4),(8,3,4),(8,4,4),(8,4,4),(7,4,4),(6,4,4),(6,4,3),(6,5,3),(6,6,3),
305:(6,7,4),(7,7,4),(8,7,4),(8,7,3),(9,7,3),(10,7,3),(11,7,3),(12,7,3),(12,7,2),(12,7,2),(12,6,2),(12,5,2),(12,4,2),
306:(2,2,4),(2,3,4),(2,4,4),(2,5,4),(2,6,4),(2,7,4),(2,8,4),(2,9,4),(2,10,4),(2,11,4),(2,12,4),(2,12,3),(2,13,3),(2,13,2),(2,13,2),(3,13,2),
307:(7,5,2),(7,5,1),(8,5,1),(9,5,1),(10,5,1),(10,4,1),(9,4,1),(9,4,1),(9,4,1),(9,4,1),(9,4,1),(10,4,1),(9,4,1),
308:(7,14,2),(8,14,2),(8,14,1),(9,14,1),(10,14,1),(11,14,1),(11,14,0),(11,13,0),(11,12,0),(11,11,0),(11,10,0),(11,9,0),(11,8,0),(11,7,0),
309:(11,10,1),(10,10,1),(9,10,1),(9,11,1),(9,11,2),(9,12,2),(9,13,2),(8,13,2),(8,13,2),(7,13,2),(6,13,2),(5,13,2),(4,13,2),(3,13,2),(3,13,3),
310:(10,0,4),(9,0,4),(8,0,4),(7,0,4),(7,1,4),(7,2,4),(7,3,4),(6,3,4),(6,4,4),(6,5,4),(5,5,4),(5,6,4),(5,6,3),(4,6,3),(3,6,3),(3,7,3),(3,7,2),(3,8,2),(2,8,2),(2,8,1),(2,9,1),(2,9,0),(2,10,0),(2,11,0),(2,12,0),(1,12,0),(0,12,0),
311:(0,0,5),(1,0,5),(2,0,5),(3,0,5),(4,0,5),(4,0,4),(4,0,3),(4,0,2),(4,0,1),(4,0,0),
312:(2,10,0),(3,10,0),(3,10,1),(3,10,2),(3,10,3),(3,9,3),(3,8,3),(3,7,3),(3,6,3),(3,5,3),(3,5,4),(3,4,4),(3,3,4),(3,2,4),(3,1,4),
313:(10,6,2),(11,6,2),(12,6,2),(13,6,2),(13,7,2),(13,8,2),(13,9,2),(13,10,2),(13,11,2),(13,12,2),(14,12,2),(14,13,2),(14,14,2),(13,14,2),
314:(0,10,4),(1,10,4),(1,9,4),(1,8,4),(1,7,4),(1,6,4),(1,6,3),(1,6,2),(1,5,2),(1,4,2),(2,4,2),(3,4,2),(3,3,2),(3,2,2),(4,2,2),(5,2,2),(6,2,2),(7,2,2),(7,1,2),(8,1,2),(9,1,2),(10,1,2),(11,1,2),(12,1,2),(12,1,1),(12,1,0),(13,1,0),(14,1,0),(14,1,1),
315:(12,13,1),(11,13,1),(10,13,1),(9,13,1),(8,13,1),(7,13,1),(6,13,1),(6,13,1),(5,13,1),(4,13,1),(4,13,2),(4,13,3),(4,13,4),(4,12,4),
316:(10,13,1),(9,13,1),(8,13,1),(8,13,2),(7,13,2),(6,13,2),(5,13,2),(4,13,2),(3,13,2),(2,13,2),(2,12,2),(2,11,2),(1,11,2),
317:(4,3,4),(3,3,4),(3,3,3),(3,3,2),(3,3,1),(3,4,1),(3,4,0),(3,5,0),(3,6,0),(3,7,0),(3,8,0),
318:(7,12,4),(8,12,4),(9,12,4),(10,12,4),(11,12,4),(12,12,4),(13,12,4),(13,11,4),(13,10,4),(13,9,4),(13,9,4),(13,9,3),
319:(6,1,2),(7,1,2),(8,1,2),(8,2,2),(8,2,3),(8,2,4),(9,2,4),(9,3,4),(10,3,4),(11,3,4),(11,4,4),(11,5,4),(11,6,4),(11,6,4),(11,6,4),(11,7,4),
320:(13,10,1),(12,10,1),(11,10,1),(11,9,1),(11,8,1),(10,8,1),(10,8,2),(10,8,2),(10,8,3),(9,8,3),(8,8,3),(7,8,3),(7,7,3),(7,6,3),(7,5,3),(6,5,3),(5,5,3),(5,4,3),
321:(14,11,3),(13,11,3),(12,11,3),(12,11,2),(11,11,2),(11,10,2),(11,10,1),(11,10,0),(11,9,0),(11,8,0),(11,7,0),(11,6,0),(11,5,0),(10,5,0),(10,4,0),(10,3,0),(9,3,0),(9,2,0),
322:(7,12,3),(8,12,3),(9,12,3),(10,12,3),(10,12,2),(11,12,2),(12,12,2),(13,12,2),(14,12,2),(14,13,2),(14,13,1),(14,14,1),
323:(2,12,1),(3,12,1),(4,12,1),(4,11,1),(4,10,1),
324:(4,13,0),(5,13,0),(5,12,0),(5,11,0),(5,10,0),(5,9,0),(5,8,0),(5,7,0),(5,7,0),(5,6,0),(6,6,0),(6,6,1),(7,6,1),(7,5,1),(8,5,1),(8,5,2),(8,5,3),(8,4,3),(8,4,4),(9,4,4),(10,4,4),(10,4,5),(10,3,5),
325:(10,6,5),(11,6,5),(12,6,5),(13,6,5),(13,6,4),(14,6,4),(14,7,4),
326:(5,14,1),(5,14,0),(5,13,0),(5,12,0),(5,11,0),(5,10,0),(5,10,0),(5,9,0),(5,8,0),(5,7,0),(5,7,0),(6,7,0),(6,6,0),(6,5,0),(6,4,0),
327:(0,7,2),(1,7,2),(2,7,2),(3,7,2),(4,7,2),(5,7,2),(5,8,2),(6,8,2),(6,8,1),(6,9,1),(6,10,1),(7,10,1),(8,10,1),(9,10,1),(9,11,1),(9,11,2),(10,11,2),(11,11,2),(12,11,2),(13,11,2),
328:(14,7,4),(14,8,4),(14,9,4),(14,10,4),
329:(10,3,3),(10,2,3),(11,2,3),(12,2,3),(13,2,3),(13,2,4),(13,2,5),(13,1,5),(13,0,5),
330:(0,11,2),(0,11,3),(0,11,4),(0,11,5),(0,12,5),(0,13,5),
331:(4,5,2),(5,5,2),(6,5,2),
332:(4,1,5),(4,2,5),(4,3,5),(3,3,5),(3,4,5),(3,4,5),(3,5,5),(3,6,5),(3,7,5),(3,8,5),(3,8,4),(3,9,4),(3,10,4),
333:(4,8,4),(4,8,3),(4,8,2),(4,7,2),(4,7,1),(4,6,1),(4,5,1),(3,5,1),(3,4,1),(3,3,1),
334:(2,2,1),(3,2,1),(4,2,1),(5,2,1),(5,3,1),(5,3,2),(5,4,2),(5,5,2),(5,5,3),(5,5,4),(5,6,4),(5,6,5),(6,6,5),(6,7,5),(6,8,5),(6,9,5),
335:(10,4,4),(9,4,4),(9,4,3),(9,4,2),(8,4,2),(8,4,1),(8,5,1),(8,6,1),
336:(0,12,4),(1,12,4),(2,12,4),(3,12,4),(4,12,4),(5,12,4),(6,12,4),(7,12,4),(8,12,4),(9,12,4),(10,12,4),(11,12,4),(12,12,4),(13,12,4),(13,12,3),(13,12,2),(13,12,1),
337:(11,5,5),(11,5,4),(10,5,4),(9,5,4),(9,6,4),(8,6,4),(7,6,4),(7,6,3),(7,7,3),(6,7,3),(6,6,3),(5,6,3),(4,6,3),(3,6,3),(2,6,3),(1,6,3),(1,7,3),
338:(10,3,2),(10,3,3),(11,3,3),(11,4,3),(11,4,4),(11,5,4),(11,6,4),(11,7,4),(12,7,4),(12,8,4),(12,9,4),(12,9,4),(12,9,5),
339:(6,2,4),(7,2,4),(7,3,4),(7,4,4),(7,5,4),(7,6,4),(7,7,4),(7,8,4),(7,9,4),(7,10,4),(8,10,4),(9,10,4),(9,11,4),(9,12,4),(10,12,4),(11,12,4),(12,12,4),(13,12,4),(13,13,4),(13,14,4),
340:(5,12,4),(6,12,4),(7,12,4),(8,12,4),(8,12,3),(8,11,3),(8,11,2),(8,10,2),(8,10,1),(8,9,1),(8,8,1),(9,8,1),(10,8,1),(10,7,1),(10,6,1),(10,5,1),(10,4,1),(10,3,1),(11,3,1),(11,3,2),(11,4,2),
341:(1,6,1),(2,6,1),(3,6,1),(3,6,2),(3,7,2),(4,7,2),(5,7,2),(5,8,2),(6,8,2),(7,8,2),(8,8,2),(8,9,2),(8,9,1),(8,10,1),(8,11,1),(9,11,1),(9,11,2),
342:(2,13,0),(3,13,0),(4,13,0),(5,13,0),(5,13,1),(5,13,2),(5,12,2),(6,12,2),(6,12,3),(6,11,3),(6,10,3),(6,9,3),(6,8,3),(7,8,3),(7,7,3),(7,6,3),
343:(3,2,5),(3,3,5),(3,4,5),(4,4,5),(4,4,5),(5,4,5),(5,5,5),(6,5,5),(7,5,5),(8,5,5),(9,5,5),(10,5,5),(11,5,5),(12,5,5),(13,5,5),(14,5,5),(14,5,4),(14,5,3),(14,5,2),
344:(6,14,1),(6,14,0),(5,14,0),(4,14,0),(3,14,0),(2,14,0),(1,14,0),(0,14,0),(0,13,0),(0,12,0),(0,11,0),(0,10,0),
345:(8,12,1),(7,12,1),(6,12,1),(5,12,1),(4,12,1),(3,12,1),(2,12,1),(1,12,1),(1,11,1),(1,10,1),(1,9,1),(1,8,1),(1,8,2),(1,7,2),(1,6,2),(1,5,2),
346:(0,0,3),(1,0,3),(2,0,3),(3,0,3),(4,0,3),(5,0,3),(5,1,3),(5,1,2),(5,2,2),(6,2,2),(7,2,2),(7,3,2),(7,4,2),(8,4,2),(9,4,2),(9,5,2),(10,5,2),(10,5,1),(10,6,1),(10,7,1),(10,8,1),(11,8,1),(11,9,1),(11,10,1),(11,11,1),(12,11,1),
347:(5,0,3),(5,1,3),(5,2,3),(5,3,3),(5,4,3),(5,4,2),(5,5,2),(5,6,2),(5,7,2),(5,8,2),(5,8,1),(5,8,0),(5,9,0),(6,9,0),(6,10,0),(7,10,0),(7,11,0),
348:(6,0,4),(7,0,4),(7,1,4),(7,2,4),(7,3,4),(7,4,4),(7,5,4),(7,5,4),(7,6,4),(8,6,4),(8,7,4),(8,8,4),(8,9,4),(8,10,4),(8,10,3),
349:(1,6,2),(1,6,1),(1,7,1),(1,7,2),(1,8,2),(1,9,2),(1,10,2),(1,11,2),(1,12,2),
350:(0,10,0),(1,10,0),(1,10,1),(1,10,2),(1,10,3),(1,10,4),(1,10,5),(2,10,5),(3,10,5),(4,10,5),(5,10,5),(6,10,5),(7,10,5),(8,10,5),(9,10,5),(10,10,5),(11,10,5),(11,9,5),(11,8,5),(11,7,5),(12,7,5),(12,6,5),(12,5,5),(13,5,5),(13,4,5),(13,3,5),(13,3,4),
351:(2,12,4),(2,12,3),(2,11,3),(2,10,3),(2,9,3),(2,8,3),(2,7,3),(2,6,3),(2,6,3),(3,6,3),(4,6,3),(4,5,3),(4,4,3),(4,3,3),(4,2,3),(4,2,2),(5,2,2),
352:(2,8,1),(3,8,1),(4,8,1),(5,8,1),(6,8,1),(7,8,1),(7,7,1),(7,7,0),(7,6,0),(7,6,1),(7,6,2),
353:(14,14,2),(13,14,2),(13,14,3),(13,14,4),(12,14,4),(11,14,4),(11,13,4),(10,13,4),(9,13,4),(8,13,4),(7,13,4),(6,13,4),(5,13,4),(4,13,4),(3,13,4),(3,12,4),(2,12,4),(1,12,4),(0,12,4),(0,11,4),(0,10,4),(0,9,4),(0,8,4),(0,7,4),
354:(5,3,4),(6,3,4),(6,3,3),(7,3,3),(7,3,2),(8,3,2),
355:(4,5,5),(4,6,5),(4,7,5),(4,8,5),(4,8,5),(4,8,4),(4,8,3),
356:(1,4,0),(0,4,0),(0,4,1),(0,4,2),(0,4,3),(0,4,4),(0,4,5),(0,5,5),(0,6,5),(0,7,5),(0,8,5),(0,9,5),
357:(4,11,2),(4,11,3),(5,11,3),(5,10,3),(5,10,4),(5,9,4),(5,9,5),(5,8,5),(5,7,5),(5,6,5),(5,6,6),(5,5,6),(5,4,6),(5,4,5),
358:(11,0,2),(11,1,2),(11,1,3),(11,1,4),(11,2,4),(10,2,4),(10,2,5),(9,2,5),(8,2,5),(7,2,5),(6,2,5),(5,2,5),(4,2,5),(4,1,5),(3,1,5),(2,1,5),(1,1,5),
359:(4,5,0),(5,5,0),(6,5,0),(6,6,0),(7,6,0),(8,6,0),(9,6,0),(10,6,0),(10,7,0),(10,8,0),(11,8,0),(11,8,1),(11,8,2),(12,8,2),(13,8,2),(14,8,2),(14,9,2),(14,10,2),(14,11,2),(14,12,2),(14,12,3),(14,13,3),(14,13,4),
360:(2,0,1),(3,0,1),(3,0,2),(3,1,2),(3,2,2),(3,3,2),(3,4,2),(3,5,2),(2,5,2),(2,6,2),(2,7,2),(2,8,2),(3,8,2),(3,9,2),(4,9,2),
361:(1,10,4),(1,10,3),(0,10,3),
362:(11,0,3),(10,0,3),(9,0,3),(8,0,3),(7,0,3),(7,0,3),(6,0,3),(5,0,3),(4,0,3),(4,1,3),(4,2,3),(4,2,2),(4,2,2),(4,3,2),
363:(13,7,3),(14,7,3),(14,7,2),(14,6,2),(14,5,2),(14,4,2),(14,3,2),(14,2,2),(14,1,2),
364:(5,7,4),(6,7,4),(7,7,4),(8,7,4),(9,7,4),(10,7,4),(11,7,4),(12,7,4),(12,8,4),(12,9,4),(12,10,4),
365:(0,10,2),(1,10,2),(2,10,2),(2,9,2),(3,9,2),(4,9,2),(4,8,2),(4,7,2),(4,6,2),(5,6,2),(5,6,3),(5,5,3),(5,4,3),(6,4,3),(7,4,3),(8,4,3),(9,4,3),(9,4,3),(9,4,2),
366:(8,11,3),(8,11,2),(7,11,2),(6,11,2),(5,11,2),(4,11,2),(3,11,2),(2,11,2),(1,11,2),(1,11,1),(1,10,1),(1,9,1),(1,8,1),(1,8,0),(1,7,0),
367:(14,8,0),(14,8,1),(14,8,2),(14,7,2),
368:(14,8,2),(13,8,2),(12,8,2),(11,8,2),(10,8,2),(10,7,2),(10,6,2),(10,5,2),(10,4,2),(10,3,2),(10,3,3),(10,3,4),(10,2,4),
369:(7,10,4),(8,10,4),(8,10,5),(9,10,5),(10,10,5),(11,10,5),(12,10,5),(12,10,4),(12,11,4),
370:(6,11,0),(6,10,0),(5,10,0),(4,10,0),(3,10,0),(2,10,0),(2,9,0),(2,8,0),(2,7,0),(2,6,0),(2,6,0),(1,6,0),(1,5,0),(1,4,0),(1,3,0),(1,2,0),(1,1,0),(0,1,0),(0,0,0),
371:(13,14,5),(12,14,5),(11,14,5),(10,14,5),(9,14,5),(9,13,5),(9,12,5),(9,11,5),(9,10,5),(9,9,5),(9,8,5),(9,8,6),(9,7,6),(9,6,6),(9,5,6),(9,4,6),(9,3,6),(9,2,6),(9,1,6),(9,1,5),(9,0,5),
372:(10,7,1),(9,7,1),(8,7,1),(8,7,2),(7,7,2),(6,7,2),(6,7,3),(5,7,3),(5,6,3),(5,5,3),(4,5,3),(4,4,3),(4,3,3),(4,2,3),(3,2,3),(3,1,3),
373:(7,6,4),(6,6,4),(5,6,4),(5,6,5),(4,6,5),(3,6,5),(2,6,5),(2,6,4),(2,7,4),(2,7,3),
374:(13,10,2),(13,10,1),(13,9,1),(13,8,1),(13,7,1),(13,6,1),(12,6,1),(12,5,1),(12,4,1),(11,4,1),
375:(12,8,2),(11,8,2),(11,8,3),(11,8,4),(11,9,4),
376:(6,0,3),(5,0,3),(4,0,3),(4,1,3),(3,1,3),(3,2,3),(3,3,3),
377:(13,1,2),(12,1,2),(11,1,2),(10,1,2),(9,1,2),(8,1,2),(8,1,1),(7,1,1),(7,1,0),(6,1,0),(5,1,0),(4,1,0),(4,2,0),(4,3,0),(4,4,0),(4,5,0),(4,6,0),(4,7,0),(4,8,0),(4,9,0),(4,10,0),(4,11,0),
378:(5,8,5),(6,8,5),(7,8,5),(7,8,4),(7,8,3),(7,8,2),(7,8,2),(8,8,2),(8,8,1),(8,8,0),(8,7,0),
379:(2,3,0),(3,3,0),(4,3,0),(4,3,1),(4,3,2),(4,2,2),(4,2,3),(4,2,4),(4,2,5),(4,1,5),(4,0,5),
380:(13,8,5),(12,8,5),(12,7,5),(11,7,5),(10,7,5),(9,7,5),(8,7,5),(8,6,5),(7,6,5),(7,5,5),(6,5,5),(6,5,4),(5,5,4),(5,5,3),(4,5,3),(4,4,3),(3,4,3),(2,4,3),(1,4,3),(1,3,3),(1,2,3),(1,1,3),(0,1,3),
381:(10,9,4),(9,9,4),(8,9,4),(8,9,5),(8,8,5),(8,7,5),(8,6,5),(8,5,5),(8,4,5),(8,3,5),(8,3,4),(8,3,3),(8,2,3),(8,2,2),(7,2,2),(7,2,1),(7,2,0),(7,1,0),(7,0,0),
382:(5,11,4),(5,10,4),(5,9,4),(5,8,4),(5,8,5),(4,8,5),(4,7,5),(4,6,5),(4,6,4),(4,5,4),
383:(8,6,2),(7,6,2),(7,6,3),(7,6,4),(6,6,4),(6,5,4),(5,5,4),(4,5,4),(4,4,4),(4,4,4),(3,4,4),(3,3,4),(3,2,4),(3,1,4),(2,1,4),
384:(6,6,0),(7,6,0),(8,6,0),(8,5,0),(8,4,0),(8,3,0),(9,3,0),(9,3,1),(9,3,2),(9,3,3),(9,3,4),(9,3,5),(10,3,5),(10,2,5),
385:(14,6,5),(13,6,5),(13,7,5),(12,7,5),(11,7,5),(11,8,5),(11,9,5),(11,10,5),(10,10,5),(10,11,5),(10,11,4),
386:(3,9,4),(3,10,4),(3,11,4),(3,11,4),(2,11,4),(1,11,4),(0,11,4),(0,12,4),(0,13,4),(0,14,4),
387:(0,13,1),(1,13,1),(2,13,1),(3,13,1),(3,13,2),(3,13,3),(4,13,3),(5,13,3),(5,13,4),(5,12,4),(5,11,4),(5,10,4),(5,9,4),(5,8,4),(6,8,4),(7,8,4),(7,8,5),
388:(9,11,0),(10,11,0),(10,12,0),(10,13,0),(11,13,0),(12,13,0),(13,13,0),(13,13,1),(13,13,2),
389:(3,9,3),(4,9,3),(5,9,3),(6,9,3),(7,9,3),(8,9,3),(8,9,2),(9,9,2),(9,8,2),(9,8,1),(9,7,1),(10,7,1),(11,7,1),(11,7,1),(11,7,1),(12,7,1),
390:(1,1,2),(0,1,2),(0,1,1),(0,1,0),(0,2,0),
391:(1,7,5),(2,7,5),(3,7,5),(3,6,5),(3,6,4),(4,6,4),(5,6,4),(6,6,4),(6,6,3),(7,6,3),(7,5,3),(7,5,2),(7,5,1),(8,5,1),(8,5,0),(9,5,0),(10,5,0),(11,5,0),(12,5,0),(13,5,0),(14,5,0),(14,4,0),
392:(3,11,1),(4,11,1),(5,11,1),(6,11,1),(7,11,1),(7,11,2),(7,12,2),(7,13,2),(7,14,2),(8,14,2),(9,14,2),(9,14,1),
393:(10,13,4),(9,13,4),(8,13,4),(7,13,4),(6,13,4),(6,13,5),
394:(6,10,3),(5,10,3),(4,10,3),(3,10,3),(2,10,3),(2,11,3),
395:(6,12,3),(6,11,3),(6,10,3),(6,10,2),(5,10,2),(5,10,1),(5,9,1),(5,9,2),
396:(4,8,2),(4,8,2),(4,7,2),(4,7,1),(4,6,1),(4,5,1),(3,5,1),(2,5,1),(2,4,1),(2,3,1),(2,2,1),
397:(2,9,5),(3,9,5),(4,9,5),(5,9,5),(6,9,5),(7,9,5),(8,9,5),(9,9,5),(10,9,5),(10,9,4),(10,9,3),(10,9,2),(10,9,2),(10,9,1),(10,9,0),(10,8,0),(10,7,0),
398:(2,2,0),(3,2,0),(4,2,0),(5,2,0),(5,2,0),(5,3,0),(5,4,0),(5,5,0),(5,6,0),(6,6,0),(6,7,0),(6,7,1),(6,7,2),(6,7,3),(6,7,4),(7,7,4),(8,7,4),(8,8,4),(8,9,4),
399:(10,11,4),(10,12,4),(10,13,4),(10,13,3),(10,13,2),(10,14,2),(11,14,2),
400:(10,4,2),(9,4,2),(9,4,1),(9,3,1),(9,3,2),(9,2,2),(9,1,2),(9,1,2),(8,1,2),(7,1,2),(6,1,2),(6,1,3),
401:(13,3,3),(12,3,3),(12,3,4),(11,3,4),(10,3,4),(9,3,4),(8,3,4),(7,3,4),(6,3,4),(5,3,4),(4,3,4),(4,4,4),(3,4,4),(2,4,4),(2,5,4),(2,6,4),(2,6,3),(2,6,2),(1,6,2),(1,7,2),(1,8,2),
402:(3,1,1),(4,1,1),(5,1,1),(6,1,1),(7,1,1),(8,1,1),(9,1,1),(9,2,1),(9,3,1),(10,3,1),(10,4,1),(10,5,1),(11,5,1),(11,6,1),(11,6,1),(11,6,1),(11,7,1),
403:(9,7,2),(9,8,2),(9,8,3),(8,8,3),(8,9,3),(8,10,3),(8,11,3),(7,11,3),(6,11,3),(5,11,3),(4,11,3),(4,11,2),(4,10,2),(3,10,2),(3,10,3),
404:(0,4,4),(0,4,3),(0,4,2),(0,5,2),(0,6,2),(0,7,2),(0,8,2),(0,9,2),(0,10,2),(0,11,2),(0,12,2),(0,13,2),
405:(5,2,3),(4,2,3),(4,2,4),(4,3,4),(4,3,5),(4,3,6),(4,3,6),(4,3,5),
406:(7,9,0),(8,9,0),(9,9,0),(10,9,0),(10,9,1),(10,10,1),(10,11,1),(10,12,1),(11,12,1),(11,13,1),(11,14,1),
407:(10,10,1),(9,10,1),(8,10,1),(8,11,1),(8,11,0),(7,11,0),(6,11,0),(5,11,0),(4,11,0),(3,11,0),(3,11,1),(3,11,2),
408:(4,3,3),(5,3,3),(5,3,2),(6,3,2),(6,3,1),(7,3,1),(8,3,1),(8,2,1),(9,2,1),(9,2,2),(10,2,2),(11,2,2),(12,2,2),(13,2,2),(13,2,1),
409:(11,2,3),(11,1,3),(10,1,3),(9,1,3),(8,1,3),(7,1,3),
410:(2,0,5),(2,0,4),(2,1,4),(2,2,4),(2,3,4),(2,4,4),(2,5,4),(1,5,4),(1,6,4),(1,6,3),(1,7,3),(1,7,2),(1,7,1),
411:(1,5,5),(1,5,6),(2,5,6),(3,5,6),(4,5,6),(5,5,6),(6,5,6),(7,5,6),(7,5,6),(8,5,6),(9,5,6),(9,5,5),(9,5,4),(9,5,4),(10,5,4),
412:(14,12,5),(13,12,5),(12,12,5),(11,12,5),(10,12,5),(9,12,5),(9,12,6),(8,12,6),(7,12,6),(6,12,6),(5,12,6),(4,12,6),(4,12,5),
413:(5,0,1),(4,0,1),(4,0,0),(4,1,0),(4,2,0),(4,3,0),(4,4,0),(4,5,0),(4,6,0),(4,7,0),(4,8,0),(4,8,1),(4,8,2),(4,9,2),(4,10,2),(4,11,2),(4,12,2),(3,12,2),(2,12,2),(2,13,2),
414:(11,9,0),(10,9,0),(10,8,0),(9,8,0),(8,8,0),(7,8,0),(7,7,0),(7,6,0),(7,5,0),(7,4,0),(7,3,0),(7,3,0),(7,2,0),(7,2,1),(7,1,1),
415:(1,10,3),(2,10,3),(3,10,3),(3,11,3),(3,11,2),(3,11,1),(3,12,1),(4,12,1),(4,12,1),(5,12,1),
416:(7,9,5),(7,10,5),(6,10,5),(6,10,6),(6,11,6),(6,12,6),(6,13,6),(6,14,6),(6,14,5),
417:(14,5,4),(13,5,4),(12,5,4),(11,5,4),(11,5,5),(10,5,5),(9,5,5),(9,6,5),(8,6,5),(7,6,5),(6,6,5),(6,5,5),(6,5,6),(5,5,6),(4,5,6),(3,5,6),(2,5,6),(1,5,6),(0,5,6),(0,5,5),(0,5,4),(0,5,3),
418:(5,9,2),(4,9,2),(3,9,2),(3,9,3),(3,8,3),(3,8,4),(3,7,4),
419:(3,8,3),(3,8,3),(4,8,3),(5,8,3),(6,8,3),(7,8,3),(8,8,3),(9,8,3),(9,7,3),(10,7,3),(10,7,3),(10,7,2),(10,6,2),(11,6,2),(11,6,2),(11,6,2),(11,6,1),
420:(2,3,5),(2,4,5),(2,4,6),(3,4,6),(4,4,6),(5,4,6),(6,4,6),(7,4,6),(8,4,6),(9,4,6),(10,4,6),(11,4,6),(12,4,6),(13,4,6),(13,4,5),(13,4,4),(13,4,3),(13,4,2),(14,4,2),(14,4,1),
421:(9,11,2),(10,11,2),(10,10,2),(11,10,2),(12,10,2),(13,10,2),(14,10,2),(14,10,1),(14,9,1),(14,8,1),
422:(0,14,1),(1,14,1),(1,14,2),(1,13,2),(1,13,3),(1,13,4),(1,13,5),(1,12,5),(1,11,5),(1,10,5),(1,9,5),(1,8,5),(2,8,5),(2,7,5),(2,6,5),(2,5,5),(2,4,5),(2,3,5),(2,2,5),
423:(6,6,2),(6,6,2),(6,6,2),(7,6,2),(8,6,2),(8,6,3),(8,5,3),(8,4,3),(7,4,3),(8,4,3),(9,4,3),(9,3,3),(9,2,3),
424:(2,13,1),(2,12,1),(1,12,1),(1,11,1),(1,10,1),(1,9,1),(1,8,1),(1,7,1),(1,6,1),(1,5,1),(2,5,1),(3,5,1),(4,5,1),(4,4,1),
425:(11,12,5),(12,12,5),(12,12,4),(12,12,3),(12,12,2),(12,12,1),(12,13,1),
426:(7,10,3),(6,10,3),(6,10,4),(6,9,4),(6,9,4),(6,9,3),(6,9,4),
427:(10,12,1),(11,12,1),(11,12,0),(11,11,0),(12,11,0),(12,10,0),
428:(13,7,0),(13,6,0),(13,6,1),(13,5,1),(13,5,2),(13,5,3),(13,4,3),(13,4,4),(12,4,4),(12,4,4),(12,4,3),
429:(3,9,5),(4,9,5),(4,10,5),(4,10,4),(4,10,3),(3,10,3),(3,10,2),(3,10,1),(3,10,0),(4,10,0),(5,10,0),(5,10,0),(5,11,0),
430:(10,12,4),(10,12,3),(10,11,3),(10,10,3),(10,9,3),(10,8,3),(10,7,3),(10,7,2),(10,7,1),(10,7,0),(10,6,0),(10,5,0),(9,5,0),(8,5,0),(7,5,0),(6,5,0),(5,5,0),(5,4,0),(5,3,0),(5,2,0),(5,1,0),(5,0,0),
431:(9,12,3),(9,12,2),(8,12,2),(7,12,2),(6,12,2),(6,12,2),(6,13,2),(5,13,2),(4,13,2),(3,13,2),(2,13,2),(1,13,2),(1,13,1),
432:(4,11,1),(5,11,1),(6,11,1),(6,10,1),(6,10,2),(6,9,2),(7,9,2),(8,9,2),(8,9,2),(9,9,2),
433:(13,9,4),(13,10,4),(13,10,5),(13,11,5),(13,12,5),(13,13,5),(13,14,5),(12,14,5),(11,14,5),(10,14,5),(9,14,5),(8,14,5),(7,14,5),(7,14,6),(6,14,6),(5,14,6),(4,14,6),(3,14,6),(2,14,6),(1,14,6),(0,14,6),(0,14,5),
434:(9,14,0),(8,14,0),(8,13,0),(7,13,0),(6,13,0),(6,13,1),(5,13,1),(4,13,1),(3,13,1),(3,12,1),(2,12,1),(2,12,2),(2,12,3),(2,12,4),(2,11,4),(2,10,4),
435:(6,7,3),(5,7,3),(5,7,4),(5,6,4),(5,6,5),(4,6,5),(3,6,5),(3,6,4),
436:(7,9,1),(7,10,1),(6,10,1),(7,10,1),(7,10,2),(7,10,3),(8,10,3),(8,11,3),(8,11,3),(8,12,3),(9,12,3),
437:(2,9,3),(3,9,3),(4,9,3),(5,9,3),(5,9,4),(5,9,5),(6,9,5),(6,8,5),(6,8,5),(6,7,5),(6,7,5),(6,6,5),(6,5,5),
438:(3,4,4),(4,4,4),(5,4,4),(5,4,4),(6,4,4),(6,4,3),(6,5,3),(7,5,3),(8,5,3),(9,5,3),(10,5,3),(10,5,2),(10,5,2),(10,4,2),
439:(9,10,4),(9,10,5),(9,9,5),(9,8,5),(9,8,5),(8,8,5),
440:(7,3,5),(6,3,5),(5,3,5),(5,4,5),(5,5,5),(5,5,4),(5,5,3),(5,6,3),(5,6,2),(5,7,2),(5,8,2),(4,8,2),(4,9,2),(4,10,2),(3,10,2),(3,10,1),(3,11,1),(3,12,1),(3,12,1),(3,13,1),
441:(2,10,3),(3,10,3),(3,10,2),(4,10,2),(4,10,2),(5,10,2),(6,10,2),(6,11,2),(7,11,2),(8,11,2),(9,11,2),(10,11,2),(11,11,2),(12,11,2),(13,11,2),(14,11,2),(14,10,2),(14,10,3),
442:(12,12,1),(12,13,1),(11,13,1),(10,13,1),(9,13,1),(8,13,1),(8,14,1),
443:(2,8,0),(3,8,0),(4,8,0),(4,7,0),(5,7,0),(6,7,0),(6,6,0),(6,6,0),(6,5,0),(7,5,0),(7,5,0),(8,5,0),(8,5,1),(8,5,2),(9,5,2),(10,5,2),(10,5,3),(11,5,3),(11,5,4),(12,5,4),(13,5,4),(13,5,3),
444:(1,10,2),(2,10,2),(2,10,3),(2,9,3),(3,9,3),(3,8,3),(3,7,3),(3,6,3),(3,5,3),(4,5,3),(4,4,3),(4,3,3),(4,3,4),(4,2,4),(4,2,5),(4,1,5),
445:(9,4,5),(9,3,5),(9,3,4),(9,2,4),(9,1,4),(9,1,4),(8,1,4),(7,1,4),
446:(6,8,5),(6,7,5),(5,7,5),(4,7,5),(3,7,5),(2,7,5),(1,7,5),(1,6,5),(1,5,5),(1,5,4),(0,5,4),(0,4,4),(0,3,4),(0,2,4),(0,2,3),
447:(3,6,3),(3,6,4),(3,6,5),(2,6,5),(1,6,5),(0,6,5),(0,7,5),(0,8,5),(0,9,5),(0,10,5),
448:(7,10,2),(8,10,2),(9,10,2),(9,10,3),(9,9,3),(9,9,2),(9,8,2),(9,8,1),(9,7,1),(9,6,1),(9,5,1),(9,4,1),(9,3,1),
449:(12,4,1),(13,4,1),(13,4,2),(13,4,3),(13,3,3),
