soc=426
lb_soc=279
makespan=12
lb_makespan=9
comp_time=136
highLevelExpanded=11
lowLevelExpanded=1208
solution=
0:(1,5,4),(2,5,4),(3,5,4),(3,5,5),(3,4,5),(3,3,5),(3,2,5),(3,1,5),
1:(5,0,4),(4,0,4),(3,0,4),(3,0,3),(3,0,2),(3,1,2),(3,2,2),(3,3,2),(3,4,2),(3,5,2),
2:(3,2,3),(3,2,4),(3,3,4),
3:(5,0,1),(4,0,1),(4,0,2),(4,0,3),
4:(4,4,0),(5,4,0),(5,4,1),(5,3,1),(5,2,1),
5:(0,5,4),(1,5,4),(2,5,4),(3,5,4),(4,5,4),(4,4,4),(4,3,4),(4,3,3),(4,2,3),
6:(1,0,2),(2,0,2),(3,0,2),(4,0,2),(4,1,2),(4,2,2),(4,3,2),(4,4,2),(4,5,2),
7:(3,4,5),(2,4,5),(2,4,4),(2,4,3),(2,4,2),(2,4,1),(2,4,0),(2,5,0),
8:(0,1,2),(1,1,2),(1,1,1),
9:(3,5,3),(4,5,3),(4,4,3),
10:(1,2,3),(1,2,2),(1,1,2),(1,0,2),(1,0,1),
11:(3,0,1),(3,0,2),(3,1,2),(4,1,2),(5,1,2),(5,2,2),(5,3,2),
12:(2,3,1),(3,3,1),(4,3,1),(4,4,1),(5,4,1),(5,5,1),
13:(2,3,0),(3,3,0),(4,3,0),(5,3,0),(5,2,0),(5,1,0),
14:(2,0,4),(2,0,3),(2,0,2),(2,1,2),
15:(4,3,0),(4,3,1),(4,3,2),(3,3,2),(2,3,2),(1,3,2),(1,3,3),(0,3,3),(0,3,4),
16:(5,0,3),(5,1,3),
17:(0,4,1),(0,4,2),(0,4,3),(0,4,4),(0,3,4),(0,2,4),(0,1,4),(0,0,4),
18:(5,3,3),(4,3,3),(3,3,3),(2,3,3),(1,3,3),(0,3,3),(0,3,4),(0,3,5),(0,4,5),
19:(1,1,0),(2,1,0),(3,1,0),(4,1,0),(4,1,1),(4,1,2),(4,0,2),
20:(5,4,5),(4,4,5),(4,3,5),(4,2,5),(4,1,5),
21:(4,2,2),(3,2,2),(3,2,2),(3,2,1),(2,2,1),(1,2,1),(1,2,2),(0,2,2),
22:(0,2,4),(1,2,4),(1,3,4),
23:(3,1,2),(3,1,1),(3,0,1),
24:(5,3,2),(5,2,2),(5,1,2),(5,0,2),(4,0,2),(4,0,2),(3,0,2),(2,0,2),
25:(2,4,4),(3,4,4),(4,4,4),(5,4,4),(5,4,3),(5,4,2),(5,4,1),(5,4,0),
26:(4,5,0),(3,5,0),(2,5,0),(2,5,1),(1,5,1),(1,5,2),
27:(2,4,5),(2,4,4),(3,4,4),(4,4,4),(5,4,4),(5,4,3),(5,4,2),(5,4,1),(5,3,1),(5,3,0),
28:(2,5,4),(2,5,3),(1,5,3),(0,5,3),(0,5,2),(0,5,1),(0,5,0),(0,4,0),
29:(1,5,3),(1,4,3),(1,3,3),(0,3,3),(0,2,3),
30:(3,2,2),(2,2,2),(2,2,1),(2,1,1),
31:(4,0,2),(4,1,2),(4,2,2),(4,2,2),(4,3,2),(4,4,2),(4,5,2),(3,5,2),(2,5,2),(2,6,2),(1,6,2),(1,6,3),(1,5,3),
32:(2,0,2),(2,1,2),(2,1,3),(1,1,3),(1,1,4),(1,1,5),(1,0,5),
33:(2,1,3),(2,2,3),(2,2,2),(2,3,2),(2,3,3),(2,4,3),(2,4,2),
34:(0,2,5),(1,2,5),(2,2,5),(3,2,5),(3,2,4),(3,2,3),(3,1,3),(3,1,2),(3,1,1),(3,1,0),
35:(4,0,5),(3,0,5),(2,0,5),(2,0,4),(2,0,3),(2,1,3),(2,2,3),(2,3,3),(2,4,3),
36:(4,1,4),(4,1,3),(4,1,2),(4,1,1),(4,2,1),(4,3,1),(4,4,1),
37:(0,1,0),(1,1,0),(2,1,0),(3,1,0),(4,1,0),(4,1,1),(5,1,1),(5,1,2),(5,2,2),(5,2,3),(5,3,3),(5,4,3),
38:(1,4,5),(1,5,5),(2,5,5),(2,5,5),(3,5,5),(4,5,5),(5,5,5),
39:(1,3,5),(2,3,5),(3,3,5),(3,4,5),(3,4,4),(3,4,3),(3,4,2),(3,4,1),(3,5,1),
40:(5,2,5),(4,2,5),(3,2,5),(3,2,4),(2,2,4),(2,2,3),(2,3,3),(1,3,3),(1,3,2),(1,3,1),(1,4,1),(1,5,1),
41:(5,4,0),(5,3,0),(5,2,0),(4,2,0),(4,2,0),(4,2,1),(4,2,1),(4,2,2),
42:(1,2,1),(1,3,1),(1,3,2),(1,3,3),(1,4,3),
43:(2,4,0),(2,3,0),(2,2,0),(2,1,0),(2,0,0),(2,0,1),(2,0,2),(2,0,3),(2,1,3),
44:(3,4,3),(2,4,3),(2,4,2),(2,4,1),(2,3,1),
45:(1,0,4),
46:(4,3,4),(4,3,4),(4,3,3),(4,3,2),(4,3,1),(4,3,0),(4,2,0),
47:(3,1,1),(3,2,1),(3,3,1),(3,4,1),(3,4,2),(3,5,2),(3,5,3),
48:(5,2,3),(4,2,3),(3,2,3),(3,3,3),(3,4,3),(3,5,3),(3,5,4),(3,5,5),
49:(1,5,5),(2,5,5),(2,4,5),(2,3,5),(3,3,5),(3,2,5),(3,1,5),(3,0,5),(4,0,5),
50:(4,3,2),(3,3,2),(2,3,2),(1,3,2),(1,2,2),(1,2,3),
51:(4,0,0),(3,0,0),(2,0,0),(2,0,1),(2,0,2),(2,0,3),(2,0,4),(2,0,5),(2,1,5),(2,2,5),
52:(2,2,0),(3,2,0),(3,2,1),(3,1,1),(3,1,1),(3,1,1),(4,1,1),(4,0,1),
53:(4,0,3),(3,0,3),(2,0,3),(1,0,3),(0,0,3),(0,1,3),(-1,1,3),(-1,2,3),(-1,3,3),(0,3,3),(0,4,3),
54:(5,2,0),(4,2,0),(3,2,0),(3,3,0),
55:(1,1,4),(2,1,4),(3,1,4),(4,1,4),(5,1,4),(5,1,5),(5,2,5),(5,3,5),
56:(3,3,5),(3,3,4),(2,3,4),(2,2,4),(1,2,4),(1,1,4),(1,1,3),(1,0,3),(1,0,2),
57:(5,5,2),(4,5,2),(3,5,2),(3,4,2),(3,3,2),(3,3,3),(3,2,3),(3,1,3),(3,0,3),(2,0,3),(1,0,3),
58:(4,5,4),(4,4,4),(4,3,4),(4,3,3),(4,2,3),(4,1,3),(4,1,2),(4,1,1),(4,1,1),(3,1,1),
59:(4,0,4),(4,0,5),(5,0,5),(5,1,5),(5,2,5),(5,3,5),(5,4,5),
60:(3,3,0),(4,3,0),(4,2,0),(4,2,1),(4,2,2),(4,2,3),(5,2,3),(5,2,4),
61:(3,5,1),(4,5,1),(4,5,2),(4,5,3),
62:(0,5,2),(1,5,2),(2,5,2),(2,5,3),
63:(1,5,0),
64:(3,4,4),(3,4,5),(4,4,5),(4,3,5),(4,2,5),
65:(2,1,1),(1,1,1),(0,1,1),(0,1,2),(0,2,2),(0,3,2),
66:(2,0,5),(2,1,5),(2,1,5),(2,2,5),(2,3,5),(2,3,4),(2,4,4),
67:(0,4,2),(0,4,3),(0,4,4),(0,3,4),(0,2,4),(1,2,4),(2,2,4),(3,2,4),(3,1,4),(3,0,4),(3,0,5),
68:(2,2,3),(2,3,3),(2,4,3),(1,4,3),(1,4,2),
69:(1,4,2),(1,3,2),(1,2,2),(2,2,2),
70:(1,2,0),(0,2,0),(0,2,1),
71:(0,5,1),(0,5,2),(0,5,3),(0,5,4),(0,4,4),(0,3,4),(0,2,4),(1,2,4),(2,2,4),(2,1,4),(2,0,4),
