soc=455
lb_soc=307
makespan=13
lb_makespan=10
comp_time=136
highLevelExpanded=9
lowLevelExpanded=1300
solution=
0:(3,3,3),(2,3,3),(1,3,3),(0,3,3),(0,3,2),(0,3,1),(0,4,1),(0,5,1),
1:(0,2,2),(1,2,2),(2,2,2),(3,2,2),(4,2,2),(5,2,2),(5,2,3),(5,2,4),(5,3,4),
2:(1,0,3),(2,0,3),(2,0,2),(2,0,1),(2,1,1),(2,2,1),(3,2,1),(3,3,1),(3,4,1),(2,4,1),(2,5,1),
3:(1,0,4),(0,0,4),(0,0,3),(0,1,3),(0,2,3),
4:(0,4,2),(1,4,2),(1,4,1),(1,4,0),(1,3,0),(2,3,0),(2,3,-1),(3,3,-1),(3,2,-1),(3,2,0),
5:(3,4,2),(4,4,2),(5,4,2),(5,4,3),(5,4,4),(5,4,5),
6:(0,5,5),(1,5,5),(2,5,5),(3,5,5),(3,5,4),(3,5,3),(3,4,3),(3,3,3),
7:(0,4,4),(1,4,4),(2,4,4),(3,4,4),(4,4,4),(4,4,3),(4,4,2),(4,3,2),(4,2,2),(4,1,2),
8:(3,4,0),(3,4,1),(3,3,1),(3,3,2),(3,3,2),(3,2,2),(3,1,2),(3,1,3),
9:(3,2,0),(2,2,0),(1,2,0),(1,1,0),(1,1,0),(1,1,1),(1,1,2),(1,1,3),(1,1,4),(1,1,5),(0,1,5),
10:(3,4,1),(4,4,1),(5,4,1),(5,4,2),(5,4,3),(5,4,4),
11:(4,4,3),(3,4,3),(3,4,4),(3,3,4),(3,2,4),(3,1,4),
12:(5,5,1),(4,5,1),(3,5,1),
13:(3,3,2),(2,3,2),(2,3,3),(2,4,3),(2,5,3),
14:(4,2,0),(5,2,0),(5,2,1),(5,2,2),(5,3,2),
15:(3,1,1),(2,1,1),(2,2,1),(2,3,1),
16:(1,0,0),(2,0,0),(3,0,0),(4,0,0),(5,0,0),(5,0,1),(5,0,2),(5,0,3),(5,0,4),
17:(2,5,5),(3,5,5),(4,5,5),(5,5,5),(5,5,4),(5,5,3),(5,4,3),(5,3,3),(5,2,3),(5,2,2),
18:(1,2,2),(1,3,2),(1,4,2),(1,4,3),
19:(1,2,5),(2,2,5),(3,2,5),(4,2,5),(5,2,5),(5,2,4),(5,1,4),(5,1,3),(5,1,2),(5,1,1),(5,1,0),(5,0,0),
20:(0,0,0),(1,0,0),(2,0,0),(3,0,0),(4,0,0),(5,0,0),(5,0,1),(5,0,2),(5,0,3),(5,1,3),(5,2,3),(5,3,3),(5,4,3),(5,5,3),
21:(3,5,4),(2,5,4),(1,5,4),(1,4,4),(1,3,4),(1,2,4),
22:(0,3,4),(0,3,3),(0,3,2),(1,3,2),(1,3,1),
23:(1,3,2),(1,3,3),(1,3,4),(2,3,4),(2,3,5),(2,2,5),(2,1,5),
24:(3,2,1),(2,2,1),(1,2,1),(0,2,1),(0,2,2),(0,3,2),(0,3,3),(0,3,4),(0,3,5),(0,4,5),
25:(3,1,3),(3,2,3),
26:(5,5,5),(4,5,5),(4,4,5),(4,3,5),(4,2,5),(4,1,5),
27:(1,2,3),(2,2,3),(2,2,3),(2,2,2),(3,2,2),(3,2,1),(3,3,1),(3,4,1),(3,4,0),
28:(5,3,0),(4,3,0),(3,3,0),(2,3,0),(2,4,0),(2,4,1),(2,4,2),(2,5,2),
29:(1,5,0),(2,5,0),(3,5,0),(4,5,0),(5,5,0),(5,5,1),(5,4,1),(5,3,1),
30:(0,5,2),(1,5,2),(1,5,2),(1,4,2),
31:(5,0,4),(4,0,4),(3,0,4),(2,0,4),(2,0,3),(2,0,2),
32:(0,3,1),(1,3,1),(2,3,1),(3,3,1),(4,3,1),(4,3,0),
33:(1,3,3),(1,2,3),(1,1,3),(2,1,3),
34:(2,2,3),(2,2,4),(3,2,4),(3,2,5),(3,3,5),(3,4,5),
35:(3,5,1),(3,5,2),(4,5,2),(4,5,3),(4,5,4),
36:(2,0,5),(1,0,5),(1,0,4),(1,0,3),(1,0,2),(1,0,1),(1,1,1),
37:(1,5,2),(2,5,2),(2,5,3),(2,5,4),(2,4,4),(2,3,4),
38:(3,3,5),(2,3,5),(1,3,5),(1,3,4),(1,3,3),(1,3,2),(1,2,2),(1,1,2),(1,0,2),(1,0,1),
39:(4,2,1),(3,2,1),(3,1,1),(3,0,1),(3,0,1),(2,0,1),
40:(0,0,2),(1,0,2),(1,1,2),(2,1,2),(3,1,2),(4,1,2),(4,2,2),(4,2,1),(4,3,1),(4,4,1),(5,4,1),(5,5,1),
41:(1,1,4),(2,1,4),(3,1,4),(4,1,4),(5,1,4),(5,1,3),(5,1,2),(5,1,1),(5,2,1),
42:(0,2,4),(0,3,4),(0,4,4),(0,5,4),(1,5,4),(2,5,4),(3,5,4),
43:(4,2,5),(5,2,5),(5,2,4),(5,2,3),(5,1,3),(5,0,3),(5,0,3),(6,0,3),(6,0,3),(5,0,3),
44:(2,0,2),(3,0,2),
45:(5,2,3),(4,2,3),(4,2,2),(4,2,1),(3,2,1),(3,3,1),(3,4,1),(2,4,1),(2,4,0),(2,5,0),
46:(1,5,3),(2,5,3),(2,4,3),(2,4,2),(2,3,2),(2,2,2),
47:(5,0,2),(4,0,2),(4,0,3),(4,0,4),(4,1,4),(4,2,4),(4,2,5),
48:(5,3,3),(4,3,3),(3,3,3),(2,3,3),(2,2,3),(1,2,3),(1,1,3),(1,0,3),(0,0,3),
49:(2,5,4),(2,4,4),(2,3,4),(2,2,4),(2,2,4),(3,2,4),(4,2,4),(4,1,4),(5,1,4),(5,1,4),(5,1,3),(5,1,2),
50:(4,0,1),(3,0,1),(2,0,1),(1,0,1),(0,0,1),(0,0,2),(0,0,3),(0,0,4),(0,0,5),(0,1,5),(0,2,5),
51:(1,4,4),(1,3,4),(1,2,4),(1,2,3),(1,2,2),(1,2,1),(2,2,1),(3,2,1),(4,2,1),
52:(1,4,2),(1,4,1),(1,3,1),(1,2,1),(1,1,1),(0,1,1),(0,1,2),
53:(3,3,1),(3,3,2),(3,4,2),(3,5,2),
54:(5,4,2),(5,4,3),(4,4,3),(4,3,3),(4,3,3),(3,3,3),(2,3,3),(1,3,3),
55:(4,4,5),(4,3,5),(4,2,5),(4,1,5),(3,1,5),
56:(2,5,3),(2,4,3),(1,4,3),(0,4,3),
57:(4,0,3),(3,0,3),(2,0,3),(2,0,2),(2,0,1),(2,0,0),(1,0,0),(0,0,0),
58:(0,1,2),(0,1,3),(0,1,4),(1,1,4),(1,2,4),(1,2,5),(1,3,5),(2,3,5),
59:(3,1,4),(4,1,4),(4,2,4),(4,3,4),(4,3,5),(4,4,5),
60:(2,1,0),(3,1,0),(4,1,0),(4,1,1),(4,2,1),(4,3,1),(4,4,1),(4,4,1),(4,4,2),
61:(4,2,3),(4,1,3),
62:(0,2,1),(1,2,1),(1,1,1),(2,1,1),(3,1,1),(4,1,1),(4,1,0),
63:(2,1,3),(1,1,3),(0,1,3),(0,1,4),(0,1,5),(0,2,5),(0,3,5),(0,4,5),(0,5,5),
64:(5,0,0),(4,0,0),(4,0,1),(4,0,2),(4,1,2),(4,2,2),(3,2,2),(3,3,2),(2,3,2),(2,3,3),
65:(5,1,4),(5,1,5),(4,1,5),(3,1,5),(2,1,5),(1,1,5),(1,2,5),
66:(0,5,1),(0,5,0),
67:(4,0,0),(3,0,0),(3,1,0),(3,2,0),(3,3,0),
68:(5,5,4),(4,5,4),(3,5,4),(3,5,3),(3,4,3),(3,4,2),(3,3,2),(2,3,2),(1,3,2),(1,2,2),(1,1,2),(1,0,2),
69:(1,3,0),(2,3,0),(2,2,0),
70:(5,0,3),(4,0,3),(3,0,3),(2,0,3),(1,0,3),(0,0,3),(0,1,3),(-1,1,3),(-1,1,2),(-1,2,2),(0,2,2),(0,3,2),
71:(5,4,5),(4,4,5),(3,4,5),(2,4,5),(1,4,5),(0,4,5),(0,4,4),(0,4,4),(0,3,4),(0,2,4),
