soc=460
lb_soc=292
makespan=11
lb_makespan=10
comp_time=144
highLevelExpanded=12
lowLevelExpanded=1496
solution=
0:(4,0,2),(3,0,2),(2,0,2),(1,0,2),(0,0,2),(0,0,1),(0,0,0),(0,1,0),(0,2,0),(0,3,0),
1:(1,4,0),(1,4,1),(1,3,1),
2:(5,3,0),(5,3,1),(5,3,2),(5,3,3),(5,3,4),(4,3,4),(3,3,4),(3,4,4),(3,5,4),
3:(5,1,0),(5,1,1),(5,1,2),(5,2,2),(5,3,2),(5,4,2),
4:(3,5,2),(2,5,2),(2,5,3),(2,5,4),(2,5,5),(2,4,5),(2,3,5),(2,2,5),
5:(0,0,3),(1,0,3),(2,0,3),(2,0,2),(2,1,2),(2,2,2),(2,3,2),
6:(0,2,3),(1,2,3),(1,1,3),
7:(5,1,1),(4,1,1),(3,1,1),(2,1,1),(1,1,1),(1,1,2),(1,2,2),(1,3,2),(1,3,3),(1,3,4),(1,4,4),
8:(1,1,0),(0,1,0),(0,1,1),(0,2,1),(0,3,1),(0,4,1),(0,4,2),(0,4,3),
9:(1,5,3),(2,5,3),(3,5,3),(4,5,3),(4,5,4),(4,5,5),(4,4,5),(4,3,5),
10:(4,2,0),(4,3,0),
11:(0,0,1),(1,0,1),(2,0,1),(3,0,1),(4,0,1),(4,0,1),(4,1,1),(4,2,1),(4,2,2),(4,3,2),(4,4,2),(4,5,2),
12:(3,1,5),(4,1,5),(4,2,5),(4,3,5),(4,3,4),(4,4,4),(4,4,3),(4,4,2),(4,4,1),(4,4,0),
13:(2,4,5),(1,4,5),(0,4,5),(0,4,4),(0,4,3),(0,3,3),
14:(3,2,1),(4,2,1),(4,2,2),(4,1,2),(4,0,2),(4,0,3),(4,0,4),
15:(3,3,1),(2,3,1),(2,3,0),(2,2,0),
16:(4,5,5),(3,5,5),(2,5,5),(1,5,5),(0,5,5),(0,5,4),(0,5,3),(0,5,2),(0,5,1),(0,4,1),
17:(0,5,5),(1,5,5),(1,5,4),(1,4,4),(2,4,4),(2,3,4),
18:(2,5,1),(3,5,1),(4,5,1),(5,5,1),(5,4,1),(5,3,1),(5,3,2),
19:(1,4,1),(1,4,2),(1,4,3),(1,3,3),(1,3,4),(1,3,5),(1,2,5),
20:(5,0,1),(4,0,1),(4,0,2),(4,0,3),(4,0,4),(4,0,5),(4,1,5),
21:(1,2,2),(2,2,2),(3,2,2),(4,2,2),(5,2,2),(5,2,1),
22:(3,5,4),(3,4,4),(3,4,5),(3,3,5),(3,2,5),(3,1,5),(3,0,5),
23:(5,5,3),(4,5,3),(4,5,4),(3,5,4),(2,5,4),(1,5,4),(0,5,4),(0,4,4),(0,3,4),
24:(5,4,2),(5,4,3),(5,4,4),(5,4,5),(5,5,5),(5,5,5),(4,5,5),
25:(4,0,0),(3,0,0),(2,0,0),(1,0,0),(0,0,0),(0,1,0),(0,1,1),(0,1,2),(0,1,3),(0,1,4),(0,2,4),
26:(5,3,3),(4,3,3),(4,3,2),(4,3,2),(4,2,2),(4,1,2),
27:(0,1,4),(1,1,4),(2,1,4),(2,2,4),
28:(2,4,0),(3,4,0),(4,4,0),(5,4,0),(5,5,0),
29:(2,4,1),(3,4,1),(3,4,2),(3,4,3),(3,4,4),(3,4,5),(3,3,5),(3,2,5),(3,1,5),
30:(2,2,1),(1,2,1),(0,2,1),(0,2,2),(0,2,3),(0,2,4),(0,2,5),
31:(5,4,4),(4,4,4),(3,4,4),(2,4,4),(2,4,5),(1,4,5),(0,4,5),
32:(5,1,4),(4,1,4),(3,1,4),(2,1,4),(2,1,3),(2,2,3),(2,3,3),(2,4,3),(2,4,2),(2,5,2),
33:(3,3,0),(3,3,1),(4,3,1),(4,4,1),(4,4,2),(4,4,3),(5,4,3),(5,4,4),(5,4,5),(5,5,5),
34:(1,0,4),(1,0,4),(1,1,4),(1,2,4),(1,2,3),(1,2,2),(1,3,2),(1,4,2),(1,4,2),(2,4,2),
35:(4,2,5),(4,2,4),(4,2,3),(3,2,3),(3,2,2),(3,2,1),(3,2,0),(4,2,0),(4,1,0),
36:(0,5,2),(1,5,2),(2,5,2),(2,5,1),(2,4,1),(2,3,1),(2,2,1),
37:(4,3,2),(4,4,2),(4,4,2),(3,4,2),(2,4,2),(2,5,2),(2,5,2),(1,5,2),(0,5,2),
38:(2,5,5),(2,5,4),(3,5,4),(3,5,3),(4,5,3),(5,5,3),(5,5,2),(5,5,1),(5,4,1),
39:(0,2,5),(1,2,5),(2,2,5),(3,2,5),(4,2,5),(5,2,5),(5,1,5),
40:(5,5,1),(5,4,1),(5,3,1),(5,2,1),(5,1,1),(4,1,1),(3,1,1),(3,1,2),(2,1,2),(1,1,2),(0,1,2),(0,0,2),
41:(4,0,5),(4,0,4),(5,0,4),(5,1,4),(5,2,4),(5,3,4),(4,3,4),(4,4,4),(4,4,3),(4,5,3),
42:(3,0,5),(4,0,5),(5,0,5),(5,1,5),(5,2,5),(5,3,5),
43:(2,5,4),(1,5,4),(1,5,3),(1,4,3),
44:(0,3,0),(1,3,0),(1,2,0),
45:(4,5,4),(5,5,4),(5,5,3),(5,5,2),(5,5,1),(5,4,1),(5,4,0),(5,3,0),(5,2,0),(4,2,0),
46:(1,3,5),(1,3,4),(1,3,3),(1,2,3),(1,2,2),(1,2,1),(1,1,1),(2,1,1),
47:(4,3,4),(3,3,4),(4,3,4),(3,3,4),(3,3,3),(3,2,3),(3,2,2),(3,2,1),
48:(0,2,4),(1,2,4),(2,2,4),(3,2,4),(3,2,3),(3,2,2),(4,2,2),(5,2,2),(5,2,3),
49:(2,1,5),(1,1,5),(1,0,5),(1,0,4),(1,0,3),(1,0,2),
50:(3,2,4),(2,2,4),(2,2,3),(2,2,2),(2,2,1),(2,2,1),(1,2,1),
51:(5,1,3),(5,1,2),(5,0,2),(5,0,1),
52:(3,4,1),(4,4,1),(3,4,1),(3,4,0),(3,3,0),(3,2,0),(4,2,0),(4,1,0),(4,0,0),
53:(1,1,4),(2,1,4),(2,1,5),(3,1,5),(4,1,5),(5,1,5),(5,1,4),(5,2,4),(5,3,4),
54:(2,3,2),(3,3,2),
55:(3,0,2),(2,0,2),(2,1,2),(2,1,2),(2,2,2),(2,3,2),(2,3,1),(2,4,1),(2,5,1),
56:(3,1,4),(3,2,4),(3,3,4),(3,4,4),(3,5,4),(2,5,4),(1,5,4),(0,5,4),(0,5,4),(0,4,4),
57:(2,1,2),(3,1,2),(4,1,2),(4,1,1),(4,2,1),(4,3,1),
58:(3,4,0),(3,3,0),(3,3,1),(3,2,1),(3,1,1),(3,1,2),(3,0,2),(4,0,2),
59:(1,5,4),(1,4,4),(2,4,4),(2,3,4),(3,3,4),(3,2,4),(3,2,3),(3,1,3),
60:(5,0,2),(4,0,2),(3,0,2),(3,0,3),(2,0,3),
61:(3,4,4),(3,4,3),(4,4,3),(5,4,3),(5,3,3),(5,2,3),(5,2,2),(5,1,2),(5,1,1),(5,1,0),(5,0,0),
62:(4,1,3),(3,1,3),(2,1,3),(2,0,3),(2,0,4),(1,0,4),(1,0,3),
63:(2,3,4),(2,3,3),(3,3,3),(4,3,3),
64:(2,1,0),(1,1,0),(0,1,0),(0,1,1),(0,2,1),
65:(2,2,3),(3,2,3),(3,2,4),(4,2,4),
66:(0,1,1),(1,1,1),(2,1,1),(2,2,1),(3,2,1),(3,3,1),(3,4,1),(3,4,2),(3,4,3),
67:(3,5,3),(3,5,4),(3,5,5),(3,4,5),(3,3,5),(2,3,5),(1,3,5),(0,3,5),
68:(2,2,2),(2,3,2),(1,3,2),(0,3,2),
69:(2,1,1),(2,1,2),(1,1,2),(1,2,2),(1,3,2),(1,3,3),(1,2,3),
70:(2,4,3),(2,4,2),(2,4,1),(2,4,0),(2,3,0),(2,3,-1),(2,2,-1),(2,1,-1),(2,1,0),
71:(0,3,1),(1,3,1),(1,2,1),(1,1,1),(1,1,2),(2,1,2),(2,1,3),(2,1,4),(3,1,4),(4,1,4),(5,1,4),
