soc=455
lb_soc=280
makespan=12
lb_makespan=9
comp_time=179
highLevelExpanded=12
lowLevelExpanded=2019
solution=
0:(0,3,2),(0,2,2),(0,1,2),(0,0,2),
1:(1,0,0),(2,0,0),(2,1,0),(1,1,0),(1,2,0),(2,2,0),(2,3,0),(2,3,1),(2,4,1),(2,4,2),
2:(3,2,1),(2,2,1),(2,2,1),(2,1,1),(2,1,2),(2,1,3),(2,1,4),(2,1,5),(2,0,5),(1,0,5),
3:(0,5,2),(1,5,2),(2,5,2),(3,5,2),(3,4,2),(3,3,2),(3,2,2),(3,1,2),
4:(1,4,4),(1,4,3),(1,4,2),(1,3,2),
5:(2,0,4),(3,0,4),(4,0,4),(4,0,3),(4,0,2),(4,1,2),
6:(4,3,5),(3,3,5),(2,3,5),(1,3,5),(1,3,5),(1,3,4),(1,3,3),(0,3,3),
7:(2,2,1),(2,2,2),(3,2,2),(3,2,3),(3,2,4),(3,1,4),
8:(0,1,4),(1,1,4),(2,1,4),(3,1,4),(4,1,4),(4,1,3),(4,2,3),(4,2,2),
9:(0,3,4),(1,3,4),(1,3,5),(1,2,5),(1,1,5),
10:(4,5,1),(3,5,1),(3,4,1),(3,3,1),(3,2,1),(3,1,1),(2,1,1),(1,1,1),(1,1,2),
11:(1,0,1),(2,0,1),(3,0,1),(4,0,1),(4,1,1),(4,2,1),(4,2,2),(4,3,2),(4,3,3),(4,3,4),(4,3,5),(4,4,5),
12:(1,5,3),(2,5,3),(2,4,3),(2,4,2),(2,4,1),(3,4,1),(3,3,1),(3,2,1),(3,1,1),
13:(5,5,1),(4,5,1),(3,5,1),(2,5,1),(2,5,2),(2,5,3),(2,5,4),(2,5,5),(2,4,5),(2,3,5),(2,2,5),
14:(3,1,4),(4,1,4),(5,1,4),(5,1,3),(5,0,3),
15:(5,0,5),(4,0,5),(3,0,5),(3,0,4),(3,0,3),(3,1,3),(3,2,3),(3,3,3),(3,4,3),(3,5,3),
16:(2,4,5),(3,4,5),(4,4,5),(4,4,4),(4,4,3),(4,5,3),
17:(0,0,3),(1,0,3),(2,0,3),(3,0,3),(3,0,2),(3,0,1),
18:(4,4,5),(4,4,4),(3,4,4),(2,4,4),(1,4,4),(0,4,4),(0,3,4),(0,2,4),(0,2,3),(0,1,3),
19:(4,1,0),(4,1,1),(4,1,2),(4,1,3),(4,0,3),(4,0,4),(3,0,4),
20:(5,1,1),(5,1,2),(5,1,3),(5,2,3),(4,2,3),(3,2,3),(2,2,3),(1,2,3),(1,2,4),(1,3,4),
21:(0,3,3),(1,3,3),(1,2,3),(1,1,3),
22:(0,2,1),(0,3,1),(0,3,2),(0,3,3),(0,4,3),(0,5,3),(0,5,4),
23:(5,1,3),(4,1,3),(3,1,3),(2,1,3),(2,2,3),(1,2,3),(0,2,3),(0,2,2),
24:(1,1,4),(1,1,3),(1,1,2),(1,1,1),(1,1,0),(1,2,0),(1,3,0),(1,4,0),(1,5,0),
25:(5,5,0),(4,5,0),(4,5,1),(4,5,2),(4,5,3),(4,5,4),
26:(3,1,0),(3,1,1),(3,1,2),(3,1,3),(3,1,4),(3,1,5),(4,1,5),
27:(4,4,3),(3,4,3),(3,4,3),(2,4,3),(1,4,3),(0,4,3),
28:(5,2,2),(4,2,2),(4,2,3),(4,2,4),(4,2,5),(3,2,5),(2,2,5),(1,2,5),(0,2,5),(0,1,5),
29:(4,3,2),(5,3,2),(5,3,2),(4,3,2),(4,3,3),(4,3,4),(3,3,4),(2,3,4),(1,3,4),(0,3,4),
30:(5,3,1),(4,3,1),(4,3,2),(4,3,3),(4,3,4),(4,4,4),
31:(2,0,3),(3,0,3),(4,0,3),(4,0,2),(4,1,2),(4,2,2),(4,3,2),(4,4,2),(4,5,2),
32:(3,5,1),(2,5,1),(2,4,1),(2,3,1),(2,2,1),
33:(2,4,4),(2,4,3),(2,3,3),
34:(0,0,4),(1,0,4),(2,0,4),
35:(1,3,0),(1,2,0),(1,1,0),(1,0,0),
36:(5,3,4),(4,3,4),(4,3,3),(4,2,3),(4,1,3),(4,0,3),(3,0,3),
37:(0,2,2),(1,2,2),(2,2,2),(2,2,1),(2,2,0),(2,1,0),
38:(0,2,3),(0,2,4),(0,2,5),(0,3,5),
39:(4,1,3),(4,2,3),(4,2,4),(4,2,5),(4,3,5),(4,4,5),(4,5,5),
40:(4,3,4),(4,3,3),(5,3,3),(5,3,2),(5,4,2),
41:(5,3,5),(5,3,4),(5,2,4),(5,1,4),(5,1,3),(5,1,3),(4,1,3),
42:(4,2,2),(3,2,2),(3,3,2),(2,3,2),
43:(1,5,2),(2,5,2),(3,5,2),(3,5,3),(3,6,3),(4,6,3),(5,6,3),(5,5,3),
44:(3,5,4),(2,5,4),(2,5,3),(2,5,3),(2,4,3),
45:(1,1,0),(2,1,0),(3,1,0),(3,1,1),(3,1,2),(3,1,2),(3,1,3),(3,2,3),
46:(1,2,2),(1,2,1),(1,2,0),(2,2,0),(3,2,0),(4,2,0),(5,2,0),(5,2,1),
47:(3,1,2),(2,1,2),(2,1,1),(2,1,0),(2,1,0),(1,1,0),(0,1,0),(0,2,0),(0,3,0),
48:(1,4,2),(2,4,2),(3,4,2),(3,4,1),(3,4,0),(3,3,0),(3,2,0),(4,2,0),
49:(0,4,2),(0,4,3),(0,4,4),(0,3,4),(0,2,4),(0,1,4),(1,1,4),(1,0,4),
50:(3,2,3),(3,3,3),(3,3,3),(3,3,2),(4,3,2),(4,3,1),
51:(4,5,0),(3,5,0),(2,5,0),(1,5,0),(0,5,0),
52:(2,5,0),(1,5,0),(1,5,1),(1,4,1),(1,3,1),(1,2,1),
53:(4,3,0),(5,3,0),(5,3,1),(5,4,1),(5,5,1),(5,5,2),
54:(0,2,0),(0,2,1),(0,1,1),(0,0,1),
55:(5,1,4),(5,1,3),(5,2,3),(5,2,2),(4,2,2),(3,2,2),(3,2,1),(3,2,0),(3,3,0),
56:(3,0,3),(3,1,3),(3,2,3),(3,2,4),(3,3,4),(3,4,4),(3,5,4),
57:(2,3,1),(3,3,1),(4,3,1),(4,3,0),
58:(0,0,2),(0,0,1),(0,0,0),(0,1,0),(0,2,0),(0,3,0),(0,4,0),(0,4,0),(1,4,0),(2,4,0),(3,4,0),(3,5,0),(4,5,0),
59:(1,4,5),(2,4,5),(3,4,5),(4,4,5),(5,4,5),(5,4,4),(5,4,3),(5,3,3),(5,3,2),(5,2,2),
60:(1,5,4),(1,5,5),(2,5,5),(3,5,5),
61:(1,5,1),(1,4,1),(1,4,1),(2,4,1),(3,4,1),(3,4,2),(4,4,2),(4,4,3),(5,4,3),(5,4,4),(5,3,4),(5,2,4),
62:(2,1,3),(2,1,4),(3,1,4),(4,1,4),(5,1,4),(5,1,4),(5,1,3),
63:(3,1,5),(2,1,5),(1,1,5),(0,1,5),(0,1,4),(0,1,3),(0,1,2),(0,1,1),(0,2,1),(0,3,1),(0,4,1),
64:(2,3,4),(2,3,3),(1,3,3),(1,4,3),(1,5,3),
65:(5,2,4),(4,2,4),(3,2,4),(3,3,4),(3,3,3),(3,3,3),(3,3,2),(3,3,1),(2,3,1),(1,3,1),(0,3,1),
66:(4,5,4),(4,5,3),(4,4,3),(4,4,3),(4,4,2),(4,4,1),(4,4,0),
67:(4,0,2),(4,0,1),(4,0,0),(3,0,0),(2,0,0),(2,0,-1),(1,0,-1),(0,0,-1),(0,0,0),
68:(4,3,1),(4,3,2),(4,2,2),(3,2,2),(2,2,2),(2,2,3),(2,2,4),
69:(5,1,0),(5,1,1),(5,2,1),(5,3,1),(5,3,2),(5,3,2),(5,3,2),(5,3,2),(4,3,2),(3,3,2),
70:(3,3,4),(3,3,4),(4,3,4),(5,3,4),(5,3,3),(5,2,3),(5,2,2),(6,2,2),(6,2,1),(6,2,0),(5,2,0),
71:(1,1,5),(1,2,5),(1,2,4),(1,3,4),(1,3,4),(1,4,4),(1,4,3),(1,4,2),
