soc=449
lb_soc=291
makespan=12
lb_makespan=10
comp_time=184
highLevelExpanded=15
lowLevelExpanded=1639
solution=
0:(5,3,3),(5,3,2),(5,3,1),(4,3,1),(4,3,0),(3,3,0),(3,2,0),(2,2,0),(2,1,0),
1:(2,1,3),(1,1,3),(1,1,4),(1,2,4),
2:(3,5,2),(4,5,2),(4,5,3),(4,5,4),
3:(2,3,4),(2,3,3),(2,3,2),(2,3,1),(2,2,1),(2,1,1),
4:(0,3,5),(1,3,5),(2,3,5),(3,3,5),(4,3,5),(4,2,5),(5,2,5),(5,1,5),(5,1,4),(5,1,3),(5,1,2),(5,0,2),
5:(4,5,5),(3,5,5),(2,5,5),(2,5,4),(2,5,3),(2,5,2),(2,5,1),(2,4,1),(2,3,1),
6:(5,4,1),(4,4,1),(3,4,1),(3,4,0),(3,5,0),
7:(3,3,0),(3,3,1),(3,3,2),(3,3,3),(2,3,3),
8:(0,2,0),(1,2,0),(2,2,0),(3,2,0),(4,2,0),(4,2,1),(4,3,1),(4,4,1),
9:(1,0,1),(2,0,1),(3,0,1),(4,0,1),(5,0,1),(5,1,1),(5,2,1),
10:(4,0,5),(4,0,4),(4,0,3),(4,0,2),(4,0,1),(4,0,0),
11:(4,0,4),(3,0,4),(2,0,4),(1,0,4),(1,0,3),(1,0,2),(1,1,2),(1,2,2),(1,3,2),(1,4,2),(1,5,2),
12:(2,1,4),(1,1,4),(0,1,4),(0,1,3),(0,1,2),(0,1,1),(0,1,0),(0,0,0),
13:(1,2,0),(2,2,0),(3,2,0),(4,2,0),(5,2,0),(5,2,1),(5,2,2),(5,2,3),(5,2,4),(5,1,4),(5,0,4),
14:(5,4,5),(4,4,5),(3,4,5),(3,4,4),(3,4,3),(3,4,2),(3,4,1),(3,5,1),
15:(0,3,3),(1,3,3),(2,3,3),(2,3,2),(3,3,2),(4,3,2),(5,3,2),(5,4,2),(5,4,1),(5,5,1),
16:(0,4,5),(1,4,5),(2,4,5),(3,4,5),(4,4,5),(5,4,5),(5,4,4),(5,5,4),
17:(2,2,3),(3,2,3),(4,2,3),(5,2,3),(5,2,2),(5,1,2),(5,1,1),(5,1,0),(5,0,0),
18:(4,1,3),(4,2,3),(4,3,3),(4,4,3),(4,4,3),(3,4,3),(2,4,3),
19:(5,5,3),(4,5,3),(4,5,4),(4,4,4),
20:(1,3,2),(1,2,2),(1,2,2),(1,1,2),(2,1,2),(3,1,2),(3,1,3),(3,1,4),(4,1,4),
21:(3,1,2),(4,1,2),(5,1,2),(5,1,1),(5,2,1),(5,3,1),
22:(0,0,3),(1,0,3),(2,0,3),(3,0,3),(3,0,2),(3,0,1),(3,1,1),(3,2,1),(3,3,1),
23:(0,2,5),(0,2,4),(0,2,3),(0,2,2),(0,3,2),
24:(4,3,0),(4,3,1),(4,2,1),(4,2,2),(4,2,3),(4,1,3),
25:(5,1,5),(4,1,5),(3,1,5),(2,1,5),(1,1,5),(0,1,5),(0,1,4),
26:(3,4,2),(4,4,2),(5,4,2),(5,4,3),(5,4,4),(5,3,4),(5,2,4),(5,2,5),(5,1,5),
27:(1,0,3),(1,0,4),(0,0,4),(0,0,5),(0,1,5),(0,2,5),(0,2,6),(0,3,6),(0,4,6),(0,4,5),(0,5,5),
28:(3,1,3),(2,1,3),(2,1,2),(2,2,2),(2,2,2),(2,3,2),
29:(0,5,0),(1,5,0),(1,4,0),(1,3,0),(1,2,0),(2,2,0),(2,1,0),(2,0,0),(3,0,0),
30:(4,2,2),(3,2,2),(3,2,3),(4,2,3),(4,2,4),
31:(3,4,4),(2,4,4),(2,3,4),(2,2,4),(2,2,3),(2,2,2),(2,1,2),
32:(4,5,3),(4,6,3),(5,6,3),(5,5,3),(5,4,3),
33:(0,4,4),(1,4,4),
34:(3,0,2),(3,0,3),(3,0,4),(3,0,5),(3,1,5),(3,2,5),(3,3,5),
35:(1,5,2),(2,5,2),(2,5,1),(2,4,1),(2,3,1),(2,2,1),
36:(1,5,4),(1,5,3),(1,5,2),(1,5,1),(1,4,1),(1,3,1),(1,2,1),(1,1,1),
37:(2,0,0),(3,0,0),(4,0,0),(4,1,0),(4,1,1),(4,1,2),(4,2,2),(4,2,3),(4,3,3),(4,4,3),(4,5,3),(5,5,3),
38:(4,1,1),(4,2,1),(5,2,1),(5,2,2),(5,3,2),(5,3,3),(5,3,4),(5,3,5),
39:(4,3,4),(4,3,5),(4,2,5),(4,1,5),
40:(3,4,3),(3,4,4),(4,4,4),(4,3,4),
41:(2,5,2),(2,5,3),(2,5,4),(2,4,4),(2,4,5),(2,3,5),(2,2,5),(3,2,5),(3,1,5),(3,0,5),(4,0,5),(5,0,5),
42:(1,2,4),(2,2,4),(3,2,4),(3,2,3),(3,2,2),(4,2,2),(4,2,1),(4,1,1),(5,1,1),
43:(0,1,3),(0,1,2),(1,1,2),(2,1,2),(3,1,2),(3,2,2),(3,2,2),(4,2,2),(5,2,2),
44:(5,5,1),(4,5,1),(3,5,1),(2,5,1),(1,5,1),(0,5,1),(0,5,2),(0,5,3),(0,4,3),(0,3,3),(0,2,3),(0,1,3),(0,0,3),
45:(2,3,2),(2,3,1),(2,2,1),(2,1,1),(2,0,1),
46:(1,5,3),(1,4,3),(1,3,3),(1,2,3),(1,1,3),(2,1,3),
47:(2,3,0),(1,3,0),(0,3,0),(0,4,0),(0,5,0),
48:(0,0,2),(1,0,2),(1,0,3),(1,1,3),(1,1,4),(1,1,5),(1,2,5),
49:(3,1,1),(3,2,1),(3,3,1),(3,3,0),(3,4,0),
50:(4,2,1),(4,2,2),(4,3,2),(4,4,2),
51:(1,1,2),(2,1,2),(3,1,2),(3,1,1),(3,1,0),
52:(5,1,1),(4,1,1),(3,1,1),(3,1,0),(2,1,0),(1,1,0),(1,2,0),(1,3,0),(1,4,0),(1,5,0),
53:(0,0,1),(0,1,1),(0,2,1),
54:(1,1,0),(1,1,1),(1,2,1),(1,2,2),(1,2,3),(2,2,3),(2,2,4),(2,3,4),(2,4,4),
55:(4,4,2),(4,4,3),(3,4,3),(2,4,3),(2,4,4),(2,4,5),(1,4,5),
56:(4,3,1),(4,3,2),(5,3,2),(5,3,3),(5,3,4),(5,3,5),(4,3,5),
57:(1,2,2),(1,2,1),(1,2,0),(0,2,0),
58:(4,2,3),(4,2,4),(4,3,4),(3,3,4),(2,3,4),(1,3,4),(1,3,3),(1,4,3),
59:(0,5,1),(1,5,1),(1,4,1),(1,4,2),(1,3,2),(1,2,2),(2,2,2),(3,2,2),(4,2,2),(4,1,2),(4,1,2),(5,1,2),
60:(0,4,3),(0,4,4),(0,4,5),(0,3,5),
61:(2,4,1),(1,4,1),(0,4,1),(0,3,1),(0,3,0),
62:(5,1,3),(4,1,3),(3,1,3),(2,1,3),(2,1,4),(2,2,4),(2,3,4),(2,4,4),(2,5,4),(1,5,4),
63:(0,3,1),(1,3,1),(2,3,1),(3,3,1),(3,3,1),(3,3,2),(3,3,3),(3,2,3),(3,2,3),(4,2,3),(5,2,3),
64:(4,2,0),(4,1,0),(4,1,1),(4,1,2),(4,1,3),(3,1,3),(3,1,4),(3,1,5),(2,1,5),
65:(4,4,3),(3,4,3),(2,4,3),(1,4,3),(0,4,3),(0,3,3),(0,2,3),(0,1,3),(-1,1,3),(-1,1,4),(-1,1,5),(0,1,5),
66:(5,3,2),(5,3,1),(4,3,1),(4,4,1),(3,4,1),(2,4,1),(2,4,0),
67:(3,2,0),(3,3,0),(2,3,0),
68:(1,3,5),(1,3,4),(1,3,4),(1,3,3),(1,4,3),(2,4,3),(2,4,2),(3,4,2),(3,4,1),
69:(5,2,4),(5,1,4),(4,1,4),(3,1,4),(3,1,4),(2,1,4),
70:(5,0,3),(4,0,3),(3,0,3),(3,1,3),(3,2,3),(3,2,4),
71:(1,1,4),(0,1,4),(0,2,4),
