soc=488
lb_soc=295
makespan=12
lb_makespan=9
comp_time=216
highLevelExpanded=17
lowLevelExpanded=2181
solution=
0:(2,0,1),(1,0,1),(1,0,2),(1,0,3),(1,0,4),(1,0,5),(1,1,5),(1,2,5),
1:(3,1,3),(3,1,2),(3,1,1),(3,1,0),(3,2,0),(3,3,0),(3,4,0),(3,5,0),
2:(2,4,4),(3,4,4),(4,4,4),(4,4,3),(4,4,2),(4,4,1),(4,4,0),(4,3,0),(4,2,0),
3:(4,0,1),(3,0,1),(3,0,2),(3,0,3),(3,1,3),(3,2,3),(3,3,3),(3,4,3),
4:(1,3,5),(1,3,4),(1,3,3),(1,3,2),(1,4,2),(1,5,2),
5:(1,1,1),(1,1,2),(1,1,3),(1,1,4),(1,1,5),(1,2,5),(1,3,5),
6:(5,2,2),(5,2,1),(5,1,1),(4,1,1),(4,0,1),(3,0,1),(2,0,1),(1,0,1),(0,0,1),
7:(0,0,2),(1,0,2),(2,0,2),(2,0,1),(2,0,0),(2,1,0),
8:(4,4,4),(5,4,4),(5,4,3),(5,4,2),(5,3,2),
9:(5,2,0),(4,2,0),(3,2,0),(3,2,1),(3,2,2),(3,1,2),(3,1,3),(3,1,4),(2,1,4),(2,1,5),(2,0,5),(1,0,5),
10:(4,5,5),(4,4,5),(4,4,6),(4,3,6),(4,2,6),(4,1,6),(3,1,6),(3,1,5),(3,1,4),(3,0,4),(3,0,3),(3,0,2),
11:(1,5,4),(1,5,3),(1,4,3),
12:(3,0,4),(3,0,3),(3,1,3),(3,1,2),(3,1,1),(3,2,1),
13:(1,0,2),(2,0,2),(2,0,3),(2,0,4),(3,0,4),(3,0,5),(4,0,5),(5,0,5),(5,1,5),(5,2,5),(5,3,5),(5,4,5),(5,5,5),
14:(5,1,3),(4,1,3),(4,2,3),(4,3,3),(4,4,3),(4,5,3),(3,5,3),(2,5,3),(2,5,2),
15:(5,3,5),(5,3,4),(5,4,4),(5,4,3),(5,4,2),(5,4,1),(5,4,0),(4,4,0),(4,3,0),(3,3,0),
16:(3,5,4),(3,5,4),(3,4,4),(3,4,5),(3,3,5),(3,2,5),
17:(3,3,2),(4,3,2),(5,3,2),(5,3,3),(5,3,4),(5,2,4),(5,1,4),
18:(4,2,1),(3,2,1),(2,2,1),(1,2,1),(1,2,1),(1,2,2),(1,2,3),
19:(2,1,4),(1,1,4),(1,2,4),(1,2,3),(1,3,3),(1,3,2),(1,3,1),(1,4,1),(1,5,1),
20:(2,2,2),(1,2,2),(1,2,3),(1,3,3),(1,3,4),(1,4,4),
21:(0,5,4),(0,5,3),(0,5,2),
22:(4,1,3),(4,1,4),(4,0,4),
23:(4,4,0),(3,4,0),(2,4,0),(1,4,0),(0,4,0),(0,4,1),(0,3,1),(0,2,1),
24:(4,1,0),(4,1,1),(4,2,1),(4,3,1),(4,3,2),(4,4,2),(4,5,2),
25:(0,2,5),(1,2,5),(2,2,5),(3,2,5),(4,2,5),(4,2,4),(4,2,3),(4,2,2),(4,2,1),
26:(4,5,2),(3,5,2),(2,5,2),(1,5,2),(1,5,3),(0,5,3),(0,4,3),(0,3,3),
27:(4,3,4),(4,3,4),(4,2,4),(3,2,4),(2,2,4),(1,2,4),(1,3,4),
28:(4,2,4),(3,2,4),(2,2,4),(1,2,4),(0,2,4),(0,2,5),(0,3,5),(0,4,5),
29:(5,4,2),(5,4,3),(5,3,3),(5,3,4),(4,3,4),(4,3,5),(4,2,5),(4,2,6),(3,2,6),(2,2,6),(2,2,5),
30:(2,3,0),(3,3,0),(3,3,1),(3,3,2),(3,4,2),(3,5,2),(3,5,2),(3,5,3),(4,5,3),
31:(2,4,0),(2,4,1),(3,4,1),(4,4,1),(4,3,1),(4,3,2),(4,3,3),(4,2,3),(4,1,3),
32:(0,0,1),(0,0,2),(0,0,2),(1,0,2),(2,0,2),(2,0,3),(2,0,4),(2,1,4),(2,2,4),
33:(0,4,5),(1,4,5),(2,4,5),(2,4,4),(2,4,3),(2,4,2),(2,3,2),(2,3,1),(2,2,1),(2,2,0),(3,2,0),(3,1,0),
34:(5,4,0),(4,4,0),(3,4,0),(2,4,0),(1,4,0),(0,4,0),
35:(4,4,5),(4,4,4),(4,3,4),(4,3,4),(3,3,4),(2,3,4),
36:(3,3,5),(3,2,5),(3,2,4),(2,2,4),(2,2,3),(2,1,3),(2,1,2),(2,1,1),
37:(2,5,5),(2,5,4),(2,5,3),(2,5,2),(2,5,1),(1,5,1),(1,5,0),(1,4,0),(1,3,0),
38:(0,2,4),(1,2,4),(1,3,4),(1,3,5),(2,3,5),(3,3,5),(4,3,5),(4,3,4),
39:(1,4,0),(2,4,0),(2,4,1),(2,3,1),(2,3,2),(2,3,3),(2,2,3),(2,1,3),(3,1,3),(3,1,4),(3,0,4),
40:(2,3,2),(2,2,2),
41:(2,2,3),(2,2,4),(2,3,4),(2,3,5),(2,3,6),(3,3,6),(3,3,5),
42:(3,0,3),(4,0,3),(4,1,3),(4,2,3),(4,3,3),(4,4,3),
43:(4,5,1),(4,5,2),(4,5,3),(4,5,4),(4,4,4),(4,3,4),(4,2,4),(4,1,4),
44:(3,5,1),(2,5,1),(1,5,1),(1,4,1),(1,3,1),(1,3,1),(1,2,1),(1,1,1),
45:(3,2,0),(2,2,0),(1,2,0),(1,1,0),(1,1,1),(1,1,2),(1,1,3),(1,1,4),(1,0,4),
46:(5,2,5),(4,2,5),(4,3,5),(4,4,5),(4,5,5),
47:(1,3,0),(2,3,0),(3,3,0),(4,3,0),(5,3,0),(5,4,0),(5,5,0),
48:(0,2,0),(1,2,0),(1,2,1),(1,2,2),(1,1,2),(2,1,2),(3,1,2),
49:(0,2,3),(0,2,2),(0,2,1),(0,2,0),(0,3,0),(1,3,0),(2,3,0),(2,4,0),(3,4,0),
50:(3,2,3),(2,2,3),(2,1,3),(1,1,3),(1,0,3),
51:(0,0,0),(1,0,0),(2,0,0),(3,0,0),(4,0,0),(4,0,1),(4,1,1),
52:(1,5,2),(2,5,2),(2,5,1),(3,5,1),(4,5,1),(4,5,1),(4,4,1),
53:(3,3,3),(3,3,4),(3,3,4),(3,4,4),(3,4,3),(3,4,4),(3,3,4),
54:(3,2,1),(3,3,1),(4,3,1),(5,3,1),(5,2,1),
55:(0,4,1),(0,4,2),(0,4,3),(0,4,4),(0,3,4),(0,2,4),(0,1,4),(0,1,5),(1,1,5),
56:(5,4,1),(4,4,1),(4,4,0),(3,4,0),(2,4,0),(1,4,0),(1,3,0),(0,3,0),(0,2,0),(0,1,0),(0,0,0),
57:(1,5,5),(2,5,5),(3,5,5),(4,5,5),(4,5,4),(4,4,4),(4,3,4),(4,3,3),(4,3,2),
58:(0,0,3),
59:(5,1,4),(5,1,3),(5,1,2),(4,1,2),(4,2,2),(4,2,1),(4,3,1),(3,3,1),(2,3,1),(2,3,2),
60:(0,4,2),(1,4,2),(2,4,2),(2,4,3),(2,3,3),(2,2,3),(2,1,3),(3,1,3),(3,0,3),(4,0,3),
61:(0,3,0),(0,3,1),(0,3,2),(0,3,2),(1,3,2),(2,3,2),(2,3,3),(3,3,3),(3,2,3),(3,2,2),
62:(1,4,3),(1,4,4),(1,4,5),(1,4,5),(2,4,5),
63:(0,1,4),(0,1,3),(0,1,2),(1,1,2),(2,1,2),(2,1,1),(2,2,1),(2,2,0),(2,3,0),(2,4,0),
64:(5,3,2),(5,3,3),(5,3,4),(5,3,5),(4,3,5),(4,2,5),(4,1,5),(4,0,5),
65:(2,1,3),(2,1,2),(2,1,2),(2,0,2),(3,0,2),(2,0,2),(2,0,2),(2,1,2),
66:(0,3,5),(1,3,5),(2,3,5),(3,3,5),(3,2,5),(3,2,6),(4,2,6),(5,2,6),(5,2,5),(5,2,4),(5,2,3),(5,1,3),
67:(2,2,4),(2,3,4),(2,3,3),(3,3,3),(3,3,2),
68:(5,0,2),(5,0,3),(5,1,3),(5,2,3),(5,3,3),(5,4,3),(5,4,4),(4,4,4),(3,4,4),
69:(0,2,2),(0,3,2),(0,3,3),(0,3,4),(0,3,5),(1,3,5),(2,3,5),
70:(5,4,5),(5,3,5),(5,2,5),(4,2,5),(4,2,4),(3,2,4),(2,2,4),(1,2,4),(1,1,4),(1,1,3),(1,1,2),(1,0,2),
71:(5,1,0),(4,1,0),(3,1,0),(2,1,0),(2,1,1),(2,2,1),(2,3,1),(1,3,1),
