soc=471
lb_soc=286
makespan=13
lb_makespan=8
comp_time=123
highLevelExpanded=8
lowLevelExpanded=1339
solution=
0:(2,1,3),(1,1,3),(1,1,4),(1,1,5),(1,2,5),(1,3,5),(1,4,5),(0,4,5),(0,5,5),
1:(4,1,4),(3,1,4),(3,2,4),(2,2,4),(1,2,4),(0,2,4),(0,3,4),(0,3,3),(0,4,3),(0,5,3),
2:(0,0,3),(1,0,3),(2,0,3),(2,1,3),(2,1,4),(2,2,4),(2,3,4),(2,4,4),(2,5,4),(2,5,3),
3:(0,2,3),(1,2,3),(2,2,3),(2,2,2),(2,1,2),(2,0,2),
4:(0,0,5),(0,1,5),(0,2,5),(0,3,5),
5:(5,0,5),(5,0,4),(5,1,4),(5,2,4),(5,2,3),(5,3,3),(4,3,3),(4,4,3),(4,4,2),(3,4,2),(2,4,2),(2,4,3),
6:(4,4,0),(3,4,0),(2,4,0),(1,4,0),
7:(2,5,3),(2,5,2),(2,4,2),(2,3,2),
8:(1,5,3),(2,5,3),(3,5,3),(4,5,3),(4,5,4),
9:(1,3,1),(2,3,1),(3,3,1),(4,3,1),(5,3,1),(5,2,1),(5,1,1),
10:(1,3,5),(0,3,5),(0,3,4),(0,3,3),(0,3,2),(0,2,2),
11:(4,3,4),(4,3,3),(4,3,2),(4,2,2),(4,2,1),(4,2,0),(4,1,0),
12:(4,3,5),(3,3,5),(2,3,5),(1,3,5),(1,3,4),(0,3,4),(0,3,3),(0,3,2),(0,4,2),(0,5,2),(0,5,1),
13:(2,0,1),(1,0,1),(1,0,2),(1,0,3),(1,0,4),(1,1,4),(1,2,4),
14:(3,5,5),(4,5,5),(4,5,4),(4,4,4),(4,3,4),(4,2,4),(4,1,4),
15:(4,0,2),(3,0,2),(3,0,1),(3,1,1),
16:(4,0,0),(3,0,0),(2,0,0),(1,0,0),(1,0,1),(1,1,1),(1,2,1),(1,3,1),(1,3,1),(0,3,1),
17:(2,5,4),(3,5,4),(3,4,4),(3,4,3),(3,4,2),(3,3,2),(3,2,2),(3,1,2),
18:(2,2,3),(3,2,3),(4,2,3),(4,1,3),(4,1,2),(4,0,2),
19:(5,0,2),(4,0,2),(3,0,2),(3,0,3),(3,1,3),
20:(4,0,4),(4,0,3),(4,0,2),(4,0,1),(4,1,1),(4,2,1),(4,3,1),(4,3,0),
21:(5,3,4),(4,3,4),(3,3,4),(2,3,4),(2,2,4),(1,2,4),(1,2,3),(1,1,3),(1,1,2),(1,1,1),(0,1,1),(0,0,1),
22:(5,5,3),(4,5,3),(4,5,3),(4,5,4),(3,5,4),
23:(3,0,1),(3,1,1),(3,1,0),(3,2,0),(3,3,0),(3,4,0),
24:(5,5,0),(4,5,0),(3,5,0),(3,5,1),(3,5,2),(3,5,3),(3,4,3),(3,4,4),(3,3,4),
25:(5,5,1),(5,5,2),(5,5,3),(5,5,4),(5,5,5),(5,4,5),(5,3,5),
26:(5,5,5),(5,5,4),(6,5,4),(6,5,3),(5,5,3),(5,5,2),(5,5,1),(5,5,0),
27:(5,1,4),(4,1,4),(3,1,4),(2,1,4),(1,1,4),(0,1,4),(0,1,3),(0,2,3),(0,3,3),(0,3,2),(0,4,2),
28:(0,2,2),(1,2,2),(2,2,2),(3,2,2),(3,2,1),(3,2,0),(3,3,0),
29:(3,4,2),(2,4,2),(1,4,2),(1,4,1),(1,5,1),(1,5,0),
30:(5,2,3),(4,2,3),(4,2,4),(4,2,5),(4,1,5),
31:(0,5,0),(1,5,0),(2,5,0),(3,5,0),(4,5,0),(4,5,1),(4,5,2),(4,5,3),(4,4,3),(4,3,3),(4,2,3),(4,1,3),
32:(0,2,5),(1,2,5),(2,2,5),(2,3,5),(3,3,5),(3,3,4),(3,3,3),(3,4,3),
33:(1,5,4),(2,5,4),(3,5,4),(3,5,3),(4,5,3),(5,5,3),(5,4,3),
34:(3,2,4),(4,2,4),(5,2,4),(5,2,3),(5,2,2),(5,3,2),(5,3,1),(5,3,0),(5,4,0),
35:(5,5,4),(4,5,4),(4,4,4),(3,4,4),(3,4,3),(3,4,2),(3,4,1),
36:(5,2,5),(4,2,5),(3,2,5),(2,2,5),
37:(4,4,1),(3,4,1),(2,4,1),(2,4,0),(2,3,0),(1,3,0),(1,2,0),(1,1,0),
38:(0,1,1),(1,1,1),(2,1,1),
39:(0,4,1),(0,4,2),(0,3,2),(0,2,2),(0,1,2),
40:(1,0,3),(2,0,3),(2,1,3),(2,2,3),
41:(5,4,3),(4,4,3),(3,4,3),(2,4,3),(2,4,2),(2,4,1),(2,4,0),(2,3,0),(2,2,0),(2,1,0),
42:(1,1,5),(1,1,4),(0,1,4),(0,0,4),(0,0,3),(0,0,2),
43:(2,1,1),(2,1,2),(3,1,2),(4,1,2),(5,1,2),(5,1,3),(5,1,4),(5,1,5),(5,0,5),
44:(1,4,0),(2,4,0),(2,3,0),(2,2,0),(2,2,1),(2,2,2),(2,1,2),(2,1,3),(2,1,4),(3,1,4),
45:(0,4,5),(1,4,5),(2,4,5),(2,4,4),(2,4,3),(2,4,2),(2,4,1),
46:(5,3,1),(4,3,1),(4,3,0),(4,2,0),(4,1,0),(3,1,0),(3,2,0),
47:(0,3,2),(1,3,2),(1,3,3),(1,3,4),(1,4,4),(2,4,4),(2,4,5),
48:(4,4,2),(3,4,2),(3,5,2),(2,5,2),(2,5,3),(2,5,4),(2,5,5),
49:(5,2,2),(5,2,3),(5,1,3),(5,1,4),(4,1,4),(3,1,4),(2,1,4),(2,1,5),
50:(5,2,0),(5,2,1),(5,2,2),(5,2,2),(4,2,2),(3,2,2),(3,2,3),(3,2,4),(3,2,5),(3,1,5),
51:(1,4,4),(2,4,4),(2,4,3),(2,4,2),(2,4,1),(3,4,1),(4,4,1),(4,3,1),(4,2,1),
52:(5,1,0),(5,1,1),(5,1,2),(5,1,3),(4,1,3),(4,2,3),(4,2,3),(3,2,3),
53:(4,0,5),(3,0,5),(2,0,5),(1,0,5),
54:(5,0,1),(5,0,2),(5,0,3),(5,0,4),(5,1,4),(5,2,4),(5,3,4),(5,4,4),(5,4,5),(5,5,5),
55:(3,5,4),(3,5,3),(3,6,3),(4,6,3),(5,6,3),(5,6,2),(5,6,1),(5,5,1),(5,4,1),(5,3,1),(5,3,0),(5,2,0),(5,1,0),(5,0,0),
56:(5,4,0),(4,4,0),(4,4,1),(4,4,2),(4,4,3),(4,4,4),(4,3,4),(4,2,4),
57:(2,3,4),(1,3,4),(1,4,4),(0,4,4),(0,4,3),(0,4,2),(0,4,1),
58:(2,3,0),(1,3,0),(1,3,1),(1,3,2),(1,3,3),(1,2,3),(1,1,3),(1,0,3),
59:(4,1,0),(3,1,0),(2,1,0),(1,1,0),(1,1,1),(1,1,2),(1,2,2),(1,2,3),(0,2,3),(0,2,4),(0,2,5),
60:(0,1,2),(1,1,2),(1,1,2),(1,0,2),
61:(2,2,0),(2,2,1),(2,3,1),(2,4,1),(2,5,1),
62:(2,1,2),(3,1,2),(3,1,1),(3,1,0),(3,0,0),
63:(1,3,2),(2,3,2),(3,3,2),(4,3,2),(4,3,3),(4,3,4),(4,3,5),(4,4,5),(4,4,5),(5,4,5),
64:(0,4,0),(0,4,1),(0,4,2),(0,4,3),(0,3,3),(0,2,3),(0,2,4),(0,1,4),
65:(1,2,1),(1,3,1),(1,4,1),(1,5,1),(1,5,0),(2,5,0),(3,5,0),(4,5,0),(4,5,1),
66:(1,0,0),(1,1,0),(1,1,1),(1,1,2),(1,2,2),(1,3,2),(1,4,2),(2,4,2),(2,4,3),(2,4,4),(3,4,4),(3,4,5),
67:(4,2,4),(5,2,4),(5,2,3),(4,2,3),(3,2,3),(3,3,3),(3,3,2),(3,3,1),
68:(5,3,0),(4,3,0),(3,3,0),(2,3,0),(1,3,0),(1,3,1),(1,4,1),(1,4,2),(1,4,3),(1,4,4),
69:(1,2,4),(2,2,4),(2,1,4),(2,0,4),(2,0,3),
70:(1,4,5),(1,4,4),(1,4,3),(1,3,3),(2,3,3),
71:(1,5,0),(1,5,1),(1,5,2),(1,5,2),(2,5,2),(3,5,2),(3,4,2),(3,4,2),(3,3,2),
