soc=459
lb_soc=278
makespan=13
lb_makespan=8
comp_time=145
highLevelExpanded=10
lowLevelExpanded=1350
solution=
0:(3,5,3),(4,5,3),(5,5,3),(5,5,4),(5,5,5),(5,4,5),(5,3,5),
1:(2,3,5),(2,3,4),(2,3,3),(2,3,2),(2,2,2),
2:(4,0,4),(3,0,4),(2,0,4),(1,0,4),(1,0,3),(1,0,2),(1,0,1),(1,0,0),(1,1,0),(1,2,0),(0,2,0),(0,3,0),(0,4,0),
3:(4,1,0),(3,1,0),(3,1,1),(3,0,1),
4:(2,0,5),(1,0,5),(0,0,5),(0,0,4),(0,0,3),(0,1,3),(0,2,3),(0,3,3),
5:(2,1,4),(3,1,4),(3,1,3),(3,1,2),(3,2,2),(3,3,2),(3,4,2),(3,5,2),
6:(4,3,5),(4,3,4),(4,3,3),(4,3,2),(4,3,1),(4,3,0),
7:(3,4,1),(2,4,1),(2,4,2),
8:(2,5,4),(2,5,3),(2,5,2),(2,5,1),(2,5,0),
9:(1,0,5),(1,0,4),(1,1,4),(1,1,3),(1,1,2),(2,1,2),(3,1,2),(3,1,1),
10:(1,3,5),(0,3,5),(0,3,4),(0,3,3),(0,3,2),(0,3,1),(0,3,0),(0,2,0),(0,1,0),
11:(2,4,3),(1,4,3),(1,4,4),(1,4,5),(1,3,5),(1,2,5),
12:(2,5,2),(3,5,2),(3,5,3),(3,5,4),(3,4,4),(3,3,4),(3,2,4),(3,1,4),(3,0,4),
13:(0,0,5),(0,0,4),(1,0,4),(1,0,3),(1,-1,3),(2,-1,3),(3,-1,3),(4,-1,3),(4,0,3),
14:(3,4,3),(4,4,3),(5,4,3),(5,4,4),(5,5,4),
15:(3,4,5),(4,4,5),(4,4,4),(4,5,4),
16:(5,5,0),(4,5,0),(3,5,0),(2,5,0),(1,5,0),(1,4,0),(1,3,0),(1,3,1),(1,3,2),(1,3,3),(1,3,4),(0,3,4),(0,2,4),
17:(3,3,2),(2,3,2),(1,3,2),(0,3,2),(0,2,2),
18:(4,1,5),(3,1,5),(2,1,5),(2,1,4),(2,1,3),(2,2,3),
19:(3,2,4),(4,2,4),(4,2,3),(4,2,2),(4,2,1),(4,1,1),(4,0,1),
20:(3,2,5),(2,2,5),(1,2,5),(1,2,4),(1,2,3),(1,2,2),(1,1,2),(0,1,2),
21:(3,1,3),(2,1,3),(1,1,3),(0,1,3),(0,1,2),(0,1,1),(0,2,1),
22:(5,5,2),(4,5,2),(4,5,1),(4,4,1),(4,4,0),(3,4,0),(3,3,0),(2,3,0),(2,2,0),(2,1,0),
23:(1,4,5),(0,4,5),(0,3,5),(0,2,5),(0,1,5),
24:(0,3,2),(1,3,2),(1,3,1),(2,3,1),(3,3,1),(4,3,1),(5,3,1),(5,3,0),(5,4,0),
25:(5,5,5),(4,5,5),(3,5,5),(2,5,5),(1,5,5),(0,5,5),(0,5,4),(0,5,3),(0,4,3),
26:(4,5,1),(3,5,1),(3,4,1),(3,4,0),(3,3,0),(3,2,0),(3,1,0),
27:(0,1,2),(1,1,2),(2,1,2),(2,1,3),(3,1,3),(3,1,4),(3,1,5),(3,2,5),(3,3,5),(3,4,5),
28:(4,2,1),(4,2,2),(4,1,2),(4,0,2),(3,0,2),
29:(0,5,4),(1,5,4),(1,5,3),(1,5,2),(1,5,1),
30:(0,2,1),(1,2,1),(1,2,2),(1,2,3),(1,3,3),(1,3,4),(1,3,5),(1,4,5),
31:(2,2,5),(2,2,4),(3,2,4),(4,2,4),(4,2,3),(4,3,3),(4,4,3),(4,5,3),
32:(4,2,5),(3,2,5),(2,2,5),(2,2,4),(2,2,3),(2,3,3),
33:(3,0,2),(3,1,2),(3,2,2),(3,2,3),(3,3,3),(3,3,3),(4,3,3),
34:(3,1,5),(2,1,5),(2,1,4),(3,1,4),(4,1,4),(4,1,3),(4,1,2),(4,2,2),
35:(2,3,4),(3,3,4),(3,3,3),(3,4,3),
36:(5,3,0),(4,3,0),(3,3,0),(2,3,0),(1,3,0),(1,3,1),(1,3,2),(1,3,3),(1,3,4),(0,3,4),(0,3,5),
37:(4,4,2),(3,4,2),(3,4,3),(2,4,3),(1,4,3),(1,4,4),(1,3,4),(1,2,4),(1,1,4),(1,1,5),
38:(2,4,1),(2,4,2),(3,4,2),(4,4,2),(4,3,2),(4,2,2),(4,2,3),
39:(3,0,0),(4,0,0),(4,1,0),(4,2,0),(4,3,0),(4,4,0),(4,4,1),(4,4,2),(4,5,2),
40:(3,1,0),(2,1,0),(2,2,0),(2,2,0),(2,3,0),(2,4,0),
41:(2,3,2),(2,2,2),(2,2,2),(2,1,2),(2,0,2),
42:(5,1,2),(4,1,2),(4,1,3),(4,1,4),(4,1,5),(3,1,5),(3,0,5),
43:(1,2,0),(0,2,0),(0,2,1),(0,2,2),(0,2,3),(0,2,4),(0,2,5),
44:(2,1,0),(2,1,1),(2,2,1),(2,2,2),(1,2,2),(1,3,2),(1,3,3),(1,3,4),(2,3,4),(2,4,4),
45:(4,4,5),(4,4,4),(3,4,4),(3,3,4),(3,2,4),(3,2,3),
46:(4,1,3),(3,1,3),(2,1,3),(2,2,3),(2,3,3),(2,3,2),(2,3,1),(2,4,1),(2,5,1),
47:(1,3,1),(1,4,1),(1,4,2),(1,4,3),(1,4,4),(2,4,4),(2,4,5),(2,5,5),
48:(2,2,1),(3,2,1),(3,3,1),(3,3,1),(3,3,2),(4,3,2),(4,3,2),(4,3,1),
49:(0,2,5),(1,2,5),(1,3,5),(2,3,5),(3,3,5),(4,3,5),(4,3,4),(5,3,4),(5,3,3),(5,3,2),(5,4,2),(5,4,1),(5,5,1),(5,5,0),
50:(2,2,3),(1,2,3),(1,3,3),(1,3,2),(1,4,2),
51:(5,5,4),(4,5,4),(3,5,4),(2,5,4),(1,5,4),(0,5,4),(0,5,3),(0,4,3),(0,4,2),(0,4,1),(0,3,1),
52:(1,2,4),(1,3,4),(2,3,4),(2,3,3),(2,3,2),(2,3,1),(3,3,1),(3,3,0),
53:(1,2,2),(0,2,2),(0,2,3),(0,2,4),(1,2,4),(2,2,4),(2,2,4),(3,2,4),(4,2,4),(5,2,4),
54:(4,4,1),(4,4,0),(4,5,0),
55:(0,5,1),(1,5,1),(2,5,1),(3,5,1),(3,5,2),(3,5,3),(3,5,4),(3,4,4),(3,3,4),
56:(0,4,0),(1,4,0),(2,4,0),(2,4,1),(3,4,1),(4,4,1),(5,4,1),(5,4,2),(5,4,3),(5,3,3),(5,2,3),(5,1,3),
57:(5,3,2),(4,3,2),(4,2,2),(4,1,2),(4,1,3),(3,1,3),(2,1,3),(1,1,3),(0,1,3),(0,0,3),
58:(2,5,1),(2,5,1),(2,4,1),(1,4,1),
59:(1,3,3),(1,3,3),(1,3,4),(1,4,4),(0,4,4),(0,4,4),(1,4,4),
60:(0,5,5),(1,5,5),(2,5,5),(2,4,5),(3,4,5),(4,4,5),(5,4,5),(5,4,4),(5,3,4),
61:(5,3,3),(5,3,2),(5,2,2),(5,1,2),(5,0,2),
62:(3,2,0),(3,2,0),(3,2,1),(2,2,1),
63:(5,2,4),(5,1,4),(4,1,4),(4,0,4),(3,0,4),(2,0,4),(1,0,4),
64:(2,0,0),(1,0,0),(0,0,0),(0,0,1),(0,0,2),
65:(4,1,1),(4,0,1),(4,0,2),(4,0,3),(4,0,4),
66:(1,2,3),(1,1,3),(1,0,3),(2,0,3),
67:(4,2,0),(5,2,0),(5,2,1),(5,2,2),(5,2,3),(5,2,4),(5,2,5),(5,1,5),(5,0,5),
68:(4,3,3),(5,3,3),(5,3,2),(5,3,2),(5,2,2),
69:(1,0,2),(2,0,2),(2,0,1),(2,1,1),(3,1,1),(3,2,1),(4,2,1),(5,2,1),(5,3,1),
70:(0,0,1),(0,0,2),(0,0,3),(0,-1,3),(0,-1,4),(0,0,4),(0,1,4),(0,2,4),(0,3,4),(0,4,4),
71:(2,3,0),(3,3,0),(3,2,0),(3,1,0),(4,1,0),(5,1,0),(5,0,0),
