soc=490
lb_soc=310
makespan=12
lb_makespan=9
comp_time=154
highLevelExpanded=13
lowLevelExpanded=1399
solution=
0:(0,1,3),(0,2,3),(0,3,3),(1,3,3),(1,4,3),(2,4,3),(3,4,3),(4,4,3),(4,5,3),
1:(1,5,1),(2,5,1),(3,5,1),(4,5,1),(5,5,1),(5,4,1),(5,3,1),(5,2,1),(5,1,1),
2:(1,4,5),(2,4,5),(3,4,5),(4,4,5),(4,3,5),(4,2,5),(4,1,5),
3:(1,4,3),(2,4,3),(2,4,2),(2,3,2),(2,2,2),(2,1,2),
4:(5,4,5),(4,4,5),(4,5,5),(3,5,5),
5:(3,2,5),(4,2,5),(5,2,5),(5,2,4),(5,2,3),(5,2,2),(5,2,1),(5,1,1),(5,0,1),
6:(0,3,4),(1,3,4),(2,3,4),(3,3,4),(4,3,4),(5,3,4),(5,3,3),(5,3,2),(5,4,2),(5,5,2),
7:(3,0,4),(3,0,3),(3,0,2),(3,1,2),(3,2,2),(3,3,2),
8:(4,1,5),(3,1,5),(2,1,5),(1,1,5),(1,1,4),(1,1,3),(1,1,2),(1,1,1),(1,1,0),
9:(1,5,2),(0,5,2),(0,4,2),(0,3,2),(0,2,2),(0,1,2),
10:(1,1,2),(2,1,2),(3,1,2),(4,1,2),(5,1,2),(5,1,1),(5,1,0),(5,0,0),
11:(5,3,4),(4,3,4),(3,3,4),(3,3,3),(2,3,3),(1,3,3),(1,3,2),(1,2,2),(1,1,2),(1,1,1),(1,0,1),
12:(2,3,3),(3,3,3),(4,3,3),(4,3,4),(4,2,4),(4,1,4),
13:(4,1,2),(3,1,2),(3,1,3),(3,1,4),(2,1,4),(1,1,4),(1,2,4),(1,3,4),(1,4,4),
14:(3,3,0),(4,3,0),(4,3,1),(4,3,2),(4,4,2),(4,4,3),(4,4,4),
15:(3,1,0),(2,1,0),(2,1,1),(2,1,2),(2,1,3),(2,1,4),(2,1,5),
16:(4,1,4),(3,1,4),(2,1,4),(1,1,4),(0,1,4),(0,1,5),(0,2,5),(0,3,5),(0,4,5),(0,5,5),
17:(5,5,0),(5,5,1),(5,5,2),(5,5,3),(5,5,4),(5,4,4),(5,3,4),
18:(4,5,2),(4,5,3),(4,4,3),(4,3,3),
19:(2,4,5),(2,4,4),(2,4,3),(2,4,2),(2,4,1),(1,4,1),(1,5,1),
20:(1,5,3),(0,5,3),(0,5,2),(0,5,1),(0,4,1),(0,3,1),(0,2,1),(0,1,1),(0,0,1),
21:(1,1,0),(1,1,1),(1,1,2),(1,1,3),(1,2,3),(2,2,3),(3,2,3),(4,2,3),(5,2,3),(5,2,4),
22:(5,1,3),(5,1,2),(4,1,2),(4,1,1),(3,1,1),(3,1,0),(3,2,0),(3,3,0),(2,3,0),(2,4,0),(1,4,0),
23:(3,1,1),(3,2,1),(3,2,2),(3,3,2),(3,4,2),(3,5,2),
24:(2,3,0),(3,3,0),(3,2,0),(3,1,0),(3,0,0),(3,0,1),(3,0,2),
25:(1,0,4),(0,0,4),(0,0,3),(0,1,3),(0,2,3),(0,3,3),(0,3,2),(0,3,1),(0,4,1),
26:(0,3,5),(1,3,5),(1,4,5),(1,5,5),
27:(5,5,1),(4,5,1),(4,5,2),(3,5,2),(2,5,2),(1,5,2),(1,4,2),(1,3,2),(1,2,2),
28:(3,5,0),(4,5,0),(5,5,0),(5,5,1),(5,5,2),(5,4,2),(5,3,2),(6,3,2),(5,3,2),(5,3,3),
29:(1,0,5),(2,0,5),(3,0,5),(3,0,4),(3,0,3),(3,0,2),(3,1,2),(3,1,1),(3,2,1),
30:(5,3,1),(4,3,1),(3,3,1),(2,3,1),(2,3,2),(2,4,2),(2,5,2),(1,5,2),(0,5,2),
31:(2,1,3),(2,1,4),(1,1,4),(0,1,4),(0,1,5),(0,0,5),
32:(2,4,2),(1,4,2),(1,4,3),(0,4,3),(0,4,4),(0,3,4),(0,2,4),(0,2,4),(0,2,5),
33:(5,1,4),(4,1,4),(3,1,4),(2,1,4),(2,2,4),(2,3,4),(2,4,4),
34:(3,1,2),(3,1,3),(2,1,3),(2,0,3),(2,0,4),(2,0,4),(2,1,4),
35:(2,5,2),(3,5,2),(3,4,2),(4,4,2),(4,4,1),(4,3,1),(4,3,1),(5,3,1),
36:(3,5,2),(3,5,1),(3,5,0),(2,5,0),(1,5,0),(1,4,0),(1,3,0),
37:(4,3,3),(4,3,2),(3,3,2),(3,3,1),(2,3,1),(1,3,1),(1,2,1),
38:(3,4,5),(3,3,5),(3,2,5),(3,2,4),(3,2,3),(3,1,3),(2,1,3),
39:(1,3,0),(2,3,0),(3,3,0),(3,4,0),(3,4,1),(3,5,1),
40:(2,2,0),(3,2,0),(3,2,1),(3,2,2),(4,2,2),(3,2,2),
41:(5,4,2),(5,4,3),(5,4,4),(4,4,4),(3,4,4),(2,4,4),(1,4,4),(1,5,4),
42:(2,2,3),(2,3,3),(2,3,3),(2,4,3),(2,4,2),(2,4,1),(2,3,1),
43:(1,3,4),(1,3,3),(1,2,3),(1,2,2),(1,1,2),(1,0,2),(1,0,3),
44:(1,1,1),(2,1,1),(3,1,1),(3,2,1),(3,2,0),(3,3,0),(3,4,0),
45:(4,1,0),(4,1,1),(4,0,1),
46:(4,2,1),(4,2,2),(4,2,3),(3,2,3),(2,2,3),(3,2,3),(3,2,4),
47:(0,2,3),(1,2,3),(1,2,4),(1,2,5),
48:(0,0,4),(0,0,3),(0,1,3),(0,2,3),(0,3,3),(0,3,2),(0,4,2),(1,4,2),(2,4,2),(3,4,2),(4,4,2),(5,4,2),(5,4,1),
49:(1,4,0),(1,4,1),(1,4,2),(1,4,2),(1,4,2),(1,4,2),(1,4,3),(1,4,3),(1,4,2),
50:(4,1,3),(5,1,3),(5,1,4),(5,1,5),
51:(4,3,5),(4,3,5),(3,3,5),(2,3,5),(1,3,5),(1,3,4),(1,3,3),
52:(1,3,5),(2,3,5),(2,2,5),(3,2,5),(4,2,5),(5,2,5),(5,2,4),(5,1,4),(5,0,4),
53:(5,5,5),(4,5,5),(3,5,5),(2,5,5),(2,5,4),(1,5,4),(0,5,4),(0,4,4),(0,3,4),
54:(3,3,4),(3,4,4),(4,4,4),(4,4,3),(5,4,3),
55:(0,1,4),(1,1,4),(1,1,3),(1,2,3),(1,3,3),(1,4,3),(1,5,3),(1,5,3),(1,5,3),(1,5,2),
56:(2,2,1),(1,2,1),(1,2,2),(2,2,2),(2,1,2),(2,1,3),(2,0,3),(2,0,4),(2,0,5),
57:(5,3,3),(5,2,3),(5,1,3),(4,1,3),(4,1,4),(3,1,4),(3,1,3),
58:(3,0,3),(2,0,3),(2,0,4),(2,0,5),(2,1,5),(2,2,5),(2,3,5),(1,3,5),
59:(0,3,2),(1,3,2),(1,3,3),(1,3,4),(1,2,4),(1,2,4),(2,2,4),
60:(3,5,3),(2,5,3),(2,5,2),(2,5,1),(2,5,0),(2,4,0),(2,3,0),(2,2,0),(2,2,0),(1,2,0),
61:(2,0,5),(3,0,5),(4,0,5),(5,0,5),(5,0,4),(5,0,3),(5,0,2),(5,1,2),
62:(2,1,0),(1,1,0),(1,1,1),(2,1,1),
63:(1,0,1),(2,0,1),(3,0,1),(3,0,2),(4,0,2),(5,0,2),(5,1,2),(5,1,3),(5,1,3),(5,2,3),
64:(4,5,1),(4,4,1),(4,4,1),(4,3,1),(4,3,2),(4,2,2),(4,1,2),(4,0,2),
65:(0,0,1),(0,1,1),(0,2,1),(1,2,1),(2,2,1),(3,2,1),(4,2,1),(4,2,2),(5,2,2),(5,3,2),
66:(3,0,0),(2,0,0),(2,1,0),(2,2,0),(2,2,0),(2,2,1),(2,2,2),(2,3,2),(2,3,2),(1,3,2),
67:(5,1,1),(5,1,0),(4,1,0),(4,2,0),(4,3,0),(4,4,0),(4,5,0),
68:(3,0,1),(3,1,1),(3,1,0),(3,1,1),(3,2,1),(3,3,1),(3,4,1),(3,4,2),(3,4,3),(3,4,4),(3,5,4),
69:(1,3,1),(2,3,1),(2,3,2),(2,3,3),(2,3,4),(3,3,4),(4,3,4),(4,2,4),(5,2,4),(5,1,4),(5,1,3),(5,0,3),
70:(0,2,0),(1,2,0),(1,2,1),(1,3,1),(1,3,2),(2,3,2),(2,3,3),(3,3,3),
71:(5,0,4),(4,0,4),(4,1,4),(4,2,4),(3,2,4),(2,2,4),(2,2,3),(2,3,3),(2,4,3),(1,4,3),
