soc=445
lb_soc=261
makespan=14
lb_makespan=10
comp_time=184
highLevelExpanded=12
lowLevelExpanded=1680
solution=
0:(5,5,1),(4,5,1),(4,5,2),(4,5,3),(4,5,4),(4,4,4),
1:(0,5,0),(1,5,0),(2,5,0),(3,5,0),(4,5,0),(4,5,1),(4,5,2),(4,5,3),(4,4,3),
2:(0,1,5),(1,1,5),(2,1,5),(3,1,5),(3,1,4),(3,1,3),(3,1,2),(3,0,2),
3:(3,5,1),(3,5,2),(3,5,3),(3,5,4),(3,4,4),(3,3,4),(4,3,4),(5,3,4),(5,2,4),(5,1,4),(5,0,4),
4:(1,4,1),(0,4,1),(0,3,1),(0,2,1),(0,1,1),(0,0,1),
5:(0,1,1),(1,1,1),(1,1,2),(1,2,2),
6:(1,1,1),(1,1,2),(1,1,3),(1,2,3),(1,3,3),
7:(2,5,5),(1,5,5),(1,5,4),(1,5,3),(1,5,2),(1,4,2),
8:(1,1,5),(2,1,5),(2,1,4),(2,1,3),(2,2,3),(2,3,3),
9:(2,4,2),(1,4,2),(0,4,2),(0,4,3),(0,3,3),(0,3,4),(1,3,4),(1,2,4),(1,1,4),(0,1,4),
10:(1,1,0),(2,1,0),(2,1,1),(2,2,1),(3,2,1),(3,2,2),(3,3,2),(3,4,2),(3,5,2),
11:(5,5,5),(5,5,4),(5,5,3),(5,5,2),(5,5,1),(5,4,1),
12:(5,0,5),(4,0,5),(3,0,5),(2,0,5),(2,1,5),(2,1,4),(2,1,3),(2,1,2),(1,1,2),(1,1,1),(1,2,1),(1,3,1),(0,3,1),(0,4,1),(0,5,1),
13:(1,0,2),(1,0,3),(0,0,3),(0,1,3),(0,2,3),(0,3,3),(0,4,3),(1,4,3),
14:(2,0,4),(2,1,4),(2,1,3),(3,1,3),(3,2,3),(4,2,3),(4,2,2),(4,2,1),(4,2,0),(5,2,0),
15:(2,3,0),(3,3,0),(3,2,0),
16:(2,5,0),(3,5,0),(3,5,1),(3,5,2),(3,5,3),(3,5,4),(3,5,5),
17:(3,2,1),(2,2,1),(2,2,2),(2,2,3),(2,2,4),(2,3,4),
18:(3,3,3),(3,4,3),(3,4,4),(4,4,4),(5,4,4),(5,4,5),(5,5,5),
19:(5,4,0),(5,4,1),(5,4,1),(4,4,1),(3,4,1),(2,4,1),(2,3,1),(1,3,1),(0,3,1),(-1,3,1),(-1,3,2),(-1,3,3),(0,3,3),
20:(2,2,0),(3,2,0),(4,2,0),(5,2,0),(5,2,1),(5,2,2),(5,2,3),(5,2,4),(5,2,5),
21:(4,1,0),(4,2,0),(4,3,0),(3,3,0),(2,3,0),(1,3,0),(0,3,0),(0,4,0),(0,5,0),
22:(4,2,3),(3,2,3),(3,2,2),(3,2,1),(3,3,1),
23:(5,3,5),(4,3,5),(3,3,5),(3,3,4),(3,3,3),(3,3,2),(2,3,2),(1,3,2),(1,3,1),(1,3,0),
24:(5,1,2),(4,1,2),(3,1,2),(2,1,2),(2,1,1),(2,1,0),(2,0,0),
25:(5,4,3),(4,4,3),(3,4,3),(2,4,3),(1,4,3),(1,4,4),(1,4,5),(0,4,5),(0,3,5),
26:(4,4,0),(3,4,0),(2,4,0),(1,4,0),(0,4,0),(0,4,1),(0,4,2),(0,4,3),(0,3,3),(0,2,3),
27:(4,0,3),(3,0,3),
28:(5,1,1),(4,1,1),(4,1,2),(3,1,2),(2,1,2),(1,1,2),(0,1,2),(0,1,3),(0,2,3),(-1,2,3),(-1,3,3),(0,3,3),(0,4,3),
29:(5,4,1),(4,4,1),(3,4,1),(2,4,1),(1,4,1),(1,3,1),(0,3,1),(0,2,1),(0,2,1),(0,2,2),
30:(0,0,5),(1,0,5),(1,0,4),(1,0,3),(1,0,2),(1,0,1),
31:(2,3,2),(1,3,2),(0,3,2),
32:(0,3,5),(1,3,5),(2,3,5),(3,3,5),(3,3,4),(3,3,3),(3,2,3),(3,2,2),
33:(0,0,2),(1,0,2),(2,0,2),(3,0,2),(4,0,2),(4,1,2),(5,1,2),
34:(0,5,5),(0,5,4),(0,4,4),(1,4,4),(2,4,4),(3,4,4),(3,3,4),(3,2,4),(3,1,4),
35:(0,5,3),(0,4,3),(0,4,3),(0,4,4),
36:(4,1,1),(4,1,0),(5,1,0),
37:(4,4,1),(4,4,0),
38:(3,4,4),(2,4,4),(1,4,4),(1,4,3),(1,4,2),(1,4,1),
39:(2,0,0),(2,0,1),(2,0,1),(2,0,2),(2,0,3),(1,0,3),(1,0,4),
40:(0,4,4),(1,4,4),(1,4,5),(2,4,5),(2,3,5),(2,2,5),(2,1,5),
41:(5,3,1),(4,3,1),(3,3,1),(3,3,1),(3,3,0),
42:(2,1,5),(2,2,5),(3,2,5),(3,2,5),(3,3,5),(3,4,5),(3,4,4),(3,5,4),(3,5,3),
43:(3,1,5),(3,1,4),(3,2,4),(2,2,4),(2,3,4),(2,4,4),
44:(5,4,4),(4,4,4),(4,4,3),(4,4,2),(4,3,2),
45:(4,3,4),(3,3,4),(2,3,4),(2,3,3),(2,3,2),(1,3,2),(1,3,1),(1,3,0),(1,2,0),
46:(4,0,5),(3,0,5),(2,0,5),(2,0,4),(2,0,4),(2,0,3),(2,0,2),(1,0,2),
47:(1,3,1),(2,3,1),(2,3,2),(3,3,2),(3,2,2),(3,2,3),(3,2,4),(3,2,5),(3,1,5),
48:(3,2,4),(3,2,4),(3,2,3),(3,2,2),(2,2,2),(2,2,1),(1,2,1),(1,2,1),(1,2,1),(0,2,1),
49:(5,3,2),(5,3,3),
50:(2,5,4),(2,5,3),(2,5,2),(2,4,2),
51:(3,2,2),(3,3,2),(3,3,3),(3,4,3),
52:(4,0,2),(4,0,3),(4,1,3),
53:(1,4,5),(2,4,5),(3,4,5),(4,4,5),(4,3,5),
54:(1,0,4),(1,1,4),(1,1,5),
55:(2,4,1),(3,4,1),(3,4,2),(3,4,2),(4,4,2),(5,4,2),(5,3,2),(5,2,2),(5,2,3),
56:(0,2,4),(1,2,4),(2,2,4),(2,2,5),(2,2,5),(2,2,4),
57:(4,0,1),(3,0,1),(3,1,1),
58:(5,2,5),(5,2,4),(5,3,4),(5,4,4),(5,4,3),(4,4,3),(4,4,2),
59:(2,3,1),(2,3,2),(1,3,2),(1,3,3),(1,3,4),(1,2,4),(1,1,4),(1,1,3),(0,1,3),(0,0,3),(0,0,4),
60:(0,3,3),(1,3,3),(2,3,3),(2,3,2),(2,3,1),(2,3,0),(2,2,0),(2,1,0),(3,1,0),
61:(2,0,5),(2,0,4),(2,0,3),(2,0,3),(1,0,3),(0,0,3),(0,0,2),(0,1,2),(0,1,1),(0,1,0),(0,2,0),(0,3,0),
62:(0,1,3),(0,1,4),(0,2,4),
63:(3,0,2),(4,0,2),(5,0,2),(5,0,1),(5,1,1),(5,2,1),
64:(5,4,2),(4,4,2),(4,4,1),(3,4,1),(2,4,1),(2,3,1),(2,2,1),(2,1,1),
65:(5,0,4),(5,1,4),(5,2,4),(5,2,4),(5,3,4),(5,4,4),(5,4,3),(5,4,2),(5,5,2),
66:(5,3,4),(4,3,4),(4,3,3),
67:(2,3,3),(3,3,3),(3,3,4),(4,3,4),(4,2,4),(5,2,4),(5,2,5),(5,1,5),
68:(4,1,5),(3,1,5),(3,1,4),(2,1,4),(2,1,3),(2,1,2),(2,2,2),(2,3,2),(1,3,2),(1,3,1),(0,3,1),(0,4,1),(0,4,0),
69:(5,5,3),(5,5,2),(5,5,1),(4,5,1),(3,5,1),(3,4,1),
70:(0,1,2),(0,1,3),(0,1,4),(1,1,4),(2,1,4),(3,1,4),(4,1,4),(4,2,4),(4,2,4),(4,2,4),(5,2,4),
71:(2,2,1),(1,2,1),(1,1,1),(1,0,1),(1,-1,1),(1,-1,2),(1,-1,3),(1,-1,4),(1,-1,5),(1,0,5),
