soc=458
lb_soc=291
makespan=12
lb_makespan=8
comp_time=210
highLevelExpanded=16
lowLevelExpanded=2088
solution=
0:(2,0,5),(2,0,4),(2,0,3),(2,-1,3),(2,-1,2),(2,-1,1),(2,0,1),(2,1,1),(2,2,1),(2,2,0),(2,3,0),(2,4,0),
1:(5,3,4),(5,3,5),(5,2,5),(5,1,5),(5,0,5),
2:(2,1,0),(1,1,0),(0,1,0),(0,1,1),(0,2,1),(0,3,1),(0,4,1),(0,5,1),(0,5,2),(0,5,3),(0,5,4),
3:(2,4,3),(3,4,3),(3,4,4),(3,5,4),
4:(3,3,3),(2,3,3),(1,3,3),(1,3,4),(1,3,5),(1,4,5),
5:(1,3,1),(2,3,1),(3,3,1),(3,3,2),(3,3,3),(3,3,4),(3,2,4),(3,1,4),
6:(5,1,3),(5,1,2),(5,1,1),(5,1,0),(5,2,0),(5,3,0),(5,4,0),
7:(3,1,3),(3,1,2),(3,1,1),(2,1,1),(2,1,0),
8:(1,5,5),(2,5,5),(2,5,4),(2,5,3),(2,4,3),(2,3,3),
9:(5,2,1),(4,2,1),(3,2,1),(3,2,2),
10:(4,4,2),(3,4,2),(3,4,1),(3,4,0),(3,3,0),(3,2,0),
11:(5,2,0),(4,2,0),(3,2,0),(3,2,1),(3,3,1),(3,3,2),(3,4,2),(3,5,2),
12:(5,4,1),(4,4,1),(4,4,2),(4,3,2),(4,2,2),(4,1,2),
13:(5,0,0),(4,0,0),(3,0,0),(2,0,0),(1,0,0),(0,0,0),(0,0,1),(0,0,2),(0,1,2),(0,2,2),(0,2,3),(0,2,4),
14:(3,3,1),(3,3,2),(2,3,2),(2,3,3),(2,2,3),(1,2,3),(1,2,4),(1,2,5),(1,1,5),
15:(4,2,3),(3,2,3),(2,2,3),(1,2,3),(1,2,2),(1,3,2),(1,4,2),(1,5,2),
16:(2,3,0),(2,2,0),(2,1,0),(3,1,0),(3,1,1),(3,0,1),
17:(1,2,3),(2,2,3),(2,3,3),(3,3,3),(4,3,3),(5,3,3),
18:(2,4,1),(3,4,1),(4,4,1),(4,3,1),
19:(3,0,3),(2,0,3),(1,0,3),(0,0,3),(0,1,3),(0,2,3),(0,3,3),
20:(2,2,2),(3,2,2),(3,3,2),(3,4,2),(4,4,2),(4,4,3),(4,5,3),
21:(5,1,4),(4,1,4),(3,1,4),(2,1,4),(1,1,4),(1,1,3),(1,1,2),(1,0,2),(1,0,1),
22:(1,5,1),(1,5,2),(1,5,3),(1,5,4),(2,5,4),(2,4,4),(2,3,4),
23:(5,5,0),(4,5,0),(3,5,0),(2,5,0),(2,4,0),(2,3,0),(2,3,1),(2,2,1),(2,2,2),
24:(3,2,1),(2,2,1),(2,3,1),(2,4,1),
25:(0,0,1),(1,0,1),(2,0,1),(3,0,1),(4,0,1),(4,1,1),(4,2,1),(4,2,2),(4,3,2),
26:(5,3,5),(4,3,5),(3,3,5),(2,3,5),(2,3,4),(1,3,4),(1,4,4),(1,4,3),(1,4,2),(1,4,1),(1,4,0),(1,3,0),
27:(5,0,1),(4,0,1),(4,0,2),(4,0,3),(4,0,4),(3,0,4),(2,0,4),(1,0,4),(0,0,4),(0,1,4),
28:(1,5,3),(1,4,3),(1,4,3),(1,3,3),
29:(1,3,3),(1,3,4),(2,3,4),(3,3,4),(4,3,4),(4,4,4),
30:(4,5,3),(3,5,3),(2,5,3),(1,5,3),(1,5,2),(1,5,1),
31:(4,3,4),(5,3,4),(5,3,3),(5,3,2),(5,2,2),
32:(5,4,4),(4,4,4),(4,4,3),(4,3,3),(4,2,3),
33:(0,5,4),(1,5,4),(1,4,4),(2,4,4),(3,4,4),(3,4,4),(3,3,4),
34:(0,2,2),(1,2,2),(2,2,2),(2,2,1),(3,2,1),(4,2,1),(5,2,1),(4,2,1),(4,1,1),(4,0,1),(5,0,1),
35:(1,4,0),(0,4,0),(0,4,1),(0,4,2),(0,3,2),(0,2,2),(0,1,2),(0,1,3),(0,1,3),(0,0,3),
36:(3,2,0),(3,2,1),(3,2,2),(3,2,3),(3,2,4),(3,1,4),(3,0,4),
37:(5,4,2),(4,4,2),(4,3,2),(4,2,2),(4,2,1),(4,2,0),(4,1,0),(4,0,0),
38:(3,2,5),(4,2,5),(4,2,4),(5,2,4),(5,1,4),(5,0,4),
39:(3,3,2),(2,3,2),(1,3,2),(0,3,2),(0,3,3),(0,3,4),(0,3,5),(0,2,5),(0,1,5),(0,0,5),
40:(2,0,3),(1,0,3),(0,0,3),(0,0,4),(0,1,4),(0,2,4),(0,3,4),(0,4,4),
41:(3,3,4),(2,3,4),(2,4,4),(2,4,3),(1,4,3),(0,4,3),(0,4,2),(0,4,1),(0,4,0),(0,5,0),
42:(3,0,5),(2,0,5),(1,0,5),(1,1,5),(1,2,5),(1,2,4),(1,3,4),(1,4,4),(1,4,3),(0,4,3),(0,4,2),
43:(0,5,2),(0,5,1),(1,5,1),(2,5,1),(3,5,1),(4,5,1),(5,5,1),(5,4,1),(5,3,1),(5,3,0),
44:(3,1,0),(3,2,0),(3,3,0),(2,3,0),(2,3,1),(2,3,2),
45:(0,1,3),(1,1,3),(2,1,3),(3,1,3),(3,2,3),(3,3,3),(4,3,3),(4,3,2),(4,4,2),(4,5,2),
46:(5,5,1),(5,5,2),(5,5,3),(5,5,4),(5,5,5),
47:(2,5,0),(3,5,0),(3,5,1),(4,5,1),(4,5,2),(4,5,3),(5,5,3),(5,5,4),(5,4,4),(5,4,5),(5,3,5),(5,2,5),(5,1,5),
48:(0,3,4),(0,4,4),(0,4,4),(1,4,4),(2,4,4),(2,4,3),(3,4,3),(4,4,3),(5,4,3),(5,5,3),
49:(1,0,0),(1,-1,0),(1,-1,1),(1,-1,2),(1,-1,3),(2,-1,3),(2,-1,4),(2,-1,5),(2,0,5),(2,1,5),(2,2,5),(2,3,5),
50:(1,0,4),(1,1,4),(2,1,4),(2,1,3),(3,1,3),(3,1,2),(3,1,1),(3,2,1),(3,3,1),(3,4,1),(4,4,1),
51:(1,1,3),(2,1,3),(3,1,3),(3,0,3),
52:(2,4,4),(3,4,4),(3,4,5),(3,3,5),(3,2,5),
53:(4,4,0),(4,3,0),(4,2,0),(3,2,0),(2,2,0),(2,2,1),(2,2,2),(2,2,3),(2,2,4),
54:(2,1,2),(2,0,2),
55:(0,0,2),(1,0,2),(1,0,2),(1,0,3),
56:(1,5,2),(0,5,2),(0,4,2),(-1,4,2),(0,4,2),(0,3,2),
57:(4,1,1),(4,1,2),(4,1,3),(4,1,4),(4,2,4),
58:(0,2,5),(1,2,5),(2,2,5),(3,2,5),(4,2,5),(4,3,5),(4,4,5),(4,5,5),
59:(2,3,5),(3,3,5),(3,3,4),(3,4,4),(3,4,3),(3,5,3),
60:(1,4,2),(0,4,2),(0,4,3),(0,4,4),(0,4,5),(0,5,5),
61:(1,4,3),(2,4,3),(3,4,3),(4,4,3),(5,4,3),(5,4,2),(5,4,1),(5,3,1),(5,3,0),(5,2,0),(5,1,0),
62:(1,1,1),
63:(0,2,4),(1,2,4),(1,2,3),(1,2,2),(1,2,1),(1,2,0),(2,2,0),(2,3,0),(3,3,0),(3,4,0),
64:(2,0,1),(2,1,1),(2,1,1),(2,1,2),(2,1,3),
65:(3,2,3),(3,2,4),(2,2,4),(1,2,4),(1,2,3),(1,2,2),(0,2,2),(0,2,1),
66:(1,2,4),(1,2,3),(1,2,2),(1,2,1),(1,2,0),(1,1,0),(1,0,0),
67:(3,1,4),(3,1,3),(3,1,2),(3,1,1),(3,0,1),(2,0,1),(1,0,1),(0,0,1),(0,1,1),
68:(3,0,2),(4,0,2),(5,0,2),(5,0,1),(5,1,1),
69:(4,5,5),(3,5,5),(2,5,5),(2,4,5),(2,3,5),(2,2,5),(1,2,5),(2,2,5),(1,2,5),(0,2,5),
70:(5,4,3),(5,4,2),(5,5,2),
71:(4,3,0),(3,3,0),(2,3,0),(1,3,0),(1,3,1),(1,2,1),(1,2,2),(1,1,2),
