soc=458
lb_soc=297
makespan=13
lb_makespan=9
comp_time=132
highLevelExpanded=10
lowLevelExpanded=1170
solution=
0:(5,2,5),(5,2,4),(5,2,3),(5,2,2),(5,3,2),(5,4,2),(5,5,2),
1:(4,1,5),(4,2,5),(5,2,5),(5,3,5),(5,3,4),(5,3,3),(4,3,3),(4,4,3),(4,4,2),
2:(2,1,0),(3,1,0),(3,1,1),(3,1,2),(3,0,2),
3:(2,4,2),(3,4,2),(3,4,3),
4:(1,4,5),(2,4,5),(3,4,5),(4,4,5),(4,3,5),(4,3,4),(4,2,4),(4,1,4),
5:(1,2,3),
6:(1,3,5),(2,3,5),(3,3,5),(4,3,5),(5,3,5),(5,3,4),(5,3,3),(5,3,2),
7:(5,0,0),(4,0,0),(3,0,0),(2,0,0),(2,0,1),(2,0,2),(2,0,3),(2,1,3),(2,2,3),(2,3,3),(2,4,3),(2,5,3),
8:(5,4,5),(4,4,5),(4,3,5),(4,3,4),(3,3,4),(2,3,4),(1,3,4),(1,3,5),
9:(5,2,1),(4,2,1),(3,2,1),(2,2,1),(2,3,1),
10:(2,5,1),(3,5,1),(4,5,1),(4,4,1),(4,3,1),(4,2,1),
11:(4,3,3),(3,3,3),(2,3,3),(2,3,4),(2,4,4),
12:(0,0,0),(1,0,0),(2,0,0),(2,0,1),(2,0,2),(2,0,3),(2,1,3),(2,2,3),(2,3,3),(2,4,3),(2,5,3),(3,5,3),(3,5,4),(3,5,5),
13:(2,2,4),(3,2,4),(4,2,4),(5,2,4),(5,2,3),(5,2,2),(5,2,1),(5,1,1),(5,0,1),
14:(0,4,0),(1,4,0),(2,4,0),(3,4,0),(4,4,0),(4,3,0),(4,2,0),
15:(1,1,4),(2,1,4),(2,1,3),(2,1,2),(2,1,1),(2,1,0),(2,0,0),
16:(1,4,3),(2,4,3),(2,4,4),(3,4,4),(3,4,5),(4,4,5),(4,3,5),(4,2,5),(4,1,5),
17:(2,1,3),(3,1,3),(3,1,4),(4,1,4),(5,1,4),(5,2,4),
18:(2,2,0),(1,2,0),(1,2,1),(1,2,2),(1,1,2),(1,1,3),(1,1,4),(1,1,5),
19:(4,5,1),(5,5,1),(5,5,2),(5,5,3),(5,5,4),(5,5,5),
20:(5,1,3),(5,1,4),(5,2,4),(5,3,4),(5,4,4),(5,4,5),
21:(5,3,4),(4,3,4),(3,3,4),(3,3,3),(2,3,3),(1,3,3),(0,3,3),(0,3,2),
22:(2,4,1),(3,4,1),(3,4,2),(3,5,2),
23:(5,5,2),(4,5,2),(3,5,2),(2,5,2),(1,5,2),(0,5,2),(0,5,3),(0,4,3),(0,3,3),(0,2,3),
24:(3,4,3),(4,4,3),(5,4,3),(5,4,4),(5,4,5),(5,3,5),(5,2,5),(5,1,5),
25:(5,5,0),(4,5,0),(3,5,0),(2,5,0),(1,5,0),(1,5,1),(1,5,2),(1,4,2),
26:(4,1,0),(4,1,1),(4,1,2),(4,2,2),(3,2,2),(2,2,2),(2,2,3),(2,2,4),(2,2,5),(2,3,5),(2,4,5),
27:(4,3,4),(3,3,4),(3,3,3),(3,3,2),(3,3,1),
28:(4,2,5),(4,2,4),(4,2,3),(4,3,3),(4,3,2),
29:(2,3,3),(2,2,3),(3,2,3),(4,2,3),(4,1,3),(5,1,3),
30:(1,4,0),(1,4,1),(1,4,2),(1,4,3),(0,4,3),(0,4,4),(0,4,5),(1,4,5),(2,4,5),(3,4,5),
31:(5,3,3),(4,3,3),(5,3,3),(5,2,3),(4,2,3),
32:(4,3,2),(3,3,2),(2,3,2),(1,3,2),(1,2,2),
33:(3,1,1),(2,1,1),(1,1,1),(1,1,0),(1,2,0),(1,3,0),(1,4,0),(1,5,0),
34:(4,2,0),(5,2,0),(5,2,1),(6,2,1),(6,2,2),(6,2,3),(5,2,3),
35:(1,1,3),(1,1,2),(1,1,2),(1,1,1),(1,2,1),(1,3,1),(1,4,1),
36:(3,5,5),(3,5,4),(3,4,4),(3,3,4),(3,3,3),(3,3,2),(3,2,2),(4,2,2),(5,2,2),
37:(0,4,4),(1,4,4),(1,4,5),(2,4,5),(2,5,5),
38:(1,0,5),(0,0,5),(0,0,4),(0,0,3),(0,0,2),(0,0,1),
39:(1,0,2),(0,0,2),(0,0,3),(0,1,3),(0,1,4),
40:(4,4,2),(4,3,2),(3,3,2),(2,3,2),(2,2,2),(2,1,2),
41:(4,3,1),(3,3,1),(2,3,1),(2,4,1),(2,5,1),(2,5,2),(2,5,3),(2,5,4),(1,5,4),
42:(2,4,4),(2,3,4),(2,3,5),(2,2,5),(2,1,5),
43:(5,4,2),(4,4,2),(4,4,1),(4,3,1),(4,2,1),(3,2,1),(2,2,1),(2,1,1),(2,0,1),
44:(2,0,2),(1,0,2),(0,0,2),(0,0,1),(0,0,0),(0,1,0),(0,2,0),(0,3,0),(0,4,0),(0,5,0),
45:(5,2,0),(5,2,1),(4,2,1),(3,2,1),(2,2,1),(1,2,1),(1,1,1),(1,1,2),(1,0,2),
46:(2,5,2),(1,5,2),(0,5,2),(0,5,1),(0,4,1),(0,3,1),(0,2,1),(0,1,1),
47:(3,1,0),(4,1,0),(5,1,0),(5,1,1),(5,1,2),(5,0,2),(5,0,3),(5,0,4),
48:(3,1,5),(2,1,5),(1,1,5),(1,1,4),(1,2,4),
49:(0,0,1),(0,1,1),(0,2,1),(1,2,1),(1,3,1),(1,4,1),(2,4,1),(3,4,1),(4,4,1),(5,4,1),
50:(5,0,4),(4,0,4),(3,0,4),(2,0,4),(2,1,4),(2,2,4),(2,3,4),(1,3,4),(0,3,4),(0,4,4),(0,4,3),(0,4,2),
51:(1,2,0),(1,2,1),(2,2,1),(2,2,2),(2,2,3),(3,2,3),(3,2,4),(4,2,4),(4,3,4),(5,3,4),(5,4,4),(5,5,4),
52:(1,2,4),(2,2,4),(3,2,4),(4,2,4),(4,1,4),(4,1,3),(4,1,2),(4,1,1),(4,1,0),
53:(3,2,5),(2,2,5),(1,2,5),(1,3,5),(1,4,5),(1,5,5),(1,5,4),(1,5,3),(1,5,2),
54:(5,4,0),(4,4,0),(3,4,0),(3,4,1),(2,4,1),(2,4,2),(2,3,2),(2,2,2),(2,2,2),(2,2,2),(2,2,3),
55:(2,3,5),(3,3,5),(3,2,5),(4,2,5),(4,2,4),(4,1,4),(4,0,4),
56:(4,4,0),(3,4,0),(3,3,0),(3,2,0),(3,1,0),(3,0,0),(3,0,1),
57:(2,3,1),(2,4,1),(3,4,1),(3,5,1),(4,5,1),(5,5,1),(5,5,0),
58:(0,1,5),(0,2,5),(0,3,5),(0,4,5),(0,4,4),(0,5,4),(0,5,4),(1,5,4),(1,5,3),(2,5,3),(2,5,2),(2,5,1),(2,5,0),
59:(4,5,3),(3,5,3),(2,5,3),(2,4,3),(2,4,2),(2,3,2),(2,2,2),(2,2,1),
60:(0,3,0),(1,3,0),(1,3,1),(1,4,1),(1,4,2),(1,4,3),
61:(4,5,5),(4,5,4),(4,4,4),
62:(3,0,2),(2,0,2),(1,0,2),(0,0,2),(0,1,2),(0,1,3),
63:(5,2,3),(5,2,2),(5,3,2),(5,3,1),(5,3,0),(5,3,0),(4,3,0),
64:(2,4,5),(3,4,5),(4,4,5),(4,5,5),
65:(0,0,4),(0,1,4),(0,2,4),(0,3,4),(0,3,5),(1,3,5),(2,3,5),(3,3,5),(3,3,4),(3,4,4),
66:(4,2,4),(4,2,3),(4,2,2),(3,2,2),(3,2,3),(3,3,3),(2,3,3),(1,3,3),
67:(0,5,5),(1,5,5),(1,5,4),(1,4,4),
68:(3,0,1),(2,0,1),(1,0,1),(1,0,2),(1,0,2),(0,0,2),(0,1,2),(0,2,2),
69:(2,1,1),(2,1,0),(3,1,0),(3,1,1),
70:(0,0,2),(0,0,3),(1,0,3),(1,0,4),
71:(0,4,2),(1,4,2),(2,4,2),(3,4,2),(4,4,2),(4,4,1),(5,4,1),(5,4,0),(5,3,0),(5,2,0),(5,1,0),
