soc=437
lb_soc=278
makespan=13
lb_makespan=9
comp_time=239
highLevelExpanded=16
lowLevelExpanded=2433
solution=
0:(3,2,3),(4,2,3),(5,2,3),(5,2,4),(5,2,5),(5,1,5),
1:(3,5,0),(3,5,1),
2:(0,5,1),(1,5,1),(1,4,1),(1,3,1),(1,3,2),(0,3,2),(0,3,3),(0,3,4),(1,3,4),
3:(0,4,1),(0,4,2),(0,3,2),(0,2,2),(1,2,2),(1,1,2),(2,1,2),(3,1,2),(4,1,2),
4:(5,5,4),(4,5,4),(3,5,4),(2,5,4),(2,4,4),(2,3,4),(2,2,4),(1,2,4),(0,2,4),
5:(3,2,1),(3,2,0),(3,3,0),(3,4,0),(3,5,0),
6:(4,0,5),(5,0,5),(5,0,4),(5,0,3),(5,0,2),(5,1,2),(5,2,2),(5,3,2),(5,4,2),
7:(4,4,5),(3,4,5),(3,4,4),(3,4,3),(3,4,2),(3,4,1),(3,3,1),
8:(2,5,0),(1,5,0),(1,5,1),(1,5,2),(1,5,3),(1,4,3),(1,3,3),
9:(1,1,0),(1,0,0),
10:(3,2,5),(2,2,5),(2,2,4),(2,2,3),(2,2,2),
11:(5,5,2),(4,5,2),(3,5,2),(2,5,2),(2,5,3),
12:(5,1,0),(4,1,0),(3,1,0),(3,1,1),(3,2,1),(3,3,1),(3,3,2),(3,3,3),(3,4,3),(3,4,4),(3,4,5),(3,5,5),
13:(0,0,2),(1,0,2),(2,0,2),(3,0,2),(4,0,2),(5,0,2),(5,0,3),(5,1,3),(5,1,4),(5,2,4),(5,3,4),
14:(5,1,3),(4,1,3),(4,1,2),(4,1,1),(4,1,0),(4,0,0),
15:(1,1,4),(2,1,4),(3,1,4),
16:(2,3,0),(1,3,0),(1,3,1),(1,3,2),(1,3,3),(1,2,3),(1,1,3),(1,0,3),
17:(1,5,5),(1,5,4),(1,5,3),(1,4,3),(1,4,3),(1,3,3),(1,3,2),(1,3,1),(1,2,1),
18:(2,5,3),(1,5,3),(1,4,3),(1,4,2),
19:(1,3,0),(1,3,1),(0,3,1),(0,3,2),(0,4,2),
20:(4,1,3),(3,1,3),(2,1,3),(1,1,3),(0,1,3),(0,1,2),(0,1,1),(0,1,0),(0,2,0),(0,3,0),
21:(5,4,0),(4,4,0),(3,4,0),(2,4,0),(1,4,0),(1,4,1),(1,3,1),(1,2,1),(1,2,2),(1,2,3),(1,2,4),(1,1,4),(1,1,5),(1,0,5),
22:(0,0,5),(0,0,4),(0,0,3),(0,1,3),(0,2,3),
23:(3,2,2),(4,2,2),(4,2,1),
24:(2,2,4),(3,2,4),(4,2,4),(4,1,4),
25:(0,2,5),(1,2,5),(2,2,5),(2,2,4),(2,2,3),(2,3,3),(2,3,2),
26:(1,2,4),(1,2,3),(1,2,2),(1,2,1),(1,1,1),
27:(0,1,5),(1,1,5),(2,1,5),(3,1,5),(4,1,5),(4,2,5),(4,2,4),(4,2,3),(4,2,2),(4,3,2),(4,4,2),(4,5,2),(5,5,2),
28:(3,3,1),(3,2,1),(3,2,1),(3,2,0),
29:(4,0,3),(3,0,3),(3,1,3),(3,2,3),
30:(4,3,3),(3,3,3),(2,3,3),(1,3,3),(1,3,4),(1,2,4),(1,1,4),(1,0,4),(0,0,4),
31:(5,0,5),(5,0,4),(4,0,4),(3,0,4),(2,0,4),(1,0,4),(0,0,4),(0,0,3),(0,0,2),(0,0,1),(0,1,1),(0,1,0),
32:(1,4,1),(1,4,1),(0,4,1),
33:(1,2,0),(2,2,0),(3,2,0),(4,2,0),(4,3,0),(4,3,1),(4,4,1),(4,4,2),(4,4,3),(4,4,4),(4,4,5),(4,5,5),
34:(3,4,4),(4,4,4),(5,4,4),(5,3,4),(5,2,4),(5,1,4),(5,0,4),
35:(5,2,5),(5,2,4),(5,3,4),(5,3,3),(5,3,2),(4,3,2),(4,3,1),(4,3,0),(4,4,0),(4,5,0),
36:(3,5,3),(2,5,3),(2,5,4),(1,5,4),(1,4,4),
37:(0,0,0),(0,1,0),(0,2,0),(0,3,0),(0,4,0),
38:(5,0,0),(5,0,1),(5,1,1),(5,2,1),(5,3,1),(5,4,1),
39:(5,2,4),(4,2,4),(4,2,5),(3,2,5),(3,1,5),(3,0,5),
40:(3,4,1),(3,4,2),(3,3,2),(3,2,2),
41:(0,4,4),(1,4,4),(2,4,4),(2,3,4),(2,2,4),(2,1,4),(2,1,3),(3,1,3),(3,1,2),
42:(0,4,0),(0,4,1),(0,4,2),(0,4,3),
43:(4,2,1),(4,3,1),(3,3,1),(3,3,2),(3,3,3),(3,3,4),(2,3,4),(1,3,4),(1,3,5),
44:(5,1,1),(4,1,1),(3,1,1),(2,1,1),(2,1,0),(1,1,0),(0,1,0),(0,0,0),
45:(0,1,0),(1,1,0),(2,1,0),(3,1,0),(3,1,1),(4,1,1),(4,1,2),(4,0,2),
46:(0,3,1),(0,3,0),(0,4,0),(0,5,0),
47:(0,3,3),(1,3,3),(1,3,4),(1,3,5),(1,2,5),(2,2,5),(2,1,5),(2,1,5),(2,1,5),(3,1,5),
48:(4,1,2),(3,1,2),(2,1,2),(1,1,2),(1,1,3),(1,1,4),(1,1,5),(1,2,5),
49:(2,5,4),(3,5,4),(3,5,3),(4,5,3),(5,5,3),
50:(4,4,2),(4,4,3),(4,3,3),(4,2,3),(4,1,3),
51:(0,2,3),(0,2,4),(0,2,5),(0,1,5),
52:(0,0,4),(0,1,4),(0,2,4),(0,3,4),(0,4,4),(0,5,4),(1,5,4),(2,5,4),
53:(3,0,2),(2,0,2),(2,0,3),(1,0,3),(0,0,3),(0,0,4),(0,1,4),
54:(0,1,1),(1,1,1),(2,1,1),(2,1,0),(3,1,0),(4,1,0),(5,1,0),(5,2,0),
55:(3,4,2),(3,4,3),(3,3,3),(3,3,4),(3,2,4),
56:(5,4,2),(4,4,2),(3,4,2),(2,4,2),(2,3,2),(1,3,2),(0,3,2),(0,2,2),
57:(5,4,3),(5,4,2),(4,4,2),(3,4,2),(2,4,2),(2,5,2),
58:(2,2,1),(2,2,2),(3,2,2),(4,2,2),(4,2,3),(4,2,4),(4,3,4),(4,4,4),(4,5,4),
59:(0,5,0),(0,5,1),(0,5,2),(0,5,3),(0,5,4),(1,5,4),(2,5,4),(2,4,4),(2,3,4),(2,2,4),
60:(2,3,5),(1,3,5),(1,2,5),(1,2,4),(1,2,3),(1,2,2),(1,1,2),(1,0,2),
61:(2,1,0),(2,1,1),(2,2,1),(3,2,1),(3,3,1),(3,3,2),(4,3,2),(4,3,2),(4,4,2),(4,4,3),(4,4,4),(4,4,5),
62:(0,4,5),(1,4,5),(2,4,5),(2,4,4),(2,4,3),(2,4,2),(2,4,1),(2,4,0),
63:(1,0,2),(1,0,1),(2,0,1),(3,0,1),(3,0,0),
64:(5,4,4),(5,4,3),(4,4,3),(4,3,3),
65:(1,0,5),(2,0,5),(3,0,5),(4,0,5),(4,0,5),(4,1,5),(4,2,5),(4,3,5),
66:(3,4,5),(2,4,5),(2,3,5),
67:(4,3,4),(3,3,4),(2,3,4),(1,3,4),(1,3,5),(1,4,5),(1,5,5),
68:(2,4,3),(2,4,2),(2,4,2),(2,4,1),(3,4,1),(4,4,1),(4,5,1),
69:(5,2,0),(5,2,1),(5,2,2),(5,2,3),(5,3,3),(5,3,4),(5,3,4),(4,3,4),(3,3,4),(3,3,4),(3,3,5),
70:(4,5,2),(3,5,2),(2,5,2),(2,5,1),(2,4,1),(2,3,1),(2,2,1),(2,1,1),(2,0,1),(1,0,1),
71:(1,5,3),(1,5,2),(1,4,2),(1,4,1),(1,3,1),(1,3,1),(2,3,1),(2,3,0),(3,3,0),(4,3,0),
