soc=433
lb_soc=263
makespan=14
lb_makespan=9
comp_time=219
highLevelExpanded=15
lowLevelExpanded=1825
solution=
0:(1,3,1),(1,3,2),(1,3,2),(2,3,2),(3,3,2),(4,3,2),(4,3,3),(4,2,3),
1:(0,0,5),(1,0,5),(2,0,5),(3,0,5),(4,0,5),(5,0,5),(5,0,4),(5,0,3),(5,0,2),(5,0,1),(5,1,1),(5,2,1),(5,2,0),(5,3,0),(5,4,0),
2:(0,4,3),(-1,4,3),(-1,4,4),(-1,4,5),(0,4,5),
3:(0,1,5),(1,1,5),(2,1,5),(3,1,5),(4,1,5),(5,1,5),(5,0,5),
4:(0,5,2),(1,5,2),(2,5,2),(3,5,2),(4,5,2),(5,5,2),(5,5,1),
5:(5,0,4),(5,0,3),(5,0,2),(5,0,1),(5,0,0),(5,1,0),
6:(3,1,2),(2,1,2),(2,1,3),(2,1,4),(2,2,4),(2,3,4),(2,4,4),
7:(0,4,5),(0,4,4),
8:(1,1,4),(0,1,4),(0,1,3),(0,1,2),(0,1,1),(0,2,1),(0,3,1),(0,4,1),(0,5,1),(0,5,0),
9:(0,0,4),(1,0,4),(1,1,4),(1,2,4),(1,2,3),(2,2,3),(2,3,3),(2,3,2),(2,4,2),(2,5,2),(2,5,1),(2,5,0),
10:(2,2,2),(3,2,2),(4,2,2),(5,2,2),(5,2,3),(5,2,4),
11:(4,2,1),(3,2,1),(2,2,1),(1,2,1),(0,2,1),(0,2,2),(0,1,2),(0,0,2),(0,0,3),(0,0,4),(0,0,5),
12:(5,2,1),(5,2,2),(5,3,2),(5,4,2),
13:(5,4,0),(4,4,0),(3,4,0),(3,3,0),(3,2,0),(3,1,0),(2,1,0),(1,1,0),(2,1,0),(2,0,0),
14:(5,2,4),(4,2,4),(3,2,4),(2,2,4),(1,2,4),(1,2,3),(1,2,2),(0,2,2),
15:(5,0,5),(4,0,5),(3,0,5),(3,0,4),(3,0,3),(2,0,3),(1,0,3),(1,1,3),(1,2,3),(0,2,3),(0,3,3),
16:(2,5,3),(3,5,3),(4,5,3),(5,5,3),(5,5,4),
17:(3,3,2),(4,3,2),(4,3,1),(4,2,1),
18:(3,1,3),(2,1,3),(1,1,3),(1,1,4),
19:(4,3,2),(4,3,3),(4,3,4),(4,4,4),(4,5,4),
20:(0,4,2),(1,4,2),(2,4,2),(2,4,1),
21:(1,3,4),(2,3,4),(3,3,4),(4,3,4),(4,3,3),(4,4,3),(4,4,2),(4,4,1),(4,4,0),
22:(4,2,5),(4,1,5),(4,1,4),(4,1,3),(4,1,2),(4,1,1),(4,1,0),(4,0,0),
23:(1,2,4),(2,2,4),(2,1,4),(2,0,4),
24:(4,1,1),(3,1,1),(3,1,2),(3,0,2),
25:(4,5,5),(3,5,5),(3,5,4),(3,5,3),(3,4,3),(3,3,3),(3,2,3),(3,1,3),(3,0,3),
26:(5,3,5),(4,3,5),(3,3,5),(2,3,5),(1,3,5),(1,3,4),(1,4,4),
27:(1,1,1),(1,1,2),(1,1,2),(1,1,3),(0,1,3),(0,1,4),
28:(0,5,0),(1,5,0),(2,5,0),(3,5,0),(4,5,0),(4,5,1),(4,5,2),(4,5,3),(4,4,3),(4,4,4),(4,3,4),(4,2,4),
29:(2,4,2),(2,4,1),(1,4,1),(1,5,1),
30:(1,3,0),(2,3,0),(3,3,0),(3,3,1),(3,4,1),
31:(5,1,1),(4,1,1),(3,1,1),(2,1,1),(1,1,1),(1,1,1),(1,2,1),(1,3,1),(1,3,2),
32:(2,2,0),(2,2,1),(2,2,2),(2,2,3),(2,2,3),(2,2,4),(1,2,4),
33:(5,4,1),(4,4,1),(3,4,1),(3,4,2),(2,4,2),(2,3,2),(2,2,2),(2,2,3),(2,1,3),(2,0,3),(2,0,2),
34:(1,5,1),(2,5,1),(3,5,1),(3,5,1),(3,5,2),(3,5,3),(3,5,4),
35:(3,1,5),(3,1,4),(3,1,3),(3,2,3),(3,3,3),(2,3,3),(1,3,3),(1,4,3),(1,5,3),
36:(5,3,0),(5,3,1),(5,2,1),(5,1,1),(5,1,2),(5,1,3),(4,1,3),(4,1,4),(3,1,4),(2,1,4),(2,1,5),(1,1,5),
37:(1,4,4),(1,4,3),(0,4,3),(0,4,2),(0,4,1),(0,4,0),
38:(3,4,4),(4,4,4),(4,4,3),(4,3,3),(4,2,3),(4,2,3),(5,2,3),
39:(2,3,4),(2,3,3),(2,3,2),(2,3,1),(2,3,0),(2,2,0),
40:(1,1,5),(2,1,5),(3,1,5),(4,1,5),(5,1,5),(5,1,4),(5,1,3),(5,1,2),(5,2,2),
41:(2,0,2),(2,0,2),(2,1,2),(2,2,2),(3,2,2),(3,3,2),(3,4,2),(3,4,3),
42:(4,3,3),(3,3,3),(2,3,3),(1,3,3),(0,3,3),(0,3,4),(0,3,5),(0,2,5),(0,1,5),
43:(3,2,0),(3,1,0),(3,0,0),
44:(3,4,1),(3,4,2),(3,4,3),(3,4,4),(3,4,5),(3,5,5),
45:(3,2,5),(2,2,5),(1,2,5),(0,2,5),(0,2,4),(0,2,3),(0,1,3),
46:(2,3,3),(1,3,3),(0,3,3),(0,4,3),(0,5,3),
47:(5,4,2),(5,4,1),(5,3,1),
48:(2,2,5),(1,2,5),(1,1,5),(2,1,5),(3,1,5),(4,1,5),(4,1,4),(4,0,4),
49:(3,2,2),(4,2,2),(4,2,1),(3,2,1),(2,2,1),(1,2,1),(0,2,1),
50:(5,4,5),(4,4,5),(4,4,4),(4,4,3),(4,4,2),(4,4,1),(4,4,0),(3,4,0),(3,3,0),
51:(1,0,5),(2,0,5),(2,0,6),(3,0,6),(4,0,6),(4,0,5),(4,1,5),(4,2,5),(4,3,5),
52:(2,1,0),(2,1,1),(2,1,1),(2,1,2),(2,1,3),(2,1,4),(2,1,5),(2,2,5),
53:(1,3,2),(0,3,2),(0,3,2),(0,3,3),(0,4,3),
54:(4,0,3),(3,0,3),(2,0,3),(1,0,3),(1,0,2),(1,1,2),(1,1,2),(1,2,2),
55:(2,0,0),(3,0,0),(3,0,1),(3,1,1),(3,1,2),(3,2,2),(3,2,2),(3,2,3),
56:(2,5,2),(2,4,2),(2,4,1),(2,4,0),(2,4,0),(2,3,0),
57:(4,4,4),(4,4,3),(4,4,2),(4,4,1),(4,4,0),(3,4,0),(3,3,0),(3,2,0),(3,1,0),(2,1,0),
58:(0,2,4),(1,2,4),(1,2,3),(1,2,2),(2,2,2),(2,1,2),(3,1,2),(4,1,2),(5,1,2),
59:(0,0,0),(1,0,0),(1,0,1),(1,0,2),(1,1,2),(1,1,3),(1,2,3),(1,3,3),
60:(2,5,4),(2,5,3),(2,4,3),(2,4,2),(2,3,2),(2,2,2),(2,1,2),
61:(0,2,0),(0,3,0),(0,4,0),(0,5,0),(1,5,0),
62:(4,5,2),(3,5,2),(3,4,2),(3,3,2),(3,3,1),(3,2,1),(3,1,1),(3,1,2),
63:(5,4,3),(5,3,3),
64:(1,0,1),(1,1,1),(1,2,1),(1,3,1),(2,3,1),(3,3,1),(3,3,2),(4,3,2),(4,4,2),
65:(5,4,4),(5,4,5),(5,3,5),(5,2,5),(5,2,5),(5,2,5),(5,1,5),
66:(3,0,1),(2,0,1),(2,0,0),(1,0,0),(0,0,0),
67:(3,4,5),(3,4,5),(4,4,5),(5,4,5),(5,3,5),
68:(4,4,0),(3,4,0),(2,4,0),(1,4,0),
69:(5,0,3),(4,0,3),(4,0,2),(4,0,1),
70:(2,5,5),(2,5,4),(2,4,4),(2,3,4),(3,3,4),(3,3,4),(3,3,3),
71:(5,2,2),(5,3,2),(4,3,2),(4,3,1),
