soc=459
lb_soc=280
makespan=12
lb_makespan=8
comp_time=129
highLevelExpanded=8
lowLevelExpanded=1640
solution=
0:(0,3,2),(1,3,2),(2,3,2),(3,3,2),(3,3,1),(3,2,1),(3,1,1),(3,0,1),
1:(5,5,5),(4,5,5),(4,5,4),(4,5,3),(4,4,3),(3,4,3),(3,4,2),(3,3,2),(3,3,1),(3,2,1),(3,1,1),(2,1,1),(2,0,1),
2:(1,4,2),(2,4,2),(3,4,2),(4,4,2),(4,4,1),
3:(1,1,5),(2,1,5),(3,1,5),(4,1,5),(5,1,5),(5,1,4),(5,1,3),(5,1,2),(5,1,1),(5,1,0),
4:(1,4,5),(1,3,5),(1,2,5),(1,1,5),
5:(0,5,2),(0,5,3),(1,5,3),(2,5,3),(3,5,3),(4,5,3),(4,5,4),(4,5,5),
6:(1,4,4),(1,4,5),(1,3,5),(1,2,5),
7:(1,5,3),(1,5,2),
8:(4,2,3),(3,2,3),(3,2,4),(3,2,5),(3,3,5),(3,4,5),(3,5,5),
9:(2,5,1),(3,5,1),(4,5,1),(4,5,2),(4,5,3),(4,4,3),(4,3,3),(4,2,3),
10:(1,2,0),(0,2,0),(0,2,1),(0,2,2),(0,2,3),(0,2,4),(0,1,4),(0,0,4),
11:(5,2,5),(5,2,4),(5,2,3),(5,2,2),(5,2,1),(5,2,0),(5,3,0),
12:(0,0,0),(1,0,0),(2,0,0),(3,0,0),(3,1,0),(3,2,0),
13:(2,5,4),(1,5,4),(0,5,4),(0,5,3),(0,5,2),(0,4,2),(0,3,2),(0,2,2),(0,1,2),(0,0,2),
14:(3,1,0),(3,1,1),(3,1,2),(3,1,3),(3,1,4),
15:(2,0,1),(3,0,1),(4,0,1),(5,0,1),(5,0,2),(5,0,3),(5,0,4),(5,0,5),(5,1,5),(5,2,5),(5,3,5),
16:(4,3,0),(3,3,0),(2,3,0),(1,3,0),(1,3,1),(1,2,1),
17:(1,3,1),(2,3,1),(3,3,1),(4,3,1),(4,3,2),(4,2,2),
18:(2,0,3),(3,0,3),(4,0,3),(4,0,2),(4,1,2),(4,1,1),(4,2,1),(4,3,1),(4,3,0),
19:(0,4,0),(1,4,0),(2,4,0),(2,4,1),(2,4,2),(2,3,2),(2,2,2),
20:(2,2,4),(3,2,4),(4,2,4),(4,2,3),(4,2,2),(4,2,1),(4,2,0),
21:(3,2,2),(4,2,2),(4,2,3),(4,1,3),(4,1,4),
22:(4,2,0),(5,2,0),(5,2,1),(5,3,1),(5,3,2),(5,3,3),(5,4,3),(5,5,3),
23:(3,5,2),(4,5,2),(5,5,2),(5,5,1),(5,5,0),
24:(3,3,1),(3,3,2),(3,3,3),(2,3,3),(2,3,4),(2,4,4),(2,5,4),
25:(5,5,2),(5,5,1),(5,4,1),(5,4,1),(5,3,1),(5,2,1),
26:(5,5,0),(4,5,0),(3,5,0),(2,5,0),(2,4,0),(2,3,0),(2,2,0),(2,1,0),
27:(0,3,3),(1,3,3),(2,3,3),(2,3,2),(3,3,2),(3,4,2),(3,5,2),(3,5,1),
28:(4,1,3),(5,1,3),(5,1,3),(5,2,3),
29:(5,2,4),(4,2,4),(4,3,4),(3,3,4),(3,4,4),(3,4,4),(2,4,4),(1,4,4),(1,4,5),(1,5,5),(0,5,5),
30:(5,4,5),(4,4,5),(3,4,5),(2,4,5),(1,4,5),(1,3,5),(0,3,5),(0,2,5),
31:(4,5,1),(4,4,1),(3,4,1),(3,3,1),(2,3,1),(1,3,1),(1,3,0),
32:(3,4,4),(2,4,4),(1,4,4),(0,4,4),(0,4,3),(0,3,3),(0,2,3),(0,2,3),(0,2,2),
33:(3,2,0),(2,2,0),(1,2,0),(1,2,1),(1,2,2),(1,2,3),(1,2,3),(1,2,3),(0,2,3),
34:(0,3,5),(0,3,4),(1,3,4),(1,2,4),(1,1,4),
35:(2,0,5),(2,0,4),(2,0,3),(2,0,2),(2,0,1),(2,1,1),(2,2,1),
36:(5,1,0),(4,1,0),(3,1,0),(3,1,1),(3,1,2),(3,1,3),
37:(1,3,4),(2,3,4),(3,3,4),(3,3,3),(4,3,3),(4,3,2),(4,4,2),(4,5,2),(4,5,1),(4,5,0),
38:(1,1,4),(2,1,4),(3,1,4),(3,1,5),
39:(2,2,1),(2,2,2),(2,2,3),(2,2,3),(2,3,3),(2,4,3),
40:(4,3,5),(3,3,5),(2,3,5),(1,3,5),(0,3,5),(0,3,4),(0,3,3),(0,3,2),(0,3,1),(0,3,0),(0,2,0),
41:(0,5,1),(1,5,1),(2,5,1),(3,5,1),(4,5,1),(4,5,0),(4,4,0),
42:(5,1,2),(4,1,2),(4,2,2),(3,2,2),(3,2,3),(3,3,3),(3,4,3),(3,5,3),
43:(5,0,4),(4,0,4),(3,0,4),(2,0,4),(1,0,4),(0,0,4),(0,0,3),(0,0,2),(0,0,1),(0,0,0),(0,1,0),
44:(3,4,5),(3,4,4),(3,4,3),(3,4,2),(3,4,1),(2,4,1),(2,4,0),(2,3,0),
45:(5,5,4),(4,5,4),(4,4,4),(4,3,4),(4,2,4),
46:(3,2,3),(2,2,3),(1,2,3),(0,2,3),(0,3,3),(0,3,2),(0,3,1),(0,4,1),
47:(0,1,3),(0,2,3),(0,3,3),(1,3,3),(1,3,3),(2,3,3),(3,3,3),(4,3,3),(5,3,3),
48:(4,3,1),(3,3,1),(3,2,1),(2,2,1),(2,2,2),(2,2,3),
49:(5,2,1),(5,2,2),(5,3,2),(5,3,3),(5,3,4),(4,3,4),(3,3,4),(2,3,4),(1,3,4),(1,3,5),
50:(0,0,2),(1,0,2),(2,0,2),(2,1,2),(2,1,3),(2,1,4),(2,1,5),(2,2,5),(2,3,5),
51:(1,1,0),(0,1,0),(0,1,1),(0,2,1),(0,3,1),(0,4,1),(0,4,2),
52:(1,0,1),(2,0,1),(3,0,1),(4,0,1),
53:(0,4,3),(0,4,4),(0,4,5),
54:(5,3,3),(4,3,3),(4,4,3),(3,4,3),(3,4,2),(3,4,1),
55:(4,2,5),(3,2,5),(2,2,5),(2,2,4),(1,2,4),(1,3,4),(0,3,4),(0,3,3),(0,3,2),(0,3,1),(0,3,0),
56:(0,3,0),(1,3,0),(1,3,1),(2,3,1),(2,3,2),(2,2,2),(2,1,2),(2,1,3),(2,1,4),(2,1,5),
57:(3,2,4),(3,1,4),(4,1,4),(4,2,4),(4,2,3),(4,1,3),(4,1,2),
58:(0,0,1),(1,0,1),(2,0,1),(2,1,1),(2,2,1),(2,3,1),(2,4,1),(1,4,1),(1,5,1),(2,5,1),
59:(1,3,2),(1,4,2),(0,4,2),(0,4,3),(0,5,3),(0,5,4),
60:(3,3,5),(2,3,5),(2,3,4),(1,3,4),(1,4,4),(1,4,3),
61:(3,0,5),(4,0,5),(5,0,5),(5,0,4),(5,1,4),(5,2,4),(5,3,4),(5,3,3),(5,4,3),
62:(1,5,5),(2,5,5),(2,5,4),(3,5,4),(4,5,4),(5,5,4),(5,5,3),(5,5,2),(5,5,1),(5,4,1),
63:(3,3,0),(2,3,0),(1,3,0),(1,3,1),(1,3,2),
64:(2,2,3),(2,1,3),(3,1,3),(3,0,3),(4,0,3),(4,0,2),(5,0,2),(5,0,1),(5,0,0),
65:(5,4,1),(5,4,2),(4,4,2),(4,4,3),(3,4,3),(3,5,3),(2,5,3),(1,5,3),(1,5,4),
66:(2,1,1),(1,1,1),(1,1,2),(1,1,3),(1,0,3),
67:(4,1,1),(4,2,1),(4,3,1),(4,3,2),(4,4,2),(4,5,2),(4,5,3),(4,5,4),(5,5,4),(5,5,5),
68:(0,2,5),(0,2,4),(0,2,3),(0,3,3),(0,3,2),(0,3,1),(0,4,1),(0,5,1),(0,5,1),(1,5,1),
69:(4,4,3),(4,4,4),(4,4,5),
70:(0,0,3),(1,0,3),(1,0,3),(2,0,3),(3,0,3),(4,0,3),(4,0,4),
71:(4,0,2),(4,0,3),(4,0,4),(4,1,4),(4,1,5),(5,1,5),(5,2,5),(5,2,4),
