soc=405
lb_soc=256
makespan=12
lb_makespan=8
comp_time=166
highLevelExpanded=14
lowLevelExpanded=1258
solution=
0:(4,4,3),(4,4,4),(4,4,5),(4,4,5),(3,4,5),(2,4,5),(1,4,5),(0,4,5),(0,3,5),
1:(0,5,5),(1,5,5),(2,5,5),(3,5,5),(4,5,5),(5,5,5),(5,5,4),(5,5,3),
2:(4,5,5),(3,5,5),(3,5,4),(2,5,4),(1,5,4),(0,5,4),(0,4,4),
3:(0,2,0),(1,2,0),(2,2,0),(2,2,1),(2,2,2),(2,3,2),(2,4,2),
4:(2,1,3),(3,1,3),(3,1,4),(3,2,4),(3,3,4),(3,4,4),
5:(2,3,5),(2,2,5),
6:(3,1,0),(3,0,0),
7:(1,4,1),(2,4,1),(3,4,1),(4,4,1),(4,4,2),(4,4,3),(4,5,3),(4,5,4),(4,5,5),
8:(2,3,4),(1,3,4),(0,3,4),(0,2,4),(0,1,4),(0,0,4),
9:(5,3,1),(4,3,1),(4,3,0),
10:(0,0,3),(1,0,3),(2,0,3),(3,0,3),(3,0,2),(4,0,2),(5,0,2),(5,0,1),(5,1,1),(5,2,1),(5,3,1),
11:(4,3,3),(3,3,3),(3,3,2),(2,3,2),(2,3,1),
12:(2,4,4),(2,4,3),
13:(4,0,2),(5,0,2),(5,0,3),(5,0,4),(5,0,5),(5,1,5),(5,2,5),(5,3,5),(5,4,5),
14:(1,3,0),(0,3,0),(0,4,0),(0,5,0),
15:(3,0,0),(4,0,0),(4,0,1),(4,1,1),(4,2,1),(4,3,1),(4,3,2),
16:(2,4,1),(2,4,2),(2,3,2),(2,3,3),
17:(2,5,5),(2,5,4),(2,5,3),(2,5,2),(2,5,1),(2,5,0),(2,4,0),
18:(3,3,4),(2,3,4),(2,2,4),(2,2,3),
19:(0,1,1),(1,1,1),(2,1,1),(3,1,1),(4,1,1),(4,1,2),
20:(4,1,1),(4,2,1),(4,2,2),(4,3,2),(5,3,2),(5,3,3),(5,3,4),(5,4,4),(5,5,4),
21:(1,1,0),(2,1,0),(3,1,0),(3,2,0),(3,3,0),(3,4,0),(3,5,0),
22:(3,4,2),(4,4,2),(4,4,3),(4,4,4),
23:(1,4,2),(1,4,3),(1,3,3),(1,2,3),(1,2,4),(2,2,4),(3,2,4),(4,2,4),(4,1,4),(5,1,4),(5,0,4),
24:(2,1,4),(1,1,4),(1,2,4),(1,3,4),(1,4,4),(1,5,4),
25:(2,5,2),(2,5,3),(1,5,3),(1,4,3),(1,3,3),(1,3,4),(1,2,4),(2,2,4),
26:(1,0,0),(2,0,0),(2,0,1),(3,0,1),(4,0,1),(5,0,1),(5,0,0),
27:(3,5,2),(2,5,2),(1,5,2),(0,5,2),(0,5,3),(0,4,3),(0,3,3),(0,3,4),(0,2,4),(0,2,5),
28:(3,3,5),(2,3,5),(2,3,4),(2,2,4),(2,1,4),(3,1,4),(3,1,3),(3,1,2),(2,1,2),(2,1,1),(2,1,0),
29:(0,5,1),(1,5,1),(2,5,1),(3,5,1),(3,5,2),(3,5,3),(3,4,3),(3,3,3),(3,2,3),(3,1,3),(3,0,3),
30:(4,5,4),(5,5,4),(5,4,4),(5,3,4),(5,2,4),
31:(3,1,4),(4,1,4),(5,1,4),(5,1,3),(5,1,2),(5,1,1),(5,1,0),(5,2,0),
32:(1,3,4),(1,3,3),(1,3,2),(1,3,2),(2,3,2),(3,3,2),(3,3,1),(4,3,1),(5,3,1),(5,3,0),
33:(4,1,3),(4,2,3),(4,2,4),(4,2,5),(3,2,5),(3,3,5),(2,3,5),(1,3,5),
34:(2,3,3),(2,3,2),(2,2,2),(2,1,2),(2,1,1),(2,1,0),(1,1,0),
35:(1,5,2),(0,5,2),(0,5,3),(0,5,4),(0,5,5),
36:(3,1,2),(4,1,2),(4,1,3),(4,1,4),(4,1,5),(4,2,5),
37:(0,1,4),(0,1,3),(1,1,3),(1,1,2),(1,1,1),
38:(4,2,2),(5,2,2),(5,2,1),(5,2,0),(5,3,0),(5,4,0),(5,5,0),
39:(3,0,4),(4,0,4),(4,0,3),
40:(5,0,2),(5,0,3),(5,0,4),(4,0,4),(3,0,4),
41:(1,2,1),(1,2,2),(1,2,3),(1,1,3),
42:(3,1,5),(4,1,5),(4,2,5),(4,3,5),(4,4,5),
43:(5,5,2),(4,5,2),(3,5,2),(3,4,2),(3,4,1),(3,3,1),(3,2,1),(3,1,1),
44:(4,2,1),(4,2,2),(4,2,3),
45:(5,5,5),(4,5,5),(3,5,5),(3,4,5),(3,4,4),(3,4,3),(3,4,2),
46:(4,3,1),(4,3,2),(5,3,2),(5,2,2),
47:(2,2,4),(2,2,3),(2,1,3),
48:(0,2,5),(1,2,5),(1,1,5),
49:(0,4,4),(1,4,4),(2,4,4),(3,4,4),(3,4,3),(3,4,2),(4,4,2),(5,4,2),(5,4,1),
50:(5,2,5),(4,2,5),(3,2,5),(3,3,5),(2,3,5),(1,3,5),(1,3,4),(1,3,3),(1,3,2),(1,3,1),
51:(2,3,0),(2,3,1),(2,2,1),(2,1,1),(2,0,1),
52:(3,5,3),(3,5,2),(2,5,2),(2,5,1),(2,5,0),(2,4,0),(2,4,-1),(2,3,-1),(2,2,-1),(2,2,0),
53:(1,2,5),(1,1,5),(2,1,5),(3,1,5),(3,1,4),(4,1,4),(5,1,4),(5,1,3),(5,1,2),(5,0,2),
54:(1,2,3),(0,2,3),(0,2,2),(0,1,2),(0,0,2),
55:(2,2,3),(3,2,3),(3,2,2),(4,2,2),
56:(5,4,0),(4,4,0),(3,4,0),(3,4,1),(3,5,1),
57:(4,0,3),(4,1,3),(4,1,4),(4,2,4),(4,3,4),
58:(0,4,1),(1,4,1),(1,4,0),(1,3,0),(1,2,0),
59:(4,2,3),(4,3,3),(3,3,3),(3,3,2),(3,4,2),(2,4,2),(1,4,2),(1,5,2),
60:(2,1,2),(1,1,2),(1,1,1),(1,0,1),
61:(1,0,1),(0,0,1),(0,1,1),
62:(4,2,5),(3,2,5),(3,2,4),(3,3,4),(2,3,4),
63:(2,2,2),(2,2,1),(1,2,1),(1,2,1),(1,3,1),(1,3,0),(1,4,0),(1,5,0),
64:(2,1,0),(2,2,0),(2,3,0),
65:(5,2,4),(5,2,3),(5,3,3),(5,4,3),(5,4,3),(5,4,3),(4,4,3),(3,4,3),
66:(5,1,2),(5,1,2),(4,1,2),(3,1,2),(2,1,2),(1,1,2),(1,2,2),(1,2,3),(1,3,3),(1,4,3),
67:(4,4,4),(3,4,4),(3,3,4),(2,3,4),(1,3,4),(1,2,4),(1,1,4),(1,0,4),
68:(1,4,4),(2,4,4),(3,4,4),(3,4,3),(4,4,3),(4,3,3),(3,3,3),(3,3,2),(3,3,1),(4,3,1),(4,2,1),(4,2,0),(4,1,0),
69:(3,5,0),(3,4,0),(3,3,0),(3,3,1),(3,3,2),(3,3,3),(3,3,4),(3,3,5),(3,2,5),(3,1,5),(3,0,5),
70:(4,4,2),(4,4,1),(4,4,0),(3,4,0),(2,4,0),(1,4,0),(1,4,1),(1,4,0),(1,3,0),
71:(4,4,0),(4,3,0),(4,2,0),(4,2,1),(3,2,1),(3,2,2),(3,2,3),(3,2,4),(3,1,4),(3,1,4),(3,1,5),
