soc=453
lb_soc=303
makespan=12
lb_makespan=8
comp_time=179
highLevelExpanded=14
lowLevelExpanded=1732
solution=
0:(1,1,1),(2,1,1),(3,1,1),(3,2,1),(3,3,1),(3,4,1),
1:(1,1,5),(1,1,4),(1,1,3),
2:(3,1,5),(4,1,5),(5,1,5),(5,1,4),(5,1,3),(5,1,2),(5,0,2),(5,0,1),(5,0,0),
3:(3,1,1),(4,1,1),(5,1,1),
4:(5,1,2),(4,1,2),(3,1,2),(2,1,2),(2,1,3),(2,1,4),(2,1,5),(2,2,5),(2,3,5),(2,4,5),
5:(4,5,5),(3,5,5),(3,4,5),(3,3,5),(3,3,4),(2,3,4),(2,2,4),(2,2,3),(2,2,2),(2,2,1),(2,2,0),
6:(3,2,4),(4,2,4),(5,2,4),(5,2,3),
7:(2,5,1),(1,5,1),(1,5,2),(1,4,2),(1,3,2),
8:(1,3,5),(2,3,5),(3,3,5),(4,3,5),(4,2,5),(4,1,5),(4,0,5),
9:(2,5,0),(3,5,0),(4,5,0),(5,5,0),
10:(3,5,1),(4,5,1),(4,5,2),(4,5,3),(4,5,4),(4,5,5),(5,5,5),(5,4,5),
11:(4,5,4),(3,5,4),(3,4,4),(3,3,4),(3,2,4),
12:(0,3,3),(1,3,3),(2,3,3),(3,3,3),(4,3,3),(4,3,4),
13:(3,3,0),(4,3,0),(5,3,0),(5,3,1),(5,3,2),(5,2,2),(5,1,2),
14:(2,2,4),(1,2,4),(0,2,4),(0,2,5),(0,1,5),(0,0,5),
15:(2,4,0),(3,4,0),(4,4,0),(4,5,0),(4,5,1),(4,5,2),(4,5,3),
16:(4,3,0),(4,3,1),(3,3,1),(2,3,1),(1,3,1),(0,3,1),(0,4,1),(0,5,1),
17:(0,3,0),(0,3,1),(0,3,2),(0,2,2),(0,2,2),(1,2,2),
18:(4,1,5),(4,1,4),(4,1,3),(4,1,2),(4,1,1),(4,0,1),
19:(3,0,1),(2,0,1),(1,0,1),(1,0,2),(1,0,3),(1,0,4),(1,1,4),(1,2,4),(1,3,4),(1,3,5),
20:(0,2,5),(1,2,5),(2,2,5),(2,2,4),(2,2,3),(2,2,2),(2,2,1),(2,2,0),(2,3,0),
21:(5,2,4),(5,1,4),(4,1,4),(3,1,4),(2,1,4),(1,1,4),(0,1,4),(0,1,3),(0,2,3),
22:(1,3,0),(2,3,0),(3,3,0),(4,3,0),(4,3,1),(4,2,1),(4,2,2),(4,2,3),(4,2,4),(5,2,4),(5,1,4),(5,0,4),
23:(5,1,4),(5,1,3),(5,1,2),(5,2,2),(4,2,2),(3,2,2),(2,2,2),(2,2,1),(2,3,1),(2,4,1),
24:(1,2,3),(2,2,3),(3,2,3),(3,2,2),(3,3,2),(3,4,2),(4,4,2),
25:(4,3,2),(3,3,2),(2,3,2),(2,4,2),(1,4,2),(1,5,2),
26:(3,3,2),(2,3,2),(1,3,2),(1,2,2),(1,1,2),(1,0,2),
27:(2,4,5),(3,4,5),(4,4,5),(5,4,5),(5,4,4),(5,4,3),(5,3,3),
28:(5,4,5),(5,4,4),(5,4,3),(5,4,2),(5,4,1),(5,4,0),(4,4,0),(3,4,0),
29:(0,5,5),(1,5,5),(1,5,4),(1,4,4),(2,4,4),
30:(4,0,2),(3,0,2),(2,0,2),(2,0,3),(2,0,3),(2,1,3),(2,2,3),(2,3,3),(2,4,3),
31:(4,0,4),(4,0,3),(4,0,2),(4,0,1),(4,0,0),(4,1,0),(4,2,0),(4,3,0),(4,4,0),
32:(0,0,4),(1,0,4),(2,0,4),(3,0,4),(4,0,4),(4,0,3),(4,0,2),(4,1,2),(4,2,2),
33:(1,3,3),(1,3,2),(1,4,2),(1,4,1),(1,5,1),
34:(0,0,1),(1,0,1),(1,0,2),(1,1,2),(2,1,2),(3,1,2),(3,2,2),(3,3,2),
35:(3,0,2),(3,0,3),(3,1,3),(3,2,3),
36:(3,5,3),(4,5,3),(5,5,3),(5,5,4),
37:(3,4,5),(3,4,4),(3,4,3),
38:(1,5,3),(2,5,3),(2,5,4),(2,4,4),(2,3,4),(2,2,4),(2,1,4),
39:(5,4,3),(4,4,3),(4,4,4),(3,4,4),(3,4,5),(3,5,5),
40:(3,3,1),(3,4,1),(4,4,1),
41:(0,0,0),(1,0,0),(2,0,0),(3,0,0),(3,0,1),(3,1,1),(4,1,1),(4,2,1),
42:(2,0,1),(2,0,0),(2,1,0),(1,1,0),(1,2,0),(1,3,0),(1,4,0),(1,5,0),
43:(5,0,3),(5,0,2),(5,0,1),(5,0,0),(5,1,0),(5,2,0),(5,2,0),(4,2,0),(3,2,0),(2,2,0),(1,2,0),(1,3,0),(1,4,0),
44:(5,4,2),(4,4,2),(4,3,2),
45:(4,2,1),(3,2,1),(2,2,1),(1,2,1),(1,1,1),(1,0,1),
46:(0,2,1),(1,2,1),(1,2,2),(2,2,2),(3,2,2),(3,3,2),(3,3,3),(4,3,3),(4,4,3),(4,4,4),(4,5,4),
47:(2,0,3),(2,0,3),(3,0,3),(4,0,3),(5,0,3),
48:(5,3,1),(5,3,2),(5,3,3),(4,3,3),(4,4,3),(4,5,3),(3,5,3),(2,5,3),(1,5,3),
49:(1,0,0),(1,1,0),(1,1,1),(2,1,1),(2,2,1),(2,3,1),(2,3,2),(2,3,2),(2,3,3),(3,3,3),(3,3,4),(3,3,5),(3,4,5),
50:(1,1,0),(2,1,0),(3,1,0),(3,1,1),(3,1,2),(4,1,2),(4,1,3),(5,1,3),
51:(4,0,3),(4,1,3),(4,2,3),(4,2,4),(4,3,4),(3,3,4),(2,3,4),(1,3,4),(1,3,5),(1,4,5),
52:(5,5,5),(4,5,5),(3,5,5),(3,4,5),(3,3,5),(3,2,5),(3,1,5),(3,0,5),(2,0,5),
53:(4,2,2),(4,2,2),(4,1,2),(3,1,2),(3,1,3),(3,1,4),(3,1,4),(3,1,5),(2,1,5),(1,1,5),
54:(1,1,4),(1,1,3),(1,1,2),(1,1,1),(2,1,1),(2,1,0),(3,1,0),
55:(3,4,0),(3,3,0),(3,2,0),(2,2,0),(2,1,0),(1,1,0),(0,1,0),(0,1,1),(0,1,2),(0,1,3),
56:(0,3,2),(0,4,2),(0,5,2),(1,5,2),(2,5,2),(3,5,2),
57:(1,2,2),(2,2,2),(3,2,2),(4,2,2),(4,2,1),(5,2,1),(5,2,1),(5,2,0),
58:(4,5,3),(4,5,4),(3,5,4),(3,5,4),(2,5,4),(1,5,4),(1,4,4),
59:(0,3,5),(0,3,4),(0,3,3),(0,2,3),(0,1,3),(0,0,3),
60:(1,2,5),(1,3,5),(0,3,5),(0,3,4),
61:(1,5,4),(2,5,4),(2,4,4),(2,4,5),(2,3,5),(3,3,5),(4,3,5),(5,3,5),(5,2,5),(5,1,5),
62:(1,5,2),(2,5,2),(3,5,2),(4,5,2),(4,5,3),(4,5,4),(4,5,5),(4,4,5),(4,3,5),(4,2,5),(4,1,5),
63:(0,0,2),(0,0,1),(0,0,0),(1,0,0),(2,0,0),(3,0,0),(4,0,0),(4,1,0),
64:(3,5,4),(3,5,3),(2,5,3),(1,5,3),(0,5,3),(0,5,2),(0,4,2),(0,3,2),(0,2,2),
65:(2,1,3),(2,1,4),(1,1,4),(1,1,5),(1,2,5),
66:(1,4,2),(1,4,1),(1,4,1),(1,3,1),(1,2,1),(1,1,1),(2,1,1),(2,0,1),
67:(1,3,4),(1,3,4),(1,3,3),(1,2,3),(1,2,2),(1,2,1),
68:(2,3,0),(2,3,1),(2,3,1),(2,3,2),(2,2,2),(2,1,2),(1,1,2),
69:(3,1,0),(3,1,1),(3,2,1),(2,2,1),(2,3,1),(2,3,2),(2,3,3),(2,4,3),(2,5,3),
70:(3,2,2),(3,1,2),(2,1,2),(2,0,2),
71:(5,2,3),(4,2,3),(4,2,2),(4,2,1),(3,2,1),(2,2,1),(2,3,1),(2,4,1),(2,5,1),(2,5,0),
