soc=460
lb_soc=287
makespan=12
lb_makespan=10
comp_time=108
highLevelExpanded=8
lowLevelExpanded=1102
solution=
0:(4,2,1),(3,2,1),(2,2,1),(1,2,1),(0,2,1),(0,2,2),(0,2,3),(0,2,4),(0,2,5),(0,1,5),(0,0,5),
1:(2,4,2),(3,4,2),(4,4,2),(4,3,2),(4,2,2),
2:(0,4,3),(1,4,3),(2,4,3),(2,4,2),(2,3,2),(2,3,1),(3,3,1),(4,3,1),(5,3,1),(5,3,0),
3:(4,3,1),(5,3,1),(5,3,2),(5,3,3),(5,4,3),
4:(1,4,4),(2,4,4),(3,4,4),(4,4,4),(4,3,4),(5,3,4),(5,3,3),
5:(5,5,2),(5,5,1),(4,5,1),(3,5,1),(3,4,1),(3,3,1),(3,2,1),(3,1,1),
6:(3,2,5),(3,2,4),(3,3,4),
7:(2,5,1),(2,5,0),(2,4,0),(2,3,0),(2,2,0),
8:(3,5,2),(4,5,2),
9:(5,4,0),(4,4,0),(3,4,0),(2,4,0),(2,4,1),(2,4,2),(1,4,2),(2,4,2),(2,3,2),(2,3,3),(2,2,3),
10:(0,0,2),(1,0,2),(2,0,2),(3,0,2),(4,0,2),(5,0,2),(5,0,3),(5,1,3),(5,2,3),
11:(4,3,0),(3,3,0),(2,3,0),(1,3,0),(0,3,0),(0,3,1),(0,3,2),(0,3,3),(0,2,3),
12:(0,3,4),(1,3,4),(2,3,4),(2,3,5),(3,3,5),(4,3,5),(4,2,5),(4,1,5),
13:(1,4,3),(2,4,3),(3,4,3),(4,4,3),(4,4,4),(4,4,5),(4,3,5),(4,2,5),
14:(5,4,5),(4,4,5),(4,4,4),(4,3,4),(4,3,3),(4,3,2),(4,3,1),(4,3,0),(4,2,0),
15:(2,1,2),(3,1,2),(3,1,1),(3,1,0),(3,0,0),
16:(2,4,0),(3,4,0),(3,4,1),(4,4,1),(4,4,2),(4,4,3),(4,4,4),(4,4,5),(5,4,5),(5,3,5),(5,2,5),
17:(2,0,2),(2,0,1),(1,0,1),(1,1,1),(1,2,1),(1,3,1),(1,4,1),
18:(2,1,1),(3,1,1),(4,1,1),(5,1,1),(5,2,1),(5,3,1),(5,4,1),(5,5,1),
19:(4,0,4),(3,0,4),(2,0,4),
20:(5,1,1),(4,1,1),(4,2,1),(3,2,1),(2,2,1),
21:(0,3,2),(1,3,2),(2,3,2),(3,3,2),(4,3,2),(4,4,2),(4,4,3),(4,4,4),(4,5,4),
22:(4,1,1),(4,1,2),(3,1,2),(2,1,2),(1,1,2),(1,1,3),(1,2,3),(1,3,3),(1,4,3),
23:(0,5,2),(1,5,2),(2,5,2),(2,5,3),
24:(3,2,1),(2,2,1),(1,2,1),(1,2,2),(1,2,3),(1,2,4),(1,2,5),(1,1,5),(1,0,5),
25:(2,2,3),(1,2,3),(0,2,3),(0,2,4),(0,1,4),
26:(1,0,3),(2,0,3),(2,1,3),(2,2,3),(2,3,3),(2,4,3),
27:(1,3,2),(2,3,2),(3,3,2),(3,3,1),(4,3,1),(4,3,0),(4,2,0),(4,1,0),
28:(3,0,3),(3,1,3),(3,1,4),(2,1,4),(1,1,4),(1,1,5),(0,1,5),(0,2,5),(0,3,5),(0,4,5),
29:(4,3,5),(3,3,5),(3,4,5),(3,4,4),(3,4,3),(3,4,2),(2,4,2),(2,4,1),
30:(4,0,1),(3,0,1),(2,0,1),(2,0,2),
31:(0,2,5),(0,2,4),(0,3,4),(0,3,3),(0,4,3),
32:(2,5,0),(1,5,0),(1,5,1),(1,5,2),(1,4,2),(1,3,2),(1,2,2),(0,2,2),(0,1,2),(0,0,2),
33:(2,0,0),(1,0,0),(1,0,0),(1,0,1),(1,0,2),(1,0,3),(1,0,4),
34:(0,0,3),(1,0,3),(2,0,3),(3,0,3),(4,0,3),(4,1,3),(4,2,3),
35:(4,5,3),(3,5,3),(3,5,4),
36:(5,0,0),(4,0,0),(3,0,0),(2,0,0),(1,0,0),(0,0,0),(0,0,1),(0,1,1),(0,2,1),(0,3,1),(0,4,1),(0,5,1),
37:(5,5,3),(5,5,2),(5,5,1),(5,5,0),(5,4,0),(5,3,0),(5,2,0),
38:(2,2,2),(2,2,3),(2,2,4),(2,2,5),(2,3,5),(2,4,5),
39:(2,3,5),(2,3,4),(2,3,3),(3,3,3),(3,3,2),(3,2,2),(3,1,2),(3,0,2),
40:(3,5,5),(2,5,5),(2,5,4),(2,4,4),(2,3,4),(2,2,4),(2,2,3),(2,2,2),(2,1,2),(2,1,1),(2,0,1),
41:(2,0,5),(2,0,4),(2,1,4),(2,1,3),(2,1,2),(2,2,2),(2,2,2),(1,2,2),
42:(0,4,1),(0,4,2),(0,4,3),(0,4,4),
43:(0,5,5),(1,5,5),(1,5,4),(1,5,3),(1,5,2),(1,5,1),(1,5,0),(1,4,0),
44:(5,1,0),(5,1,1),(5,2,1),(5,3,1),(5,3,2),(5,4,2),(4,4,2),(3,4,2),(3,5,2),
45:(5,3,0),(4,3,0),(3,3,0),(3,4,0),(2,4,0),(1,4,0),(0,4,0),(0,4,1),(0,4,2),(0,5,2),(0,5,3),(0,5,4),(0,5,5),
46:(4,5,5),(3,5,5),(2,5,5),(1,5,5),(0,5,5),(0,4,5),(0,3,5),(0,3,4),(0,3,3),(0,3,2),
47:(5,5,0),(4,5,0),(3,5,0),(3,5,0),(3,4,0),
48:(1,5,5),(1,5,4),(1,4,4),(1,3,4),(1,2,4),(1,1,4),(2,1,4),(2,1,3),(2,1,3),(2,1,2),(2,1,1),(2,1,0),
49:(4,1,5),(3,1,5),(3,0,5),
50:(0,1,2),(1,1,2),(1,2,2),(1,3,2),(1,3,1),(1,4,1),(1,5,1),
51:(3,1,5),(2,1,5),(1,1,5),(1,1,4),(1,1,3),(0,1,3),(0,1,2),(0,1,2),(0,1,1),
52:(4,4,4),(5,4,4),(5,3,4),(5,2,4),
53:(4,1,4),(3,1,4),(3,2,4),(2,2,4),(2,2,3),(2,3,3),(2,3,2),(2,3,1),
54:(2,0,4),(1,0,4),(1,0,3),(2,0,3),(3,0,3),(4,0,3),(4,0,2),(5,0,2),
55:(2,5,3),(1,5,3),(0,5,3),(0,5,2),(0,5,1),(0,4,1),(0,3,1),(0,3,0),
56:(3,0,5),(4,0,5),(4,0,4),(4,1,4),(4,2,4),(4,3,4),
57:(2,2,5),(1,2,5),(1,3,5),(1,4,5),(1,4,4),
58:(2,5,4),(3,5,4),(4,5,4),(5,5,4),(5,5,3),(5,5,2),(5,5,2),(5,4,2),(5,4,1),(5,3,1),
59:(0,2,0),(1,2,0),(2,2,0),(2,2,1),(2,2,2),(2,2,3),(3,2,3),(3,2,4),
60:(4,3,3),(5,3,3),(5,4,3),(5,4,4),
61:(4,5,1),(3,5,1),(3,5,1),(3,4,1),(3,4,2),(3,3,2),(3,3,3),
62:(0,0,0),(0,1,0),(1,1,0),(2,1,0),(3,1,0),(4,1,0),(4,1,1),(4,2,1),(4,3,1),(4,3,2),
63:(3,2,4),(2,2,4),(1,2,4),(1,2,3),(0,2,3),(0,2,3),(0,1,3),
64:(3,3,1),(4,3,1),(4,3,2),(4,3,3),(3,3,3),(4,3,3),(4,3,3),(4,4,3),
65:(3,1,1),(3,1,0),(3,2,0),(4,2,0),(5,2,0),(5,2,1),(5,2,2),(5,3,2),
66:(5,2,1),(4,2,1),(4,2,0),(4,3,0),(4,3,0),(3,3,0),(2,3,0),(2,4,0),
67:(5,3,3),(5,3,2),(5,2,2),(5,1,2),(5,1,2),(5,1,1),
68:(1,5,2),(1,4,2),(1,4,3),(1,4,4),(1,3,4),(1,3,4),(1,2,4),
69:(0,0,5),(0,0,4),(0,0,3),(0,0,2),(0,0,1),(0,1,1),(0,1,0),(0,2,0),
70:(1,2,4),(1,2,4),(1,2,5),(1,2,5),(2,2,5),(3,2,5),(3,1,5),
71:(4,1,3),(4,2,3),(4,2,2),(4,2,1),(4,2,1),(4,3,1),(4,4,1),(4,4,0),(4,4,0),(5,4,0),
