soc=450
lb_soc=282
makespan=14
lb_makespan=9
comp_time=239
highLevelExpanded=15
lowLevelExpanded=2439
solution=
0:(1,0,2),(0,0,2),(0,0,3),(0,0,4),(0,1,4),(0,2,4),(0,3,4),(0,4,4),(0,5,4),
1:(3,5,3),(2,5,3),(1,5,3),(1,5,4),(1,4,4),
2:(5,0,5),(5,1,5),(5,2,5),(5,3,5),
3:(0,5,5),(1,5,5),(2,5,5),(3,5,5),(4,5,5),(5,5,5),(5,5,4),(5,4,4),(5,3,4),(5,3,3),(5,3,2),(5,3,1),(5,2,1),
4:(3,3,4),(3,3,5),(3,2,5),(3,1,5),(3,0,5),
5:(3,0,4),(4,0,4),(4,0,3),(4,1,3),(4,2,3),(4,2,2),(4,3,2),(4,3,1),
6:(1,1,4),(0,1,4),(0,1,3),(0,1,2),(0,1,1),(0,1,0),(0,2,0),
7:(4,5,3),(3,5,3),(2,5,3),(2,5,2),(2,5,1),
8:(5,2,1),(4,2,1),(3,2,1),(3,2,2),(3,3,2),(3,4,2),(2,4,2),(2,4,2),(2,4,3),(1,4,3),
9:(3,5,2),(2,5,2),(1,5,2),(0,5,2),(0,5,1),(0,4,1),(0,3,1),(0,2,1),(0,1,1),(0,1,0),(0,0,0),
10:(4,3,1),(3,3,1),(2,3,1),(2,3,2),(2,3,3),(2,2,3),(2,2,3),(1,2,3),(0,2,3),
11:(1,3,2),(2,3,2),(2,4,2),(2,4,1),(2,4,0),
12:(1,5,5),(2,5,5),(2,5,4),(2,5,3),(2,5,2),(2,4,2),(2,3,2),(2,2,2),(2,1,2),(2,0,2),
13:(1,2,3),(2,2,3),(3,2,3),(3,2,4),
14:(0,4,4),(1,4,4),(2,4,4),(3,4,4),(4,4,4),(5,4,4),(5,4,3),(5,3,3),(4,3,3),(4,3,2),
15:(4,4,2),(4,4,3),(4,4,4),(4,4,5),
16:(1,5,2),(1,5,3),(1,5,4),(2,5,4),(3,5,4),(3,5,5),
17:(4,2,5),(3,2,5),(3,2,4),(3,3,4),(3,4,4),
18:(1,1,5),(2,1,5),(3,1,5),(3,1,4),(3,1,3),(3,1,2),(3,2,2),(3,3,2),
19:(5,0,3),(4,0,3),(3,0,3),(3,1,3),(3,2,3),(3,3,3),(3,4,3),
20:(1,4,2),(2,4,2),(3,4,2),(4,4,2),
21:(1,1,0),(1,1,1),(1,1,2),(1,2,2),(1,3,2),(1,4,2),(1,5,2),
22:(4,1,2),(3,1,2),(2,1,2),(2,1,3),(1,1,3),
23:(0,0,2),(0,0,3),(1,0,3),(1,0,4),(1,0,5),(1,1,5),(1,2,5),(1,3,5),(0,3,5),(0,4,5),(0,5,5),(1,5,5),
24:(0,3,1),(0,2,1),(0,2,2),(0,2,2),(1,2,2),
25:(0,4,2),(1,4,2),(1,4,3),(1,4,4),(1,4,5),
26:(3,5,0),(2,5,0),(2,4,0),(2,3,0),(2,3,1),(2,3,2),(2,3,3),(2,3,4),(2,3,5),(2,2,5),
27:(0,5,0),(1,5,0),(2,5,0),(2,5,1),(2,4,1),(2,3,1),(3,3,1),(3,2,1),(3,2,2),
28:(2,0,0),(1,0,0),(1,1,0),(1,2,0),(1,3,0),(0,3,0),(0,4,0),(0,4,1),(1,4,1),(1,4,2),
29:(4,4,5),(4,4,4),(4,3,4),(4,3,3),(3,3,3),(3,3,2),(3,3,2),(3,3,1),(3,2,1),(3,2,0),(2,2,0),(1,2,0),
30:(0,5,4),(1,5,4),(1,4,4),(1,3,4),(1,2,4),(1,1,4),(2,1,4),(2,0,4),
31:(0,4,1),(1,4,1),(1,3,1),
32:(0,5,3),(0,5,3),(0,5,3),(1,5,3),(2,5,3),(3,5,3),(4,5,3),
33:(0,1,4),(0,1,5),
34:(5,5,5),(5,5,4),(5,5,3),(5,5,2),
35:(2,3,4),(3,3,4),(3,3,3),(3,3,2),(3,3,1),(3,2,1),(3,1,1),(4,1,1),(4,1,0),
36:(2,2,2),(1,2,2),(1,3,2),(0,3,2),(0,4,2),
37:(1,5,0),(1,5,1),(2,5,1),(3,5,1),(4,5,1),(5,5,1),(5,4,1),(5,4,2),(5,4,3),
38:(0,4,5),(1,4,5),(1,3,5),(2,3,5),(3,3,5),(4,3,5),(4,3,4),
39:(1,3,5),(2,3,5),(2,3,4),(2,2,4),
40:(5,1,4),(4,1,4),(4,1,3),(4,1,2),(4,2,2),(4,3,2),(4,3,1),(4,3,0),(4,4,0),(3,4,0),(3,5,0),(2,5,0),
41:(5,5,1),(4,5,1),(3,5,1),(3,5,2),(3,5,3),(3,5,4),(2,5,4),(2,4,4),(2,3,4),(1,3,4),(0,3,4),
42:(3,2,0),(4,2,0),(4,2,1),
43:(4,5,0),(3,5,0),(3,4,0),(3,3,0),
44:(4,5,4),(3,5,4),(3,5,3),(3,4,3),(2,4,3),(1,4,3),(0,4,3),(0,3,3),(0,3,2),(0,3,1),(0,2,1),(0,1,1),
45:(1,0,0),(0,0,0),(0,0,1),(0,0,2),(0,0,3),(0,0,4),(0,0,5),
46:(0,2,5),(1,2,5),(1,2,4),(1,2,3),(2,2,3),(2,2,2),(2,1,2),(3,1,2),(3,1,1),(3,1,0),(3,2,0),
47:(4,0,2),(4,1,2),(4,2,2),(4,2,3),(4,2,4),(4,3,4),(3,3,4),(3,3,4),(3,3,4),(2,3,4),
48:(0,3,2),(0,2,2),(0,1,2),(1,1,2),
49:(4,4,3),(4,3,3),(4,2,3),(4,2,4),(4,1,4),
50:(3,1,5),(3,1,4),(3,0,4),(3,0,4),(3,0,3),
51:(3,2,1),(3,2,0),(4,2,0),(5,2,0),(5,3,0),(5,4,0),
52:(1,1,1),(1,2,1),(1,2,0),(1,3,0),(1,4,0),
53:(5,4,5),(4,4,5),(4,3,5),(4,3,4),(4,3,3),(4,2,3),(3,2,3),(2,2,3),
54:(3,3,3),(3,4,3),(4,4,3),
55:(3,2,4),(4,2,4),(5,2,4),(5,1,4),
56:(3,1,1),(3,2,1),(3,3,1),(3,4,1),
57:(3,1,3),(4,1,3),(5,1,3),(5,1,2),(5,1,1),(5,1,0),
58:(0,1,5),(1,1,5),(2,1,5),(2,1,4),(2,1,3),(2,1,2),(2,1,1),(2,1,0),(2,2,0),(2,3,0),(2,3,-1),(3,3,-1),(4,3,-1),(4,3,0),
59:(5,5,0),(4,5,0),(4,5,1),(4,5,2),(3,5,2),(2,5,2),(2,5,3),(2,5,4),(2,5,5),(2,4,5),(2,3,5),(1,3,5),(1,2,5),(1,1,5),(1,0,5),
60:(0,0,3),(0,1,3),(0,2,3),(0,3,3),(1,3,3),(2,3,3),(2,4,3),(2,4,3),(2,4,4),
61:(5,3,1),(4,3,1),(4,3,0),(4,2,0),
62:(3,1,2),(2,1,2),(2,1,3),(1,1,3),(1,2,3),(1,3,3),(1,4,3),(0,4,3),
63:(2,0,5),(2,0,4),(2,0,3),(2,0,2),(1,0,2),(1,0,1),(1,0,0),(1,1,0),(1,2,0),(1,2,-1),(1,3,-1),(1,4,-1),(1,5,-1),(1,5,0),
64:(2,1,3),(3,1,3),(3,1,4),(4,1,4),(4,1,5),(5,1,5),
65:(0,0,0),(0,0,1),(1,0,1),(2,0,1),(3,0,1),(4,0,1),(4,0,2),(4,1,2),(4,2,2),
66:(4,2,0),(4,1,0),(4,1,1),(4,1,1),(4,1,2),(4,1,3),(3,1,3),
67:(3,3,2),(3,2,2),(2,2,2),(2,2,2),(2,2,1),
68:(1,4,5),(2,4,5),(2,3,5),(3,3,5),(4,3,5),(4,2,5),(4,2,4),(4,2,3),(4,1,3),(4,0,3),
69:(1,2,0),(2,2,0),(3,2,0),(3,2,1),(3,1,1),(3,0,1),
70:(3,2,5),(2,2,5),(1,2,5),(0,2,5),(0,2,4),(0,2,3),(0,2,2),
71:(3,0,2),(4,0,2),(5,0,2),(5,0,3),(5,1,3),(5,2,3),
