soc=452
lb_soc=284
makespan=14
lb_makespan=8
comp_time=150
highLevelExpanded=10
lowLevelExpanded=1524
solution=
0:(3,4,0),(2,4,0),(1,4,0),(1,4,1),(1,4,2),(1,5,2),
1:(3,4,1),(3,4,2),(3,4,3),(3,4,4),(3,4,5),(3,3,5),(3,2,5),(3,1,5),(3,0,5),
2:(3,0,0),(4,0,0),(5,0,0),(5,0,1),(5,1,1),
3:(4,4,3),(3,4,3),(3,3,3),(3,3,2),(3,3,1),(3,3,0),(3,2,0),(3,1,0),
4:(1,5,2),(2,5,2),(3,5,2),(4,5,2),(4,4,2),(4,3,2),(4,2,2),(4,1,2),(4,0,2),
5:(3,0,3),(3,0,2),(3,0,1),(3,1,1),
6:(5,1,0),(5,1,1),(5,2,1),(5,3,1),(5,4,1),
7:(5,2,5),(4,2,5),(4,3,5),(4,4,5),(4,5,5),
8:(5,2,2),(4,2,2),(4,2,3),
9:(4,4,1),(3,4,1),(3,3,1),(3,2,1),(3,2,2),
10:(0,1,3),(1,1,3),(1,2,3),(1,3,3),
11:(2,1,3),(2,1,2),(2,1,1),(2,2,1),(2,3,1),(2,4,1),
12:(4,4,5),(3,4,5),(3,4,4),(3,3,4),(3,3,3),(3,2,3),(3,1,3),
13:(2,2,5),(2,3,5),(2,4,5),
14:(0,5,0),(0,5,1),(0,5,2),(0,5,3),(0,4,3),(0,3,3),(0,2,3),(1,2,3),
15:(1,4,4),(2,4,4),(2,3,4),(2,2,4),(3,2,4),(4,2,4),(5,2,4),(5,1,4),(5,0,4),
16:(5,5,2),(4,5,2),(4,5,3),(3,5,3),(3,5,3),(3,5,4),(2,5,4),(1,5,4),(1,4,4),(1,3,4),(0,3,4),(0,2,4),
17:(2,3,2),(2,3,3),(2,4,3),(2,5,3),
18:(3,0,4),(4,0,4),(5,0,4),(5,0,5),(5,1,5),
19:(1,2,1),(2,2,1),(3,2,1),(4,2,1),(4,3,1),
20:(3,5,5),(2,5,5),(1,5,5),(0,5,5),(0,5,4),(0,5,3),(0,5,2),(0,4,2),(0,4,1),(0,4,0),(0,3,0),(0,3,-1),(0,2,-1),(0,1,-1),(0,1,0),
21:(5,2,1),(4,2,1),(4,2,2),(3,2,2),(2,2,2),(1,2,2),(0,2,2),(0,2,3),(0,2,4),(0,3,4),(0,3,5),
22:(3,4,3),(2,4,3),(1,4,3),(1,4,4),(1,4,5),(1,3,5),(1,2,5),
23:(3,3,2),(4,3,2),(4,3,1),(4,3,0),(5,3,0),
24:(5,3,5),(4,3,5),(3,3,5),(3,2,5),(3,1,5),(3,1,4),(3,0,4),(3,0,3),
25:(5,1,2),(4,1,2),(3,1,2),(3,0,2),(3,0,1),(3,0,0),
26:(0,3,5),(1,3,5),(2,3,5),(3,3,5),(4,3,5),(5,3,5),(5,3,4),(5,3,3),(5,4,3),(5,5,3),
27:(0,0,5),(0,0,4),(0,0,3),(0,0,2),(0,0,1),(0,0,0),(0,1,0),(0,2,0),
28:(2,4,2),(2,4,1),(3,4,1),(3,3,1),(3,2,1),(4,2,1),(4,1,1),(4,0,1),(5,0,1),
29:(2,0,3),(2,1,3),
30:(2,4,1),(2,3,1),(2,3,2),
31:(4,0,2),(4,-1,2),(3,-1,2),(2,-1,2),(1,-1,2),(0,-1,2),(0,0,2),(0,1,2),
32:(5,1,3),(4,1,3),(3,1,3),(3,1,4),(2,1,4),(2,0,4),
33:(5,4,5),(4,4,5),(4,4,4),(4,4,3),(3,4,3),(3,3,3),(3,3,2),(3,3,1),(3,3,0),(2,3,0),
34:(1,1,2),(1,2,2),(2,2,2),(2,2,3),(2,3,3),(2,3,3),(3,3,3),(4,3,3),(5,3,3),
35:(5,0,0),(5,1,0),(4,1,0),(4,2,0),(4,3,0),(4,4,0),(4,4,1),(4,4,1),(4,4,2),(4,4,3),(4,5,3),
36:(1,4,3),(0,4,3),(0,4,4),(-1,4,4),(0,4,4),
37:(4,3,0),(4,3,1),(4,2,1),(4,2,2),(4,1,2),(4,1,3),(4,0,3),
38:(1,0,3),(1,0,2),(1,0,1),(1,0,0),(1,1,0),(1,2,0),(1,3,0),(1,4,0),(1,5,0),
39:(0,2,1),(1,2,1),(2,2,1),(2,2,0),(3,2,0),(4,2,0),(4,3,0),
40:(4,4,2),(5,4,2),(5,3,2),
41:(1,3,3),(1,3,4),(1,3,4),(2,3,4),(3,3,4),(4,3,4),(4,3,4),(5,3,4),
42:(3,2,5),(2,2,5),(1,2,5),(1,2,4),(1,2,3),(1,2,3),(1,2,2),
43:(3,1,5),(2,1,5),
44:(4,4,4),(3,4,4),(2,4,4),(2,4,3),(1,4,3),(0,4,3),(0,4,2),(0,4,1),(0,3,1),
45:(2,0,1),(3,0,1),(4,0,1),(4,0,2),(5,0,2),(5,0,3),(5,1,3),
46:(2,0,0),(2,0,1),(2,0,2),
47:(0,3,4),(0,3,3),(1,3,3),(2,3,3),(2,4,3),(3,4,3),(4,4,3),(4,4,2),(5,4,2),
48:(2,2,4),(1,2,4),(0,2,4),(0,2,5),
49:(2,3,4),(2,3,4),(2,3,3),(3,3,3),(3,3,2),(3,3,1),(2,3,1),
50:(0,2,2),(0,2,1),(0,3,1),(0,4,1),(0,5,1),
51:(3,3,4),(3,3,3),(3,2,3),(3,2,3),(2,2,3),(2,2,2),
52:(1,3,0),(2,3,0),(3,3,0),(3,4,0),(3,4,1),(3,4,2),(3,4,3),(3,4,4),(4,4,4),(5,4,4),(5,4,5),
53:(1,5,3),(2,5,3),(3,5,3),(3,5,2),(4,5,2),(4,4,2),(4,3,2),(4,2,2),(4,2,1),(4,2,0),
54:(1,5,1),(1,4,1),(1,3,1),(1,2,1),
55:(1,0,2),(0,0,2),(0,1,2),(0,2,2),(0,3,2),(0,3,2),(0,3,3),(0,4,3),(0,5,3),
56:(1,1,0),(1,1,1),(1,1,2),(2,1,2),(3,1,2),(3,1,3),(3,1,4),(3,2,4),(3,2,3),(3,3,3),
57:(3,3,0),(3,3,1),(3,3,2),(3,4,2),(3,5,2),(3,5,3),(3,5,4),(3,5,5),
58:(3,0,2),(2,0,2),(1,0,2),(1,1,2),(1,2,2),(1,3,2),(1,4,2),(1,4,3),(1,5,3),
59:(0,2,4),(0,2,5),(0,1,5),(1,1,5),(1,0,5),(2,0,5),
60:(2,0,4),(1,0,4),(1,0,3),(1,0,2),(1,0,1),(1,0,0),(1,1,0),(1,2,0),
61:(5,5,1),(4,5,1),(4,5,2),(4,4,2),(4,3,2),(4,2,2),(4,1,2),(3,1,2),(2,1,2),(1,1,2),(1,1,3),(1,0,3),(2,0,3),
62:(0,4,2),(0,4,2),(0,4,3),(0,4,4),(0,4,5),
63:(5,0,5),(4,0,5),(3,0,5),(2,0,5),(2,0,4),(1,0,4),(0,0,4),(0,0,3),(0,0,2),(0,0,1),(0,1,1),(0,2,1),
64:(2,4,4),(2,5,4),(3,5,4),(4,5,4),(4,5,3),(4,5,2),(4,4,2),(4,3,2),(4,2,2),(4,2,1),(4,1,1),(4,0,1),
65:(4,0,5),(3,0,5),(2,0,5),(1,0,5),(1,0,4),(1,1,4),(1,2,4),(1,3,4),(0,3,4),(0,3,3),(0,3,2),(1,3,2),(1,3,1),
66:(3,2,3),(2,2,3),(2,2,4),(2,2,5),(2,3,5),
67:(5,0,2),(5,0,3),(5,1,3),(5,1,4),(5,2,4),(5,3,4),(5,4,4),(4,4,4),(4,5,4),(3,5,4),
68:(5,5,4),(5,5,3),(5,4,3),(5,3,3),(5,2,3),
69:(0,5,5),(1,5,5),(1,5,4),(2,5,4),(3,5,4),(4,5,4),(4,5,3),(4,5,2),(4,5,1),(4,4,1),
70:(2,5,1),(3,5,1),(4,5,1),(5,5,1),(5,5,2),
71:(2,1,2),(2,1,1),(2,1,0),(2,1,0),(2,2,0),(2,3,0),(2,4,0),(3,4,0),(4,4,0),(5,4,0),(5,5,0),
