soc=1355
lb_soc=927
makespan=16
lb_makespan=14
comp_time=2408
highLevelExpanded=38
lowLevelExpanded=10651
solution=
0:(3,5,2),(3,5,3),(3,5,4),(3,5,5),(3,4,5),(3,3,5),(3,2,5),
1:(6,3,2),(5,3,2),(5,3,3),(5,3,4),(5,3,5),(5,2,5),(5,1,5),(5,0,5),
2:(3,1,0),(4,1,0),(4,1,1),(4,2,1),(4,2,1),(5,2,1),(5,2,2),(5,2,2),(5,2,3),(5,3,3),
3:(5,8,1),(4,8,1),(4,8,2),(3,8,2),(2,8,2),(2,8,3),(2,8,4),(2,7,4),(2,6,4),(2,6,5),(2,5,5),(2,4,5),(2,3,5),(2,2,5),(2,1,5),
4:(5,0,3),(4,0,3),(3,0,3),(2,0,3),(1,0,3),(1,1,3),(0,1,3),(0,2,3),(0,3,3),(0,4,3),
5:(7,8,1),(6,8,1),(5,8,1),(5,7,1),(4,7,1),(3,7,1),(3,6,1),(3,5,1),(3,4,1),(3,3,1),(3,2,1),
6:(0,6,5),(0,6,4),(0,6,3),(0,6,2),(0,7,2),
7:(0,6,4),(1,6,4),(1,6,3),(1,6,2),(1,6,1),(1,5,1),(1,4,1),(1,3,1),
8:(3,2,4),(2,2,4),(2,2,3),(2,2,2),(2,2,1),(2,3,1),(2,4,1),(2,5,1),(2,5,2),(2,6,2),(2,7,2),(2,7,1),
9:(6,2,3),(5,2,3),(5,2,2),(5,3,2),(5,4,2),(5,5,2),(5,6,2),
10:(6,4,1),(5,4,1),(4,4,1),(3,4,1),(2,4,1),(1,4,1),(1,4,0),(1,5,0),(1,6,0),
11:(7,1,2),(6,1,2),(5,1,2),(4,1,2),(4,1,1),(4,1,0),(4,2,0),(4,3,0),
12:(0,6,2),(1,6,2),(2,6,2),(2,5,2),(2,4,2),(2,3,2),(2,2,2),(2,2,1),(2,1,1),
13:(0,4,0),(1,4,0),(2,4,0),(3,4,0),(4,4,0),(5,4,0),(6,4,0),(7,4,0),(7,4,1),(7,4,2),(7,4,3),(7,4,4),(7,5,4),(7,6,4),
14:(4,6,1),(3,6,1),(3,5,1),(3,5,1),(3,4,1),(3,3,1),(3,2,1),(3,1,1),(3,1,2),(3,0,2),(2,0,2),(2,0,1),
15:(2,0,4),(1,0,4),
16:(7,1,4),(6,1,4),(5,1,4),(4,1,4),(3,1,4),(2,1,4),(1,1,4),(1,1,3),(1,1,2),
17:(2,0,3),(3,0,3),(3,0,2),(4,0,2),(5,0,2),(6,0,2),(7,0,2),(7,0,1),(7,1,1),(7,2,1),(7,3,1),
18:(8,6,2),(8,6,3),(8,6,4),(8,6,5),(8,5,5),(8,4,5),
19:(6,3,5),(7,3,5),(7,2,5),(7,1,5),(7,0,5),
20:(0,1,2),(0,1,3),(0,0,3),
21:(0,1,4),(1,1,4),(2,1,4),(3,1,4),(3,1,3),(4,1,3),(5,1,3),(6,1,3),(7,1,3),(7,1,2),(7,0,2),
22:(1,5,2),(2,5,2),(3,5,2),(4,5,2),(5,5,2),(6,5,2),(7,5,2),(7,5,3),(7,5,4),(7,5,5),(7,6,5),(7,7,5),
23:(5,8,5),(5,8,4),(5,7,4),(5,6,4),(5,5,4),(5,4,4),
24:(3,5,5),(4,5,5),(5,5,5),(5,5,4),(5,5,3),(5,4,3),(5,4,2),(5,3,2),
25:(2,4,2),(3,4,2),(3,4,3),(3,4,4),(3,4,4),(3,4,5),
26:(4,0,3),(4,0,2),(5,0,2),(6,0,2),(7,0,2),(8,0,2),(8,0,1),(8,1,1),(8,2,1),(8,3,1),(8,3,0),(8,4,0),(8,5,0),(8,6,0),
27:(4,3,1),(5,3,1),(6,3,1),(7,3,1),(7,4,1),(7,5,1),(7,5,1),(7,5,2),
28:(4,4,5),(4,4,4),(4,4,3),(4,4,2),(4,5,2),(4,6,2),
29:(7,0,2),(6,0,2),(6,0,3),(5,0,3),(5,1,3),(5,2,3),(5,2,4),(5,2,5),(5,3,5),(5,4,5),(5,5,5),(5,6,5),(4,6,5),(4,7,5),(4,8,5),
30:(4,6,4),(3,6,4),(3,6,3),(3,6,2),(3,6,1),(3,5,1),(3,4,1),(3,3,1),(3,2,1),(3,1,1),
31:(4,5,2),(3,5,2),(3,4,2),(3,3,2),(3,3,1),(3,2,1),(3,1,1),(3,0,1),
32:(4,4,2),(5,4,2),(6,4,2),(7,4,2),(8,4,2),(8,5,2),(8,6,2),(8,6,1),
33:(4,8,5),(3,8,5),(2,8,5),(2,8,4),(2,8,3),(2,7,3),(2,7,2),(2,7,1),(2,7,0),(2,7,-1),(2,6,-1),(2,5,-1),(2,5,0),
34:(1,1,5),(0,1,5),(0,1,4),(0,1,3),(0,1,2),(0,1,1),(0,2,1),(0,3,1),
35:(4,5,0),(3,5,0),(2,5,0),(1,5,0),(0,5,0),(0,5,1),(0,5,2),(0,5,3),(0,5,4),(0,5,5),(0,6,5),
36:(8,2,3),(7,2,3),(6,2,3),(6,3,3),(6,3,2),(6,4,2),(6,4,1),(5,4,1),(5,5,1),(5,6,1),(5,7,1),(4,7,1),
37:(2,5,4),(2,5,3),(2,5,2),(2,5,1),(2,6,1),
38:(7,5,4),(6,5,4),(6,5,3),(6,5,2),(6,5,1),(6,5,0),(6,6,0),
39:(5,6,5),(4,6,5),(4,6,4),(4,6,3),(4,6,2),(4,6,1),(4,6,0),(4,7,0),(4,8,0),
40:(3,2,5),(4,2,5),(5,2,5),(6,2,5),(6,2,4),(6,1,4),(6,0,4),
41:(0,5,1),(1,5,1),(1,5,2),(1,5,3),(2,5,3),(3,5,3),(4,5,3),(4,5,4),(4,4,4),(4,3,4),(5,3,4),(5,2,4),(5,1,4),
42:(3,4,3),(3,4,4),(3,4,4),(3,5,4),(3,6,4),
43:(6,5,1),(5,5,1),(5,5,2),(5,5,3),(4,5,3),(4,5,4),(3,5,4),(2,5,4),
44:(5,1,0),(6,1,0),(7,1,0),(8,1,0),(8,1,1),(8,2,1),(8,3,1),(8,3,2),(8,4,2),(8,4,3),(8,5,3),(8,5,4),(8,6,4),(8,7,4),(8,7,5),
45:(1,2,2),(2,2,2),(3,2,2),(3,2,1),(3,2,0),(3,1,0),
46:(6,0,0),(7,0,0),(7,0,-1),(7,1,-1),(7,2,-1),(7,3,-1),(7,4,-1),(7,5,-1),(7,6,-1),(7,7,-1),(7,8,-1),(7,8,0),
47:(1,8,3),(2,8,3),(2,7,3),(2,7,4),(2,7,5),(2,6,5),(2,5,5),(2,4,5),(2,3,5),(3,3,5),(4,3,5),(4,2,5),(4,1,5),(4,0,5),
48:(4,5,3),(4,5,2),(4,5,1),(4,5,0),(3,5,0),(2,5,0),(2,4,0),(2,3,0),(1,3,0),(1,2,0),
49:(1,0,3),(2,0,3),(2,0,2),(3,0,2),(4,0,2),(5,0,2),(6,0,2),(7,0,2),(8,0,2),(8,0,1),(8,1,1),(8,2,1),
50:(2,0,2),(3,0,2),(4,0,2),(5,0,2),(6,0,2),(7,0,2),(8,0,2),(8,1,2),
51:(8,7,1),(8,7,2),(8,7,3),(8,6,3),(8,5,3),(8,4,3),(9,4,3),(9,4,4),(9,3,4),(9,3,4),(8,3,4),
52:(8,7,4),(7,7,4),(6,7,4),(5,7,4),(4,7,4),(3,7,4),(2,7,4),(2,7,3),(2,6,3),(2,5,3),(2,4,3),(2,3,3),
53:(1,4,1),(1,4,2),(1,4,3),(1,4,4),(1,4,5),(1,3,5),(1,2,5),(1,1,5),
54:(0,8,5),(1,8,5),(1,8,4),(1,8,3),(1,8,2),(2,8,2),(2,8,1),(2,8,0),
55:(7,6,0),(6,6,0),(6,6,1),(6,6,2),(6,6,3),(6,5,3),(6,4,3),(6,3,3),(6,2,3),(6,1,3),
56:(1,6,5),(2,6,5),(3,6,5),(4,6,5),(4,5,5),
57:(5,0,0),(4,0,0),(3,0,0),(2,0,0),(2,0,1),(2,0,2),(2,0,3),(2,1,3),(2,2,3),(2,2,4),(2,3,4),(2,4,4),(2,4,4),(2,4,5),(2,5,5),
58:(4,4,0),(3,4,0),(3,4,1),(2,4,1),(1,4,1),(0,4,1),(0,4,2),(0,4,3),(0,4,4),(0,3,4),
59:(8,2,2),(7,2,2),(6,2,2),(5,2,2),(5,2,3),(5,3,3),(5,4,3),(5,5,3),(5,5,4),(5,6,4),
60:(1,1,1),(0,1,1),(0,1,2),(0,2,2),(0,2,3),(0,2,4),(0,2,5),(0,3,5),(0,4,5),
61:(0,4,4),(1,4,4),(2,4,4),(2,5,4),(2,6,4),(2,6,3),(3,6,3),(4,6,3),(5,6,3),
62:(1,3,3),(2,3,3),(3,3,3),(4,3,3),(5,3,3),(6,3,3),(7,3,3),(7,3,4),
63:(2,8,3),(3,8,3),(4,8,3),(4,7,3),(4,6,3),(4,6,4),(4,5,4),(4,4,4),(4,3,4),(4,2,4),(4,1,4),(4,0,4),
64:(1,6,0),(2,6,0),(3,6,0),(3,5,0),(3,4,0),(4,4,0),(4,3,0),(5,3,0),(5,3,1),(5,2,1),(5,2,2),(6,2,2),(6,2,3),(6,2,4),(6,2,5),(7,2,5),(7,1,5),
65:(6,3,0),(6,4,0),(6,5,0),(6,6,0),(6,7,0),(5,7,0),(5,7,1),(5,7,2),(5,7,3),(5,8,3),(4,8,3),(3,8,3),
66:(1,8,1),(2,8,1),(3,8,1),(4,8,1),
67:(5,4,0),(5,4,0),(5,4,1),(5,3,1),(5,2,1),(5,2,2),(5,2,3),(5,2,4),(5,1,4),(5,0,4),
68:(3,8,0),(3,7,0),(3,7,0),(3,6,0),(3,6,0),(3,5,0),(3,4,0),(3,3,0),
69:(4,7,2),(3,7,2),(2,7,2),(2,6,2),(2,5,2),(2,4,2),(2,3,2),(2,2,2),(2,1,2),
70:(7,6,3),(7,5,3),(7,4,3),(6,4,3),(5,4,3),(4,4,3),(3,4,3),(2,4,3),(1,4,3),(1,4,2),
71:(8,8,3),(8,8,2),(8,8,1),(8,7,1),(8,6,1),(8,5,1),
72:(7,0,5),(7,0,4),(7,1,4),(7,2,4),(7,3,4),(7,3,3),(7,4,3),(6,4,3),(5,4,3),(5,5,3),(5,5,2),
73:(2,8,1),(3,8,1),(3,8,2),(3,8,3),(3,7,3),(3,6,3),(3,6,2),(3,6,3),
74:(7,5,5),(6,5,5),(6,6,5),(5,6,5),(4,6,5),(3,6,5),(2,6,5),(1,6,5),(0,6,5),(0,6,4),(0,6,3),
75:(7,4,4),(7,5,4),(7,6,4),(7,7,4),(7,8,4),(8,8,4),
76:(6,0,4),(5,0,4),(4,0,4),(4,0,3),(4,1,3),(4,1,2),(4,1,1),(4,2,1),(4,3,1),(4,4,1),(4,4,0),
77:(3,7,4),(4,7,4),(4,7,5),(5,7,5),(6,7,5),(7,7,5),(7,6,5),(7,5,5),(7,4,5),(7,3,5),
78:(7,2,2),(6,2,2),(6,3,2),(6,3,2),(5,3,2),(4,3,2),(3,3,2),(2,3,2),(1,3,2),(0,3,2),
79:(5,0,1),(4,0,1),(3,0,1),(2,0,1),(1,0,1),(1,0,0),(0,0,0),(0,1,0),(0,2,0),(0,3,0),(0,4,0),(0,5,0),(0,6,0),(0,7,0),(0,8,0),
80:(4,1,2),(5,1,2),(5,1,1),(5,2,1),(5,2,0),(5,3,0),(5,4,0),
81:(4,2,0),(5,2,0),(6,2,0),(7,2,0),(7,3,0),(7,4,0),(7,5,0),(7,6,0),(7,7,0),
82:(8,6,4),(8,5,4),(8,5,3),(8,4,3),(8,3,3),(8,3,2),(8,2,2),
83:(8,0,2),(7,0,2),(6,0,2),(6,1,2),(6,2,2),(6,3,2),(5,3,2),(4,3,2),(4,4,2),(3,4,2),(3,5,2),(2,5,2),(1,5,2),(0,5,2),(0,6,2),
84:(2,3,2),(3,3,2),(3,3,2),(3,2,2),(3,1,2),(3,0,2),(4,0,2),(5,0,2),(6,0,2),(7,0,2),(7,0,1),
85:(8,7,2),(7,7,2),(6,7,2),(5,7,2),(4,7,2),(4,7,1),(4,6,1),
86:(4,0,1),(3,0,1),(2,0,1),(1,0,1),(1,0,2),(1,0,3),(1,1,3),(1,2,3),(1,2,4),
87:(1,8,4),(2,8,4),(3,8,4),(4,8,4),(5,8,4),(6,8,4),(7,8,4),(7,8,3),(8,8,3),(8,7,3),
88:(5,0,5),(4,0,5),(4,1,5),(4,2,5),(4,3,5),(4,3,6),(3,3,6),(3,4,6),(3,5,6),(3,5,5),(3,6,5),(3,7,5),(3,7,4),(3,7,3),
89:(8,4,2),(8,4,3),(8,4,4),(7,4,4),(6,4,4),
90:(6,6,1),(7,6,1),(7,6,2),(7,5,2),(7,4,2),(7,3,2),(7,3,2),(7,3,3),
91:(7,8,5),(6,8,5),(6,8,4),(6,8,3),(6,8,2),(6,8,1),(6,7,1),(6,6,1),
92:(2,0,1),(1,0,1),(1,0,2),(1,1,2),(1,2,2),(0,2,2),(0,3,2),(0,4,2),
93:(3,8,1),(3,8,2),(2,8,2),(2,7,2),(2,6,2),(2,5,2),(2,4,2),
94:(3,2,2),(4,2,2),(4,2,2),(4,3,2),(4,4,2),(4,5,2),(4,5,2),(4,5,3),
95:(3,3,3),(3,2,3),(3,2,3),(2,2,3),(1,2,3),(0,2,3),(0,2,2),
96:(8,3,5),(8,3,4),(7,3,4),(6,3,4),(5,3,4),(4,3,4),(3,3,4),(2,3,4),(2,3,3),(2,2,3),(2,1,3),
97:(4,0,4),(4,1,4),(4,1,3),(5,1,3),(5,1,2),
98:(3,5,4),(4,5,4),(5,5,4),(6,5,4),(7,5,4),(7,5,3),(7,6,3),(7,6,2),(7,7,2),
99:(6,7,0),(5,7,0),(4,7,0),(3,7,0),(2,7,0),(1,7,0),(1,7,1),(1,7,2),(1,6,2),(1,6,3),(1,6,4),(1,6,5),(1,5,5),
100:(0,8,2),(1,8,2),(1,8,3),(2,8,3),(2,7,3),(2,7,4),(2,7,5),
101:(0,8,0),(1,8,0),(2,8,0),(3,8,0),(4,8,0),(4,7,0),(4,7,1),(4,7,2),(4,7,3),(4,6,3),(4,6,4),(4,5,4),(5,5,4),(5,5,3),
102:(6,7,4),(5,7,4),(4,7,4),(3,7,4),(3,7,4),(3,7,3),(3,7,2),(3,7,1),
103:(3,7,3),(4,7,3),(4,6,3),(4,5,3),(4,4,3),(4,4,2),(4,4,1),(4,4,0),(4,4,-1),(4,3,-1),(4,2,-1),(4,2,0),
104:(2,7,2),(2,7,3),(3,7,3),(3,6,3),(3,5,3),(3,4,3),(3,3,3),(3,2,3),(3,1,3),(3,1,4),(3,1,5),
105:(0,5,5),(1,5,5),(1,5,4),(1,6,4),(1,6,3),(1,7,3),
106:(1,8,2),(2,8,2),(2,8,3),(2,7,3),(2,7,4),(2,6,4),(2,5,4),(2,4,4),(3,4,4),(4,4,4),(4,3,4),(4,2,4),(4,1,4),
107:(3,0,3),(3,1,3),(2,1,3),(1,1,3),(1,1,3),(1,2,3),(1,3,3),
108:(5,3,0),(4,3,0),(4,4,0),(4,4,0),(4,5,0),(4,6,0),(4,7,0),(4,7,1),(4,7,2),(4,7,3),(4,7,4),
109:(7,0,3),(8,0,3),(8,1,3),(8,2,3),(8,2,3),(8,3,3),
110:(0,1,3),(1,1,3),(1,1,2),(1,2,2),(1,3,2),(1,4,2),(1,5,2),(1,5,1),(1,6,1),
111:(6,1,3),(6,1,3),(6,1,2),(6,1,1),(6,0,1),
112:(8,5,1),(7,5,1),(7,5,2),(7,5,3),(7,4,3),(7,4,4),(7,3,4),(7,2,4),
113:(0,2,0),(1,2,0),(2,2,0),(2,2,1),(2,3,1),(2,4,1),(2,5,1),(2,5,2),(3,5,2),(3,6,2),(3,7,2),(4,7,2),
114:(6,3,3),(6,4,3),(6,4,3),(6,4,2),(6,5,2),(6,6,2),(6,7,2),(6,8,2),(6,8,1),(6,8,0),
115:(2,1,0),(1,1,0),(0,1,0),(0,2,0),(0,3,0),(0,3,1),(0,4,1),(0,5,1),(0,5,2),(0,5,3),(0,5,4),(0,6,4),(0,7,4),(0,8,4),
116:(0,3,2),(1,3,2),(2,3,2),(2,4,2),(3,4,2),(3,4,2),(4,4,2),(4,4,1),(5,4,1),(6,4,1),(7,4,1),(8,4,1),
117:(4,7,0),(4,7,1),(4,6,1),(4,5,1),(4,4,1),(4,3,1),(4,2,1),(5,2,1),(5,1,1),(5,0,1),(4,0,1),(4,0,2),
118:(8,8,4),(7,8,4),(7,8,3),(7,7,3),(6,7,3),(5,7,3),(4,7,3),(3,7,3),(2,7,3),
119:(2,6,4),(2,6,4),(3,6,4),(4,6,4),(5,6,4),(6,6,4),(6,6,3),(6,6,2),(6,5,2),(6,4,2),
120:(2,1,3),(2,1,2),(2,1,1),(2,1,1),(2,1,1),(2,2,1),(2,3,1),(2,4,1),
121:(7,5,2),(7,4,2),(7,3,2),(7,2,2),(7,2,1),(7,2,0),(7,1,0),(7,0,0),(7,0,0),(8,0,0),
122:(6,7,5),(6,7,4),(6,7,3),(6,6,3),(6,5,3),(6,4,3),(6,3,3),(6,2,3),(7,2,3),
123:(7,3,2),(8,3,2),(8,3,3),(8,3,4),(8,4,4),
124:(8,0,5),(7,0,5),(6,0,5),(6,0,4),(6,0,3),(6,1,3),(6,1,2),(6,2,2),(6,2,1),
125:(0,3,0),(0,3,1),(0,3,2),(0,3,3),(0,4,3),(0,5,3),(0,6,3),(0,7,3),(0,8,3),(1,8,3),
126:(0,2,5),(1,2,5),(2,2,5),(2,2,4),(2,2,3),(2,2,2),(2,2,1),(2,2,0),(2,1,0),(2,0,0),
127:(6,5,4),(5,5,4),(5,4,4),(4,4,4),(4,3,4),(3,3,4),(2,3,4),(2,2,4),(2,1,4),(1,1,4),
128:(5,3,3),(6,3,3),(7,3,3),(8,3,3),(8,3,2),(8,3,1),(8,3,0),(8,2,0),
129:(2,3,5),(3,3,5),(4,3,5),(5,3,5),(6,3,5),(6,3,4),(6,2,4),(6,1,4),
130:(7,8,0),(6,8,0),(6,8,1),(6,7,1),(6,6,1),(6,5,1),
131:(7,6,1),(7,6,2),(6,6,2),(5,6,2),(5,6,1),(5,5,1),(5,4,1),(5,4,2),
132:(6,2,0),(6,2,1),(6,2,1),(6,2,2),(6,2,3),(6,2,4),(6,2,5),(6,3,5),(6,4,5),
133:(1,5,3),(1,5,4),(1,4,4),(1,3,4),(2,3,4),(2,2,4),(2,1,4),(2,0,4),
134:(5,0,4),(5,0,3),(5,1,3),(6,1,3),(7,1,3),(7,1,2),(7,2,2),(7,3,2),
135:(2,3,4),(3,3,4),(4,3,4),(4,2,4),(5,2,4),(5,1,4),(6,1,4),(7,1,4),
136:(0,2,2),(1,2,2),(2,2,2),(2,3,2),(3,3,2),(3,3,3),(4,3,3),(5,3,3),(6,3,3),(6,4,3),(6,5,3),(7,5,3),(8,5,3),(8,5,4),(8,6,4),(8,7,4),
137:(5,5,0),(4,5,0),(3,5,0),(2,5,0),(2,5,1),(2,5,1),(2,5,2),(2,5,3),(1,5,3),(1,5,4),(1,5,5),(1,4,5),
138:(3,7,0),(3,6,0),(3,6,-1),(3,5,-1),(3,4,-1),(3,4,0),(3,4,-1),(3,4,0),
139:(5,7,5),(4,7,5),(3,7,5),(3,8,5),(3,8,4),(3,8,3),(3,8,3),(2,8,3),
140:(6,2,1),(5,2,1),(4,2,1),(4,2,2),(3,2,2),(3,3,2),(3,3,1),(3,3,2),
141:(6,6,5),(6,6,4),(6,6,4),(6,7,4),
142:(4,3,3),(4,2,3),(4,2,3),(4,2,3),(4,2,2),
143:(3,6,4),(3,6,3),(3,6,2),(4,6,2),(5,6,2),(5,6,1),(5,6,1),(5,7,1),(6,7,1),(7,7,1),(7,6,1),
144:(4,4,3),(4,5,3),(4,5,4),(4,5,5),(4,4,5),
145:(0,3,4),(1,3,4),(2,3,4),(3,3,4),(3,3,3),(3,2,3),(3,2,2),(3,2,1),(3,1,1),(4,1,1),(5,1,1),(5,0,1),
146:(4,0,0),(4,0,-1),(5,0,-1),(5,1,-1),(5,2,-1),(5,3,-1),(5,4,-1),(5,5,-1),(5,5,0),(5,5,1),(5,6,1),(5,7,1),(5,7,2),(5,7,3),(5,7,4),(5,8,4),
147:(2,4,0),(2,4,1),(2,3,1),(3,3,1),(4,3,1),(5,3,1),(6,3,1),
148:(7,3,1),(7,3,2),(7,2,2),(7,2,3),(7,2,3),(6,2,3),(6,2,3),(5,2,3),(4,2,3),(3,2,3),(3,2,4),
149:(5,7,4),(5,7,3),(4,7,3),(3,7,3),(3,7,2),(3,6,2),(3,5,2),(3,4,2),(3,4,2),(3,4,1),(3,3,1),(2,3,1),(2,2,1),
150:(0,4,5),(1,4,5),(2,4,5),(2,4,4),(2,4,3),(2,5,3),(3,5,3),(3,5,2),(3,5,1),(3,5,0),(3,6,0),(3,7,0),(3,8,0),
151:(4,2,4),(3,2,4),(2,2,4),(1,2,4),(0,2,4),(0,3,4),(0,4,4),(0,5,4),(0,6,4),(0,6,3),(0,7,3),
152:(0,8,3),(1,8,3),(1,7,3),(1,6,3),(1,5,3),(1,4,3),(2,4,3),(2,3,3),(3,3,3),(4,3,3),(4,3,3),(4,3,4),(5,3,4),
153:(8,2,5),(7,2,5),(6,2,5),(6,2,4),(6,1,4),(6,0,4),(6,0,3),
154:(1,2,4),(1,2,3),(1,2,2),(1,2,1),(1,2,0),(2,2,0),(3,2,0),(4,2,0),(5,2,0),(6,2,0),(7,2,0),(7,3,0),(7,4,0),(7,5,0),
155:(0,2,1),(0,2,1),(0,1,1),(0,0,1),
156:(4,8,1),(4,8,2),(4,7,2),(3,7,2),(3,6,2),(2,6,2),(2,6,3),(2,6,3),(2,5,3),(3,5,3),(3,5,4),
157:(7,2,1),(7,2,0),(7,3,0),(6,3,0),(5,3,0),(4,3,0),(3,3,0),(3,3,-1),(2,3,-1),(1,3,-1),(0,3,-1),(0,3,0),(0,4,0),
158:(4,7,1),(3,7,1),(2,7,1),(2,7,0),(2,6,0),
159:(6,3,4),(6,3,5),(6,4,5),(6,5,5),(6,6,5),
160:(8,5,3),(8,5,3),(7,5,3),(7,5,4),(7,4,4),(7,3,4),(6,3,4),(5,3,4),(5,2,4),(5,2,3),(4,2,3),(3,2,3),(2,2,3),(2,2,4),
161:(2,6,2),(2,6,3),(2,6,4),(3,6,4),(4,6,4),(5,6,4),(6,6,4),(7,6,4),(8,6,4),(8,6,5),
