soc=1381
lb_soc=995
makespan=18
lb_makespan=15
comp_time=2588
highLevelExpanded=38
lowLevelExpanded=8500
solution=
0:(0,6,2),(1,6,2),(2,6,2),(2,6,3),(2,7,3),
1:(0,8,3),(1,8,3),(2,8,3),(3,8,3),(4,8,3),(4,8,2),(4,7,2),(4,6,2),(4,6,1),(4,5,1),(4,4,1),(4,3,1),(5,3,1),(6,3,1),(7,3,1),(7,2,1),
2:(1,8,2),(2,8,2),(3,8,2),(4,8,2),(5,8,2),(5,8,1),(5,7,1),(5,6,1),(5,5,1),(5,4,1),
3:(3,5,1),(4,5,1),(5,5,1),(6,5,1),(7,5,1),(7,4,1),
4:(7,7,4),(6,7,4),(5,7,4),(4,7,4),(3,7,4),(2,7,4),(1,7,4),(0,7,4),(0,7,5),(0,6,5),
5:(2,6,5),(1,6,5),(1,6,4),(1,6,3),(1,6,2),(1,5,2),(1,4,2),(1,3,2),(1,2,2),(1,1,2),
6:(5,5,1),(5,5,2),(4,5,2),(4,5,3),(4,4,3),(4,3,3),
7:(7,8,3),(6,8,3),(5,8,3),(5,7,3),(5,6,3),(5,6,2),(5,5,2),(5,5,3),(5,4,3),(5,3,3),(5,2,3),(5,1,3),(4,1,3),(4,0,3),
8:(6,4,1),(6,4,2),(6,4,3),(6,4,4),(6,5,4),(6,6,4),
9:(2,5,2),(3,5,2),(3,5,3),(3,5,4),(4,5,4),(5,5,4),(5,5,5),(5,4,5),(5,3,5),(5,2,5),(5,2,6),(6,2,6),(6,1,6),(6,1,5),
10:(3,7,2),(4,7,2),(4,7,3),(4,6,3),(4,6,4),(4,6,5),(4,5,5),(5,5,5),(5,4,5),(5,3,5),(4,3,5),(4,2,5),
11:(0,8,4),(1,8,4),(2,8,4),(3,8,4),(4,8,4),(4,8,3),(4,8,2),(4,8,1),(4,7,1),(4,6,1),(4,5,1),(4,4,1),(4,3,1),(4,2,1),(4,1,1),
12:(4,6,2),(5,6,2),(5,6,1),(5,5,1),(5,4,1),(5,3,1),(5,2,1),(5,1,1),
13:(0,1,3),(1,1,3),(2,1,3),(3,1,3),(4,1,3),(5,1,3),(6,1,3),(6,1,2),(6,1,1),(6,1,0),(7,1,0),(7,2,0),
14:(5,0,1),(6,0,1),(7,0,1),(8,0,1),(8,1,1),(8,2,1),(8,3,1),(8,4,1),(8,5,1),(8,6,1),(8,7,1),
15:(5,3,4),(6,3,4),(7,3,4),(7,3,3),(7,3,2),(7,4,2),(7,5,2),(7,6,2),
16:(1,8,5),(2,8,5),(3,8,5),(4,8,5),(4,7,5),(4,7,4),(4,6,4),(4,6,4),(4,6,3),(4,5,3),(4,5,3),(4,5,3),(4,5,2),(4,5,1),
17:(3,0,5),(4,0,5),(5,0,5),(6,0,5),(7,0,5),(7,1,5),(7,1,4),(7,2,4),(7,2,3),(7,2,2),(7,3,2),(7,4,2),(7,5,2),(7,5,1),
18:(7,7,0),(6,7,0),(5,7,0),(4,7,0),(4,6,0),(4,5,0),(4,4,0),(4,4,1),(4,3,1),(3,3,1),(3,2,1),(2,2,1),(2,1,1),(2,0,1),
19:(6,8,3),(5,8,3),(4,8,3),(4,7,3),(3,7,3),(3,6,3),(3,5,3),(3,4,3),(3,3,3),
20:(6,3,5),(5,3,5),(4,3,5),(3,3,5),(2,3,5),(1,3,5),(1,3,4),(1,3,3),(1,4,3),(1,5,3),(1,6,3),
21:(3,0,1),(4,0,1),(5,0,1),(6,0,1),(6,1,1),(6,1,2),(6,2,2),(6,3,2),(6,3,3),(7,3,3),(7,4,3),(8,4,3),
22:(4,5,0),(3,5,0),(2,5,0),(1,5,0),(1,5,1),(1,6,1),(1,6,2),(1,6,3),(1,6,4),(1,7,4),(1,8,4),
23:(7,7,2),(7,7,3),(7,6,3),
24:(7,4,4),(8,4,4),(8,3,4),
25:(1,3,1),(1,3,2),(1,3,3),(1,3,4),(1,3,5),(1,4,5),(1,5,5),(1,6,5),
26:(4,1,4),(3,1,4),(2,1,4),(1,1,4),(0,1,4),(0,1,3),(0,1,2),(0,1,1),(0,1,0),(0,2,0),(0,3,0),(0,4,0),(0,5,0),(0,6,0),(0,7,0),(0,8,0),
27:(6,0,4),(5,0,4),(4,0,4),(3,0,4),(2,0,4),(1,0,4),(0,0,4),
28:(0,0,4),(1,0,4),(2,0,4),(2,1,4),(3,1,4),(4,1,4),(5,1,4),(6,1,4),(6,2,4),(6,3,4),(6,4,4),(6,5,4),
29:(1,8,1),(1,8,1),(1,8,2),(1,8,3),(1,8,4),(1,7,4),(1,6,4),(1,5,4),(1,5,5),(1,4,5),(1,3,5),(0,3,5),(0,2,5),(0,1,5),
30:(5,0,3),(4,0,3),(3,0,3),(2,0,3),(1,0,3),(0,0,3),(0,0,2),(0,0,1),(0,1,1),
31:(6,8,2),(5,8,2),(4,8,2),(4,8,1),(3,8,1),(3,8,0),(3,7,0),(3,6,0),(3,5,0),(3,4,0),(3,3,0),
32:(8,0,3),(7,0,3),(6,0,3),(6,0,2),(6,0,1),(6,0,0),(6,1,0),(6,2,0),
33:(4,4,3),(3,4,3),(2,4,3),(2,4,4),(2,3,4),
34:(2,3,5),(2,4,5),(2,5,5),(3,5,5),(3,5,4),(3,6,4),(3,7,4),(3,8,4),(3,8,3),
35:(4,8,0),(3,8,0),(3,8,1),(3,8,2),(3,8,3),(3,7,3),
36:(3,6,4),(4,6,4),(4,6,5),(4,5,5),(4,4,5),
37:(5,4,0),(4,4,0),(3,4,0),(2,4,0),(1,4,0),(0,4,0),(0,4,1),(0,4,2),(0,3,2),(0,2,2),(0,1,2),(0,0,2),
38:(2,8,2),(3,8,2),(3,8,3),(4,8,3),(5,8,3),(6,8,3),(7,8,3),(8,8,3),(8,7,3),
39:(1,3,0),(2,3,0),(3,3,0),(4,3,0),(5,3,0),(6,3,0),(6,3,1),(6,4,1),(6,5,1),(6,6,1),
40:(6,4,4),(5,4,4),(5,4,4),(5,5,4),(5,6,4),(5,7,4),(5,8,4),(4,8,4),(3,8,4),(2,8,4),(2,8,3),(1,8,3),
41:(7,5,4),(7,5,3),(7,4,3),(7,4,3),(7,3,3),(7,2,3),(7,2,2),(7,1,2),(7,0,2),
42:(3,0,0),(2,0,0),(1,0,0),(1,0,1),(1,0,2),(1,0,3),(1,0,4),(1,1,4),(1,2,4),
43:(0,8,1),(0,7,1),(1,7,1),(2,7,1),(3,7,1),(4,7,1),(4,7,1),(5,7,1),
44:(5,6,0),(4,6,0),(3,6,0),(2,6,0),(1,6,0),(1,5,0),(1,5,1),(1,4,1),(1,4,2),(1,3,2),(1,2,2),
45:(5,8,3),(5,8,4),(6,8,4),(6,8,5),(6,7,5),(6,6,5),(6,5,5),(6,4,5),(6,3,5),(6,2,5),
46:(3,6,3),(4,6,3),(5,6,3),(6,6,3),(6,6,2),(7,6,2),(8,6,2),(8,6,1),(8,6,0),(8,5,0),(8,4,0),(8,3,0),
47:(1,0,4),(2,0,4),(3,0,4),(3,1,4),(4,1,4),(5,1,4),(6,1,4),(7,1,4),(7,2,4),(7,3,4),(7,4,4),(8,4,4),(8,5,4),(8,6,4),(8,7,4),(8,8,4),
48:(1,4,4),(2,4,4),(3,4,4),(3,3,4),(4,3,4),(5,3,4),(6,3,4),(7,3,4),(7,3,3),(8,3,3),
49:(5,3,2),(4,3,2),(3,3,2),(2,3,2),(1,3,2),(0,3,2),(0,3,3),(0,3,4),(0,4,4),(0,5,4),(0,5,5),
50:(7,7,1),(7,7,2),(7,8,2),
51:(5,8,1),(4,8,1),(4,7,1),(3,7,1),(3,7,2),(3,6,2),(3,6,3),(3,5,3),(3,4,3),
52:(0,8,5),(1,8,5),(2,8,5),(3,8,5),(4,8,5),(4,8,4),(4,8,3),(4,8,2),(4,8,1),(4,7,1),(4,6,1),
53:(8,0,0),(7,0,0),(6,0,0),(5,0,0),(4,0,0),(4,0,1),(4,0,2),(4,0,3),(4,0,4),(4,1,4),(4,2,4),(4,3,4),
54:(4,6,0),(4,6,1),(4,6,2),(5,6,2),(5,5,2),(5,5,3),(5,4,3),(5,3,3),(5,2,3),(5,2,4),(5,1,4),(5,0,4),(6,0,4),
55:(0,2,5),(1,2,5),(2,2,5),(2,3,5),(2,4,5),(2,5,5),(2,6,5),(2,6,4),(2,6,3),(2,6,2),(2,7,2),(2,8,2),
56:(1,8,3),(2,8,3),(2,7,3),(3,7,3),(3,6,3),(3,5,3),(3,4,3),(4,4,3),(4,4,3),(5,4,3),(5,3,3),(5,3,4),(5,3,5),
57:(3,1,0),(3,0,0),
58:(7,4,2),(7,5,2),(6,5,2),(5,5,2),(4,5,2),(4,5,3),(4,6,3),(4,7,3),(4,8,3),
59:(4,1,2),(5,1,2),(5,1,1),(5,1,0),(5,0,0),(5,0,0),(6,0,0),
60:(0,0,1),(1,0,1),(2,0,1),(2,0,2),(2,0,3),(2,0,4),(2,0,5),(3,0,5),
61:(4,4,2),(3,4,2),(3,4,1),(3,5,1),
62:(4,8,3),(3,8,3),(3,7,3),(3,6,3),(2,6,3),(2,5,3),(2,4,3),(2,3,3),
63:(0,0,5),(1,0,5),(2,0,5),(2,1,5),(2,2,5),(2,3,5),
64:(5,7,4),(5,6,4),(6,6,4),(6,5,4),(6,5,3),(7,5,3),(7,4,3),(7,4,2),(7,3,2),(8,3,2),(8,2,2),(8,2,1),(8,2,0),(8,1,0),(8,0,0),
65:(2,7,1),(2,6,1),(2,5,1),(2,4,1),(2,3,1),(2,2,1),(2,1,1),(2,1,2),(2,1,3),(2,1,4),(1,1,4),
66:(0,1,5),(0,2,5),(0,3,5),(0,4,5),
67:(1,5,5),(1,5,4),(1,5,3),(1,5,2),(0,5,2),(0,5,1),(0,5,0),(1,5,0),
68:(7,2,2),(6,2,2),(6,2,3),(6,3,3),(6,4,3),(6,5,3),
69:(5,1,3),(4,1,3),(3,1,3),(3,1,2),(2,1,2),(1,1,2),(1,1,1),(1,1,0),(1,2,0),(1,2,0),(0,2,0),
70:(3,6,5),(2,6,5),(2,6,4),(2,5,4),(2,5,3),(2,4,3),(2,4,2),(2,4,1),(2,4,0),(2,3,0),(2,2,0),(2,1,0),
71:(3,1,4),(2,1,4),(1,1,4),(0,1,4),(0,2,4),(0,3,4),(0,4,4),(0,4,3),(0,5,3),
72:(5,1,1),(4,1,1),(4,2,1),(4,3,1),(4,4,1),(4,5,1),(4,6,1),(4,7,1),(3,7,1),(3,8,1),(4,8,1),
73:(2,7,2),(2,7,1),(2,6,1),(2,5,1),(2,4,1),(2,3,1),
74:(0,5,3),(1,5,3),(2,5,3),(3,5,3),(4,5,3),(4,5,4),(5,5,4),(6,5,4),(7,5,4),(8,5,4),(8,5,5),(8,4,5),(8,3,5),
75:(2,4,4),(3,4,4),(3,4,5),(4,4,5),(5,4,5),(5,3,5),(5,2,5),(5,1,5),(5,0,5),
76:(3,8,5),(3,8,4),(3,7,4),(2,7,4),(1,7,4),(1,6,4),(1,5,4),(1,4,4),(1,3,4),(0,3,4),(0,3,3),
77:(6,7,1),(7,7,1),(8,7,1),(8,7,2),(8,7,3),(8,7,4),(8,6,4),(8,5,4),(8,4,4),(9,4,4),(9,3,4),(9,2,4),(8,2,4),
78:(4,3,5),(4,4,5),(5,4,5),(6,4,5),(7,4,5),(7,5,5),(7,6,5),(7,7,5),
79:(2,2,3),(2,2,2),(2,3,2),(2,4,2),(2,5,2),
80:(0,2,4),(1,2,4),(2,2,4),(3,2,4),(3,2,3),(3,2,2),(3,2,1),(3,2,0),(3,1,0),
81:(3,8,2),(4,8,2),(4,8,1),(5,8,1),(5,7,1),(5,7,1),(5,6,1),(5,5,1),(5,4,1),(5,3,1),(6,3,1),(6,2,1),(6,1,1),(6,1,0),(7,1,0),(7,0,0),
82:(1,8,4),(1,7,4),(1,7,3),(1,7,2),(1,7,1),(1,7,0),(1,7,-1),(1,6,-1),(1,5,-1),(1,4,-1),(1,3,-1),(1,2,-1),(1,2,0),(1,1,0),(1,0,0),
83:(8,5,3),(8,5,3),(7,5,3),(6,5,3),(5,5,3),(5,6,3),
84:(0,8,2),(1,8,2),(2,8,2),(2,8,3),(2,8,4),(3,8,4),(4,8,4),(4,8,5),(4,7,5),(4,6,5),(4,5,5),
85:(7,1,3),(7,1,2),(7,1,1),(7,1,0),(7,2,0),(7,3,0),(7,4,0),(7,5,0),(7,6,0),(7,6,0),(8,6,0),
86:(7,4,5),(6,4,5),(6,4,4),(5,4,4),(4,4,4),(3,4,4),(2,4,4),(2,4,3),(2,4,2),(2,4,2),(2,4,1),
87:(8,0,1),(7,0,1),(7,0,2),(7,1,2),(7,2,2),(7,3,2),(7,3,3),(7,4,3),(7,4,4),(7,5,4),(7,6,4),(7,7,4),(6,7,4),(5,7,4),
88:(1,4,3),(2,4,3),(2,4,2),(3,4,2),(4,4,2),(4,4,1),(5,4,1),(5,4,1),(6,4,1),
89:(2,3,2),(2,3,3),(2,2,3),(1,2,3),(1,1,3),
90:(6,1,3),(5,1,3),(4,1,3),(4,1,4),(4,0,4),(3,0,4),
91:(2,1,1),(1,1,1),(1,2,1),(1,3,1),(1,4,1),(1,5,1),(1,5,2),
92:(1,4,0),(1,4,1),(1,5,1),(1,6,1),(0,6,1),(0,7,1),(1,7,1),(2,7,1),(2,8,1),
93:(7,5,3),(6,5,3),(5,5,3),(5,6,3),(4,6,3),(4,6,2),(3,6,2),(3,6,1),
94:(6,1,0),(5,1,0),(4,1,0),(4,1,1),(4,1,2),(4,1,3),(4,1,4),(4,2,4),(4,3,4),(4,4,4),(4,5,4),
95:(8,8,1),(7,8,1),(7,8,0),
96:(7,3,5),(7,3,4),(7,4,4),(7,5,4),(7,6,4),(7,7,4),(7,7,3),
97:(3,2,0),(4,2,0),(5,2,0),(6,2,0),(6,2,1),(6,3,1),(6,3,2),(6,4,2),(6,5,2),(6,6,2),(6,6,3),(6,7,3),(6,8,3),(7,8,3),
98:(3,4,5),(3,5,5),(3,6,5),
99:(5,2,2),(5,3,2),(6,3,2),(7,3,2),(8,3,2),(8,4,2),
100:(7,2,3),(6,2,3),(5,2,3),(5,2,2),(5,2,1),(5,2,0),(5,3,0),(5,4,0),
101:(1,6,3),(2,6,3),(2,6,3),(2,5,3),(3,5,3),(3,4,3),(4,4,3),(5,4,3),(6,4,3),(6,3,3),
102:(3,1,3),(3,1,2),(3,2,2),(3,3,2),(3,4,2),(4,4,2),(4,5,2),(5,5,2),(5,6,2),(5,6,1),(5,6,0),(5,7,0),
103:(7,8,2),(8,8,2),(8,8,1),(8,7,1),(8,6,1),(8,5,1),(8,4,1),(9,4,1),(8,4,1),(8,3,1),
104:(0,6,0),(1,6,0),(2,6,0),(2,6,1),
105:(2,3,3),(3,3,3),(4,3,3),(5,3,3),(6,3,3),(7,3,3),(8,3,3),(8,3,2),(9,3,2),(9,4,2),(9,5,2),(9,6,2),(8,6,2),
106:(4,5,4),(4,5,3),(4,4,3),(4,4,2),(4,3,2),(4,3,1),(4,2,1),(4,1,1),(4,0,1),
107:(5,6,1),(6,6,1),(6,6,2),(6,5,2),(6,4,2),(6,3,2),(6,3,3),(6,2,3),(6,1,3),
108:(8,5,0),(7,5,0),(6,5,0),(5,5,0),(4,5,0),(3,5,0),(3,4,0),(3,4,1),(3,3,1),(3,2,1),(3,1,1),(3,1,2),(3,0,2),
109:(3,3,2),(2,3,2),(1,3,2),(1,3,3),(1,4,3),(1,5,3),(1,6,3),(1,7,3),
110:(5,5,5),(6,5,5),(7,5,5),(8,5,5),(8,5,4),(8,5,3),
111:(8,6,5),(8,6,4),(8,6,3),(8,5,3),(8,4,3),(8,3,3),(8,3,2),(8,2,2),(8,1,2),
112:(8,1,3),(7,1,3),(6,1,3),(5,1,3),(5,1,4),(5,2,4),(4,2,4),(4,3,4),(4,4,4),(4,5,4),(4,6,4),(4,7,4),(4,8,4),
113:(6,1,1),(5,1,1),(4,1,1),(3,1,1),(3,1,2),(3,1,3),(3,0,3),
114:(7,0,3),(6,0,3),(5,0,3),(5,0,3),(5,1,3),(5,2,3),(4,2,3),
115:(2,1,0),(2,2,0),(2,3,0),(2,3,0),(2,4,0),(2,5,0),(2,6,0),(2,7,0),
116:(8,3,1),(7,3,1),(7,4,1),(7,5,1),(7,6,1),
117:(3,1,5),(4,1,5),(5,1,5),(6,1,5),(7,1,5),(7,1,4),(7,1,3),(7,2,3),(7,2,2),(7,2,1),(7,2,0),(7,3,0),(7,4,0),
118:(0,7,3),(0,7,2),(0,7,1),(1,7,1),(1,7,0),(1,6,0),(1,6,0),(2,6,0),(2,5,0),
119:(8,4,0),(7,4,0),(6,4,0),(5,4,0),(5,5,0),(5,5,1),(4,5,1),(4,5,2),(4,5,3),(3,5,3),(2,5,3),(1,5,3),
120:(0,4,2),(0,3,2),(0,2,2),(1,2,2),(1,1,2),(1,0,2),(1,0,3),(1,0,3),(1,0,4),
121:(2,0,0),(1,0,0),(0,0,0),(0,0,1),(0,1,1),(0,2,1),(0,3,1),(0,4,1),(0,5,1),(0,6,1),
122:(1,4,5),(1,4,4),(1,4,3),(1,4,2),(2,4,2),(3,4,2),(4,4,2),(5,4,2),(5,5,2),(5,6,2),(5,6,1),
123:(7,1,0),(6,1,0),(5,1,0),(4,1,0),(3,1,0),(2,1,0),(1,1,0),(1,2,0),(1,2,1),(0,2,1),(0,3,1),(0,4,1),(1,4,1),
124:(8,1,2),(8,1,3),(7,1,3),(6,1,3),(6,1,4),(6,1,5),(5,1,5),(4,1,5),(3,1,5),(3,2,5),(3,3,5),(3,4,5),(2,4,5),(2,5,5),(2,6,5),(2,7,5),(1,7,5),(0,7,5),(0,8,5),
125:(4,2,3),(3,2,3),(3,3,3),(3,4,3),(3,4,4),(3,5,4),(3,6,4),(3,6,3),
126:(6,4,0),(5,4,0),(5,3,0),(5,2,0),(4,2,0),(4,1,0),
127:(1,0,3),(2,0,3),(2,0,2),(2,1,2),(2,2,2),(2,3,2),(3,3,2),(3,4,2),(4,4,2),(4,5,2),(4,6,2),(3,6,2),(3,7,2),
128:(0,4,4),(0,4,3),(0,4,2),(0,4,1),(0,3,1),(1,3,1),
129:(4,4,4),(4,3,4),(5,3,4),(6,3,4),(7,3,4),(7,2,4),(8,2,4),(8,2,3),
130:(6,0,1),(6,0,2),(6,1,2),(6,2,2),(6,2,3),(6,2,4),(5,2,4),(5,3,4),(5,4,4),
131:(7,3,1),(7,3,2),(7,4,2),(7,5,2),(7,5,3),(7,5,4),(8,5,4),(8,5,5),(8,6,5),(8,7,5),
132:(6,8,4),(6,8,4),(6,8,3),(6,8,2),(6,8,1),(7,8,1),
133:(5,3,3),(6,3,3),(6,3,4),(6,2,4),(6,2,4),(6,1,4),(6,0,4),(6,0,4),(6,1,4),
134:(5,8,5),(6,8,5),(6,7,5),(6,7,4),(6,7,3),(6,7,2),(6,6,2),(6,5,2),(7,5,2),(7,5,1),(8,5,1),(8,4,1),
135:(0,5,0),(1,5,0),(1,4,0),(1,4,1),(1,4,2),(2,4,2),(3,4,2),(4,4,2),(5,4,2),(6,4,2),(6,3,2),(6,2,2),(6,1,2),(6,0,2),(6,0,3),
136:(4,7,3),(3,7,3),(3,7,2),(2,7,2),(1,7,2),(1,8,2),(1,8,1),(1,8,0),
137:(1,5,1),(2,5,1),(3,5,1),(4,5,1),(5,5,1),(6,5,1),(7,5,1),(8,5,1),(8,5,2),
138:(0,5,1),(0,5,2),(0,5,3),(0,5,4),(1,5,4),(2,5,4),(2,5,4),(3,5,4),(4,5,4),(5,5,4),(6,5,4),(7,5,4),
139:(4,5,1),(4,5,0),(3,5,0),(2,5,0),(1,5,0),(1,4,0),(1,3,0),
140:(8,6,3),(7,6,3),(6,6,3),(6,6,2),(5,6,2),(5,6,1),(5,5,1),(4,5,1),(4,4,1),(3,4,1),(3,3,1),(3,2,1),(2,2,1),(1,2,1),(0,2,1),
141:(7,6,5),(6,6,5),(5,6,5),(4,6,5),(4,5,5),(3,5,5),(3,5,4),(3,4,4),(3,3,4),(3,2,4),(2,2,4),(2,2,3),(2,1,3),(2,0,3),
142:(8,7,4),(7,7,4),(6,7,4),(5,7,4),(4,7,4),(3,7,4),(2,7,4),
143:(7,0,0),(6,0,0),(5,0,0),(4,0,0),(4,0,1),(4,0,2),(4,1,2),(4,2,2),(4,3,2),(4,4,2),(4,5,2),(4,6,2),
144:(6,1,4),(5,1,4),(5,1,4),(5,1,5),(5,1,5),(5,1,5),(5,1,6),(5,1,6),(5,1,6),(5,1,5),
145:(8,0,4),(7,0,4),
146:(6,3,1),(6,2,1),(7,2,1),(7,1,1),
147:(0,2,0),(0,2,1),(0,2,1),(1,2,1),(1,2,2),(1,2,2),(2,2,2),(3,2,2),
148:(6,7,0),(5,7,0),(4,7,0),(3,7,0),(3,6,0),(3,6,0),(3,5,0),(3,4,0),(3,4,1),(3,4,2),(3,3,2),
149:(4,2,0),(4,2,1),(4,2,2),(4,2,3),(4,2,4),(4,3,4),(4,4,4),(4,5,4),(4,6,4),(4,7,4),(4,7,5),(4,8,5),
150:(1,2,2),(0,2,2),(-1,2,2),(0,2,2),(0,3,2),(0,4,2),(0,5,2),(0,6,2),(0,7,2),(0,8,2),
151:(1,1,0),(1,2,0),(1,3,0),(1,4,0),(0,4,0),(0,4,1),(0,4,2),(0,5,2),(0,6,2),(1,6,2),
152:(1,1,2),(2,1,2),(3,1,2),(4,1,2),(5,1,2),(5,2,2),
153:(6,5,5),(6,5,4),(5,5,4),(5,6,4),(5,7,4),(5,7,3),(5,7,2),(5,8,2),(5,8,1),
154:(6,8,5),(6,7,5),(5,7,5),(4,7,5),(4,6,5),(4,5,5),(3,5,5),(3,4,5),(3,4,4),(3,3,4),(3,2,4),(2,2,4),(2,2,3),(2,1,3),
155:(7,5,2),(6,5,2),(5,5,2),(5,5,3),(5,4,3),(5,3,3),(5,2,3),(5,1,3),(4,1,3),(3,1,3),(3,1,4),(3,1,5),
156:(8,7,2),(8,7,3),(7,7,3),(7,7,4),(7,8,4),
157:(5,1,5),(5,1,6),(4,1,6),(3,1,6),(2,1,6),(1,1,6),(0,1,6),(0,1,5),(0,1,4),
158:(5,5,3),(5,4,3),(5,4,2),(5,4,2),(5,4,2),(5,4,2),(5,4,2),(5,3,2),(5,3,2),(5,4,2),
159:(5,4,2),(4,4,2),(3,4,2),(3,5,2),
160:(0,2,1),(1,2,1),(2,2,1),(3,2,1),(4,2,1),(4,2,0),(4,3,0),(4,4,0),(4,5,0),
161:(3,6,0),(3,6,1),(3,6,2),(2,6,2),(2,6,2),(2,6,3),(2,5,3),(2,5,3),(2,4,3),(2,4,3),(1,4,3),(1,3,3),
