soc=1336
lb_soc=949
makespan=18
lb_makespan=15
comp_time=2204
highLevelExpanded=33
lowLevelExpanded=7843
solution=
0:(2,5,5),(3,5,5),(4,5,5),(4,5,4),(4,5,3),(4,5,2),(4,5,1),(4,5,0),
1:(7,2,4),(6,2,4),(5,2,4),(5,2,5),(5,3,5),(5,4,5),
2:(1,3,0),(2,3,0),(3,3,0),(4,3,0),(5,3,0),(5,3,1),(5,4,1),
3:(6,7,3),(6,6,3),(6,5,3),(7,5,3),(7,5,2),(7,4,2),(7,3,2),(7,2,2),(7,1,2),(7,0,2),
4:(4,7,0),(5,7,0),(6,7,0),(6,6,0),(6,5,0),(6,4,0),
5:(8,4,0),(7,4,0),(6,4,0),(5,4,0),(5,4,1),(5,4,2),(5,4,3),(4,4,3),(4,5,3),(4,6,3),
6:(8,0,3),(7,0,3),(6,0,3),(5,0,3),(4,0,3),(3,0,3),(2,0,3),(1,0,3),(1,1,3),(1,1,4),(1,2,4),(1,3,4),(0,3,4),(0,4,4),(0,5,4),(0,5,3),(0,6,3),(0,7,3),(0,7,4),
7:(6,6,3),(7,6,3),(7,7,3),(7,8,3),(7,8,4),(7,8,5),
8:(8,1,2),(8,1,3),(8,1,4),(8,2,4),(8,3,4),(8,4,4),(8,5,4),(8,6,4),(7,6,4),(6,6,4),(6,7,4),(6,7,5),(5,7,5),(4,7,5),(4,7,4),
9:(6,0,4),(6,0,3),(6,0,2),(6,0,1),(6,0,0),
10:(5,0,4),(4,0,4),(3,0,4),(3,0,5),(3,1,5),(3,2,5),(3,3,5),
11:(7,1,4),(6,1,4),(5,1,4),(4,1,4),(3,1,4),(2,1,4),(2,1,3),(2,1,2),(2,0,2),(2,0,1),
12:(1,3,5),(2,3,5),(3,3,5),(4,3,5),(4,3,4),(5,3,4),(6,3,4),(7,3,4),(7,3,3),(7,3,2),(7,3,1),(7,3,0),(7,2,0),(7,1,0),
13:(0,3,4),(1,3,4),(2,3,4),(3,3,4),(3,2,4),(3,1,4),(3,1,4),(4,1,4),
14:(1,6,5),(2,6,5),(3,6,5),(4,6,5),(5,6,5),(6,6,5),(6,7,5),(7,7,5),(7,7,4),(7,7,3),(7,8,3),
15:(7,0,0),(8,0,0),(8,0,1),(8,0,2),(8,0,3),(8,1,3),(8,2,3),
16:(6,2,4),(5,2,4),(4,2,4),(3,2,4),(2,2,4),(1,2,4),(1,2,3),
17:(2,3,4),(3,3,4),(3,3,3),(3,3,2),(3,3,1),
18:(3,5,2),(4,5,2),(5,5,2),(5,5,3),(5,6,3),(5,7,3),
19:(3,7,5),(4,7,5),(5,7,5),(6,7,5),(6,7,4),(6,7,3),(6,7,2),(6,8,2),
20:(3,7,3),(2,7,3),(1,7,3),(0,7,3),(0,7,4),(0,6,4),
21:(2,8,4),(3,8,4),(4,8,4),(5,8,4),(6,8,4),(7,8,4),(8,8,4),(8,8,3),(8,7,3),(8,7,2),
22:(0,2,3),(0,3,3),(0,4,3),(0,5,3),(0,6,3),(0,7,3),(0,7,2),(0,8,2),
23:(8,1,5),(7,1,5),(6,1,5),(5,1,5),(4,1,5),(4,2,5),
24:(7,1,2),(6,1,2),(5,1,2),(5,1,3),(5,1,4),(5,1,5),
25:(4,1,1),(4,2,1),(4,3,1),(4,4,1),(4,5,1),(4,6,1),(4,7,1),(4,7,2),(4,8,2),
26:(0,0,4),(1,0,4),(2,0,4),(3,0,4),(3,0,5),
27:(4,7,1),(3,7,1),(2,7,1),(2,7,2),(2,7,3),(2,6,3),(2,5,3),(2,4,3),(2,3,3),
28:(7,3,0),(6,3,0),(5,3,0),(5,3,1),(5,3,2),(5,3,3),(5,3,4),(5,2,4),(5,2,4),(4,2,4),
29:(3,2,5),(2,2,5),(1,2,5),(1,3,5),(1,4,5),(1,5,5),(1,6,5),(1,7,5),
30:(2,8,1),(3,8,1),(3,7,1),(3,6,1),(3,5,1),(3,4,1),(3,4,0),(3,3,0),(3,2,0),(4,2,0),(5,2,0),(5,2,1),
31:(5,0,0),(4,0,0),(3,0,0),(2,0,0),(1,0,0),(0,0,0),(0,0,1),(0,0,2),(0,1,2),(0,1,3),(0,2,3),(0,3,3),
32:(4,7,4),(5,7,4),(6,7,4),(7,7,4),(8,7,4),(8,7,3),(8,6,3),(8,5,3),
33:(6,8,2),(6,7,2),(6,6,2),(6,5,2),(6,4,2),(6,4,2),(7,4,2),
34:(7,0,3),(7,0,4),(6,0,4),(5,0,4),(4,0,4),(3,0,4),(3,0,4),(3,1,4),(2,1,4),(2,2,4),(2,3,4),
35:(4,5,3),(3,5,3),(3,4,3),(3,3,3),(3,2,3),(3,1,3),(3,0,3),(2,0,3),
36:(7,7,4),(6,7,4),(6,7,3),(5,7,3),(4,7,3),(3,7,3),(2,7,3),(2,7,2),(2,6,2),(2,5,2),(2,4,2),(2,3,2),(2,2,2),(2,1,2),
37:(7,4,5),(8,4,5),(8,4,4),(8,4,3),(8,4,2),(8,4,1),(8,4,0),(8,5,0),
38:(1,2,5),(1,2,4),(2,2,4),(2,2,3),(2,2,2),(3,2,2),(4,2,2),(5,2,2),(5,3,2),(5,4,2),
39:(1,7,4),(2,7,4),(2,7,5),(2,6,5),(2,5,5),(2,5,5),(3,5,5),(3,4,5),(4,4,5),
40:(7,2,1),(6,2,1),(5,2,1),(4,2,1),(3,2,1),(2,2,1),(1,2,1),(1,2,2),(1,1,2),(1,1,3),(1,1,4),(1,1,5),(1,0,5),
41:(6,1,2),(5,1,2),(4,1,2),(4,1,1),(4,2,1),(4,3,1),
42:(1,0,3),(2,0,3),(3,0,3),(4,0,3),(4,1,3),(5,1,3),(6,1,3),
43:(2,6,0),(2,5,0),(2,4,0),(2,3,0),(2,2,0),(2,1,0),(2,1,1),
44:(3,0,3),(4,0,3),(4,1,3),(4,2,3),(4,2,4),(4,3,4),(4,4,4),(5,4,4),(5,5,4),(5,6,4),
45:(3,4,0),(2,4,0),(1,4,0),(1,4,1),
46:(2,0,2),(3,0,2),(4,0,2),(4,1,2),(4,2,2),(4,2,3),(4,2,4),(4,3,4),
47:(4,4,1),(5,4,1),(6,4,1),(7,4,1),(7,5,1),(7,6,1),(7,7,1),(7,8,1),
48:(2,0,5),(3,0,5),(4,0,5),(5,0,5),(6,0,5),(7,0,5),(7,1,5),(7,2,5),
49:(6,2,1),(5,2,1),(5,2,0),(5,3,0),(5,4,0),(5,5,0),(5,6,0),(5,7,0),
50:(1,8,3),(2,8,3),(3,8,3),(3,8,4),(3,8,5),
51:(4,5,2),(4,5,1),(3,5,1),(2,5,1),(2,4,1),
52:(0,4,0),(0,4,1),(0,4,2),(0,4,3),(0,4,4),(0,3,4),(0,2,4),
53:(6,3,1),(5,3,1),(5,3,1),(4,3,1),(4,3,0),(4,2,0),(4,1,0),(4,0,0),(3,0,0),
54:(8,5,1),(7,5,1),(6,5,1),(5,5,1),(5,5,2),(5,5,3),(4,5,3),(4,5,4),(3,5,4),(3,4,4),(2,4,4),
55:(3,5,5),(3,5,4),(2,5,4),(1,5,4),(1,6,4),(1,7,4),(0,7,4),(0,8,4),
56:(8,6,4),(7,6,4),(6,6,4),(5,6,4),(4,6,4),(3,6,4),(3,6,3),(3,6,2),(3,7,2),
57:(0,5,2),(1,5,2),(2,5,2),(3,5,2),(4,5,2),(5,5,2),(6,5,2),(7,5,2),(8,5,2),(8,6,2),(8,6,3),(8,6,4),(8,6,5),(8,7,5),(8,8,5),
58:(8,0,2),(7,0,2),(7,1,2),(7,2,2),(7,3,2),(6,3,2),(6,4,2),(6,5,2),(6,5,2),(7,5,2),
59:(2,5,1),(2,4,1),(2,4,2),(2,4,3),(2,4,4),(2,4,5),(3,4,5),(3,4,6),(4,4,6),(5,4,6),(6,4,6),(6,4,5),
60:(6,8,3),(5,8,3),(4,8,3),(3,8,3),(2,8,3),(1,8,3),(1,8,2),(1,8,1),(1,7,1),(1,6,1),
61:(7,8,5),(6,8,5),(5,8,5),(4,8,5),(4,8,4),(4,8,3),
62:(8,2,0),(7,2,0),(6,2,0),(5,2,0),(4,2,0),(3,2,0),(2,2,0),(1,2,0),(1,3,0),(0,3,0),(0,4,0),(0,5,0),(1,5,0),
63:(7,1,3),(6,1,3),(5,1,3),(4,1,3),(3,1,3),(2,1,3),(2,2,3),(2,2,4),(2,2,5),(2,3,5),(2,4,5),(2,5,5),
64:(5,5,3),(6,5,3),(7,5,3),(7,5,4),(7,6,4),(7,7,4),(7,8,4),
65:(7,8,1),(8,8,1),(8,8,2),(8,7,2),(8,6,2),(8,5,2),(8,4,2),(8,3,2),(8,2,2),(8,1,2),(8,1,3),
66:(8,4,3),(7,4,3),(6,4,3),(6,3,3),(6,2,3),
67:(3,1,1),
68:(2,1,3),(2,1,2),(2,1,2),(3,1,2),(3,1,2),(4,1,2),(4,1,1),(5,1,1),(6,1,1),(6,1,0),
69:(5,1,4),(5,1,3),(5,2,3),(5,2,2),(5,1,2),
70:(6,7,2),(7,7,2),(7,6,2),(7,6,3),(7,5,3),
71:(2,1,5),(1,1,5),(0,1,5),(0,2,5),(0,3,5),(0,4,5),(0,5,5),(0,6,5),(0,7,5),
72:(6,8,4),(5,8,4),(5,7,4),
73:(4,5,5),(4,5,4),(3,5,4),(2,5,4),(2,5,3),(2,5,2),(2,5,1),(2,5,0),(2,4,0),(2,3,0),(2,2,0),
74:(1,4,2),(2,4,2),(3,4,2),(3,4,3),(3,3,3),(3,2,3),
75:(3,5,0),(4,5,0),(5,5,0),(6,5,0),(7,5,0),(8,5,0),(8,5,1),
76:(4,2,5),(3,2,5),(2,2,5),(2,2,4),(2,1,4),(2,0,4),
77:(7,6,2),(6,6,2),(5,6,2),(5,5,2),(5,4,2),(5,4,3),(4,4,3),(3,4,3),(3,3,3),(3,3,4),(3,2,4),(3,1,4),(3,0,4),
78:(5,0,2),(6,0,2),(7,0,2),(7,0,3),(7,0,4),(7,1,4),
79:(2,0,0),(3,0,0),(3,1,0),
80:(3,6,1),(2,6,1),(2,6,2),(2,6,3),(2,6,4),(2,5,4),
81:(3,1,3),(4,1,3),(4,2,3),(5,2,3),(5,2,2),(6,2,2),(7,2,2),(8,2,2),(8,2,1),(8,2,0),(8,3,0),(8,4,0),
82:(3,0,2),(4,0,2),(5,0,2),(6,0,2),(7,0,2),(8,0,2),(8,0,3),(8,0,4),
83:(3,6,2),(4,6,2),(4,5,2),(4,4,2),
84:(8,8,5),(7,8,5),(6,8,5),(5,8,5),(4,8,5),(4,8,4),(3,8,4),(2,8,4),(2,8,3),(1,8,3),(0,8,3),(0,7,3),(0,6,3),(0,5,3),(0,5,2),(0,4,2),
85:(5,4,4),(4,4,4),(4,4,3),(4,3,3),
86:(6,6,0),(5,6,0),(4,6,0),(4,6,1),(4,7,1),(4,7,2),(3,7,2),(3,8,2),(2,8,2),(2,8,3),(2,8,4),
87:(0,8,0),(1,8,0),(2,8,0),(3,8,0),(3,8,1),(3,7,1),(3,6,1),(3,5,1),(3,5,2),(3,4,2),(3,3,2),(4,3,2),(4,2,2),(4,2,3),(4,1,3),(4,0,3),
88:(2,1,2),(3,1,2),(3,1,3),(3,2,3),(4,2,3),(5,2,3),(5,2,4),(6,2,4),(7,2,4),(7,3,4),(7,3,5),
89:(3,3,0),(4,3,0),(4,3,0),(4,3,-1),(4,3,-1),(4,3,0),
90:(4,1,2),(4,1,1),(5,1,1),(6,1,1),(7,1,1),(7,1,0),(7,0,0),
91:(7,3,3),(6,3,3),(5,3,3),(5,4,3),(4,4,3),(3,4,3),(2,4,3),(1,4,3),(1,5,3),(1,6,3),
92:(0,7,1),(1,7,1),(1,7,0),(2,7,0),
93:(3,8,3),(4,8,3),(4,8,2),(5,8,2),(5,7,2),(5,7,1),(5,6,1),(6,6,1),(7,6,1),(7,5,1),(7,4,1),(8,4,1),(8,3,1),(8,2,1),(8,1,1),(8,1,0),(8,0,0),
94:(0,6,5),(1,6,5),(2,6,5),(3,6,5),(3,6,4),(3,7,4),(3,7,3),
95:(7,6,1),(6,6,1),(6,6,1),(6,5,1),(6,4,1),(6,3,1),(6,2,1),(5,2,1),(5,1,1),(5,0,1),
96:(3,1,0),(4,1,0),(5,1,0),(5,1,1),(5,2,1),(5,2,2),(5,2,3),(5,3,3),(5,4,3),
97:(1,7,0),(2,7,0),(3,7,0),(4,7,0),(5,7,0),(6,7,0),(7,7,0),(7,6,0),(7,5,0),(7,4,0),(7,3,0),(7,2,0),(8,2,0),
98:(7,7,1),(6,7,1),(5,7,1),(4,7,1),(3,7,1),(2,7,1),(2,7,2),(2,6,2),(2,5,2),(2,4,2),(2,3,2),(2,2,2),(2,2,3),
99:(8,8,0),(7,8,0),(6,8,0),(5,8,0),(4,8,0),(3,8,0),(2,8,0),(1,8,0),(1,8,1),(1,8,2),(1,8,3),(1,7,3),(1,7,4),(1,6,4),(1,5,4),(1,4,4),(1,3,4),
100:(5,5,2),(5,5,3),(4,5,3),(3,5,3),
101:(0,5,1),(0,5,2),(0,6,2),
102:(6,4,5),(6,4,4),(6,3,4),(6,3,4),(6,3,3),
103:(1,6,4),(2,6,4),(3,6,4),(3,5,4),(3,4,4),(3,3,4),(3,3,3),(3,3,2),(4,3,2),(4,2,2),(4,2,1),(4,2,0),
104:(3,4,5),(4,4,5),(4,4,4),(4,4,4),(4,5,4),(4,5,3),(4,5,2),(4,5,1),(4,6,1),(4,6,0),
105:(2,7,2),(3,7,2),(4,7,2),(5,7,2),(6,7,2),(6,7,1),(6,8,1),
106:(6,0,1),(5,0,1),(4,0,1),(3,0,1),(2,0,1),(2,0,0),(1,0,0),(0,0,0),(0,1,0),(0,2,0),(0,3,0),(0,4,0),(0,5,0),
107:(8,3,5),(7,3,5),(6,3,5),(5,3,5),(4,3,5),(3,3,5),(2,3,5),(1,3,5),(1,3,4),(1,3,3),(1,3,2),(1,4,2),
108:(0,8,1),(0,7,1),(0,6,1),(0,5,1),(0,4,1),(0,3,1),(0,2,1),(0,1,1),(0,1,1),(0,1,1),(0,1,0),
109:(1,2,3),(1,2,2),(1,3,2),(1,4,2),(1,5,2),(1,5,1),
110:(7,3,4),(7,3,3),(7,4,3),
111:(4,0,5),(4,1,5),(4,2,5),(4,2,5),(5,2,5),(5,3,5),(5,3,5),(5,3,4),(5,4,4),(5,5,4),(5,5,3),(5,5,2),(5,5,1),(5,6,1),(5,7,1),(5,8,1),
112:(2,3,3),(3,3,3),(4,3,3),(5,3,3),(5,4,3),(6,4,3),(6,4,3),(6,4,2),(6,4,1),(7,4,1),(7,4,0),
113:(2,6,4),(2,5,4),(2,4,4),(3,4,4),(4,4,4),(5,4,4),(6,4,4),(6,3,4),(5,3,4),(5,3,3),
114:(3,7,1),(2,7,1),(1,7,1),(1,7,2),(1,7,3),(1,6,3),(1,6,4),(1,6,5),(1,5,5),(1,4,5),(1,3,5),(1,2,5),
115:(2,2,1),(3,2,1),(4,2,1),(4,2,2),(4,3,2),(5,3,2),(6,3,2),(7,3,2),(8,3,2),(8,3,3),(8,3,4),(8,4,4),(8,5,4),(8,6,4),
116:(8,6,0),(8,6,1),(8,6,2),(8,6,3),(7,6,3),(7,6,4),(7,5,4),(7,4,4),(7,3,4),(6,3,4),(6,2,4),
117:(3,5,4),(3,6,4),(4,6,4),(4,6,3),(4,6,2),(5,6,2),(6,6,2),(6,7,2),(7,7,2),(7,8,2),(7,9,2),(8,9,2),(8,9,1),(8,8,1),
118:(3,7,0),(3,6,0),(3,6,1),(3,6,2),(3,5,2),(3,4,2),(3,3,2),(4,3,2),(4,2,2),(4,1,2),
119:(2,1,0),(3,1,0),(4,1,0),(5,1,0),(6,1,0),(6,1,1),(7,1,1),(8,1,1),(8,1,2),(8,1,3),(8,1,4),(8,2,4),(8,3,4),(8,4,4),(8,5,4),(8,5,5),(8,6,5),(8,7,5),
120:(1,7,1),(1,7,0),(1,6,0),(1,5,0),(1,4,0),
121:(0,1,0),(1,1,0),(1,1,1),(1,1,2),(1,1,3),(1,1,4),(1,2,4),(1,3,4),(1,4,4),(1,5,4),(1,5,5),
122:(6,5,2),(7,5,2),(7,4,2),(7,3,2),(7,3,3),(7,2,3),(7,1,3),(7,0,3),(7,0,4),
123:(2,5,2),(2,5,1),(2,6,1),
124:(3,4,1),(4,4,1),(5,4,1),(5,4,1),(5,3,1),(5,2,1),(5,2,0),(5,1,0),
125:(1,5,2),(1,6,2),(1,6,2),(2,6,2),(3,6,2),(4,6,2),
126:(7,4,4),(7,5,4),(6,5,4),(5,5,4),(5,5,3),(5,6,3),(4,6,3),(4,7,3),(4,7,2),(4,7,1),(4,7,0),
127:(3,2,0),(3,3,0),(3,3,1),(3,4,1),(4,4,1),(5,4,1),(6,4,1),(7,4,1),(8,4,1),(8,4,2),(8,5,2),
128:(0,5,4),(1,5,4),(1,5,3),(1,5,2),(1,5,1),(1,5,0),(1,6,0),(1,7,0),(1,8,0),(2,8,0),
129:(8,5,0),(8,5,1),(8,6,1),(8,7,1),(8,8,1),(8,8,2),
130:(2,4,5),(3,4,5),(4,4,5),(4,5,5),(4,6,5),(4,6,4),
131:(0,4,2),(1,4,2),(1,4,3),(1,3,3),(1,2,3),(1,1,3),(1,1,4),(1,0,4),
132:(5,6,3),(4,6,3),(3,6,3),(3,6,4),(3,5,4),(3,4,4),(3,3,4),(3,2,4),(3,1,4),(2,1,4),(2,1,3),(1,1,3),(1,0,3),
133:(3,8,4),(3,8,3),(3,8,2),(2,8,2),(1,8,2),(1,7,2),(1,6,2),(1,5,2),(1,4,2),(1,3,2),(1,3,1),(1,3,0),(1,2,0),(1,1,0),(1,0,0),
134:(1,1,5),(1,1,4),(2,1,4),(2,0,4),(2,0,3),(2,0,2),(3,0,2),(4,0,2),(5,0,2),(5,0,3),
135:(5,7,5),(5,6,5),(5,5,5),(5,5,5),(4,5,5),(3,5,5),(3,5,4),(3,4,4),(3,4,3),(3,4,3),(3,4,2),
136:(8,5,2),(8,6,2),(8,7,2),(7,7,2),(7,7,2),(6,7,2),(5,7,2),(5,7,1),(4,7,1),(3,7,1),(2,7,1),(2,7,2),
137:(5,3,4),(5,3,3),(5,3,2),(4,3,2),(3,3,2),(2,3,2),(2,4,2),(2,5,2),(2,5,1),(2,5,1),(2,5,2),
138:(1,0,1),(2,0,1),(3,0,1),(3,0,2),(4,0,2),(5,0,2),(6,0,2),(7,0,2),(7,0,3),(7,1,3),(7,2,3),(7,2,4),(8,2,4),(8,3,4),(8,4,4),
139:(0,6,0),(1,6,0),(1,6,1),(1,6,2),(2,6,2),(3,6,2),(3,5,2),(4,5,2),(5,5,2),(6,5,2),(6,5,3),(6,6,3),(7,6,3),(7,7,3),
140:(0,0,2),(1,0,2),(1,0,1),
141:(5,4,2),(4,4,2),(4,4,1),(4,4,0),(3,4,0),(2,4,0),(2,5,0),(2,6,0),
142:(5,6,0),(5,6,1),(5,6,1),(6,6,1),(7,6,1),(8,6,1),(8,7,1),
143:(2,8,5),(2,8,4),(2,7,4),(2,6,4),(2,5,4),(2,4,4),(2,3,4),(2,3,3),(2,3,2),(2,3,1),(2,2,1),(1,2,1),
144:(4,2,4),(3,2,4),(3,2,5),(2,2,5),(1,2,5),(0,2,5),(0,3,5),
145:(6,4,3),(5,4,3),(5,4,4),(5,4,5),(5,5,5),(4,5,5),
146:(0,3,5),(1,3,5),(2,3,5),(3,3,5),(3,3,4),(3,3,3),(3,4,3),(3,4,2),(3,3,2),(4,3,2),(5,3,2),(6,3,2),(7,3,2),(8,3,2),(8,4,2),
147:(5,8,2),(4,8,2),(4,8,1),(3,8,1),(2,8,1),(1,8,1),(1,7,1),(1,6,1),(0,6,1),(0,5,1),(0,4,1),(0,3,1),(0,2,1),(0,1,1),(1,1,1),
148:(5,0,5),(5,0,4),(5,0,3),(5,0,2),(5,0,1),(5,1,1),(5,2,1),(5,2,0),(5,3,0),(5,4,0),(4,4,0),
149:(4,0,0),(4,0,-1),(3,0,-1),(3,1,-1),(3,2,-1),(3,3,-1),(3,4,-1),(3,5,-1),(3,5,0),(3,5,1),(3,5,2),(3,6,2),(2,6,2),(1,6,2),(1,7,2),(1,7,3),(1,7,4),
150:(7,0,5),(6,0,5),(6,0,5),(6,0,4),(5,0,4),(5,0,3),(5,1,3),(5,2,3),(5,2,2),(5,3,2),(5,3,1),(5,3,0),(5,4,0),(5,5,0),(5,6,0),
151:(3,8,5),(4,8,5),(4,7,5),(5,7,5),(6,7,5),(6,7,4),(6,6,4),(6,5,4),(6,5,4),(6,4,4),(6,3,4),
152:(4,4,4),(4,4,3),(4,4,2),(3,4,2),(2,4,2),(1,4,2),(1,5,2),(0,5,2),(1,5,2),(1,6,2),(1,7,2),(1,7,1),
153:(8,5,5),(7,5,5),(7,6,5),
154:(0,4,5),(1,4,5),(2,4,5),(3,4,5),(4,4,5),(4,4,4),(5,4,4),(6,4,4),(6,4,3),(6,4,2),(6,4,1),(7,4,1),(7,5,1),(7,5,0),(7,6,0),
155:(7,5,2),(7,6,2),(7,6,1),(7,6,0),(6,6,0),(5,6,0),(4,6,0),(3,6,0),(3,6,1),
156:(1,8,5),(2,8,5),(3,8,5),(3,7,5),(3,6,5),(3,6,5),(4,6,5),(5,6,5),(6,6,5),(6,5,5),(7,5,5),(8,5,5),(8,4,5),
157:(7,5,0),(7,5,0),(7,5,1),(7,5,2),(7,6,2),
158:(4,7,5),(4,7,4),(4,7,4),(4,8,4),(3,8,4),(2,8,4),(1,8,4),
159:(4,7,2),(4,7,1),(4,7,0),(4,6,0),(4,5,0),(4,4,0),(5,4,0),(5,3,0),(6,3,0),(6,2,0),
160:(8,6,5),(8,6,4),(8,6,3),(8,5,3),(8,4,3),(8,3,3),(7,3,3),(7,2,3),(7,2,2),(6,2,2),(6,1,2),
161:(1,0,0),(2,0,0),(2,0,1),(2,0,2),(3,0,2),(4,0,2),(5,0,2),(5,0,3),(5,0,4),(5,1,4),(5,2,4),(5,3,4),(5,4,4),(6,4,4),(6,5,4),(6,5,5),(6,6,5),(6,7,5),
