soc=1361
lb_soc=948
makespan=17
lb_makespan=13
comp_time=2262
highLevelExpanded=33
lowLevelExpanded=9641
solution=
0:(1,8,2),(2,8,2),(3,8,2),(4,8,2),(5,8,2),(6,8,2),(6,7,2),(6,6,2),(7,6,2),(7,5,2),(7,5,3),(7,4,3),(6,4,3),
1:(4,4,0),(5,4,0),(5,4,1),(5,4,2),(5,4,3),(5,4,4),(4,4,4),(4,3,4),
2:(5,1,2),(6,1,2),(7,1,2),(7,1,1),(7,0,1),
3:(4,3,5),(4,3,4),(4,3,3),(4,3,2),(4,4,2),
4:(5,6,2),(4,6,2),(3,6,2),(2,6,2),(1,6,2),(0,6,2),(0,6,3),(0,6,4),(0,7,4),(0,8,4),
5:(7,0,5),(6,0,5),(5,0,5),(4,0,5),(3,0,5),(2,0,5),(2,0,4),(2,0,3),(2,0,2),(2,1,2),(2,2,2),
6:(1,2,5),(2,2,5),(3,2,5),(4,2,5),(4,2,4),(4,2,3),(5,2,3),(5,2,2),(6,2,2),
7:(8,4,3),(7,4,3),(6,4,3),(5,4,3),(5,4,4),(4,4,4),(4,3,4),(4,2,4),(4,1,4),(3,1,4),(3,1,5),(2,1,5),(2,0,5),(1,0,5),(0,0,5),
8:(5,6,0),(6,6,0),(7,6,0),(7,6,1),(7,6,2),(7,6,3),(7,6,4),(7,5,4),(7,4,4),
9:(6,5,4),(6,4,4),(6,3,4),(6,3,3),(6,2,3),
10:(1,1,2),(2,1,2),(2,1,3),(2,2,3),(2,3,3),
11:(6,0,0),(5,0,0),(4,0,0),(3,0,0),(2,0,0),(1,0,0),(1,1,0),(1,1,1),(1,1,2),(1,2,2),(1,3,2),(1,4,2),(1,5,2),
12:(2,1,2),(2,2,2),(2,3,2),(2,4,2),
13:(8,2,0),(7,2,0),(6,2,0),(5,2,0),(4,2,0),(3,2,0),(2,2,0),(2,2,1),(2,2,2),(2,2,3),(2,2,4),
14:(6,8,0),(6,8,1),(6,8,2),(6,7,2),(6,6,2),(6,5,2),(6,4,2),
15:(6,6,3),(5,6,3),(4,6,3),(3,6,3),(3,6,2),(3,5,2),(3,4,2),(3,3,2),(3,2,2),(3,1,2),(3,0,2),(3,-1,2),(2,-1,2),(1,-1,2),(1,0,2),
16:(5,2,3),(4,2,3),(4,2,2),(4,2,1),(4,3,1),
17:(1,4,0),(2,4,0),(2,4,1),(2,5,1),(2,5,2),(2,6,2),
18:(8,7,5),(7,7,5),(7,7,4),(7,7,3),(7,7,2),(7,7,1),(7,7,0),(7,6,0),(7,5,0),
19:(1,5,0),(2,5,0),(3,5,0),(4,5,0),(5,5,0),(5,5,1),(6,5,1),(6,5,2),(6,6,2),(6,6,3),
20:(8,6,5),(7,6,5),(6,6,5),(5,6,5),(4,6,5),(4,5,5),(4,4,5),(4,3,5),(4,2,5),(4,2,4),(4,2,3),(4,2,2),(4,2,1),(4,1,1),
21:(3,6,3),(3,6,2),(3,7,2),(3,8,2),
22:(6,0,1),(5,0,1),(4,0,1),(3,0,1),(2,0,1),(2,0,0),(2,1,0),(2,2,0),(2,3,0),(2,4,0),
23:(6,3,2),(7,3,2),(8,3,2),(8,3,3),(8,3,4),(8,3,5),(8,2,5),(8,1,5),(8,0,5),
24:(7,3,1),(6,3,1),(5,3,1),(5,3,0),(5,4,0),(5,5,0),(5,6,0),(5,7,0),(5,8,0),
25:(6,1,3),(5,1,3),(4,1,3),(3,1,3),(3,2,3),(3,3,3),(3,4,3),(3,5,3),(3,5,2),(3,6,2),(3,7,2),
26:(8,1,1),(8,1,2),(8,1,3),
27:(6,2,3),(7,2,3),(7,2,2),(7,1,2),(7,0,2),
28:(6,4,1),(5,4,1),(5,4,2),(5,5,2),(5,6,2),(5,7,2),(5,8,2),
29:(6,1,4),(5,1,4),(5,1,3),(5,2,3),(5,2,2),(5,3,2),(5,3,1),(5,4,1),(5,5,1),(4,5,1),(4,6,1),(3,6,1),(2,6,1),(2,7,1),(1,7,1),(0,7,1),(0,8,1),
30:(8,5,0),(8,5,1),(8,5,2),(8,5,3),(8,6,3),(8,6,3),(7,6,3),
31:(0,4,4),(1,4,4),(2,4,4),(3,4,4),(3,4,3),(3,4,2),(3,4,1),(4,4,1),(5,4,1),(6,4,1),(7,4,1),(7,5,1),(7,6,1),(7,7,1),(7,7,0),
32:(3,8,3),(4,8,3),(5,8,3),(6,8,3),(7,8,3),(8,8,3),(8,7,3),(8,7,4),(8,7,5),(8,6,5),(8,5,5),(8,4,5),
33:(4,4,4),(4,4,3),
34:(6,3,3),(6,3,2),(6,2,2),(6,1,2),
35:(5,4,4),(5,4,5),(6,4,5),(7,4,5),(8,4,5),(8,4,5),(8,3,5),
36:(0,6,5),(1,6,5),(2,6,5),(3,6,5),(3,6,4),(3,6,3),(3,6,2),(3,5,2),(3,4,2),(3,4,1),(3,3,1),
37:(0,6,4),(1,6,4),(2,6,4),(3,6,4),(4,6,4),(5,6,4),(6,6,4),(7,6,4),(7,5,4),(8,5,4),(8,4,4),(8,3,4),(8,3,3),(8,3,2),(8,3,1),(8,3,0),(8,2,0),
38:(6,8,4),(5,8,4),(4,8,4),(3,8,4),(3,7,4),(3,6,4),(3,5,4),(3,4,4),(3,4,3),(3,3,3),(3,2,3),(2,2,3),(2,1,3),
39:(5,5,3),(5,5,2),(5,5,1),(4,5,1),(3,5,1),(2,5,1),(2,5,0),
40:(0,1,4),(1,1,4),(2,1,4),(2,1,3),(3,1,3),(3,2,3),(3,3,3),(3,4,3),(3,5,3),(3,6,3),
41:(6,6,2),(6,6,3),(6,6,4),(6,7,4),
42:(3,2,3),(3,2,4),(4,2,4),(4,1,4),(4,0,4),
43:(5,1,1),(4,1,1),(3,1,1),(2,1,1),(1,1,1),(1,0,1),
44:(1,7,1),(2,7,1),(3,7,1),(4,7,1),(5,7,1),(6,7,1),(7,7,1),(8,7,1),(8,7,2),(8,6,2),(8,5,2),
45:(4,8,3),(4,7,3),(3,7,3),(2,7,3),(1,7,3),(1,6,3),(1,5,3),(1,5,3),(1,4,3),(1,3,3),(1,2,3),(1,2,2),
46:(0,2,1),(1,2,1),(2,2,1),(3,2,1),(4,2,1),(5,2,1),(6,2,1),(7,2,1),(8,2,1),(8,2,2),(8,2,3),(8,2,4),(8,3,4),(8,4,4),(8,5,4),
47:(0,1,2),(1,1,2),(2,1,2),(3,1,2),(4,1,2),(4,1,3),(4,1,4),(4,1,5),
48:(7,1,4),(6,1,4),(5,1,4),(5,1,3),(5,2,3),(5,3,3),(5,4,3),(5,4,3),(5,5,3),
49:(6,6,4),(5,6,4),(4,6,4),(4,6,3),(3,6,3),(3,6,2),(3,5,2),(3,4,2),(3,3,2),(3,2,2),(3,1,2),(3,0,2),
50:(6,2,5),(5,2,5),(5,2,4),(5,1,4),(5,1,3),(5,1,2),(4,1,2),(4,1,1),(4,1,0),(3,1,0),(2,1,0),
51:(6,8,2),(5,8,2),(4,8,2),(4,7,2),(3,7,2),(2,7,2),(1,7,2),(1,7,3),(1,6,3),(1,5,3),(1,4,3),(1,3,3),(1,2,3),(1,1,3),(1,0,3),
52:(0,8,4),(1,8,4),(2,8,4),(2,8,3),(2,8,2),(2,8,1),(3,8,1),(4,8,1),(5,8,1),(5,7,1),(5,7,0),(5,6,0),(5,5,0),(5,4,0),(5,3,0),
53:(4,2,2),(3,2,2),(2,2,2),(2,2,1),(2,1,1),
54:(6,6,1),(6,5,1),(6,5,2),(6,5,2),(5,5,2),
55:(4,1,4),(4,1,3),(4,1,2),(5,1,2),(5,1,1),
56:(1,3,2),(2,3,2),(3,3,2),(3,3,3),(3,3,4),(3,3,5),(3,4,5),(3,5,5),(3,6,5),
57:(8,3,2),(8,3,3),(7,3,3),(7,3,4),(6,3,4),(5,3,4),(5,4,4),(4,4,4),(4,4,5),(4,5,5),(4,6,5),(4,7,5),(3,7,5),
58:(2,1,3),(3,1,3),(3,1,2),(4,1,2),(4,0,2),
59:(0,6,3),(1,6,3),(2,6,3),(2,5,3),(2,5,4),(3,5,4),(4,5,4),(5,5,4),(6,5,4),(7,5,4),(8,5,4),(8,5,3),
60:(3,0,3),(2,0,3),(2,0,4),(2,1,4),
61:(8,2,1),(7,2,1),(6,2,1),(5,2,1),(5,3,1),(5,4,1),(4,4,1),(4,5,1),(4,5,2),(4,6,2),(4,6,3),
62:(0,0,3),(0,1,3),(0,2,3),(0,3,3),(0,4,3),(0,5,3),(0,5,3),(0,6,3),(0,6,3),(1,6,3),
63:(7,5,1),(7,6,1),(6,6,1),(5,6,1),(4,6,1),(3,6,1),(2,6,1),(1,6,1),(0,6,1),(0,6,2),(0,7,2),
64:(2,6,4),(3,6,4),(3,5,4),(4,5,4),(4,5,4),(4,5,4),(4,5,5),(4,5,4),
65:(2,2,5),(3,2,5),(3,3,5),(4,3,5),(4,4,5),(5,4,5),(5,5,5),(5,6,5),(5,7,5),(5,8,5),
66:(8,5,5),(8,5,4),(8,6,4),
67:(0,8,5),(1,8,5),(2,8,5),(3,8,5),(4,8,5),(5,8,5),(6,8,5),(6,7,5),(6,6,5),(6,6,4),(6,5,4),(6,4,4),(6,3,4),(6,3,3),(6,3,2),
68:(8,3,5),(7,3,5),(6,3,5),(5,3,5),(5,3,4),(5,2,4),(4,2,4),(3,2,4),(3,2,3),(3,1,3),(3,0,3),
69:(6,4,3),(5,4,3),(5,4,4),(5,4,5),(5,3,5),
70:(8,5,1),(7,5,1),(6,5,1),(5,5,1),(4,5,1),(3,5,1),(2,5,1),(2,6,1),(2,6,0),(2,7,0),(2,8,0),
71:(2,3,0),(3,3,0),(3,3,1),(3,4,1),(3,4,1),(3,4,1),(3,5,1),
72:(3,5,3),(3,5,4),(4,5,4),(5,5,4),(6,5,4),(7,5,4),(8,5,4),(8,4,4),(8,3,4),(8,2,4),(8,2,5),(8,1,5),
73:(8,6,0),(7,6,0),(7,6,1),(6,6,1),(5,6,1),(5,6,2),(5,6,3),(5,6,4),(5,6,5),(5,5,5),(5,4,5),(4,4,5),(4,3,5),(4,2,5),
74:(5,8,2),(5,8,1),(6,8,1),(7,8,1),(7,7,1),(7,6,1),(7,5,1),(7,5,0),(7,4,0),(8,4,0),
75:(0,2,2),(1,2,2),(1,2,3),(1,2,4),(2,2,4),(2,3,4),(2,4,4),
76:(8,4,4),(7,4,4),(7,4,5),(7,5,5),(7,6,5),
77:(2,7,4),(3,7,4),(3,8,4),(3,8,3),
78:(8,2,5),(7,2,5),(6,2,5),(5,2,5),(4,2,5),(4,2,4),(3,2,4),(3,2,3),(3,3,3),(3,3,2),(3,4,2),(3,5,2),(2,5,2),(2,5,1),(2,6,1),(2,7,1),(1,7,1),(1,8,1),
79:(1,5,5),(2,5,5),(2,5,5),(2,6,5),(2,7,5),
80:(1,3,5),(1,3,4),(1,3,3),(1,3,2),(1,3,1),(1,4,1),(1,5,1),(1,5,1),(1,6,1),
81:(4,5,1),(3,5,1),(3,5,2),(3,5,2),(3,5,3),(3,5,3),(3,5,3),(3,5,4),
82:(4,3,2),(4,3,1),(4,2,1),(4,1,1),(3,1,1),
83:(4,4,1),(3,4,1),(3,4,2),(3,4,3),(2,4,3),(1,4,3),(0,4,3),(0,4,4),(0,4,5),(0,5,5),(0,6,5),(0,7,5),
84:(0,4,2),(1,4,2),(2,4,2),(3,4,2),(3,3,2),(4,3,2),(4,3,3),(4,2,3),(4,2,4),(4,1,4),
85:(7,6,1),(7,6,2),(7,6,3),(7,6,4),(7,5,4),(7,5,5),(7,4,5),(7,3,5),
86:(8,2,4),(8,2,3),(8,2,2),(8,2,1),(8,3,1),(8,4,1),(8,5,1),(8,6,1),(8,7,1),(8,8,1),
87:(2,4,3),(2,4,2),(2,5,2),(2,5,2),(3,5,2),(4,5,2),(4,5,1),(5,5,1),(6,5,1),(7,5,1),(7,6,1),(7,6,0),
88:(4,7,3),(4,7,4),(4,7,5),(4,6,5),(4,5,5),(4,4,5),(4,3,5),(3,3,5),(3,2,5),
89:(2,7,2),(3,7,2),(4,7,2),(5,7,2),(6,7,2),(6,6,2),(6,6,1),(6,6,0),(6,5,0),
90:(5,0,4),(6,0,4),(6,0,5),(6,1,5),(6,2,5),(6,3,5),(6,4,5),(6,5,5),(6,5,5),(6,6,5),
91:(6,5,3),(7,5,3),(8,5,3),(8,4,3),
92:(1,5,2),(1,5,3),(1,5,4),(1,5,5),(1,6,5),
93:(3,0,1),(2,0,1),(1,0,1),(0,0,1),(0,0,0),
94:(3,4,5),(4,4,5),(5,4,5),(6,4,5),(6,4,4),(6,3,4),(6,2,4),(6,1,4),(6,1,3),(6,0,3),(6,0,2),(6,0,1),(6,0,0),
95:(0,3,3),(0,3,4),(0,3,5),(0,2,5),(1,2,5),(2,2,5),(3,2,5),(4,2,5),(5,2,5),(6,2,5),(6,1,5),(6,0,5),
96:(0,6,1),(1,6,1),(2,6,1),(2,7,1),(2,7,2),(2,7,3),(2,7,4),
97:(5,8,5),(5,7,5),(5,7,4),(4,7,4),(4,7,3),(3,7,3),(3,7,2),(3,7,1),(3,7,0),(3,7,0),(2,7,0),
98:(2,0,3),(2,0,2),(3,0,2),(4,0,2),(5,0,2),(6,0,2),(6,0,1),(6,1,1),(7,1,1),(8,1,1),(8,2,1),(8,3,1),(8,4,1),(8,5,1),(8,6,1),
99:(8,5,2),(7,5,2),(7,5,1),(6,5,1),(5,5,1),(4,5,1),(4,5,0),(3,5,0),(3,4,0),(3,3,0),(2,3,0),(1,3,0),
100:(3,5,0),(3,4,0),(3,3,0),(3,3,0),(3,3,1),(3,3,2),(3,3,2),(3,3,3),(3,3,4),
101:(2,7,5),(3,7,5),(3,6,5),(3,5,5),(3,4,5),(3,4,4),(3,3,4),(3,3,4),(3,2,4),(3,2,3),(3,2,2),(3,2,1),(3,2,1),(4,2,1),
102:(2,6,3),(2,6,4),(2,5,4),(1,5,4),(1,4,4),
103:(0,4,5),(1,4,5),(2,4,5),(2,5,5),(2,6,5),(3,6,5),(4,6,5),(4,6,4),(5,6,4),(5,7,4),(5,7,3),(5,7,2),
104:(3,0,4),(2,0,4),(1,0,4),(0,0,4),(0,1,4),(0,2,4),
105:(0,7,2),(1,7,2),(1,6,2),(1,5,2),(1,4,2),(1,3,2),(1,2,2),(1,1,2),(1,1,3),(2,1,3),(3,1,3),(4,1,3),(5,1,3),(5,1,2),
106:(5,5,2),(5,5,1),(5,5,0),(6,5,0),(6,6,0),(6,7,0),(6,8,0),(7,8,0),
107:(7,0,2),(6,0,2),(5,0,2),(5,0,3),(4,0,3),(3,0,3),(2,0,3),(1,0,3),(0,0,3),(0,0,4),
108:(5,7,3),(5,7,3),(4,7,3),(3,7,3),(2,7,3),(1,7,3),(0,7,3),(0,7,2),(0,6,2),(0,5,2),(0,4,2),(0,3,2),(0,2,2),(0,2,1),(0,1,1),
109:(5,7,0),(6,7,0),(6,6,0),(6,6,0),(6,6,1),(6,5,1),(6,4,1),(6,3,1),
110:(7,1,2),(7,1,3),(6,1,3),(6,0,3),(5,0,3),(4,0,3),
111:(2,5,4),(2,4,4),(3,4,4),(3,4,5),(3,3,5),(3,2,5),(3,1,5),(3,0,5),(4,0,5),
112:(1,3,3),(2,3,3),(3,3,3),(4,3,3),(5,3,3),(6,3,3),(7,3,3),(7,4,3),(7,5,3),(8,5,3),(8,6,3),(8,6,2),(8,7,2),(8,8,2),(8,9,2),(8,9,1),(8,9,0),(8,8,0),
113:(3,7,1),(4,7,1),(4,6,1),(4,6,2),(4,6,3),(5,6,3),(6,6,3),(6,5,3),(6,4,3),(6,4,4),(6,3,4),(6,2,4),(6,1,4),
114:(7,0,0),(6,0,0),(5,0,0),(4,0,0),(3,0,0),(3,0,1),(2,0,1),(2,0,2),(1,0,2),(1,0,3),(1,0,4),(1,0,5),(1,1,5),(1,2,5),
115:(5,8,1),(5,7,1),(6,7,1),(7,7,1),(7,6,1),(7,5,1),(7,4,1),(7,3,1),(7,2,1),
116:(6,1,1),(5,1,1),(4,1,1),(3,1,1),(3,1,2),(2,1,2),(1,1,2),(0,1,2),(0,1,3),(0,2,3),(0,3,3),(0,4,3),(0,5,3),(0,5,4),(0,6,4),
117:(5,4,1),(4,4,1),(3,4,1),(2,4,1),
118:(1,6,0),(2,6,0),(3,6,0),(4,6,0),(5,6,0),(6,6,0),(7,6,0),(7,6,1),(8,6,1),(8,7,1),(8,7,2),(8,7,3),(8,7,4),(8,7,5),(8,6,5),
119:(2,7,0),(1,7,0),(1,7,1),(1,7,2),(1,7,2),(1,7,2),(1,7,3),(1,7,4),
120:(2,0,5),(2,1,5),(2,2,5),(2,3,5),
121:(2,1,5),(2,1,4),(2,2,4),(2,2,4),(2,2,3),(2,2,2),(3,2,2),(3,2,1),(3,2,0),
122:(0,5,0),(0,5,1),(0,5,2),(0,5,3),(1,5,3),(2,5,3),(2,5,3),(2,4,3),
123:(4,7,5),(4,6,5),(4,5,5),(4,5,5),(3,5,5),(2,5,5),(1,5,5),(0,5,5),(0,5,4),(0,5,3),(0,5,2),(0,5,1),(0,5,0),
124:(4,0,5),(4,1,5),(4,1,6),(4,2,6),(4,3,6),(4,4,6),(4,5,6),(4,5,5),(4,6,5),(4,6,4),(3,6,4),
125:(7,8,1),(8,8,1),(8,8,0),(8,7,0),
126:(3,1,5),(3,1,4),(3,1,3),(3,2,3),(4,2,3),(5,2,3),(5,2,2),(5,2,1),(5,3,1),
127:(6,2,4),(7,2,4),(8,2,4),(8,2,3),(8,2,2),(8,2,1),(8,1,1),(8,0,1),
128:(3,3,5),(2,3,5),(1,3,5),(1,3,4),(1,3,3),(1,3,3),(1,3,2),(1,3,1),(1,3,0),(1,4,0),(1,5,0),
129:(1,0,0),(1,1,0),(1,2,0),(1,3,0),(1,4,0),(1,5,0),(1,6,0),(1,7,0),(1,7,1),(1,7,2),(1,7,3),(2,7,3),(3,7,3),
130:(1,4,2),(1,4,1),(1,5,1),(1,6,1),(2,6,1),(2,7,1),(2,8,1),
131:(3,0,2),(3,1,2),(3,2,2),(3,3,2),(3,3,3),(4,3,3),(5,3,3),(5,3,4),(5,4,4),(5,5,4),(5,6,4),(4,6,4),(4,7,4),(3,7,4),
132:(3,3,1),(3,3,2),(4,3,2),(4,4,2),(4,5,2),(4,6,2),(4,7,2),(4,8,2),
133:(0,8,0),(1,8,0),(2,8,0),(3,8,0),(4,8,0),(5,8,0),(5,8,1),(6,8,1),(6,8,2),(6,8,3),(6,8,4),
134:(8,8,4),(8,8,3),(8,8,2),(8,8,1),(8,7,1),(8,6,1),(7,6,1),(7,5,1),(7,4,1),(7,4,0),(6,4,0),(6,3,0),
135:(7,6,0),(7,5,0),(6,5,0),(6,4,0),(6,4,1),(6,4,2),(6,4,3),(6,4,4),(6,4,4),(5,4,4),(4,4,4),(3,4,4),
136:(1,1,1),(2,1,1),(2,1,1),(2,1,2),(2,1,3),(3,1,3),(4,1,3),(5,1,3),(5,2,3),
137:(7,3,4),(6,3,4),(5,3,4),(4,3,4),(4,3,5),(4,3,5),(3,3,5),(3,4,5),(2,4,5),(1,4,5),(1,5,5),
138:(4,4,3),(4,4,2),(4,5,2),(4,5,2),(4,6,2),(4,6,1),(4,7,1),(4,7,1),(3,7,1),(3,8,1),
139:(8,6,3),(7,6,3),(7,6,4),(7,5,4),(7,4,4),(7,3,4),(7,2,4),
140:(1,0,3),(1,0,2),(1,1,2),(1,1,1),(1,2,1),(2,2,1),(3,2,1),(3,3,1),(3,4,1),(4,4,1),(5,4,1),(6,4,1),(7,4,1),(7,5,1),(7,6,1),
141:(8,6,4),(8,7,4),(8,8,4),
142:(4,0,1),(4,0,0),(4,1,0),(4,2,0),(4,3,0),(4,4,0),(4,4,0),(4,5,0),(4,5,1),(4,6,1),(3,6,1),(3,7,1),
143:(0,0,0),(1,0,0),(2,0,0),(2,1,0),(3,1,0),(4,1,0),(4,2,0),(4,3,0),(5,3,0),(5,4,0),(5,5,0),(5,5,1),
144:(7,5,0),(6,5,0),(6,4,0),(6,3,0),(6,2,0),(5,2,0),
145:(7,8,3),(6,8,3),(6,7,3),(5,7,3),(5,7,2),(5,7,1),(5,7,0),(4,7,0),(4,6,0),(4,5,0),(4,4,0),(4,3,0),
146:(5,0,2),(4,0,2),(4,0,3),(3,0,3),(2,0,3),(1,0,3),(1,1,3),(1,2,3),(1,3,3),(0,3,3),(0,4,3),(0,5,3),(1,5,3),
147:(5,3,0),(6,3,0),(7,3,0),(7,3,1),(7,3,2),(7,3,3),(7,2,3),(7,1,3),(7,1,4),
148:(3,5,4),(2,5,4),(2,5,3),(1,5,3),(2,5,3),(2,6,3),(2,7,3),(2,7,2),
149:(3,7,5),(4,7,5),(5,7,5),(6,7,5),(6,6,5),(6,6,4),(6,5,4),(6,5,4),(6,5,3),
150:(4,2,0),(5,2,0),(5,3,0),(5,4,0),(6,4,0),(6,5,0),(6,6,0),(6,7,0),(6,8,0),
151:(1,1,0),(2,1,0),(3,1,0),(3,2,0),(3,3,0),(3,4,0),(3,5,0),(3,6,0),(3,6,0),(4,6,0),(4,7,0),
152:(3,8,2),(4,8,2),(4,8,3),(5,8,3),(5,7,3),(5,7,4),(5,6,4),(6,6,4),(6,6,4),(6,5,4),(6,5,5),(6,4,5),(6,3,5),(6,2,5),(7,2,5),(8,2,5),
153:(4,8,0),(3,8,0),(3,8,1),(2,8,1),(1,8,1),(1,8,2),(1,8,2),(1,8,3),(1,8,4),(1,8,5),(1,7,5),
154:(2,4,4),(2,4,5),(2,3,5),(1,3,5),(0,3,5),(0,2,5),(0,1,5),
155:(5,2,0),(5,2,1),(5,1,1),(5,0,1),(4,0,1),(4,0,1),(3,0,1),(2,0,1),(2,0,1),(2,0,2),
156:(4,6,5),(3,6,5),(3,6,4),(3,5,4),(3,4,4),(2,4,4),(2,5,4),(1,5,4),(1,5,4),(0,5,4),(0,4,4),(0,4,4),(0,4,3),
157:(2,6,2),(2,6,3),(3,6,3),(3,5,3),(4,5,3),
158:(4,6,2),(4,6,1),(4,5,1),(4,4,1),(5,4,1),(6,4,1),(6,3,1),(6,2,1),
159:(2,4,2),(2,4,1),(2,3,1),(2,3,2),
160:(5,2,4),(4,2,4),(4,3,4),(3,3,4),(2,3,4),(1,3,4),(0,3,4),
161:(6,7,2),(7,7,2),(8,7,2),(8,7,1),(8,6,1),(8,6,0),(8,5,0),
