soc=1372
lb_soc=968
makespan=16
lb_makespan=14
comp_time=2590
highLevelExpanded=41
lowLevelExpanded=9734
solution=
0:(5,1,5),(6,1,5),(7,1,5),(7,2,5),(7,3,5),(7,4,5),(7,5,5),(7,6,5),
1:(6,8,0),(5,8,0),(5,8,1),(5,8,2),(5,8,3),(4,8,3),(4,8,4),(4,8,5),(4,7,5),(4,6,5),(4,5,5),(4,4,5),(3,4,5),(3,3,5),(3,2,5),
2:(5,2,4),(6,2,4),(6,2,3),(6,3,3),(6,4,3),(6,5,3),(6,6,3),(6,7,3),
3:(1,2,0),(2,2,0),(3,2,0),(4,2,0),(5,2,0),(5,3,0),(5,4,0),(5,4,1),(5,5,1),(5,6,1),(5,6,2),(5,6,3),(5,6,4),(5,7,4),
4:(2,4,0),(3,4,0),(3,4,1),(3,3,1),(3,2,1),
5:(3,2,1),(4,2,1),(5,2,1),(6,2,1),(7,2,1),(7,2,2),(7,2,3),(7,2,4),
6:(4,6,5),(3,6,5),(3,5,5),(2,5,5),(1,5,5),(0,5,5),(0,4,5),(0,4,4),(0,4,3),(0,3,3),
7:(2,0,2),(3,0,2),(3,1,2),(3,2,2),(3,3,2),(3,3,1),(3,4,1),
8:(8,0,3),(8,0,2),(8,0,1),(8,1,1),(7,1,1),(6,1,1),(6,2,1),(6,3,1),(6,4,1),(5,4,1),(5,5,1),(5,6,1),(4,6,1),(4,7,1),
9:(4,1,0),(5,1,0),(6,1,0),(6,2,0),
10:(5,4,2),(4,4,2),(3,4,2),(2,4,2),(1,4,2),(1,4,3),(1,3,3),
11:(2,0,4),(3,0,4),(4,0,4),(5,0,4),(6,0,4),(7,0,4),(8,0,4),(8,0,3),(8,1,3),
12:(4,7,0),(3,7,0),(2,7,0),(1,7,0),(1,7,1),(1,7,2),(1,7,3),(1,7,4),(1,7,5),(1,6,5),(1,5,5),(1,4,5),(1,3,5),
13:(5,3,4),(4,3,4),(4,2,4),
14:(5,7,5),(4,7,5),(3,7,5),(2,7,5),(2,7,4),(2,7,3),(2,7,2),(2,7,1),(2,7,0),(2,6,0),(2,5,0),(2,4,0),
15:(0,6,5),(1,6,5),(1,6,4),(2,6,4),(3,6,4),(3,6,3),(3,7,3),
16:(6,8,3),(5,8,3),(4,8,3),(3,8,3),(2,8,3),(1,8,3),(0,8,3),(0,8,2),(0,7,2),(0,6,2),(0,5,2),(0,4,2),(0,3,2),(0,3,1),
17:(7,3,2),(6,3,2),(6,4,2),(6,4,1),(5,4,1),(5,5,1),(5,6,1),(4,6,1),(3,6,1),(2,6,1),(1,6,1),(1,7,1),(1,8,1),(1,8,0),
18:(0,6,2),(1,6,2),(1,5,2),(1,4,2),(1,3,2),(1,2,2),(1,1,2),
19:(8,5,0),
20:(2,3,3),(3,3,3),(4,3,3),
21:(7,7,0),(6,7,0),(5,7,0),(4,7,0),(4,7,1),(4,7,2),(4,7,3),(4,7,4),(4,8,4),
22:(0,3,3),(1,3,3),(2,3,3),(3,3,3),(3,2,3),(4,2,3),(4,2,2),(4,2,1),(5,2,1),
23:(7,1,3),(6,1,3),(5,1,3),(4,1,3),(3,1,3),(2,1,3),(1,1,3),(0,1,3),(0,1,4),(0,2,4),(0,3,4),(0,4,4),(0,5,4),(0,6,4),(0,7,4),
24:(0,6,4),(0,6,3),(0,6,2),(0,5,2),(0,4,2),(0,3,2),(0,3,1),(0,2,1),(0,1,1),
25:(2,1,5),(1,1,5),(1,1,4),(1,2,4),(1,3,4),(1,4,4),(1,5,4),(1,5,3),(1,6,3),(1,7,3),(1,8,3),
26:(3,1,2),(2,1,2),(2,1,1),(2,1,0),(2,2,0),(2,3,0),
27:(2,8,0),(3,8,0),(3,8,1),(4,8,1),(5,8,1),(5,8,2),(5,8,3),(5,8,4),(5,8,5),(5,7,5),(5,6,5),(5,5,5),(5,4,5),
28:(0,5,0),(1,5,0),(2,5,0),(3,5,0),(4,5,0),(5,5,0),(6,5,0),(6,4,0),(6,3,0),(6,3,0),(6,3,1),(6,3,2),(6,2,2),
29:(5,1,4),(5,2,4),(5,3,4),(4,3,4),(3,3,4),(2,3,4),(2,3,4),(2,4,4),(2,5,4),(2,6,4),(2,7,4),(2,7,5),
30:(3,8,0),(4,8,0),(4,8,1),(5,8,1),(5,8,2),(5,8,3),(5,8,4),(5,8,5),(5,7,5),(6,7,5),(6,6,5),(6,6,6),(7,6,6),(7,5,6),(7,5,5),
31:(8,5,5),(7,5,5),(7,5,4),(7,5,3),(7,5,2),(7,5,1),(7,6,1),
32:(6,8,5),(7,8,5),
33:(7,1,4),(6,1,4),(5,1,4),(5,2,4),(5,3,4),(5,4,4),(4,4,4),(4,4,3),(4,4,2),(4,4,1),
34:(3,6,5),(2,6,5),(2,6,4),(2,6,3),(2,6,2),
35:(8,1,3),(7,1,3),(6,1,3),(5,1,3),(4,1,3),(3,1,3),(2,1,3),(2,1,2),(2,1,1),(2,1,0),
36:(0,5,5),(1,5,5),(2,5,5),(2,5,4),(2,5,3),(2,5,2),(2,4,2),(2,3,2),(2,2,2),
37:(0,8,5),(1,8,5),(2,8,5),(3,8,5),(4,8,5),(5,8,5),(6,8,5),(6,8,4),(6,8,3),(7,8,3),(8,8,3),(8,8,2),(8,7,2),(8,7,1),
38:(8,2,2),(7,2,2),(6,2,2),(5,2,2),(5,2,1),(5,3,1),
39:(1,5,1),(2,5,1),(3,5,1),(4,5,1),(5,5,1),(6,5,1),(6,5,2),(7,5,2),(7,5,3),(7,5,4),(7,5,5),(6,5,5),
40:(8,3,3),(7,3,3),(7,3,4),(7,4,4),(7,5,4),(7,6,4),(7,7,4),(7,8,4),
41:(0,5,3),(1,5,3),(2,5,3),(3,5,3),(4,5,3),(5,5,3),(5,5,2),(5,5,1),(6,5,1),
42:(8,2,1),(7,2,1),(6,2,1),(6,2,2),(5,2,2),(4,2,2),(3,2,2),(2,2,2),(2,2,3),
43:(6,1,0),(6,2,0),(5,2,0),(5,3,0),(4,3,0),(3,3,0),(3,4,0),(3,5,0),(3,5,1),(3,6,1),(3,7,1),(3,7,0),
44:(6,3,3),(5,3,3),(5,4,3),(4,4,3),(3,4,3),(2,4,3),(2,5,3),(2,6,3),(2,7,3),(2,8,3),(2,8,2),(1,8,2),(0,8,2),(0,8,3),
45:(5,3,1),(4,3,1),(3,3,1),(2,3,1),(2,2,1),(2,1,1),(2,1,2),(2,0,2),(2,0,3),(2,0,4),(2,0,5),
46:(8,3,2),(7,3,2),(6,3,2),(5,3,2),(4,3,2),(3,3,2),(3,3,2),(3,2,2),
47:(6,0,3),(7,0,3),(7,0,2),(7,1,2),(7,2,2),(7,3,2),(7,3,1),(7,4,1),(7,5,1),(7,5,0),(7,6,0),(7,7,0),
48:(8,7,4),(7,7,4),(6,7,4),(5,7,4),(4,7,4),(3,7,4),(2,7,4),(2,7,3),(1,7,3),(1,7,2),(1,6,2),(1,5,2),(1,4,2),(1,3,2),
49:(6,2,1),(5,2,1),(5,2,2),(4,2,2),(3,2,2),(2,2,2),(2,2,3),(2,2,4),(2,3,4),(2,4,4),(2,5,4),(2,6,4),(2,7,4),(2,8,4),
50:(6,7,2),(5,7,2),(4,7,2),(3,7,2),(2,7,2),(2,7,1),(2,6,1),(2,5,1),(2,4,1),(2,3,1),(2,2,1),
51:(8,6,1),(7,6,1),(7,6,2),(7,6,3),
52:(0,7,5),(1,7,5),(2,7,5),(2,7,4),(3,7,4),(3,7,5),(4,7,5),(5,7,5),(6,7,5),(7,7,5),(8,7,5),(8,7,4),(8,6,4),(8,5,4),(8,5,3),
53:(3,1,0),(3,1,1),(3,1,1),(3,1,2),(3,1,2),(3,2,2),(3,2,3),(3,2,4),(3,3,4),
54:(1,4,0),(2,4,0),(3,4,0),(4,4,0),(4,4,1),(4,5,1),
55:(2,8,5),(2,8,4),(1,8,4),(1,8,3),(1,7,3),(1,6,3),(1,5,3),(1,4,3),
56:(3,2,2),(4,2,2),(4,3,2),(4,4,2),(4,4,3),(4,5,3),
57:(0,8,3),(1,8,3),(1,8,2),(1,8,1),(1,8,0),(1,7,0),(1,6,0),
58:(4,3,5),(3,3,5),(3,3,4),(3,4,4),(3,4,4),(3,4,3),
59:(8,4,1),(7,4,1),(6,4,1),(6,4,0),(6,5,0),(6,6,0),(5,6,0),(5,7,0),
60:(7,7,1),(6,7,1),(6,7,2),(6,6,2),(6,5,2),(6,4,2),(6,3,2),(6,2,2),(5,2,2),(5,1,2),(4,1,2),(3,1,2),(2,1,2),(2,1,3),(1,1,3),(0,1,3),(0,0,3),
61:(3,4,5),(4,4,5),(5,4,5),(6,4,5),(6,5,5),(6,6,5),(6,7,5),(6,8,5),
62:(0,8,2),(0,7,2),(0,7,2),(0,6,2),(0,5,2),(0,4,2),(0,3,2),(0,2,2),(0,1,2),(0,0,2),(1,0,2),(2,0,2),
63:(6,5,4),(5,5,4),(4,5,4),(3,5,4),(2,5,4),(1,5,4),(0,5,4),(0,5,5),(0,4,5),
64:(7,0,4),(6,0,4),(5,0,4),(5,0,5),(4,0,5),(3,0,5),(2,0,5),(1,0,5),
65:(8,5,1),(8,5,2),(8,5,3),(8,5,4),(8,5,5),(8,4,5),(8,3,5),(8,2,5),(8,1,5),(8,0,5),
66:(4,3,2),(5,3,2),(5,3,3),(5,3,4),(6,3,4),(6,4,4),(6,5,4),(6,6,4),(6,7,4),(6,8,4),
67:(5,1,0),(6,1,0),(7,1,0),(8,1,0),(8,1,1),(8,1,2),(8,2,2),(8,3,2),(8,4,2),
68:(2,8,3),(2,8,2),(2,7,2),(1,7,2),(1,6,2),(0,6,2),(0,5,2),(0,4,2),(0,3,2),(0,3,1),(0,2,1),
69:(4,2,5),(3,2,5),(3,3,5),(3,4,5),(3,5,5),(3,5,4),(3,6,4),
70:(8,4,4),(7,4,4),(6,4,4),(5,4,4),(4,4,4),(3,4,4),(2,4,4),(1,4,4),(1,3,4),(1,2,4),(1,2,3),(1,1,3),(1,0,3),
71:(3,2,4),(2,2,4),(1,2,4),(0,2,4),(0,2,3),
72:(5,4,1),(4,4,1),(4,4,0),(4,5,0),(4,6,0),(3,6,0),
73:(1,8,1),(2,8,1),(2,8,2),(3,8,2),(3,7,2),(3,6,2),(4,6,2),(4,5,2),(4,5,2),(4,4,2),(4,3,2),(4,2,2),(5,2,2),(5,1,2),(6,1,2),(7,1,2),(7,1,3),
74:(1,7,2),(2,7,2),(2,6,2),(2,6,1),(2,5,1),(2,4,1),(2,3,1),(2,2,1),(2,2,1),(2,1,1),
75:(2,5,1),(3,5,1),(4,5,1),(5,5,1),(5,5,2),(5,4,2),(5,4,3),(5,3,3),
76:(0,0,1),(1,0,1),(2,0,1),(3,0,1),(4,0,1),(5,0,1),(6,0,1),(7,0,1),(8,0,1),(8,1,1),
77:(3,1,4),(3,1,3),(4,1,3),(4,1,2),(5,1,2),(6,1,2),(7,1,2),(8,1,2),(8,1,1),(8,2,1),(8,3,1),
78:(8,6,4),(8,6,3),(8,6,2),(8,6,1),(8,7,1),(8,8,1),
79:(2,2,5),(2,1,5),(3,1,5),(4,1,5),(5,1,5),(6,1,5),(7,1,5),(8,1,5),(8,1,4),(8,0,4),(8,0,3),(8,0,2),
80:(6,1,4),(5,1,4),(5,2,4),(5,2,3),(5,3,3),(5,4,3),(5,5,3),(5,6,3),(5,6,4),(5,7,4),(4,7,4),(4,7,3),(4,8,3),
81:(8,2,4),(7,2,4),(6,2,4),(6,2,3),(6,2,2),(6,2,1),(6,3,1),(6,4,1),(5,4,1),(5,5,1),(5,6,1),(5,7,1),
82:(7,6,1),(7,7,1),
83:(1,4,5),(1,4,4),(1,4,3),(1,3,3),(1,2,3),(1,1,3),(1,0,3),(1,0,2),(1,0,1),(2,0,1),(3,0,1),
84:(7,8,5),(7,8,4),(6,8,4),(6,8,3),(6,8,2),(6,8,1),(5,8,1),(4,8,1),(4,8,0),(4,7,0),
85:(6,0,2),(5,0,2),(4,0,2),(3,0,2),(2,0,2),(1,0,2),(1,0,1),(1,1,1),(1,2,1),(0,2,1),(0,2,0),(0,3,0),(0,4,0),(0,5,0),(0,5,1),(0,6,1),(0,7,1),
86:(3,6,4),(2,6,4),(2,7,4),(1,7,4),(1,8,4),
87:(5,8,0),(5,7,0),(5,6,0),(5,5,0),(5,4,0),(4,4,0),(4,3,0),(3,3,0),(3,2,0),(2,2,0),(1,2,0),(1,1,0),(1,0,0),
88:(8,3,4),(7,3,4),(7,4,4),(7,4,3),(7,5,3),(7,5,3),(6,5,3),
89:(2,5,5),(3,5,5),(4,5,5),(4,5,4),(4,6,4),
90:(0,1,5),(0,1,4),(0,1,3),(1,1,3),(2,1,3),(2,1,2),(3,1,2),(3,0,2),
91:(4,3,4),(3,3,4),(3,2,4),(3,1,4),(3,1,4),(3,1,4),(3,1,3),
92:(7,7,5),(8,7,5),(8,7,4),(8,6,4),(8,5,4),(8,4,4),(8,3,4),(8,3,3),(8,2,3),(8,2,2),(8,2,2),(8,2,1),
93:(5,6,5),(4,6,5),(4,6,4),(4,6,3),(4,6,2),(4,5,2),(4,4,2),(4,4,2),(4,3,2),(4,2,2),(4,2,1),
94:(2,0,3),(2,1,3),(2,2,3),(2,3,3),(2,4,3),(2,5,3),(3,5,3),
95:(6,5,3),(7,5,3),(7,5,2),(7,5,1),(7,4,1),(7,3,1),(7,2,1),(7,2,1),(7,2,0),
96:(1,1,2),(1,1,1),(1,1,1),(2,1,1),(3,1,1),(4,1,1),(5,1,1),(6,1,1),(6,2,1),(6,3,1),(6,4,1),(6,4,0),(6,5,0),(7,5,0),(7,5,1),(8,5,1),(8,6,1),
97:(2,7,1),(3,7,1),(4,7,1),(5,7,1),(5,7,2),(5,6,2),(5,6,3),(5,6,4),(5,6,5),(6,6,5),(6,5,5),(6,4,5),(6,3,5),(6,2,5),(6,2,4),(6,1,4),
98:(5,3,5),(4,3,5),(4,2,5),(3,2,5),(2,2,5),(1,2,5),(0,2,5),(0,1,5),(0,0,5),
99:(3,6,1),(4,6,1),(4,6,2),(4,5,2),(4,4,2),(4,3,2),(4,3,2),(4,2,2),(4,2,3),(4,1,3),
100:(3,6,3),(2,6,3),(1,6,3),(1,6,4),(1,5,4),(1,6,4),(1,6,4),(1,5,4),
101:(2,1,4),(3,1,4),(3,0,4),(4,0,4),(5,0,4),(6,0,4),(7,0,4),(7,1,4),
102:(4,4,5),(4,5,5),(4,6,5),(3,6,5),(2,6,5),(1,6,5),(0,6,5),(0,7,5),
103:(3,0,4),(3,0,3),(3,1,3),(3,2,3),(2,2,3),(3,2,3),(3,3,3),(3,3,2),(3,3,1),(3,3,0),(3,4,0),(3,5,0),(3,5,1),
104:(3,3,3),(4,3,3),(4,4,3),(4,5,3),(5,5,3),(5,5,2),(5,6,2),(6,6,2),(7,6,2),(7,5,2),
105:(3,3,2),(4,3,2),(4,3,1),(5,3,1),(6,3,1),(6,3,2),(7,3,2),(7,2,2),
106:(3,5,2),(2,5,2),(2,5,1),(1,5,1),(1,5,0),(1,4,0),(1,3,0),
107:(4,6,1),(5,6,1),(6,6,1),(7,6,1),(7,6,2),(7,7,2),
108:(7,2,2),(7,2,3),(7,3,3),(7,3,2),(6,3,2),(6,3,3),(6,4,3),(5,4,3),(5,5,3),(5,5,2),(4,5,2),(4,6,2),(3,6,2),(3,7,2),(2,7,2),
109:(6,6,4),(5,6,4),(5,6,3),(5,6,2),(5,6,1),(4,6,1),(4,6,0),(4,5,0),(4,4,0),(4,3,0),(4,2,0),(4,2,-1),(4,1,-1),(4,0,-1),(4,0,0),
110:(7,5,2),(6,5,2),(5,5,2),(5,4,2),(5,4,2),(4,4,2),(3,4,2),(2,4,2),(2,3,2),(3,3,2),(2,3,2),(2,3,3),
111:(7,3,0),(6,3,0),(6,3,1),(6,3,2),(6,3,3),(6,2,3),(6,1,3),(6,0,3),
112:(6,7,5),(6,7,4),(6,6,4),(6,5,4),(6,4,4),(7,4,4),(6,4,4),(6,4,3),
113:(2,0,0),(2,0,1),(2,0,2),(2,1,2),(2,2,2),(2,3,2),(1,3,2),(1,4,2),(2,4,2),
114:(1,6,5),(1,6,4),(1,5,4),(1,5,3),(1,5,2),(1,5,1),(1,4,1),(1,3,1),
115:(2,0,1),(2,0,2),(2,1,2),(2,2,2),(2,3,2),(2,4,2),(2,4,3),
116:(4,0,0),(5,0,0),(5,0,1),(5,0,2),(5,0,3),(5,1,3),(5,1,3),(5,1,3),(6,1,3),
117:(1,2,2),(2,2,2),(3,2,2),(3,2,1),(4,2,1),(4,3,1),
118:(4,5,4),(4,5,3),(4,6,3),(4,7,3),(5,7,3),
119:(3,7,1),(3,8,1),(3,8,2),(4,8,2),
120:(1,2,4),(0,2,4),(0,2,3),(0,2,2),(0,2,1),(0,3,1),(0,4,1),
121:(7,6,5),(6,6,5),(5,6,5),(4,6,5),(3,6,5),(2,6,5),(1,6,5),(1,5,5),(1,4,5),(1,4,4),(1,3,4),(1,2,4),(0,2,4),(0,1,4),(0,0,4),
122:(8,3,5),(7,3,5),(6,3,5),(5,3,5),(4,3,5),(3,3,5),(3,3,4),(2,3,4),(2,3,3),(2,3,2),(2,3,1),(2,4,1),(2,5,1),(2,5,0),(2,6,0),(2,7,0),
123:(3,8,2),(4,8,2),(5,8,2),(5,7,2),(5,6,2),(5,6,3),(5,6,4),(5,5,4),(5,4,4),(6,4,4),
124:(2,1,2),(1,1,2),(1,1,3),(2,1,3),(2,1,4),(2,1,5),(3,1,5),(4,1,5),(4,0,5),
125:(1,8,2),(0,8,2),(0,8,1),(0,8,0),(0,7,0),(0,6,0),
126:(4,3,1),(3,3,1),(2,3,1),(2,3,0),(2,4,0),(2,5,0),(2,6,0),(2,7,0),(1,7,0),
127:(6,5,1),(5,5,1),(5,4,1),(4,4,1),(3,4,1),(3,4,1),(2,4,1),(1,4,1),(1,4,2),(0,4,2),(0,4,3),
128:(7,0,2),(7,0,1),(6,0,1),(6,0,0),
129:(7,8,0),(6,8,0),(5,8,0),(4,8,0),(4,7,0),(4,6,0),(4,5,0),(4,4,0),(3,4,0),(2,4,0),(1,4,0),(1,4,0),(1,4,1),(1,4,2),
130:(7,0,0),(6,0,0),(5,0,0),(4,0,0),(3,0,0),(3,0,1),(3,0,2),(3,0,3),(3,0,4),(3,0,5),(3,1,5),
131:(0,1,4),(1,1,4),(2,1,4),(2,2,4),(2,3,4),(2,4,4),(2,5,4),(3,5,4),(4,5,4),(5,5,4),(6,5,4),(7,5,4),(8,5,4),(8,5,3),(8,5,2),(8,6,2),
132:(2,4,2),(3,4,2),(3,5,2),(3,5,1),(3,6,1),(3,6,1),(4,6,1),(4,6,0),
133:(1,1,5),(1,2,5),(2,2,5),(2,3,5),(3,3,5),(3,3,4),(4,3,4),(4,4,4),(4,4,3),(5,4,3),(5,4,2),(5,4,1),(5,4,0),
134:(6,6,0),(6,6,1),(6,6,2),(6,6,3),(5,6,3),(5,6,4),(5,6,5),(4,6,5),(3,6,5),(3,5,5),
135:(4,2,3),(3,2,3),(3,2,3),(2,2,3),(2,2,4),(2,1,4),(2,1,4),(2,1,5),
136:(4,8,5),(5,8,5),(5,7,5),(5,6,5),(5,6,4),(5,5,4),(5,4,4),(6,4,4),(7,4,4),(7,4,3),(7,4,2),(7,4,1),
137:(6,3,1),(6,2,1),(6,1,1),(5,1,1),(4,1,1),(4,1,2),(4,1,3),(4,1,4),(3,1,4),(3,0,4),(3,0,4),(3,0,5),
138:(4,7,3),(5,7,3),(6,7,3),(7,7,3),(8,7,3),(8,6,3),
139:(0,0,2),(1,0,2),(1,0,3),(2,0,3),(3,0,3),(4,0,3),(5,0,3),(5,0,3),(5,1,3),(5,2,3),(6,2,3),(7,2,3),
140:(1,8,0),(2,8,0),(3,8,0),(3,7,0),(3,6,0),(3,5,0),(3,5,-1),(4,5,-1),(5,5,-1),(6,5,-1),(7,5,-1),(8,5,-1),(8,4,-1),(8,4,0),
141:(1,4,1),(2,4,1),(2,4,2),(2,4,3),(2,4,4),(2,5,4),(3,5,4),(4,5,4),(5,5,4),(6,5,4),(7,5,4),(7,4,4),(7,5,4),(7,5,3),
142:(3,4,2),(3,4,3),(3,4,4),(4,4,4),(4,3,4),(5,3,4),(5,2,4),
143:(2,4,5),(2,4,4),(2,4,3),(3,4,3),(3,5,3),(3,5,3),(3,6,3),(3,6,2),(4,6,2),(4,7,2),
144:(8,6,0),(7,6,0),(6,6,0),(5,6,0),(5,5,0),(5,4,0),(4,4,0),(4,3,0),(4,2,0),(4,1,0),
145:(4,7,2),(4,7,1),(5,7,1),(6,7,1),
146:(7,0,3),(8,0,3),(8,1,3),(8,2,3),(8,3,3),(8,4,3),
147:(2,3,0),(1,3,0),(1,4,0),(1,5,0),(1,6,0),(1,6,0),(1,6,1),(0,6,1),(0,6,2),(0,6,3),(0,7,3),
148:(5,0,3),(5,1,3),(5,1,2),(5,1,2),(5,1,1),(5,1,0),(5,2,0),
149:(4,2,2),(5,2,2),(5,2,3),(5,3,3),(5,4,3),(6,4,3),(6,4,2),
150:(3,4,4),(4,4,4),(5,4,4),(5,5,4),(6,5,4),(7,5,4),(7,6,4),
151:(5,8,1),(6,8,1),(7,8,1),(7,8,0),(7,7,0),(7,6,0),(7,5,0),(7,4,0),
152:(8,1,1),(7,1,1),(7,1,2),(6,1,2),(6,1,3),(6,1,4),(6,2,4),(6,3,4),
153:(1,5,3),(2,5,3),(3,5,3),(3,6,3),(3,7,3),(3,7,3),(3,7,4),
154:(0,4,0),(1,4,0),(2,4,0),(3,4,0),(4,4,0),(4,4,1),(5,4,1),(5,4,2),(5,4,3),(5,4,4),(5,4,5),(5,3,5),(5,2,5),(5,1,5),
155:(0,5,4),(0,5,3),(0,6,3),(0,7,3),(0,7,2),(0,7,1),(1,7,1),(1,8,1),(2,8,1),
156:(1,7,1),(2,7,1),(2,6,1),(2,5,1),(2,4,1),(2,3,1),(2,2,1),(2,1,1),(3,1,1),(4,1,1),(5,1,1),(6,1,1),(7,1,1),(7,1,0),
157:(5,6,3),(4,6,3),(3,6,3),(3,6,2),(3,5,2),
158:(4,4,0),(5,4,0),(5,4,0),(5,4,1),(5,3,1),(5,3,2),
159:(4,0,2),(4,1,2),(4,2,2),(4,2,3),(4,2,3),(5,2,3),(5,3,3),(5,3,4),(4,3,4),(4,4,4),
160:(1,7,5),(2,7,5),(2,6,5),(2,6,5),(2,6,4),(2,6,4),(2,6,5),
161:(6,4,3),(6,5,3),(6,6,3),(5,6,3),(4,6,3),
