soc=1257
lb_soc=873
makespan=16
lb_makespan=13
comp_time=2074
highLevelExpanded=33
lowLevelExpanded=7438
solution=
0:(5,1,5),(4,1,5),(3,1,5),(2,1,5),(1,1,5),(0,1,5),(0,1,4),(0,1,3),(0,1,2),(0,1,1),(0,1,0),(0,2,0),(0,3,0),(0,4,0),(0,5,0),
1:(1,4,3),(2,4,3),(3,4,3),(3,4,2),(3,3,2),
2:(5,7,4),(4,7,4),(3,7,4),(2,7,4),(2,7,3),(1,7,3),(1,8,3),
3:(2,8,1),(3,8,1),(4,8,1),(5,8,1),(5,8,0),(5,7,0),(5,6,0),(5,5,0),
4:(7,8,2),(7,7,2),(7,6,2),(7,5,2),
5:(1,7,4),
6:(2,1,4),(2,1,3),(2,1,2),(2,2,2),(2,3,2),(2,4,2),(2,5,2),(2,6,2),(2,7,2),(2,8,2),
7:(2,3,1),(1,3,1),(0,3,1),(0,3,2),(0,2,2),
8:(0,1,5),(0,2,5),(0,3,5),
9:(4,8,0),(5,8,0),(5,8,1),(5,7,1),(5,6,1),(5,5,1),(5,5,2),(5,4,2),(5,3,2),(5,2,2),(5,1,2),
10:(3,4,4),(4,4,4),(5,4,4),(6,4,4),(7,4,4),(8,4,4),(8,4,3),(8,4,2),(8,5,2),
11:(2,4,3),(3,4,3),(3,5,3),(4,5,3),(4,6,3),
12:(5,3,2),(5,3,3),(4,3,3),(4,3,4),(4,3,5),(4,4,5),
13:(3,4,1),(4,4,1),(5,4,1),(6,4,1),(7,4,1),(7,4,2),(7,4,3),
14:(3,6,0),(4,6,0),(5,6,0),(5,6,1),(5,5,1),(5,4,1),(5,3,1),
15:(8,3,5),(7,3,5),(6,3,5),(5,3,5),(5,3,4),(4,3,4),(3,3,4),(2,3,4),(2,4,4),(2,5,4),(2,6,4),(1,6,4),
16:(7,3,1),(6,3,1),(5,3,1),(4,3,1),(4,3,2),(4,3,3),(4,4,3),
17:(7,6,1),(6,6,1),(5,6,1),(5,5,1),(5,5,2),(5,5,2),(5,5,3),(5,5,4),(4,5,4),(4,4,4),(3,4,4),(2,4,4),(1,4,4),
18:(0,7,5),(1,7,5),(2,7,5),(3,7,5),(4,7,5),(5,7,5),(6,7,5),(6,7,4),(6,6,4),(6,5,4),(6,4,4),(6,4,3),(6,4,2),(6,3,2),(6,2,2),(6,1,2),(6,0,2),
19:(3,0,4),(4,0,4),(5,0,4),(5,0,3),(5,1,3),(5,2,3),(5,3,3),(5,4,3),(5,5,3),(5,6,3),(5,7,3),(5,7,2),(4,7,2),(4,7,1),(4,7,0),(5,7,0),
20:(0,6,2),(1,6,2),(1,5,2),(1,5,3),(1,4,3),(1,4,4),(2,4,4),(3,4,4),(3,3,4),(3,2,4),(3,1,4),
21:(7,1,1),(6,1,1),(5,1,1),(4,1,1),(4,1,0),(4,0,0),
22:(6,6,3),(5,6,3),(4,6,3),(3,6,3),(3,5,3),(3,4,3),(3,3,3),(4,3,3),(4,2,3),(4,1,3),(4,0,3),(4,-1,3),(3,-1,3),(2,-1,3),(1,-1,3),(1,0,3),
23:(0,7,3),(1,7,3),(2,7,3),(2,6,3),(2,5,3),(3,5,3),(3,4,3),
24:(5,4,3),(4,4,3),(4,4,3),(3,4,3),(2,4,3),
25:(2,0,3),(2,0,4),(2,1,4),(2,2,4),(2,3,4),(2,4,4),(2,5,4),(2,5,3),
26:(3,1,0),(3,1,1),(3,1,2),(3,1,3),(3,1,4),(3,0,4),
27:(5,1,0),(4,1,0),(3,1,0),(2,1,0),(1,1,0),(0,1,0),(0,2,0),(0,3,0),(0,4,0),(0,5,0),(0,6,0),(0,6,-1),(0,7,-1),(0,8,-1),(0,8,0),
28:(4,4,4),(4,3,4),(3,3,4),(2,3,4),(2,3,3),(2,3,2),(2,2,2),(2,1,2),
29:(1,0,0),(0,0,0),
30:(3,8,0),(4,8,0),(4,7,0),(4,7,1),(4,7,2),(4,7,3),(4,7,4),(4,7,5),(4,6,5),
31:(7,0,5),(6,0,5),(5,0,5),(5,0,4),(5,0,3),(5,1,3),(5,2,3),(5,3,3),(5,4,3),(5,4,2),
32:(1,6,5),(2,6,5),(3,6,5),(4,6,5),(5,6,5),(5,6,4),(5,6,3),(5,7,3),(5,8,3),
33:(4,5,0),(3,5,0),(2,5,0),(2,5,1),(2,4,1),(2,3,1),(2,3,2),(2,3,3),(2,3,4),(1,3,4),(1,2,4),
34:(7,1,2),(8,1,2),(8,2,2),(8,3,2),(8,4,2),(8,5,2),(8,6,2),
35:(5,8,3),(5,8,2),(4,8,2),(3,8,2),(3,8,1),(3,8,0),(3,7,0),(3,6,0),(3,5,0),(3,4,0),(3,3,0),(3,2,0),
36:(2,5,3),(3,5,3),(4,5,3),(4,5,2),(4,5,1),(4,5,0),(4,4,0),
37:(3,8,3),(4,8,3),(5,8,3),(6,8,3),
38:(6,1,2),(5,1,2),(4,1,2),(3,1,2),(3,1,3),(3,0,3),
39:(1,6,3),(2,6,3),(3,6,3),(3,6,4),(3,6,5),(4,6,5),(5,6,5),(6,6,5),(7,6,5),(7,7,5),(7,8,5),
40:(4,7,1),(3,7,1),(2,7,1),(1,7,1),(0,7,1),(0,6,1),(0,5,1),(0,4,1),(0,3,1),(0,2,1),(0,1,1),(0,1,2),
41:(0,1,1),(1,1,1),(2,1,1),(3,1,1),(4,1,1),(5,1,1),(6,1,1),(6,2,1),(6,3,1),(6,4,1),(6,4,0),(7,4,0),(7,5,0),
42:(1,6,2),(1,6,1),
43:(0,2,2),(1,2,2),(1,2,3),(1,2,4),(1,2,5),(1,1,5),(1,0,5),
44:(8,0,2),(7,0,2),(6,0,2),(5,0,2),(4,0,2),(3,0,2),(3,1,2),(3,1,3),
45:(1,5,2),(2,5,2),(3,5,2),(3,5,3),(4,5,3),(5,5,3),(6,5,3),(6,6,3),(6,6,3),(6,7,3),
46:(1,0,2),(2,0,2),(3,0,2),(4,0,2),(4,0,3),(4,1,3),(4,1,3),(4,2,3),(5,2,3),(5,3,3),(5,3,4),(5,4,4),(5,4,5),
47:(6,1,0),(6,2,0),(6,3,0),(6,4,0),(6,5,0),(6,6,0),
48:(8,6,0),(8,6,1),(8,6,2),(8,6,3),(8,6,4),(8,7,4),(8,8,4),
49:(2,4,4),(3,4,4),(4,4,4),(5,4,4),(6,4,4),(7,4,4),(8,4,4),(8,4,3),(8,3,3),(8,2,3),
50:(7,6,5),(6,6,5),(5,6,5),(5,6,4),(5,6,3),(5,7,3),(4,7,3),(4,7,2),(3,7,2),(3,6,2),
51:(6,3,5),(6,3,4),(7,3,4),(8,3,4),(8,3,3),(8,3,2),(8,3,1),(8,2,1),(8,1,1),
52:(5,3,1),(4,3,1),(3,3,1),(2,3,1),(1,3,1),(1,3,2),(1,3,3),(1,2,3),
53:(6,7,1),(7,7,1),(7,7,2),
54:(7,7,4),(6,7,4),(6,7,3),(6,7,2),(6,7,1),(5,7,1),(4,7,1),(4,6,1),
55:(3,7,0),(2,7,0),(1,7,0),(1,6,0),(1,5,0),(1,4,0),(1,3,0),
56:(1,1,0),(1,2,0),(1,2,1),(1,2,2),(1,3,2),(1,4,2),(1,5,2),(1,5,2),(1,6,2),(1,6,2),(1,6,3),
57:(8,4,3),(7,4,3),(6,4,3),(5,4,3),(5,4,4),(5,3,4),(5,2,4),
58:(0,0,2),(1,0,2),(2,0,2),(3,0,2),(3,1,2),(3,2,2),(3,2,3),
59:(2,7,4),(3,7,4),(3,7,5),(4,7,5),(5,7,5),(5,6,5),(5,5,5),(5,4,5),(6,4,5),(6,3,5),(6,3,6),(7,3,6),(7,2,6),(7,2,5),
60:(8,4,1),(7,4,1),(6,4,1),(6,4,2),(5,4,2),(4,4,2),(3,4,2),(2,4,2),(2,3,2),(2,2,2),
61:(4,4,1),(4,4,0),(3,4,0),(2,4,0),
62:(0,3,4),(1,3,4),(2,3,4),(2,3,3),(3,3,3),(3,2,3),(4,2,3),(5,2,3),(5,2,2),(5,2,1),(5,2,0),
63:(2,4,2),(3,4,2),(4,4,2),(5,4,2),(5,4,3),(6,4,3),(6,4,4),(6,4,5),(7,4,5),
64:(1,0,3),(2,0,3),(3,0,3),(3,0,3),(3,0,2),(3,0,1),(4,0,1),(5,0,1),(6,0,1),(7,0,1),(7,0,0),
65:(2,0,4),(2,0,5),(2,1,5),(2,2,5),
66:(8,2,3),(7,2,3),(6,2,3),(5,2,3),(4,2,3),(4,2,2),(3,2,2),(2,2,2),(1,2,2),(1,2,1),(1,3,1),(1,4,1),(1,4,0),(1,4,-1),(1,5,-1),(1,6,-1),(1,6,0),
67:(3,8,4),(3,8,5),
68:(8,8,2),(7,8,2),(7,8,3),(7,7,3),
69:(5,6,5),(5,6,4),(5,5,4),(6,5,4),(7,5,4),(7,5,4),(7,4,4),
70:(1,3,0),(2,3,0),(2,3,1),(2,3,2),(2,4,2),(2,5,2),(2,5,3),(2,6,3),
71:(0,8,1),(1,8,1),(2,8,1),(3,8,1),(4,8,1),(5,8,1),(5,8,2),(5,8,3),(5,8,4),(5,8,5),
72:(5,0,4),(5,1,4),(4,1,4),(4,2,4),(4,3,4),(4,4,4),(4,5,4),(4,5,3),(3,5,3),(3,6,3),
73:(6,5,3),(7,5,3),(8,5,3),(8,5,4),(8,5,5),(8,4,5),(8,3,5),
74:(7,5,2),(6,5,2),(6,4,2),(6,3,2),(5,3,2),(4,3,2),(4,2,2),(4,1,2),(4,0,2),
75:(6,1,5),(5,1,5),(4,1,5),(4,1,4),(4,1,3),(4,2,3),(4,3,3),(4,3,2),(4,4,2),(4,5,2),
76:(6,8,3),(5,8,3),(5,7,3),(4,7,3),(3,7,3),(2,7,3),(1,7,3),(1,6,3),(1,5,3),(1,5,2),(1,4,2),(1,3,2),(1,3,3),
77:(3,0,3),(4,0,3),(4,0,2),(4,0,1),(5,0,1),(5,0,1),(5,1,1),
78:(0,3,1),(0,4,1),(1,4,1),(2,4,1),(3,4,1),(4,4,1),(5,4,1),(6,4,1),(6,4,2),(6,4,3),(6,5,3),(6,6,3),
79:(4,3,4),(3,3,4),(3,4,4),(2,4,4),(1,4,4),(0,4,4),(0,4,3),(0,4,2),(0,5,2),
80:(4,6,3),(4,5,3),(5,5,3),(6,5,3),(6,5,3),(6,5,4),(6,5,5),
81:(5,6,0),(6,6,0),(6,6,1),(6,7,1),(6,8,1),
82:(7,4,0),(7,5,0),(7,5,1),(7,6,1),(7,6,2),(7,6,3),(7,6,4),(7,6,4),(7,6,4),(7,6,5),
83:(2,6,2),(3,6,2),(4,6,2),(4,6,2),(4,6,1),(5,6,1),(5,6,1),(5,7,1),
84:(7,0,2),(6,0,2),(5,0,2),(5,1,2),(5,2,2),(5,3,2),(5,4,2),(5,4,1),
85:(1,2,0),(2,2,0),(3,2,0),(4,2,0),(5,2,0),(6,2,0),(7,2,0),(7,2,1),(7,2,2),(7,2,3),(7,2,4),
86:(2,8,0),(3,8,0),(4,8,0),(4,8,1),(4,8,2),(4,8,3),(4,8,4),(4,7,4),(4,6,4),(4,5,4),(4,4,4),
87:(5,4,4),(5,4,5),(4,4,5),(3,4,5),(3,5,5),
88:(6,6,4),(6,6,4),(5,6,4),(4,6,4),(3,6,4),
89:(4,8,5),(4,7,5),(4,6,5),(4,5,5),(4,5,4),(3,5,4),(3,4,4),(3,3,4),(3,3,3),(2,3,3),(2,2,3),(2,1,3),
90:(6,2,4),(5,2,4),(4,2,4),(4,2,3),(4,2,2),(4,2,1),(4,2,0),(4,1,0),
91:(3,2,3),(4,2,3),(5,2,3),(5,2,4),(6,2,4),(6,2,5),
92:(8,1,4),(7,1,4),(6,1,4),(5,1,4),(4,1,4),(3,1,4),(2,1,4),(1,1,4),(0,1,4),(0,1,3),(0,2,3),(0,3,3),(0,3,2),(0,3,1),(0,4,1),(0,5,1),
93:(8,1,1),(8,1,0),(8,0,0),
94:(7,3,0),(6,3,0),(5,3,0),(4,3,0),(3,3,0),(2,3,0),(2,3,1),(2,3,2),(2,3,3),(2,2,3),(2,1,3),(2,0,3),(2,0,4),(2,0,5),
95:(3,3,5),(3,2,5),(3,2,4),(3,2,3),(3,2,2),(3,2,1),(3,1,1),
96:(6,8,1),(6,8,2),(6,7,2),(6,6,2),(6,6,1),(6,5,1),(6,5,2),(5,5,2),
97:(1,1,5),(1,1,4),(1,1,3),(1,1,2),
98:(8,6,4),(7,6,4),(7,5,4),(7,4,4),(7,3,4),(6,3,4),(5,3,4),(4,3,4),(4,2,4),(4,1,4),
99:(8,8,1),(7,8,1),(6,8,1),(6,8,0),(6,7,0),(6,7,0),(5,7,0),(4,7,0),(3,7,0),(3,6,0),
100:(8,3,1),(7,3,1),(6,3,1),(5,3,1),(4,3,1),(3,3,1),(3,4,1),(2,4,1),
101:(4,0,4),(4,0,5),(3,0,5),(2,0,5),(2,1,5),
102:(2,6,4),(1,6,4),(1,6,3),(1,6,2),(1,5,2),(1,5,1),(1,5,0),
103:(7,8,5),(6,8,5),(5,8,5),(4,8,5),(4,8,4),(4,7,4),(4,6,4),(4,5,4),(4,4,4),(4,3,4),(4,3,3),(4,2,3),
104:(5,8,5),(5,8,4),(6,8,4),(6,7,4),(6,6,4),(6,6,4),(6,5,4),(6,4,4),(6,4,3),(6,3,3),(6,3,2),(6,3,1),(6,2,1),
105:(8,4,0),(7,4,0),(7,4,1),(7,4,2),(7,4,3),(7,3,3),(7,3,4),(7,3,5),
106:(2,1,3),(3,1,3),(4,1,3),(5,1,3),(6,1,3),(7,1,3),(7,1,4),(8,1,4),(8,2,4),(8,3,4),(8,4,4),
107:(3,6,4),(4,6,4),(4,5,4),(5,5,4),(6,5,4),(6,4,4),(6,3,4),(6,2,4),(6,1,4),(6,0,4),(7,0,4),(8,0,4),
108:(1,8,5),(0,8,5),(0,8,4),(0,7,4),(0,6,4),(0,5,4),
109:(4,6,0),(4,6,1),(4,7,1),(4,7,2),(3,7,2),(3,8,2),(4,8,2),
110:(2,1,5),(2,1,4),(2,1,3),(2,1,2),(2,1,2),(3,1,2),(4,1,2),(5,1,2),(6,1,2),(7,1,2),(7,1,1),(7,1,0),(8,1,0),
111:(8,0,1),(7,0,1),(6,0,1),(5,0,1),(5,1,1),(5,2,1),(4,2,1),(3,2,1),(3,3,1),(3,4,1),(3,5,1),(2,5,1),(2,5,0),(2,6,0),
112:(7,3,4),(8,3,4),(8,3,5),(8,2,5),
113:(3,2,0),(3,3,0),(3,3,0),(3,4,0),(3,5,0),(3,5,1),(3,5,2),(3,5,3),(3,5,2),(3,5,3),
114:(2,7,2),(3,7,2),(3,7,1),(3,7,1),(4,7,1),(4,8,1),
115:(2,4,1),(2,4,2),(2,4,3),(2,5,3),(2,5,4),(2,5,5),(2,6,5),(2,7,5),(2,8,5),
116:(5,5,4),(5,5,3),(5,5,2),(5,6,2),
117:(3,6,1),(3,6,0),(4,6,0),(4,7,0),(4,8,0),
118:(7,4,5),(8,4,5),(8,4,4),(8,4,3),(8,4,3),(8,4,3),(9,4,3),(9,4,3),(8,4,3),
119:(5,4,5),(4,4,5),(3,4,5),(3,4,4),(3,4,3),(3,3,3),(2,3,3),(2,2,3),(2,2,2),(2,2,1),
120:(5,1,1),(5,2,1),(6,2,1),(7,2,1),(8,2,1),(8,3,1),(8,4,1),(8,5,1),(8,6,1),(8,7,1),(8,7,2),
121:(4,2,2),(5,2,2),(6,2,2),(7,2,2),(7,2,1),(7,3,1),(7,4,1),(8,4,1),
122:(6,3,0),(6,4,0),(6,5,0),(6,5,1),(6,5,2),(6,5,2),(6,6,2),(6,7,2),
123:(0,3,3),(1,3,3),(2,3,3),(3,3,3),(4,3,3),(5,3,3),(6,3,3),(6,3,4),(6,2,4),(6,1,4),(6,0,4),
124:(6,4,4),(5,4,4),(5,4,3),(4,4,3),(4,4,2),(3,4,2),(2,4,2),(1,4,2),(0,4,2),(0,4,1),(0,3,1),(0,2,1),(0,1,1),(0,1,0),
125:(4,0,2),(5,0,2),(5,1,2),(6,1,2),(6,2,2),(6,3,2),(6,4,2),(6,5,2),
126:(7,2,0),(7,3,0),(7,3,0),(6,3,0),
127:(1,2,2),(1,2,1),(0,2,1),(0,2,0),(0,3,0),(0,4,0),(0,5,0),(0,6,0),(0,7,0),
128:(1,0,5),(1,1,5),(1,2,5),(1,3,5),(2,3,5),(2,4,5),(2,5,5),(2,6,5),
129:(2,5,5),(3,5,5),(4,5,5),(5,5,5),(5,4,5),(5,4,4),(5,4,3),(6,4,3),(6,3,3),(7,3,3),(7,3,2),
130:(0,0,0),(0,1,0),(1,1,0),(1,2,0),(2,2,0),(3,2,0),(3,2,0),(4,2,0),(5,2,0),(6,2,0),(7,2,0),
131:(4,3,5),(3,3,5),(2,3,5),(2,4,5),(1,4,5),(0,4,5),(0,5,5),(0,6,5),(0,6,4),
132:(7,2,3),(6,2,3),(6,1,3),(6,1,4),(5,1,4),(5,1,4),(5,1,3),
133:(8,7,5),(7,7,5),(6,7,5),(5,7,5),(5,7,6),(4,7,6),(3,7,6),(3,7,5),
134:(6,5,5),(6,5,4),(6,5,3),(6,4,3),(6,3,3),(6,2,3),(6,2,2),(5,2,2),(4,2,2),(4,1,2),
135:(7,8,1),(6,8,1),(6,8,2),(6,9,2),(6,9,3),(6,9,4),(6,9,5),(6,8,5),(6,7,5),(6,6,5),
136:(3,4,2),(3,3,2),(3,3,3),(3,3,4),(3,3,5),(4,3,5),(5,3,5),
137:(0,4,5),(1,4,5),(2,4,5),(2,5,5),(2,6,5),(3,6,5),(4,6,5),(5,6,5),(6,6,5),(6,6,4),
138:(2,3,3),(2,3,2),(2,4,2),(2,5,2),(2,6,2),(2,7,2),(2,7,1),
139:(7,7,0),(6,7,0),(5,7,0),(5,6,0),(4,6,0),(3,6,0),(2,6,0),(1,6,0),(0,6,0),(0,6,1),(0,6,2),
140:(5,7,0),(5,6,0),(6,6,0),(7,6,0),(7,5,0),(7,4,0),(7,3,0),(7,3,1),(7,2,1),(7,2,2),(7,1,2),(8,1,2),
141:(2,5,1),(3,5,1),(3,6,1),(3,6,1),(3,6,2),(3,6,3),(3,7,3),
142:(4,3,1),(3,3,1),(3,4,1),(3,5,1),(3,5,2),(3,6,2),(2,6,2),(2,7,2),(2,7,3),(2,7,4),(2,7,5),
143:(7,1,5),(7,2,5),(7,2,4),(7,2,3),(7,2,2),(7,2,1),(7,3,1),(7,4,1),(7,5,1),(7,6,1),(6,6,1),(6,7,1),
144:(2,6,3),(2,6,4),(1,6,4),(1,5,4),
145:(3,2,4),(4,2,4),(4,2,3),(4,2,2),(4,2,1),(4,2,0),(5,2,0),(6,2,0),(7,2,0),(7,3,0),
146:(1,6,0),(2,6,0),(3,6,0),(3,5,0),(3,5,1),(3,5,2),(3,5,3),(3,5,4),
147:(1,7,1),(1,7,2),(1,7,3),(1,6,3),(1,5,3),(1,4,3),
148:(4,4,2),(4,3,2),(4,3,2),(5,3,2),(5,3,1),(4,3,1),
149:(6,4,0),(5,4,0),(4,4,0),(4,4,0),(3,4,0),(3,3,0),(2,3,0),(2,3,1),(2,2,1),(2,1,1),(1,1,1),
150:(7,4,4),(6,4,4),(6,4,5),(5,4,5),(4,4,5),(3,4,5),(2,4,5),(1,4,5),(1,4,4),(0,4,4),(0,4,3),(0,4,2),(1,4,2),(1,4,1),
151:(7,6,3),(6,6,3),(5,6,3),(4,6,3),(4,6,2),(4,5,2),(4,4,2),(3,4,2),(2,4,2),(2,3,2),(2,3,3),
152:(3,1,3),(4,1,3),(4,0,3),(4,0,4),(5,0,4),(6,0,4),(7,0,4),(7,1,4),
153:(5,0,5),(5,0,4),(6,0,4),(7,0,4),(7,0,3),(7,0,2),(7,1,2),(7,2,2),(7,3,2),(7,3,1),(7,4,1),(7,5,1),(7,6,1),(7,6,0),
154:(6,1,4),(6,1,3),(7,1,3),(8,1,3),
155:(0,5,0),(0,4,0),(0,4,1),(0,4,2),(0,4,3),(0,3,3),(0,3,4),(1,3,4),(1,2,4),(2,2,4),(2,1,4),
156:(5,0,0),(6,0,0),(7,0,0),(7,0,1),(8,0,1),(8,0,2),(8,1,2),(8,2,2),
157:(1,4,1),(2,4,1),(2,4,1),(3,4,1),(4,4,1),(4,5,1),(5,5,1),(6,5,1),
158:(7,2,4),(6,2,4),(6,2,4),(6,2,3),(5,2,3),(5,2,2),(5,3,2),(5,3,2),(4,3,2),(4,4,2),(3,4,2),(2,4,2),(2,5,2),
159:(4,0,1),(3,0,1),(3,1,1),(3,2,1),(3,3,1),(3,4,1),(2,4,1),(2,5,1),(2,5,0),(2,6,0),(2,7,0),(2,8,0),
160:(4,1,2),(4,1,1),(4,2,1),(5,2,1),(6,2,1),(6,3,1),(6,4,1),(6,4,0),(7,4,0),(7,5,0),(7,6,0),(7,7,0),
161:(3,3,1),(3,4,1),(4,4,1),(5,4,1),(6,4,1),(7,4,1),(7,4,2),(7,3,2),(7,3,3),(7,3,4),
