soc=1366
lb_soc=962
makespan=16
lb_makespan=13
comp_time=1932
highLevelExpanded=30
lowLevelExpanded=8621
solution=
0:(3,2,2),(4,2,2),(5,2,2),(6,2,2),(7,2,2),(8,2,2),(8,2,1),(8,3,1),(8,4,1),(8,5,1),
1:(3,6,4),(2,6,4),(2,5,4),(2,4,4),(2,3,4),(2,3,3),(1,3,3),(1,3,2),(2,3,2),
2:(5,8,5),(4,8,5),(3,8,5),(2,8,5),(1,8,5),(1,7,5),(1,6,5),
3:(4,6,1),(3,6,1),(3,6,2),(3,6,3),(2,6,3),(2,6,4),(2,6,5),
4:(1,8,0),(2,8,0),(3,8,0),(3,8,1),(3,8,2),(3,8,3),(3,7,3),(3,6,3),(3,6,3),(3,6,3),(3,6,4),(3,5,4),(3,5,5),
5:(1,8,1),(1,8,2),(1,8,3),(1,7,3),(1,7,4),(1,6,4),(1,5,4),
6:(2,8,5),(3,8,5),(3,8,4),(4,8,4),(5,8,4),(5,7,4),(5,6,4),(5,5,4),(5,4,4),(5,3,4),(5,3,4),(5,3,3),(5,3,2),(5,2,2),(5,1,2),
7:(2,6,4),(1,6,4),(1,6,3),(1,6,2),(1,7,2),(1,8,2),
8:(7,0,0),(6,0,0),(6,0,1),(6,0,2),(6,0,3),(6,1,3),(6,2,3),(6,3,3),(6,4,3),(6,5,3),
9:(3,0,5),(3,1,5),(3,2,5),(3,3,5),(3,4,5),(3,5,5),(3,6,5),
10:(8,1,5),(7,1,5),(7,2,5),(7,2,4),(7,3,4),(7,4,4),(7,5,4),(7,6,4),(6,6,4),(5,6,4),(5,7,4),(4,7,4),(3,7,4),(3,8,4),(3,8,3),
11:(8,8,1),(7,8,1),(6,8,1),(5,8,1),(5,7,1),(5,6,1),(5,5,1),(5,4,1),(5,3,1),(5,2,1),(5,1,1),(5,0,1),
12:(1,5,4),(1,5,4),(1,6,4),(1,7,4),(1,8,4),
13:(8,1,4),(7,1,4),(6,1,4),(5,1,4),(4,1,4),(3,1,4),(3,2,4),(2,2,4),(2,3,4),(2,4,4),(1,4,4),(0,4,4),
14:(0,0,4),(1,0,4),(2,0,4),(3,0,4),(4,0,4),(5,0,4),(6,0,4),(7,0,4),(8,0,4),(8,0,3),(8,0,2),(8,0,1),(8,0,0),(8,1,0),(8,2,0),
15:(0,1,2),(1,1,2),(2,1,2),(3,1,2),(4,1,2),(5,1,2),(6,1,2),(6,1,3),(6,0,3),(6,0,4),(6,0,5),
16:(4,5,3),(5,5,3),(6,5,3),(7,5,3),(7,5,2),(7,4,2),(7,3,2),(7,2,2),(7,1,2),(7,0,2),(7,0,2),(8,0,2),
17:(0,5,3),(1,5,3),(1,5,4),(1,4,4),(1,3,4),(1,3,5),(1,2,5),(1,1,5),(2,1,5),(2,0,5),(3,0,5),
18:(8,0,0),(7,0,0),(6,0,0),(5,0,0),(4,0,0),(3,0,0),(2,0,0),(2,0,1),(2,0,2),(2,0,3),(2,0,4),(1,0,4),(1,0,5),
19:(5,7,3),(4,7,3),(3,7,3),(2,7,3),(1,7,3),(1,7,2),(1,7,1),(1,7,0),
20:(5,1,5),(4,1,5),(4,2,5),(4,3,5),(4,4,5),(4,5,5),(4,6,5),(4,6,4),(4,7,4),(3,7,4),(2,7,4),(2,7,3),(2,7,2),(2,7,1),(1,7,1),(1,8,1),(1,8,0),
21:(1,1,0),(2,1,0),(3,1,0),(4,1,0),(5,1,0),(6,1,0),(7,1,0),(8,1,0),(8,1,1),(8,1,2),(8,1,3),(8,2,3),
22:(4,4,3),(3,4,3),(2,4,3),(2,3,3),(2,2,3),(2,1,3),(2,0,3),(1,0,3),
23:(7,2,5),(6,2,5),(5,2,5),(4,2,5),(3,2,5),(3,2,4),(2,2,4),(1,2,4),(1,2,3),(1,3,3),(1,3,2),(1,3,1),(1,4,1),(1,5,1),
24:(3,3,3),(2,3,3),(1,3,3),(1,3,2),(1,3,1),(1,2,1),
25:(5,2,4),(4,2,4),(3,2,4),(2,2,4),(1,2,4),(0,2,4),(0,1,4),
26:(2,1,4),(2,1,3),(2,2,3),(2,2,2),(2,2,1),
27:(7,8,3),(6,8,3),(5,8,3),(4,8,3),(3,8,3),(2,8,3),(2,7,3),(2,7,2),(2,7,1),(2,6,1),(2,5,1),
28:(6,8,5),(5,8,5),(4,8,5),(3,8,5),(2,8,5),(2,8,4),(2,8,3),
29:(8,3,1),(7,3,1),(6,3,1),(5,3,1),(4,3,1),(3,3,1),(3,3,2),(3,3,3),(3,3,4),(3,2,4),(3,1,4),(3,0,4),(2,0,4),(2,0,5),
30:(2,1,2),(3,1,2),(3,1,3),(3,1,4),(3,1,5),
31:(6,4,1),(7,4,1),(7,4,2),(7,4,3),(7,5,3),(7,6,3),(7,7,3),
32:(6,0,4),(7,0,4),(8,0,4),(8,1,4),(8,2,4),(8,3,4),(8,4,4),(8,4,3),
33:(5,8,3),(4,8,3),(3,8,3),(2,8,3),(1,8,3),(1,7,3),(1,7,4),(1,7,5),(1,7,6),(1,6,6),(1,5,6),(1,5,5),
34:(3,4,4),(2,4,4),(2,4,4),(2,4,3),(2,4,2),
35:(5,3,0),(4,3,0),(4,3,1),(4,3,2),(4,3,3),(4,3,4),(4,3,5),(4,4,5),
36:(5,7,0),(4,7,0),(3,7,0),(2,7,0),(2,7,1),(2,7,2),(2,7,2),(1,7,2),
37:(2,4,4),(2,4,3),(2,4,2),(3,4,2),(3,4,1),(3,5,1),(3,6,1),(3,7,1),(3,8,1),
38:(0,8,0),(1,8,0),(2,8,0),(3,8,0),(4,8,0),(5,8,0),(6,8,0),(7,8,0),(8,8,0),(8,7,0),(8,6,0),(8,5,0),(8,4,0),(8,3,0),
39:(2,7,4),(2,7,3),(2,7,2),(2,7,1),(2,6,1),(2,5,1),(2,4,1),
40:(7,8,0),(6,8,0),(6,7,0),(6,7,1),(6,7,2),(6,6,2),(5,6,2),(5,6,3),(5,5,3),(5,4,3),(4,4,3),(4,3,3),(4,2,3),(4,2,4),
41:(7,6,3),(6,6,3),(6,6,2),(6,6,1),(6,6,0),(6,5,0),(6,4,0),(6,3,0),(6,2,0),
42:(6,5,3),(6,5,2),(5,5,2),(4,5,2),(3,5,2),(2,5,2),(1,5,2),(0,5,2),(0,5,1),(0,5,0),
43:(2,8,1),(3,8,1),(4,8,1),(4,7,1),(4,7,0),(5,7,0),(6,7,0),(6,6,0),(6,5,0),(6,4,0),
44:(0,2,3),(0,3,3),(0,4,3),(1,4,3),(2,4,3),(3,4,3),(4,4,3),(5,4,3),(5,4,2),(6,4,2),
45:(6,3,3),(5,3,3),(4,3,3),(4,3,3),(3,3,3),(3,2,3),(3,2,2),(3,1,2),(3,0,2),
46:(5,8,2),(6,8,2),(6,8,3),(6,8,4),(6,7,4),(6,6,4),(6,5,4),
47:(6,1,0),(7,1,0),(8,1,0),(8,1,1),(8,1,2),(8,1,3),(8,1,4),
48:(4,7,1),(3,7,1),(2,7,1),(2,8,1),(2,8,2),
49:(1,2,3),(2,2,3),(3,2,3),(4,2,3),(4,2,2),(4,2,1),(4,2,0),(4,3,0),(4,4,0),(4,5,0),(4,6,0),
50:(8,3,3),(7,3,3),(6,3,3),(5,3,3),(5,3,3),(4,3,3),(3,3,3),(2,3,3),(1,3,3),(1,4,3),
51:(5,1,1),(6,1,1),(7,1,1),(7,2,1),(7,3,1),(7,3,2),(6,3,2),(7,3,2),(7,4,2),(7,5,2),
52:(3,1,3),(3,2,3),(3,2,2),(3,3,2),(2,3,2),(1,3,2),(0,3,2),(0,4,2),
53:(6,6,0),(6,6,1),(6,7,1),(6,7,2),(6,7,3),(6,7,4),(6,7,5),
54:(0,8,5),(1,8,5),(1,7,5),(1,6,5),(2,6,5),(2,5,5),(2,4,5),(3,4,5),(3,3,5),(4,3,5),(5,3,5),(5,2,5),
55:(5,1,0),(4,1,0),(4,1,1),(4,1,2),(4,1,3),(4,2,3),(4,3,3),(4,4,3),(4,5,3),(4,6,3),(4,7,3),
56:(3,2,5),(4,2,5),(4,2,4),(5,2,4),(6,2,4),(7,2,4),(7,3,4),
57:(7,1,0),(7,1,1),(7,1,2),(6,1,2),(5,1,2),(5,1,3),(4,1,3),(3,1,3),(2,1,3),(2,2,3),(2,2,4),(2,3,4),(2,4,4),(2,5,4),(2,6,4),(1,6,4),(1,7,4),
58:(2,3,0),(3,3,0),(4,3,0),(5,3,0),(6,3,0),(7,3,0),(8,3,0),(8,4,0),(8,5,0),(8,6,0),(8,6,1),(8,6,2),(8,7,2),(8,7,3),(8,7,4),(8,8,4),(8,8,5),
59:(6,1,1),(6,1,0),(5,1,0),(5,1,0),(5,0,0),
60:(1,1,1),(2,1,1),(3,1,1),(4,1,1),(4,2,1),(4,3,1),(4,3,2),(4,3,3),(4,4,3),(4,5,3),
61:(1,7,3),(0,7,3),(0,7,2),(0,7,1),(0,6,1),(0,5,1),(0,4,1),(0,3,1),(0,2,1),(0,1,1),
62:(8,7,3),(7,7,3),(6,7,3),(5,7,3),(4,7,3),(4,7,2),
63:(3,1,1),(3,2,1),(3,3,1),(3,4,1),(3,5,1),(3,5,2),(3,5,3),(3,5,4),(3,6,4),(3,6,4),(4,6,4),
64:(0,3,3),(1,3,3),(1,3,2),(2,3,2),(2,3,1),(2,4,1),(3,4,1),(4,4,1),(4,5,1),
65:(3,6,0),(2,6,0),(1,6,0),(1,6,1),(1,6,2),(0,6,2),
66:(5,4,4),(4,4,4),(4,4,3),(4,4,2),(4,3,2),(4,2,2),(4,2,1),(4,1,1),(4,1,0),
67:(1,0,2),(2,0,2),(3,0,2),(3,0,1),(3,1,1),(3,2,1),(3,3,1),(4,3,1),(4,3,1),(5,3,1),
68:(8,1,1),(8,2,1),(7,2,1),(6,2,1),(6,3,1),(6,4,1),(6,5,1),(6,6,1),(5,6,1),(5,7,1),(4,7,1),(4,8,1),
69:(6,3,2),(6,3,1),(6,2,1),(6,1,1),(6,0,1),
70:(0,0,1),(1,0,1),(2,0,1),(2,0,2),(3,0,2),(4,0,2),(5,0,2),(5,0,3),(5,1,3),(5,2,3),(5,3,3),(5,4,3),(5,5,3),(5,6,3),
71:(2,0,3),(3,0,3),(4,0,3),(5,0,3),(5,1,3),(5,2,3),(5,3,3),(5,3,3),(6,3,3),
72:(5,5,4),(5,4,4),(5,3,4),(5,3,4),(5,2,4),
73:(8,3,4),(7,3,4),(7,3,3),(7,2,3),(7,1,3),(7,1,2),(7,1,1),(7,0,1),
74:(8,7,1),(7,7,1),(7,7,2),(7,7,3),(7,7,4),(7,6,4),(6,6,4),(5,6,4),(4,6,4),(4,5,4),(3,5,4),(3,4,4),(3,3,4),(2,3,4),(2,2,4),(1,2,4),
75:(3,1,2),(4,1,2),(5,1,2),(5,1,1),(6,1,1),(7,1,1),(8,1,1),(8,2,1),(8,3,1),(8,4,1),(9,4,1),(9,5,1),(9,6,1),(8,6,1),(8,7,1),(8,8,1),
76:(6,7,2),(5,7,2),(5,6,2),(5,5,2),(5,4,2),(5,3,2),(5,2,2),(5,1,2),(5,1,2),(5,1,3),
77:(1,4,1),(2,4,1),(3,4,1),(4,4,1),(5,4,1),(5,4,0),(5,5,0),(6,5,0),(7,5,0),(7,6,0),(7,7,0),(8,7,0),(8,8,0),
78:(1,3,2),(1,4,2),(1,4,2),(2,4,2),(3,4,2),(4,4,2),(5,4,2),(6,4,2),(6,4,2),(6,4,3),
79:(0,4,0),(1,4,0),(2,4,0),(3,4,0),(3,5,0),(3,5,0),(3,5,1),
80:(0,4,5),(0,4,4),(0,3,4),(0,3,3),(0,3,2),(0,3,1),(0,2,1),(0,1,1),(0,0,1),
81:(4,5,1),(5,5,1),(6,5,1),(7,5,1),(7,4,1),(7,3,1),
82:(8,0,3),(8,0,4),(8,0,5),(8,1,5),(8,2,5),(8,3,5),(8,4,5),(8,5,5),(8,6,5),(8,7,5),
83:(4,6,0),(3,6,0),(2,6,0),(2,5,0),(2,4,0),(2,3,0),(2,2,0),(2,1,0),(2,1,1),(2,1,2),
84:(4,5,4),(5,5,4),(6,5,4),(6,5,3),(6,6,3),(6,7,3),
85:(2,4,0),(2,5,0),(1,5,0),(0,5,0),(0,5,1),(0,5,2),(0,5,3),(0,5,4),(0,5,5),(0,6,5),
86:(7,7,0),(6,7,0),(5,7,0),(5,7,1),(5,7,2),(5,7,3),(4,7,3),(4,8,3),
87:(2,5,1),(1,5,1),(0,5,1),(0,6,1),(0,6,0),(0,7,0),
88:(7,7,3),(6,7,3),(5,7,3),(4,7,3),(3,7,3),(2,7,3),(1,7,3),(0,7,3),(0,6,3),(0,5,3),(0,4,3),(0,3,3),(0,2,3),
89:(1,3,3),(1,3,2),(2,3,2),(2,3,1),(3,3,1),(3,3,2),(3,4,2),(4,4,2),(4,4,2),(5,4,2),
90:(0,2,1),(1,2,1),(1,3,1),(1,4,1),(2,4,1),(3,4,1),(4,4,1),(4,4,0),(5,4,0),(5,4,1),(6,4,1),(7,4,1),(8,4,1),(8,4,2),
91:(4,8,1),(4,7,1),(4,6,1),(4,5,1),(4,4,1),(4,4,1),(4,3,1),(4,2,1),(3,2,1),(3,1,1),(3,0,1),
92:(8,5,2),(7,5,2),(6,5,2),(6,5,2),(5,5,2),(4,5,2),(3,5,2),(3,5,3),
93:(3,0,1),(2,0,1),(2,0,2),(2,1,2),(2,2,2),(2,3,2),(1,3,2),(1,4,2),(1,4,2),(1,5,2),(2,5,2),(2,6,2),
94:(2,7,2),(2,6,2),(2,5,2),(2,5,3),
95:(3,3,2),(4,3,2),(5,3,2),(6,3,2),(6,4,2),(6,5,2),(7,5,2),(7,6,2),(7,6,1),
96:(1,4,4),(1,3,4),(2,3,4),(3,3,4),(4,3,4),(4,2,4),(4,2,3),(4,2,2),(4,2,1),(4,2,0),(5,2,0),(5,1,0),
97:(8,5,5),(7,5,5),(7,4,5),(6,4,5),(5,4,5),(4,4,5),(4,4,4),(3,4,4),(2,4,4),(2,4,3),(2,3,3),(1,3,3),(1,3,2),(1,3,1),(1,4,1),
98:(7,6,0),(7,5,0),(7,4,0),(7,3,0),(7,2,0),(6,2,0),(6,2,1),(6,1,1),
99:(7,8,4),(6,8,4),(5,8,4),(5,8,3),(4,8,3),(4,7,3),(4,6,3),(4,6,2),(4,6,1),
100:(4,1,4),(4,1,3),(4,1,2),(4,2,2),(3,2,2),(3,1,2),(3,1,1),(3,2,1),(3,3,1),
101:(7,5,5),(6,5,5),
102:(6,7,4),(6,6,4),(6,6,4),(6,5,4),(6,4,4),(6,4,3),(6,4,2),(6,4,1),(6,3,1),
103:(5,2,2),(5,2,3),(4,2,3),(4,2,4),(3,2,4),(2,2,4),(2,3,4),(2,4,4),(2,5,4),(2,6,4),(1,6,4),(1,7,4),(1,7,5),(1,8,5),
104:(5,3,3),(4,3,3),(3,3,3),(3,4,3),(3,5,3),(3,6,3),(2,6,3),
105:(1,0,3),(2,0,3),(3,0,3),(4,0,3),(5,0,3),(6,0,3),(7,0,3),(7,1,3),(7,1,4),
106:(4,6,3),(4,6,4),(4,7,4),(4,7,4),(4,8,4),
107:(2,6,0),(1,6,0),(0,6,0),(1,6,0),(1,5,0),(1,4,0),(1,3,0),(1,2,0),
108:(8,5,1),(8,5,2),(8,5,3),(8,5,4),(7,5,4),(7,5,5),(7,6,5),
109:(7,3,5),(8,3,5),(8,3,4),(8,3,3),
110:(3,4,5),(2,4,5),(1,4,5),
111:(6,0,3),(6,1,3),(6,2,3),(6,3,3),(6,4,3),(5,4,3),(5,5,3),(4,5,3),(4,5,2),(4,6,2),
112:(3,1,4),(3,1,3),(2,1,3),(3,1,3),(3,1,2),(3,1,1),(3,1,0),(3,2,0),(3,3,0),
113:(0,1,1),(1,1,1),(2,1,1),(3,1,1),(4,1,1),(5,1,1),(6,1,1),(7,1,1),(7,1,0),(7,2,0),(7,3,0),(7,4,0),(7,5,0),(8,5,0),
114:(1,4,5),(1,4,4),(1,4,3),(1,4,2),(1,3,2),(1,2,2),(2,2,2),(3,2,2),(4,2,2),(4,2,1),
115:(1,6,1),(2,6,1),(3,6,1),(4,6,1),(5,6,1),(6,6,1),(6,6,2),(6,6,3),(7,6,3),(7,6,4),(7,5,4),(7,5,5),(7,4,5),(7,3,5),(7,2,5),
116:(1,2,1),(2,2,1),(3,2,1),(4,2,1),(5,2,1),(5,2,0),(5,3,0),(5,4,0),(5,5,0),(5,6,0),
117:(7,6,1),(7,6,1),(7,7,1),(7,8,1),
118:(5,2,5),(5,2,4),(5,2,3),(5,2,2),(5,3,2),(5,3,1),(5,3,1),(5,3,0),(5,3,0),(5,4,0),
119:(1,3,5),(1,2,5),(1,2,4),(1,1,4),(2,1,4),
120:(3,4,2),(4,4,2),(4,4,1),(4,4,0),(4,5,0),(4,6,0),(4,7,0),
121:(3,8,0),(4,8,0),(4,7,0),(5,7,0),(6,7,0),(7,7,0),(7,6,0),(7,5,0),(7,4,0),(8,4,0),(8,3,0),(8,2,0),(8,1,0),(7,1,0),(8,1,0),(8,0,0),
122:(0,1,3),(1,1,3),(1,2,3),(1,3,3),(1,4,3),(1,5,3),(1,6,3),(1,7,3),(2,7,3),(3,7,3),
123:(6,2,5),(6,3,5),(7,3,5),(7,4,5),(7,5,5),(7,6,5),(7,7,5),(7,8,5),
124:(0,3,2),(0,4,2),(0,5,2),(1,5,2),(1,5,3),(1,5,4),(2,5,4),(2,5,5),
125:(4,4,0),(5,4,0),(6,4,0),(6,3,0),(6,2,0),(6,2,1),(6,2,2),(6,2,3),(7,2,3),(7,1,3),(7,0,3),(8,0,3),
126:(8,0,1),(8,0,2),(8,1,2),(8,2,2),(8,3,2),(8,4,2),(8,5,2),(8,6,2),(7,6,2),(6,6,2),(6,7,2),(6,8,2),
127:(7,2,0),(7,2,1),(7,2,2),(7,2,2),(7,2,3),(6,2,3),(5,2,3),(5,2,3),(6,2,3),
128:(1,5,1),(1,5,2),(1,5,3),(1,5,4),(2,5,4),(3,5,4),(4,5,4),(4,4,4),
129:(7,5,1),(6,5,1),(6,4,1),(5,4,1),(5,3,1),(5,2,1),(5,1,1),(5,0,1),(4,0,1),(4,0,2),(4,0,3),(3,0,3),
130:(2,7,0),(3,7,0),(3,7,1),(3,7,2),(4,7,2),(5,7,2),(6,7,2),(6,8,2),(6,8,3),(6,8,4),
131:(8,4,3),(8,5,3),(8,6,3),
132:(0,5,2),(0,5,1),(0,4,1),(0,3,1),(0,2,1),(0,2,2),(1,2,2),(2,2,2),(3,2,2),(4,2,2),(5,2,2),(5,2,1),
133:(8,3,2),(7,3,2),(6,3,2),(6,4,2),(6,5,2),(5,5,2),(4,5,2),(3,5,2),(3,4,2),(3,4,3),
134:(4,7,4),(3,7,4),(3,6,4),(3,5,4),(3,4,4),(3,3,4),(3,3,5),(3,2,5),
135:(1,8,5),(2,8,5),(2,8,4),(3,8,4),(3,9,4),(3,9,3),(3,9,2),(3,8,2),
136:(3,2,0),(2,2,0),(1,2,0),(0,2,0),(0,2,0),(0,2,1),(0,2,2),
137:(3,2,3),(4,2,3),(4,1,3),(5,1,3),(6,1,3),(7,1,3),(7,1,4),(7,1,5),(8,1,5),(8,0,5),
138:(7,3,2),(6,3,2),(6,4,2),(5,4,2),(5,4,3),(5,4,4),(5,4,5),(5,5,5),(4,5,5),(4,6,5),(4,7,5),(4,8,5),
139:(3,3,0),(3,3,1),(3,3,2),(3,3,3),(3,3,4),(2,3,4),(3,3,4),(4,3,4),
140:(3,6,5),(2,6,5),(2,7,5),
141:(7,2,3),(7,2,2),(7,3,2),(7,3,1),(8,3,1),(8,4,1),(8,5,1),(8,6,1),(8,7,1),(7,7,1),(7,7,1),(7,7,0),
142:(8,8,4),(7,8,4),(6,8,4),(5,8,4),(5,8,3),(4,8,3),(3,8,3),(3,7,3),(3,7,2),(3,6,2),(3,5,2),(3,4,2),(3,4,1),
143:(6,6,4),(5,6,4),(5,6,3),(5,6,2),(5,6,2),(5,6,2),(5,5,2),
144:(0,6,0),(0,6,1),(1,6,1),(2,6,1),(3,6,1),(4,6,1),(5,6,1),(5,6,2),(6,6,2),(6,6,3),(7,6,3),(7,6,4),(7,5,4),(7,4,4),
145:(4,8,5),(4,8,4),(4,8,3),(4,8,2),(5,8,2),(6,8,2),(7,8,2),(8,8,2),(8,7,2),(8,6,2),(8,5,2),(8,4,2),(8,3,2),(8,2,2),
146:(7,0,2),(7,0,1),(7,0,0),(7,1,0),(7,1,-1),(7,2,-1),(7,3,-1),(7,4,-1),(7,5,-1),(7,5,0),(7,6,0),
147:(5,2,0),(4,2,0),(3,2,0),(2,2,0),(1,2,0),(1,1,0),
148:(4,5,2),(3,5,2),(3,5,2),(2,5,2),(1,5,2),(1,6,2),
149:(0,8,3),(1,8,3),(2,8,3),(2,8,2),(2,7,2),(3,7,2),(3,7,1),(4,7,1),(5,7,1),(6,7,1),(6,7,1),(7,7,1),
150:(3,7,3),(3,6,3),(4,6,3),(5,6,3),(5,6,4),(5,5,4),(5,4,4),(5,4,4),(5,4,5),
151:(1,6,3),(2,6,3),(3,6,3),(3,7,3),(3,7,2),(3,7,1),(4,7,1),(5,7,1),(6,7,1),(6,7,0),
152:(3,4,0),(4,4,0),(5,4,0),(6,4,0),(7,4,0),(7,4,0),(7,3,0),(7,2,0),(8,2,0),(8,2,1),(8,1,1),(8,1,1),(8,0,1),
153:(0,2,5),(0,2,4),(0,2,3),(1,2,3),(1,2,2),(1,2,3),(1,2,3),(1,2,2),
154:(3,5,0),(3,5,1),(2,5,1),(1,5,1),(1,4,1),(1,4,2),(1,4,3),(1,4,4),(1,3,4),
155:(1,2,5),(2,2,5),
156:(7,3,3),(6,3,3),(6,3,4),(6,3,5),(5,3,5),(4,3,5),(4,2,5),
157:(4,8,2),(3,8,2),(2,8,2),(2,7,2),(2,6,2),(2,6,1),(2,5,1),(1,5,1),(1,4,1),(1,3,1),(2,3,1),
158:(2,6,5),(1,6,5),(0,6,5),(0,6,4),(0,5,4),(0,4,4),(0,3,4),(0,2,4),
159:(8,4,1),(8,4,2),(8,4,3),(8,5,3),(8,5,3),(7,5,3),(6,5,3),(5,5,3),(5,5,4),(5,5,5),
160:(7,0,3),(6,0,3),(6,0,4),(6,1,4),
161:(6,7,1),(5,7,1),(4,7,1),(4,7,2),(4,6,2),(3,6,2),(2,6,2),(2,5,2),(1,5,2),(0,5,2),(0,5,3),(0,4,3),(0,3,3),(0,3,4),
