soc=1310
lb_soc=918
makespan=16
lb_makespan=13
comp_time=2044
highLevelExpanded=34
lowLevelExpanded=7390
solution=
0:(0,4,0),(1,4,0),(1,3,0),(1,2,0),(1,1,0),
1:(7,1,4),(6,1,4),(5,1,4),(5,1,5),(4,1,5),(4,2,5),(4,3,5),(4,4,5),(4,5,5),(4,6,5),(4,7,5),
2:(0,2,1),(0,2,2),(0,2,3),(1,2,3),(1,2,4),(2,2,4),(2,3,4),(2,4,4),(2,5,4),(2,6,4),(3,6,4),(3,7,4),(4,7,4),(5,7,4),(6,7,4),(6,8,4),
3:(1,7,0),(0,7,0),(0,7,1),(0,7,2),(0,7,3),
4:(6,3,4),(5,3,4),(5,3,4),(5,3,3),(5,4,3),(5,4,2),(5,5,2),(4,5,2),(4,5,1),(4,5,0),(4,6,0),(3,6,0),
5:(7,5,2),(7,5,3),(7,5,4),(7,5,5),(7,6,5),
6:(5,0,5),(6,0,5),(6,1,5),(6,1,5),(6,2,5),(6,3,5),(6,3,4),(6,3,3),(6,4,3),(7,4,3),(7,4,2),(7,5,2),(7,6,2),
7:(5,5,1),(6,5,1),(6,5,2),(6,5,3),(6,5,4),(6,5,5),(6,6,5),
8:(5,2,0),(4,2,0),(3,2,0),(3,1,0),(3,1,1),(3,1,2),(3,1,3),(3,1,4),
9:(7,3,3),(6,3,3),(6,2,3),(6,1,3),(6,0,3),
10:(6,2,3),(7,2,3),(7,2,2),(7,3,2),
11:(8,2,1),(7,2,1),(7,2,0),(7,3,0),(7,4,0),(7,5,0),(7,6,0),
12:(0,7,4),(1,7,4),(2,7,4),(3,7,4),(4,7,4),(5,7,4),(5,8,4),(5,8,3),(5,8,2),(5,8,1),(6,8,1),
13:(4,2,3),(4,1,3),(4,0,3),(3,0,3),(3,0,4),(2,0,4),(1,0,4),(1,1,4),
14:(3,2,2),(3,3,2),(3,3,3),(3,4,3),(3,4,4),(3,4,5),
15:(8,1,4),(7,1,4),(7,1,3),(7,1,2),(6,1,2),(6,1,1),(6,1,1),(6,2,1),
16:(7,6,5),(8,6,5),(8,6,4),(8,6,3),(8,6,2),(8,7,2),
17:(3,1,1),(4,1,1),(5,1,1),(6,1,1),(7,1,1),(8,1,1),(8,1,2),(8,0,2),
18:(1,1,1),(2,1,1),(2,1,2),(2,1,3),(2,0,3),
19:(2,6,0),(1,6,0),(0,6,0),(0,6,1),(0,5,1),(0,4,1),(0,3,1),(0,2,1),(0,1,1),
20:(3,5,0),(4,5,0),(4,4,0),(4,3,0),(5,3,0),(6,3,0),(6,2,0),(7,2,0),(7,2,1),(7,2,2),
21:(0,2,5),(1,2,5),(2,2,5),(3,2,5),(4,2,5),(5,2,5),(6,2,5),(7,2,5),(8,2,5),(8,2,4),(8,2,3),(8,2,2),(8,2,1),(8,2,0),(8,1,0),
22:(3,2,5),(4,2,5),(5,2,5),(6,2,5),(7,2,5),(7,3,5),(7,4,5),(7,5,5),
23:(3,3,3),(4,3,3),(5,3,3),(6,3,3),(6,3,2),(6,2,2),(6,1,2),(6,0,2),
24:(8,3,5),(7,3,5),(6,3,5),(5,3,5),(4,3,5),(3,3,5),(2,3,5),(2,2,5),(2,1,5),
25:(6,1,5),(5,1,5),(4,1,5),(3,1,5),(3,2,5),(3,2,5),(3,3,5),(2,3,5),(2,4,5),(2,5,5),(2,6,5),(2,7,5),(2,8,5),(2,8,4),
26:(6,1,0),(7,1,0),(8,1,0),(8,1,1),(8,0,1),
27:(0,2,4),(1,2,4),(2,2,4),(3,2,4),(4,2,4),(5,2,4),(6,2,4),(6,2,5),
28:(4,4,3),(3,4,3),(2,4,3),(1,4,3),(0,4,3),(0,4,4),(0,3,4),
29:(3,0,3),(4,0,3),(5,0,3),(5,1,3),(5,2,3),(5,3,3),(5,4,3),(5,5,3),(4,5,3),(4,6,3),(4,7,3),(5,7,3),(5,8,3),
30:(6,6,0),(6,6,1),(6,6,2),(6,6,3),(6,6,4),(6,5,4),(6,5,4),(6,5,5),
31:(5,2,5),(5,2,4),(4,2,4),(4,2,3),(3,2,3),(3,3,3),(2,3,3),(1,3,3),(0,3,3),(0,3,2),
32:(3,7,2),(2,7,2),(1,7,2),(1,7,3),(1,7,4),(1,8,4),
33:(0,4,1),(1,4,1),(2,4,1),(3,4,1),(3,4,2),(3,4,3),(3,4,4),(3,3,4),(3,3,5),
34:(3,2,3),(2,2,3),
35:(1,6,3),(2,6,3),(3,6,3),(4,6,3),(4,6,4),(4,5,4),(4,4,4),(4,3,4),(4,3,5),(4,2,5),
36:(0,0,0),(0,1,0),(0,2,0),(0,3,0),(0,4,0),(0,5,0),(1,5,0),(1,5,1),(1,6,1),(1,7,1),(2,7,1),(3,7,1),(3,8,1),
37:(7,6,4),(6,6,4),(5,6,4),(4,6,4),(3,6,4),(2,6,4),(1,6,4),(1,6,3),(1,6,2),(1,5,2),(1,4,2),(1,3,2),(1,2,2),(1,1,2),
38:(8,5,2),(7,5,2),(7,5,3),(7,5,4),(7,4,4),(6,4,4),(5,4,4),(4,4,4),(3,4,4),(2,4,4),(1,4,4),(1,4,5),(1,3,5),
39:(5,4,2),(4,4,2),(3,4,2),(2,4,2),(1,4,2),(1,4,1),(1,3,1),
40:(1,1,5),(1,1,6),(1,2,6),(1,3,6),(1,4,6),(1,5,6),(1,6,6),(1,7,6),(1,7,5),(1,8,5),
41:(5,8,0),(4,8,0),(4,8,1),(4,8,2),(4,8,3),(4,8,4),(4,7,4),(4,6,4),
42:(3,2,4),(3,2,4),(3,2,3),(3,2,2),(2,2,2),(1,2,2),(1,2,1),(1,2,0),
43:(2,4,4),(1,4,4),(0,4,4),(0,4,3),(0,4,2),(0,3,2),(0,2,2),(0,1,2),(0,0,2),(0,0,1),
44:(2,3,1),(3,3,1),(4,3,1),(5,3,1),(6,3,1),(7,3,1),(7,2,1),(7,1,1),(7,1,2),
45:(5,7,3),(4,7,3),(3,7,3),(3,7,2),(3,7,1),(3,7,0),(3,6,0),(2,6,0),
46:(8,5,1),(7,5,1),(6,5,1),(6,5,2),(6,5,3),(6,4,3),(6,4,4),(6,3,4),
47:(5,4,4),(6,4,4),(7,4,4),(7,3,4),(7,2,4),
48:(6,2,1),(5,2,1),(4,2,1),(4,2,2),(3,2,2),(3,2,3),(3,2,4),(2,2,4),(2,2,5),
49:(6,5,1),(6,4,1),(5,4,1),(4,4,1),(4,3,1),(4,2,1),(4,1,1),(4,0,1),
50:(4,1,2),(3,1,2),(3,2,2),(2,2,2),(1,2,2),(0,2,2),(0,2,3),(0,3,3),(0,4,3),(0,5,3),(0,6,3),(0,6,4),(0,7,4),(0,8,4),(0,8,3),
51:(7,6,1),(7,6,2),(7,6,3),(7,6,4),(7,5,4),(7,5,5),(6,5,5),(5,5,5),(5,4,5),(4,4,5),(4,4,4),(3,4,4),(2,4,4),
52:(4,3,5),(3,3,5),(2,3,5),(2,2,5),(2,2,5),(2,1,5),(2,0,5),
53:(2,3,5),(2,3,4),(3,3,4),(3,4,4),(3,5,4),
54:(2,7,2),(2,6,2),(3,6,2),(4,6,2),(4,5,2),(4,4,2),(4,3,2),(4,2,2),
55:(2,4,1),(3,4,1),(3,4,0),(3,5,0),
56:(8,3,2),(7,3,2),(6,3,2),(5,3,2),(4,3,2),(4,3,3),(4,4,3),(4,5,3),(4,6,3),(4,7,3),(4,8,3),
57:(2,5,3),(3,5,3),(4,5,3),(5,5,3),(5,5,4),(5,5,5),(5,4,5),(5,3,5),
58:(2,5,2),(3,5,2),(4,5,2),(4,5,1),(4,4,1),(4,3,1),(4,2,1),
59:(8,1,2),(7,1,2),(6,1,2),(5,1,2),(4,1,2),(4,0,2),
60:(0,8,0),(1,8,0),(2,8,0),(3,8,0),(4,8,0),(4,8,1),(4,7,1),(5,7,1),(5,7,2),(5,7,3),(5,7,4),(5,7,5),(5,6,5),(5,5,5),(5,4,5),(6,4,5),(6,3,5),
61:(6,3,5),(6,4,5),(6,5,5),(6,6,5),(6,7,5),(6,7,4),(7,7,4),(7,7,3),
62:(1,2,5),(1,3,5),(1,3,4),(2,3,4),(2,4,4),(2,5,4),(2,5,3),(2,6,3),(2,7,3),(2,8,3),(2,8,2),(2,8,1),(2,9,1),(3,9,1),(3,9,0),(3,8,0),
63:(6,3,3),(5,3,3),(5,3,2),(4,3,2),(3,3,2),(3,3,1),(3,3,0),(2,3,0),(1,3,0),(0,3,0),(0,4,0),
64:(2,5,4),(3,5,4),(4,5,4),(5,5,4),(5,4,4),(5,4,3),(6,4,3),(7,4,3),(7,3,3),(7,2,3),(7,1,3),(8,1,3),(8,1,2),
65:(1,1,0),(2,1,0),(3,1,0),(4,1,0),(5,1,0),(5,1,1),(5,1,2),(6,1,2),(6,1,3),(6,2,3),
66:(7,8,2),(6,8,2),(5,8,2),(5,8,1),(4,8,1),(3,8,1),(2,8,1),(1,8,1),(0,8,1),(0,7,1),(-1,7,1),(-1,6,1),(-1,5,1),(-1,4,1),(-1,3,1),(-1,2,1),(0,2,1),
67:(6,8,3),(6,7,3),(6,7,2),
68:(3,3,1),(4,3,1),(5,3,1),(6,3,1),(6,4,1),(6,4,2),(6,5,2),(6,5,3),
69:(3,1,2),(3,1,1),(4,1,1),(5,1,1),(5,2,1),(5,2,0),(5,3,0),(5,4,0),(5,5,0),(5,6,0),
70:(4,4,0),(3,4,0),(2,4,0),(1,4,0),(1,4,1),(1,5,1),(1,5,2),(1,6,2),(1,7,2),
71:(8,8,1),(8,7,1),(8,6,1),(8,5,1),(8,4,1),(8,3,1),(7,3,1),(6,3,1),(5,3,1),(4,3,1),(3,3,1),(2,3,1),(2,3,2),(2,2,2),
72:(2,2,3),(2,1,3),(3,1,3),(4,1,3),(5,1,3),(6,1,3),(7,1,3),(8,1,3),(8,0,3),
73:(4,8,0),(4,8,1),(5,8,1),(5,7,1),(5,7,2),(5,7,3),(5,7,4),(5,6,4),(5,5,4),(5,4,4),
74:(1,4,1),(2,4,1),(2,4,2),(2,4,3),(3,4,3),(4,4,3),(4,4,2),(5,4,2),(5,4,3),
75:(4,8,3),(3,8,3),(3,8,3),(3,7,3),(3,6,3),(3,5,3),(3,4,3),(3,3,3),(3,2,3),(3,1,3),
76:(1,6,2),(1,6,3),(1,6,4),(1,6,5),
77:(3,0,1),(4,0,1),(5,0,1),(5,0,0),(5,0,-1),(5,1,-1),(5,2,-1),(5,3,-1),(5,3,0),(5,4,0),(5,5,0),(5,5,1),(5,6,1),
78:(0,5,1),(0,5,2),(0,5,3),(0,5,4),(0,4,4),(0,3,4),(0,2,4),(0,1,4),(0,0,4),
79:(8,5,3),(8,4,3),(7,4,3),(6,4,3),(6,3,3),(6,3,3),(5,3,3),(4,3,3),(3,3,3),(2,3,3),(1,3,3),(0,3,3),
80:(5,8,4),(6,8,4),(7,8,4),(7,8,3),(7,8,2),(7,7,2),(7,6,2),(7,5,2),(7,4,2),(8,4,2),(8,4,1),(8,4,0),(8,3,0),(8,3,0),(8,2,0),
81:(5,6,5),(4,6,5),(3,6,5),(2,6,5),(2,6,4),(1,6,4),(1,6,3),(0,6,3),(1,6,3),(1,6,2),
82:(2,7,3),(3,7,3),(3,7,2),(4,7,2),(4,7,1),(4,6,1),(4,5,1),(4,4,1),(4,4,1),(4,4,1),(5,4,1),
83:(7,4,0),(6,4,0),(5,4,0),(5,4,1),(5,3,1),(5,2,1),
84:(0,5,2),(1,5,2),(1,5,1),(2,5,1),(2,4,1),
85:(5,5,4),(6,5,4),(6,5,3),(7,5,3),(8,5,3),(8,5,2),(8,5,1),
86:(6,4,3),(7,4,3),(7,4,2),(7,4,1),
87:(1,7,3),(1,7,3),(1,6,3),(1,5,3),
88:(0,0,4),(1,0,4),(2,0,4),(3,0,4),(4,0,4),(5,0,4),(6,0,4),(7,0,4),(8,0,4),(8,0,5),(8,1,5),
89:(3,3,0),(2,3,0),(2,3,0),(1,3,0),(1,4,0),
90:(8,0,2),(7,0,2),(6,0,2),(6,0,2),(5,0,2),(5,1,2),(5,2,2),(5,3,2),(4,3,2),
91:(2,8,4),(2,8,3),(2,8,2),(2,7,2),
92:(1,4,0),(1,5,0),(0,5,0),(0,5,1),(0,5,2),
93:(5,5,3),(4,5,3),(4,4,3),(4,3,3),(4,2,3),(4,2,2),(3,2,2),(3,2,1),(3,2,0),(3,1,0),
94:(0,5,5),(1,5,5),(2,5,5),(2,5,4),(2,5,3),(2,4,3),(2,4,2),(3,4,2),(4,4,2),(5,4,2),(5,3,2),(5,2,2),(5,1,2),
95:(1,4,3),(2,4,3),(2,4,4),(2,4,5),(2,3,5),(2,2,5),(3,2,5),(4,2,5),(5,2,5),(5,1,5),(6,1,5),
96:(5,1,1),(5,1,2),(5,2,2),(5,2,2),(5,3,2),(5,3,2),(5,4,2),(5,5,2),(5,6,2),(5,7,2),(5,8,2),
97:(7,1,2),(6,1,2),(5,1,2),(4,1,2),(3,1,2),(2,1,2),(2,1,3),(2,1,4),(2,2,4),(2,3,4),(2,3,5),(2,4,5),
98:(6,4,1),(7,4,1),(7,5,1),(6,5,1),
99:(3,4,4),(4,4,4),(5,4,4),(6,4,4),(6,4,3),(7,4,3),(8,4,3),(8,5,3),(8,6,3),(8,6,2),(8,6,1),(8,6,0),
100:(6,4,2),(7,4,2),(7,5,2),(7,6,2),(7,6,3),
101:(0,5,4),(1,5,4),(2,5,4),(2,4,4),(2,4,5),(2,3,5),(2,2,5),(3,2,5),(4,2,5),(4,1,5),
102:(2,8,3),(2,7,3),(2,7,3),(2,7,4),
103:(4,2,1),(4,2,2),(4,2,3),(5,2,3),(6,2,3),(6,2,4),(6,1,4),(7,1,4),(7,1,5),(7,0,5),
104:(7,4,4),(7,4,5),(6,4,5),(5,4,5),(4,4,5),(4,5,5),(4,6,5),(4,7,5),(4,8,5),
105:(8,2,0),(7,2,0),(6,2,0),(6,3,0),(6,4,0),(6,5,0),(6,6,0),
106:(1,0,4),(2,0,4),(3,0,4),(3,1,4),(3,2,4),(3,3,4),(3,3,3),(3,3,2),(3,4,2),(4,4,2),(4,4,2),(5,4,2),
107:(1,2,4),(2,2,4),(2,1,4),(2,2,4),(2,2,4),(3,2,4),(4,2,4),
108:(5,3,2),(5,3,1),(5,3,0),(5,4,0),(5,5,0),(5,6,0),(5,7,0),(6,7,0),(6,8,0),
109:(4,6,2),(5,6,2),(5,5,2),(5,5,2),(6,5,2),(7,5,2),(8,5,2),
110:(6,2,2),(7,2,2),(8,2,2),(8,2,3),(8,2,4),(8,3,4),(8,4,4),
111:(7,2,3),(7,3,3),(6,3,3),(6,3,4),(5,3,4),(4,3,4),(4,3,3),(4,3,2),(3,3,2),(3,4,2),(3,5,2),
112:(7,0,3),(6,0,3),(6,1,3),(6,1,2),(6,1,1),(6,1,0),(5,1,0),(4,1,0),(3,1,0),(2,1,0),
113:(1,6,0),(1,6,1),(2,6,1),(3,6,1),(4,6,1),(5,6,1),(5,5,1),(5,4,1),(5,4,2),(5,3,2),(5,3,3),(5,3,4),(5,2,4),
114:(5,3,4),(5,4,4),(6,4,4),(7,4,4),(8,4,4),(8,4,3),(8,4,2),(8,4,1),(8,4,0),(8,5,0),
115:(3,7,3),(3,7,4),(4,7,4),(5,7,4),(6,7,4),(7,7,4),(8,7,4),(8,7,5),(8,6,5),
116:(6,6,1),(5,6,1),(5,5,1),(5,5,1),(5,4,1),(5,3,1),(5,3,2),(5,3,3),(4,3,3),
117:(3,7,5),(4,7,5),(5,7,5),(5,6,5),(5,6,4),(5,5,4),(5,5,4),(6,5,4),
118:(2,2,2),(3,2,2),(3,2,1),(3,3,1),(3,4,1),(3,5,1),
119:(1,2,2),(1,2,1),(1,3,1),(1,4,1),(1,5,1),(1,5,0),(1,6,0),(1,7,0),(1,8,0),(2,8,0),
120:(3,4,3),(3,4,2),(3,3,2),(3,3,3),(4,3,3),(4,2,3),(4,2,2),(4,1,2),
121:(6,7,4),(6,7,4),(6,6,4),(6,5,4),(6,4,4),(6,3,4),(6,3,3),(6,3,2),(5,3,2),(5,3,1),(4,3,1),
122:(6,1,4),(5,1,4),(4,1,4),
123:(4,8,2),(5,8,2),(5,8,3),(5,7,3),(5,6,3),(5,5,3),(5,5,3),(5,5,4),(5,4,4),(5,3,4),(5,2,4),(5,2,5),(5,1,5),(5,0,5),
124:(0,6,5),(1,6,5),(2,6,5),(2,6,4),(2,6,3),(3,6,3),(4,6,3),(5,6,3),
125:(8,8,4),(7,8,4),(7,8,3),(6,8,3),(6,7,3),(6,6,3),(6,6,2),(6,5,2),(6,4,2),
126:(4,6,3),(5,6,3),(5,6,2),(5,6,1),(5,5,1),(5,4,1),(6,4,1),(6,4,0),(6,3,0),
127:(3,4,2),(2,4,2),(1,4,2),(1,5,2),(1,6,2),(0,6,2),(0,6,1),
128:(5,7,5),(5,7,4),(5,7,3),(4,7,3),(3,7,3),(3,7,3),(3,6,3),
129:(2,6,1),(2,5,1),(2,5,2),
130:(4,0,0),(5,0,0),(6,0,0),(7,0,0),(7,1,0),(7,2,0),(7,3,0),(7,4,0),(7,5,0),(7,5,1),(7,6,1),(7,7,1),(7,7,2),(7,8,2),(7,8,3),
131:(6,7,3),(5,7,3),(5,7,2),(5,6,2),(4,6,2),(3,6,2),(2,6,2),
132:(4,2,5),(4,3,5),(3,3,5),(2,3,5),(1,3,5),(0,3,5),
133:(1,1,2),(2,1,2),(2,2,2),(2,2,1),
134:(7,7,2),(6,7,2),(6,7,1),(6,7,0),(5,7,0),(4,7,0),(4,6,0),(4,5,0),(4,4,0),(3,4,0),(2,4,0),(2,3,0),(1,3,0),
135:(8,8,2),(7,8,2),(7,7,2),(7,7,3),(7,7,4),(7,7,5),(6,7,5),
136:(2,6,3),(3,6,3),(4,6,3),(5,6,3),(6,6,3),(6,6,4),(7,6,4),(7,5,4),(7,4,4),(7,4,5),(7,3,5),(7,2,5),
137:(7,5,1),(7,6,1),(6,6,1),(6,6,2),(5,6,2),(4,6,2),(3,6,2),(3,7,2),(3,7,3),(2,7,3),(2,7,3),(1,7,3),(1,7,4),(0,7,4),
138:(6,6,3),(6,6,3),(5,6,3),(5,6,4),(5,7,4),(5,7,5),(4,7,5),(3,7,5),
139:(5,6,0),(4,6,0),(3,6,0),(2,6,0),(2,5,0),(2,4,0),(2,3,0),(2,3,1),(2,3,2),(2,3,2),(2,3,3),(2,3,4),(2,3,5),
140:(0,8,3),(0,8,2),(0,8,1),(0,7,1),(0,6,1),(0,5,1),(0,4,1),(0,3,1),
141:(0,4,5),(1,4,5),(2,4,5),(2,5,5),(2,5,4),(2,5,3),(3,5,3),
142:(3,7,0),(4,7,0),(4,7,1),(4,7,1),(5,7,1),(5,7,2),(5,7,3),(5,7,4),(6,7,4),(7,7,4),(7,7,5),
143:(3,6,1),(4,6,1),(4,5,1),(4,5,0),(4,4,0),(4,3,0),(4,2,0),(5,2,0),(5,1,0),(5,1,1),(5,0,1),
144:(4,3,1),(4,4,1),(3,4,1),(3,5,1),(2,5,1),(2,6,1),
145:(5,7,0),(5,7,1),(5,6,1),(4,6,1),(4,5,1),(4,5,2),(4,5,3),(4,5,4),(4,4,4),(3,4,4),(3,3,4),
146:(6,0,5),(7,0,5),(7,0,4),(7,0,3),(7,0,2),(7,0,1),(7,1,1),(8,1,1),(7,1,1),(7,2,1),(7,3,1),
147:(0,6,1),(0,6,0),(0,7,0),(1,7,0),(2,7,0),
148:(8,7,1),(8,7,2),(8,6,2),(8,5,2),(8,4,2),(8,3,2),(8,3,3),(8,4,3),
149:(8,0,3),(8,0,4),(8,1,4),(8,2,4),(8,3,4),(8,4,4),(8,5,4),(8,6,4),(7,6,4),(6,6,4),(5,6,4),(5,6,5),(4,6,5),(3,6,5),(3,6,4),
150:(5,2,4),(4,2,4),(3,2,4),(3,2,3),(3,1,3),(2,1,3),(1,1,3),(0,1,3),(0,2,3),
151:(6,0,1),(5,0,1),(5,0,2),(4,0,2),(4,0,3),(4,1,3),(4,2,3),(3,2,3),(3,2,4),
152:(1,8,2),(2,8,2),(3,8,2),(3,8,2),(4,8,2),
153:(6,4,5),(5,4,5),(4,4,5),(4,5,5),(4,6,5),(4,6,4),(4,6,4),(4,6,3),(4,6,2),(4,6,1),(4,7,1),(4,7,1),(3,7,1),
154:(2,3,4),(2,3,3),(2,3,2),(3,3,2),(3,3,1),(3,3,0),(4,3,0),(5,3,0),(5,4,0),(6,4,0),(6,5,0),(6,5,-1),(6,6,-1),(6,7,-1),(6,7,0),
155:(5,6,4),(4,6,4),(4,6,4),(4,5,4),(4,4,4),(3,4,4),(2,4,4),(1,4,4),(1,4,3),(1,3,3),(1,2,3),(1,1,3),(1,0,3),
156:(8,8,5),(7,8,5),(6,8,5),(6,8,4),(6,8,3),(6,7,3),(6,6,3),(6,6,2),(6,5,2),(5,5,2),(5,4,2),(5,3,2),(5,3,1),(5,3,0),
157:(8,7,2),(7,7,2),(7,7,3),(6,7,3),(5,7,3),(4,7,3),(3,7,3),(2,7,3),(1,7,3),(1,6,3),(2,6,3),(2,6,4),(2,5,4),(1,5,4),
158:(0,1,2),(1,1,2),(1,0,2),(2,0,2),(3,0,2),(3,0,3),(4,0,3),(5,0,3),(5,1,3),(6,1,3),(6,1,3),(7,1,3),(8,1,3),(8,2,3),(8,3,3),
159:(0,0,5),(0,0,4),(0,1,4),(0,2,4),(0,3,4),(1,3,4),(1,4,4),(1,5,4),(1,6,4),
160:(2,1,2),(2,2,2),(1,2,2),(1,3,2),(2,3,2),(2,4,2),(3,4,2),(3,5,2),(4,5,2),
161:(8,8,3),(7,8,3),(7,8,2),(7,8,1),(6,8,1),(5,8,1),(5,8,0),
