soc=1279
lb_soc=906
makespan=19
lb_makespan=15
comp_time=2775
highLevelExpanded=38
lowLevelExpanded=9079
solution=
0:(4,8,5),(3,8,5),(3,8,4),(3,8,3),(3,8,2),(3,8,1),(3,8,1),(3,7,1),(3,6,1),(3,5,1),(3,4,1),(3,4,0),
1:(2,6,3),(3,6,3),(4,6,3),(4,6,2),(4,6,1),(4,5,1),
2:(1,2,4),(1,2,3),(1,2,2),(1,1,2),
3:(8,7,0),(7,7,0),(7,7,1),(7,7,2),(7,7,3),(7,7,4),(7,6,4),(7,5,4),(7,4,4),
4:(7,0,0),(6,0,0),(5,0,0),(4,0,0),(4,1,0),(4,2,0),(4,3,0),(4,4,0),(3,4,0),(3,4,1),(3,4,2),
5:(6,0,1),(5,0,1),(4,0,1),(3,0,1),(2,0,1),(2,1,1),(2,1,0),(2,2,0),(2,3,0),(2,4,0),(2,5,0),(1,5,0),(1,6,0),(1,7,0),(1,7,1),
6:(2,8,0),(3,8,0),(3,8,1),(3,8,2),(3,7,2),(3,7,3),(3,6,3),(3,6,4),(3,5,4),
7:(6,6,0),(6,6,1),(6,6,2),(6,7,2),(6,8,2),
8:(0,4,1),(1,4,1),(2,4,1),(3,4,1),(4,4,1),(5,4,1),(6,4,1),(7,4,1),(8,4,1),(8,4,2),(8,4,3),
9:(1,6,2),(2,6,2),(3,6,2),(3,6,3),(3,6,4),(3,7,4),
10:(7,3,3),(6,3,3),(5,3,3),(4,3,3),(4,3,4),(4,3,5),(4,4,5),(4,5,5),
11:(5,2,5),(6,2,5),(7,2,5),(8,2,5),(8,2,4),(8,1,4),
12:(0,1,4),(1,1,4),(2,1,4),(3,1,4),(4,1,4),(4,1,3),(4,0,3),
13:(5,2,2),(4,2,2),(3,2,2),(2,2,2),(1,2,2),(0,2,2),(0,2,1),(0,2,0),(0,3,0),(0,4,0),(0,5,0),(0,6,0),
14:(3,1,5),(3,2,5),(3,3,5),(3,4,5),(3,5,5),(3,6,5),(3,7,5),(3,8,5),(3,8,4),
15:(5,7,3),(6,7,3),(7,7,3),(8,7,3),(8,6,3),(8,5,3),(8,4,3),(8,3,3),(8,2,3),(8,2,2),(8,2,1),
16:(3,3,5),(4,3,5),(4,2,5),(4,1,5),
17:(4,2,5),(5,2,5),(6,2,5),(7,2,5),(7,1,5),
18:(6,8,2),(5,8,2),(5,8,1),
19:(8,1,5),(8,1,4),(8,1,3),(8,1,2),(8,1,1),(8,1,0),(7,1,0),(7,2,0),(7,3,0),
20:(6,4,4),(5,4,4),(4,4,4),(3,4,4),(2,4,4),(1,4,4),(1,3,4),(1,2,4),(1,1,4),(1,1,3),(1,0,3),(1,0,2),(1,0,1),
21:(5,7,0),(5,7,1),(5,7,2),(5,7,3),(5,7,4),(5,6,4),(5,5,4),(5,4,4),(5,3,4),(5,2,4),(5,2,5),(5,1,5),(5,0,5),(5,0,4),
22:(5,5,0),(4,5,0),(3,5,0),(3,5,1),(3,5,2),(3,5,3),(3,5,4),(3,5,5),
23:(1,3,0),(2,3,0),(3,3,0),(4,3,0),(5,3,0),(5,3,1),(5,4,1),(5,5,1),(5,6,1),(5,7,1),
24:(6,7,4),(5,7,4),(4,7,4),(3,7,4),(2,7,4),(1,7,4),(1,7,3),(1,7,2),(1,6,2),
25:(2,3,5),(3,3,5),(4,3,5),(5,3,5),(6,3,5),(7,3,5),(7,4,5),(7,5,5),(7,5,5),(7,5,4),
26:(6,6,3),(5,6,3),(5,6,2),(5,6,1),(5,6,0),(5,5,0),(5,4,0),(5,3,0),(5,2,0),(4,2,0),(4,1,0),(3,1,0),(2,1,0),(1,1,0),
27:(4,0,4),(3,0,4),(2,0,4),(1,0,4),(0,0,4),(0,0,3),(0,0,2),(0,1,2),(0,2,2),
28:(3,7,2),(4,7,2),(4,7,3),(4,6,3),(5,6,3),
29:(8,8,2),(8,7,2),(8,6,2),(8,5,2),(8,4,2),(7,4,2),(6,4,2),(5,4,2),(4,4,2),(3,4,2),(2,4,2),(2,4,3),(2,3,3),(2,2,3),
30:(7,1,0),(6,1,0),(5,1,0),(4,1,0),(3,1,0),(3,1,1),(3,2,1),
31:(4,6,0),(4,6,1),(4,6,2),(4,5,2),(4,5,3),(4,5,4),(4,4,4),(3,4,4),(3,4,5),(3,3,5),
32:(7,8,3),(6,8,3),(5,8,3),(4,8,3),(3,8,3),(2,8,3),(2,8,4),
33:(5,6,1),(5,6,2),(5,5,2),
34:(0,8,1),(1,8,1),(2,8,1),(2,8,2),(2,8,3),(2,8,4),(2,7,4),(2,6,4),
35:(1,0,5),(1,0,4),(1,0,3),(1,1,3),(1,2,3),
36:(4,3,2),(3,3,2),(2,3,2),(1,3,2),(1,3,2),(1,2,2),
37:(7,4,2),(6,4,2),(5,4,2),(4,4,2),(3,4,2),(2,4,2),(1,4,2),(1,4,1),
38:(5,8,5),(5,7,5),(5,7,5),(5,6,5),(5,5,5),(5,4,5),(5,3,5),(4,3,5),(4,2,5),(4,2,4),(4,2,3),(4,1,3),
39:(2,4,2),(3,4,2),(3,4,3),(3,5,3),(3,5,4),(3,6,4),(4,6,4),(5,6,4),(6,6,4),(6,6,5),(6,7,5),(6,8,5),
40:(1,7,4),(2,7,4),(3,7,4),(3,7,5),(4,7,5),(4,8,5),
41:(5,8,3),(5,8,4),(5,8,5),(5,7,5),(5,6,5),(4,6,5),
42:(1,1,0),(2,1,0),(3,1,0),(3,1,1),(4,1,1),(5,1,1),(6,1,1),(6,1,1),(6,2,1),(6,3,1),(7,3,1),(7,4,1),(7,4,2),(7,5,2),(7,6,2),
43:(1,3,4),(0,3,4),(0,3,5),(0,2,5),(0,1,5),
44:(7,5,1),(6,5,1),(6,5,2),(6,6,2),
45:(8,3,1),(7,3,1),(7,3,2),(7,2,2),(7,2,3),(7,2,4),(7,1,4),
46:(4,2,0),(3,2,0),(3,2,1),(3,2,2),
47:(4,4,0),(3,4,0),(2,4,0),(1,4,0),(0,4,0),(0,4,1),
48:(4,3,4),(3,3,4),(2,3,4),(1,3,4),(0,3,4),(0,3,3),(0,3,2),(0,3,1),
49:(1,5,1),(2,5,1),(3,5,1),(3,5,2),(3,5,3),(3,5,4),(3,4,4),(3,3,4),(3,2,4),
50:(4,0,5),(5,0,5),(6,0,5),(7,0,5),(8,0,5),(8,0,4),(8,0,3),(8,0,2),(8,0,1),(8,0,0),(8,1,0),(8,2,0),
51:(2,8,5),(2,7,5),(3,7,5),(4,7,5),(5,7,5),(5,6,5),(5,5,5),(5,5,4),(6,5,4),(6,5,3),(7,5,3),(8,5,3),
52:(3,4,1),(4,4,1),(5,4,1),(6,4,1),(7,4,1),(8,4,1),(8,4,0),(8,5,0),(8,6,0),(8,7,0),(8,8,0),
53:(8,7,1),(7,7,1),(6,7,1),(5,7,1),(5,7,0),(5,6,0),(5,5,0),(5,4,0),(5,3,0),(5,2,0),(4,2,0),(4,1,0),(3,1,0),
54:(1,3,3),(0,3,3),(0,3,4),(0,3,5),(0,4,5),
55:(7,4,1),(7,4,2),(7,4,2),(7,3,2),(7,2,2),(7,1,2),(7,0,2),
56:(0,2,4),(1,2,4),(2,2,4),(3,2,4),(4,2,4),(5,2,4),(6,2,4),(6,2,3),(6,2,2),(6,2,1),(6,2,0),(6,3,0),(6,4,0),
57:(3,7,4),(4,7,4),(4,6,4),(5,6,4),(5,5,4),(5,4,4),(5,3,4),(5,2,4),(5,2,5),(6,2,5),(6,1,5),(6,1,4),(6,0,4),
58:(6,4,1),(5,4,1),(5,3,1),(4,3,1),(3,3,1),(2,3,1),(2,2,1),(2,1,1),
59:(6,3,4),(5,3,4),(4,3,4),(3,3,4),(2,3,4),(1,3,4),(0,3,4),(0,3,3),(0,4,3),
60:(1,5,5),(0,5,5),(0,5,4),(0,6,4),
61:(1,8,2),(2,8,2),(3,8,2),(4,8,2),(4,7,2),(4,7,3),(4,6,3),(4,5,3),(4,4,3),(5,4,3),(6,4,3),(6,3,3),(6,2,3),(6,1,3),(7,1,3),(7,0,3),(8,0,3),(8,0,4),
62:(0,7,2),(0,7,1),(0,6,1),(0,5,1),(0,4,1),(0,3,1),(0,3,1),(0,2,1),
63:(4,2,4),(4,2,3),(4,2,2),(4,3,2),(4,4,2),(4,5,2),(4,6,2),(5,6,2),
64:(0,0,3),(1,0,3),(2,0,3),(3,0,3),(3,0,4),(3,1,4),(3,1,4),(4,1,4),(5,1,4),
65:(6,4,3),(5,4,3),(4,4,3),(3,4,3),(3,4,3),(3,4,3),(3,5,3),
66:(8,6,1),(8,6,2),(8,5,2),(8,4,2),(8,3,2),
67:(2,6,4),(2,6,3),
68:(7,0,1),(7,0,0),(7,1,0),(7,2,0),(7,3,0),(7,4,0),(6,4,0),(6,5,0),(5,5,0),(4,5,0),(4,6,0),(3,6,0),(3,6,1),(2,6,1),(1,6,1),
69:(1,7,1),(2,7,1),(3,7,1),(4,7,1),(4,7,0),(5,7,0),(6,7,0),(7,7,0),(8,7,0),(8,7,1),(8,6,1),(8,5,1),
70:(0,7,3),(1,7,3),(2,7,3),(3,7,3),(3,7,4),(4,7,4),(5,7,4),
71:(4,2,1),(3,2,1),(2,2,1),(2,3,1),(2,4,1),(2,5,1),(2,5,2),(2,6,2),
72:(3,2,2),(3,2,3),(4,2,3),(5,2,3),(5,3,3),(5,4,3),(5,5,3),
73:(1,4,2),(1,5,2),(2,5,2),(2,5,1),(3,5,1),(3,5,0),
74:(5,0,0),(4,0,0),(3,0,0),(3,1,0),(3,1,1),(3,1,2),(3,1,3),(3,2,3),(3,3,3),(3,4,3),
75:(3,0,2),(4,0,2),(4,1,2),(4,2,2),(4,3,2),(4,4,2),(4,5,2),(4,6,2),(4,7,2),(4,7,1),
76:(3,8,5),(3,7,5),(4,7,5),(4,6,5),(4,6,4),(4,6,4),(5,6,4),(6,6,4),(7,6,4),(8,6,4),
77:(7,4,3),(8,4,3),(8,4,4),
78:(0,5,0),(1,5,0),(2,5,0),(3,5,0),(3,4,0),(3,3,0),
79:(5,5,2),(4,5,2),(3,5,2),(3,6,2),(3,6,2),(3,7,2),(3,8,2),
80:(2,3,4),(2,3,5),(2,2,5),(2,1,5),
81:(7,1,5),(6,1,5),(5,1,5),(5,1,4),(5,2,4),(5,3,4),(4,3,4),(4,4,4),(3,4,4),(2,4,4),(1,4,4),(1,5,4),(0,5,4),
82:(1,6,0),(1,6,1),(1,6,2),(1,6,3),(1,6,4),(1,6,5),(1,7,5),
83:(5,8,1),(4,8,1),(4,8,2),(4,7,2),(4,6,2),(3,6,2),(3,5,2),(3,4,2),(2,4,2),(2,4,3),(2,4,4),
84:(4,4,1),(4,4,0),(5,4,0),(6,4,0),(6,3,0),(6,2,0),(6,1,0),
85:(1,7,3),(2,7,3),(3,7,3),(4,7,3),(5,7,3),(6,7,3),(7,7,3),(8,7,3),
86:(2,0,3),(3,0,3),(4,0,3),(5,0,3),(6,0,3),(7,0,3),(7,0,4),(8,0,4),(8,0,5),(8,1,5),(8,2,5),(8,3,5),(8,4,5),(8,5,5),
87:(3,3,4),(3,3,3),(4,3,3),(4,2,3),(5,2,3),(5,2,2),(5,2,1),(5,2,0),(5,1,0),(5,0,0),
88:(7,8,0),(6,8,0),(5,8,0),(4,8,0),(3,8,0),(2,8,0),(1,8,0),(1,8,1),(1,8,2),(0,8,2),(0,8,3),
89:(8,4,3),(8,4,4),(7,4,4),(6,4,4),(6,3,4),(6,2,4),(6,1,4),(6,0,4),(5,0,4),(4,0,4),(3,0,4),
90:(5,7,4),(5,7,3),(5,6,3),(5,6,2),(5,6,1),(6,6,1),
91:(2,4,4),(2,5,4),(2,6,4),(2,7,4),(2,8,4),(3,8,4),(4,8,4),(5,8,4),(5,8,3),
92:(3,7,5),(4,7,5),(4,8,5),(4,8,4),(4,8,3),
93:(0,2,0),(1,2,0),(2,2,0),(3,2,0),(4,2,0),(4,2,1),(4,2,2),(4,2,3),(4,2,4),(4,3,4),(4,3,5),(5,3,5),(6,3,5),(7,3,5),(7,4,5),(7,5,5),(7,6,5),(8,6,5),
94:(3,4,4),(2,4,4),(2,4,3),(2,5,3),(2,5,2),(2,6,2),(2,7,2),(2,8,2),(2,8,2),(2,8,3),
95:(4,0,1),(4,1,1),(5,1,1),(5,1,2),(5,1,3),(5,1,4),(5,1,5),(5,2,5),(5,3,5),(5,4,5),(5,5,5),
96:(2,0,5),(3,0,5),(3,1,5),(3,2,5),(3,2,4),(3,2,4),(3,2,3),(3,3,3),(3,3,2),(3,3,1),(4,3,1),(4,3,0),(4,4,0),(4,5,0),(4,6,0),
97:(5,4,1),(5,3,1),(4,3,1),(3,3,1),(2,3,1),(1,3,1),(1,3,0),
98:(4,5,2),(4,5,3),(5,5,3),(6,5,3),(6,5,4),(6,5,5),(6,4,5),(6,3,5),(6,2,5),(6,1,5),(6,0,5),
99:(1,6,3),(0,6,3),(0,6,2),(0,6,1),(0,7,1),(0,8,1),
100:(7,1,3),(6,1,3),(5,1,3),(5,1,3),(5,0,3),
101:(7,1,2),(6,1,2),(6,2,2),(6,3,2),
102:(6,8,5),(7,8,5),(7,8,4),(7,7,4),(7,6,4),(7,6,3),(7,5,3),(7,4,3),(7,3,3),(7,2,3),(7,1,3),(7,1,2),
103:(0,0,2),(1,0,2),(2,0,2),(3,0,2),(4,0,2),(4,0,2),(4,1,2),(4,1,2),(4,2,2),(5,2,2),(5,3,2),(5,4,2),(6,4,2),(7,4,2),(8,4,2),
104:(4,7,2),(4,7,1),(4,7,0),(3,7,0),(2,7,0),(1,7,0),(0,7,0),(0,6,0),(0,5,0),(-1,5,0),(-1,4,0),(0,4,0),
105:(7,0,4),(6,0,4),(6,0,3),(6,1,3),(6,2,3),(6,3,3),(6,4,3),(6,5,3),(6,6,3),(6,7,3),(5,7,3),(5,7,2),(5,8,2),
106:(4,5,0),(4,5,1),(4,5,2),(4,5,3),(4,5,4),(4,5,5),(3,5,5),(2,5,5),
107:(6,1,4),(5,1,4),(4,1,4),(4,1,3),(3,1,3),(3,2,3),(3,3,3),(3,3,2),(3,4,2),(3,5,2),(3,6,2),(3,7,2),(2,7,2),
108:(0,0,1),(1,0,1),(1,1,1),(1,2,1),(1,3,1),(1,4,1),(1,5,1),(1,5,2),
109:(5,0,3),(4,0,3),(4,0,2),(4,0,1),(4,0,0),(4,1,0),(3,1,0),(3,2,0),
110:(6,6,2),(6,5,2),(6,4,2),(5,4,2),(5,4,1),(5,4,0),(4,4,0),(3,4,0),(2,4,0),(1,4,0),(0,4,0),(0,3,0),(0,2,0),
111:(4,6,1),(3,6,1),(2,6,1),(1,6,1),(0,6,1),(0,6,2),(0,6,3),(0,7,3),(0,7,4),(0,8,4),
112:(6,0,4),(6,0,3),(7,0,3),(8,0,3),(8,0,2),(8,0,1),(8,1,1),(8,2,1),(8,3,1),(8,4,1),
113:(8,8,0),(8,8,1),(8,8,2),(8,8,3),(8,8,4),
114:(0,2,1),(1,2,1),(1,2,1),(2,2,1),(3,2,1),(3,3,1),(3,3,2),(4,3,2),
115:(5,2,4),(5,2,3),(5,2,2),(5,2,1),(4,2,1),(4,3,1),(4,4,1),
116:(0,5,2),(0,5,3),(0,4,3),(0,3,3),(0,2,3),(0,2,4),
117:(3,0,5),(3,1,5),(2,1,5),(2,1,4),(2,1,3),(2,1,2),(2,1,1),(2,1,0),(2,2,0),(2,3,0),(2,4,0),(2,5,0),(2,6,0),
118:(0,0,5),(1,0,5),(2,0,5),(3,0,5),(4,0,5),(4,0,4),(4,1,4),(4,1,3),(4,1,2),(4,1,1),
119:(4,5,4),(4,5,4),(4,5,3),(4,4,3),(4,3,3),
120:(8,3,2),(7,3,2),(6,3,2),(6,3,1),(6,2,1),(6,1,1),(6,0,1),(6,0,0),
121:(2,2,1),(2,3,1),(1,3,1),(1,4,1),(1,5,1),(1,6,1),(1,7,1),(1,7,1),(1,7,1),(1,7,2),
122:(6,7,5),(7,7,5),(8,7,5),(8,7,4),(8,6,4),(8,5,4),
123:(2,2,3),(2,3,3),(3,3,3),(3,3,2),(3,3,2),(4,3,2),(5,3,2),(5,3,1),(5,4,1),
124:(2,7,4),(2,6,4),(1,6,4),(1,5,4),(1,5,3),
125:(1,3,5),(1,3,4),(1,3,3),(2,3,3),(3,3,3),(3,3,2),(4,3,2),(4,3,1),(4,3,0),(4,4,0),(4,5,0),(4,6,0),(4,7,0),(4,8,0),
126:(8,2,1),(7,2,1),(6,2,1),(6,2,2),(6,1,2),(6,0,2),(6,0,2),(5,0,2),
127:(7,0,2),(6,0,2),(5,0,2),(5,0,2),(5,1,2),
128:(0,5,4),(1,5,4),(2,5,4),(3,5,4),(3,4,4),(3,3,4),(3,2,4),(3,2,4),(3,2,3),
129:(2,6,2),(2,5,2),(2,4,2),(2,3,2),
130:(1,4,4),(1,4,3),(1,4,2),(1,4,2),(1,4,2),(1,3,2),(1,3,1),
131:(7,6,3),(6,6,3),(6,6,4),(6,5,4),(6,4,4),(6,3,4),
132:(0,6,2),(1,6,2),(2,6,2),(2,7,2),(2,7,3),(2,7,4),(2,7,5),(3,7,5),(4,7,5),(5,7,5),(5,7,5),(6,7,5),(7,7,5),
133:(3,5,5),(4,5,5),(4,5,4),(4,6,4),(4,6,3),(4,6,2),(4,6,1),
134:(4,8,1),(4,8,2),(5,8,2),(5,8,3),(6,8,3),
135:(0,5,1),(1,5,1),(1,5,2),(1,5,3),(1,6,3),(1,6,4),(1,7,4),(1,8,4),(1,8,5),
136:(8,2,0),(8,2,1),(8,3,1),(8,4,1),(8,5,1),(8,5,2),
137:(7,8,5),(7,8,4),(7,7,4),(7,6,4),(7,5,4),(7,4,4),(7,4,4),(6,4,4),(5,4,4),(4,4,4),(3,4,4),(3,3,4),(3,3,3),(2,3,3),(1,3,3),(0,3,3),(0,2,3),(0,1,3),(0,0,3),
138:(6,6,4),(5,6,4),(5,6,5),(5,5,5),(4,5,5),(3,5,5),(2,5,5),(1,5,5),(1,4,5),(1,3,5),(1,2,5),
139:(6,3,3),(6,4,3),(7,4,3),(7,4,2),(7,5,2),(7,5,1),(7,6,1),
140:(6,5,2),(7,5,2),(7,5,1),(7,4,1),(7,3,1),(8,3,1),(8,2,1),(7,2,1),(8,2,1),(8,1,1),
141:(7,7,5),(7,7,4),(6,7,4),(5,7,4),(5,6,4),(5,5,4),(5,4,4),(5,3,4),(4,3,4),(3,3,4),(2,3,4),
142:(5,1,2),(5,1,2),(6,1,2),(7,1,2),(8,1,2),(8,1,3),
143:(2,1,1),(2,2,1),(2,3,1),(2,4,1),(3,4,1),(3,5,1),(3,6,1),(3,6,2),(3,6,3),(3,7,3),
144:(2,5,0),(2,4,0),(2,3,0),(2,4,0),(2,4,0),(2,4,1),
145:(4,0,0),(4,0,1),(4,1,1),(4,1,1),(5,1,1),(5,2,1),(4,2,1),
146:(1,0,1),(2,0,1),(2,1,1),(2,1,2),(3,1,2),(4,1,2),(4,1,3),(5,1,3),(5,2,3),(5,3,3),(5,3,4),(5,4,4),(6,4,4),(6,5,4),(6,6,4),(7,6,4),(7,7,4),(8,7,4),(8,7,5),(8,8,5),
147:(4,4,3),(3,4,3),(3,4,4),(2,4,4),(1,4,4),(1,4,5),(1,5,5),(0,5,5),
148:(6,0,3),(7,0,3),(7,1,3),(7,2,3),(7,3,3),(7,4,3),(7,4,2),(7,5,2),(7,6,2),(7,7,2),(8,7,2),(8,8,2),
149:(2,0,2),(3,0,2),(3,1,2),(4,1,2),(4,2,2),(4,2,2),(5,2,2),(5,3,2),(5,4,2),(6,4,2),(7,4,2),(7,5,2),(7,6,2),(7,7,2),
150:(1,6,4),(1,6,3),(1,7,3),(1,7,2),(2,7,2),(2,7,1),(3,7,1),(4,7,1),(5,7,1),(6,7,1),(7,7,1),
151:(7,3,5),(7,3,4),(7,3,3),(7,4,3),(7,5,3),(6,5,3),(6,6,3),(7,6,3),
152:(4,7,5),(4,6,5),(3,6,5),(2,6,5),(1,6,5),(1,5,5),(1,5,4),(1,4,4),(1,3,4),(1,2,4),(1,1,4),(1,1,3),(1,0,3),
153:(6,1,1),(7,1,1),
154:(4,5,3),(5,5,3),(6,5,3),(6,5,2),(6,5,1),(6,4,1),(7,4,1),(7,3,1),(7,2,1),
155:(3,5,4),(3,4,4),(2,4,4),(1,4,4),(0,4,4),
156:(8,4,2),(8,4,1),(7,4,1),(7,4,0),(6,4,0),(6,3,0),(5,3,0),(4,3,0),(4,2,0),(4,1,0),(3,1,0),(2,1,0),(1,1,0),(0,1,0),
157:(6,5,0),(6,4,0),(6,4,1),(6,4,2),(6,4,3),(6,4,4),(6,5,4),(6,5,5),
158:(8,0,4),(7,0,4),(6,0,4),(5,0,4),(4,0,4),(3,0,4),(2,0,4),(1,0,4),(1,0,5),(1,1,5),(1,1,6),(0,1,6),(0,2,6),(0,2,5),
159:(6,2,5),(6,2,4),(6,2,4),(6,2,4),(6,2,4),(6,2,5),(6,2,5),(6,2,4),
160:(4,7,0),(5,7,0),(6,7,0),(6,6,0),(6,6,1),(6,5,1),(6,5,2),(6,4,2),(7,4,2),(7,4,3),(7,3,3),(7,2,3),
161:(7,4,5),(7,4,4),(7,3,4),(7,3,3),(7,3,2),
