soc=1309
lb_soc=915
makespan=17
lb_makespan=12
comp_time=2117
highLevelExpanded=33
lowLevelExpanded=6913
solution=
0:(0,8,3),(1,8,3),(2,8,3),(2,8,4),(2,8,5),(2,7,5),(2,6,5),(2,5,5),
1:(1,5,5),(2,5,5),(2,5,4),(2,5,3),(2,5,2),(2,5,1),(2,4,1),(2,3,1),
2:(4,1,2),(4,1,1),(4,1,0),(5,1,0),(5,2,0),(5,3,0),(5,4,0),(5,5,0),(6,5,0),(6,6,0),(6,7,0),(6,8,0),(7,8,0),
3:(3,0,3),(4,0,3),(5,0,3),(6,0,3),(6,1,3),(6,2,3),(6,3,3),(7,3,3),(7,4,3),(7,4,2),
4:(8,1,1),(7,1,1),(6,1,1),(5,1,1),(4,1,1),(3,1,1),(3,1,2),(3,1,3),(3,1,4),(3,1,5),(3,2,5),(3,3,5),(3,4,5),(3,5,5),
5:(7,4,0),(6,4,0),(5,4,0),(4,4,0),(3,4,0),(3,4,1),(3,3,1),(3,3,2),
6:(6,5,4),(6,5,3),(6,4,3),
7:(3,1,4),(4,1,4),(5,1,4),(6,1,4),(7,1,4),(8,1,4),(8,2,4),(8,3,4),(8,4,4),(8,4,3),(8,5,3),(8,6,3),(8,6,2),(8,6,1),(8,6,0),(8,7,0),(8,8,0),
8:(4,1,3),(3,1,3),(2,1,3),(1,1,3),(1,1,2),(1,1,1),(1,1,0),
9:(4,3,3),(3,3,3),(2,3,3),(2,3,2),(2,4,2),(2,5,2),(2,6,2),(2,6,1),
10:(7,8,2),(8,8,2),(8,7,2),(8,6,2),(8,5,2),
11:(2,1,5),(1,1,5),
12:(1,4,2),(1,4,1),(1,3,1),
13:(0,3,1),(0,3,2),(0,3,3),(0,4,3),(0,5,3),(0,6,3),(0,7,3),(0,8,3),
14:(1,8,2),(2,8,2),(3,8,2),(3,8,3),(3,8,4),(3,8,5),
15:(5,0,4),(5,0,3),(5,0,2),(5,0,1),(5,1,1),(5,2,1),(5,3,1),(5,4,1),(5,5,1),(5,6,1),
16:(3,2,3),(4,2,3),(5,2,3),(6,2,3),(6,2,2),(6,2,1),(6,1,1),(7,1,1),
17:(3,3,2),(4,3,2),(4,3,1),(4,3,0),(4,2,0),(4,1,0),(4,0,0),
18:(5,1,0),(4,1,0),(3,1,0),(2,1,0),(1,1,0),(0,1,0),(0,0,0),
19:(5,4,4),(4,4,4),(3,4,4),(3,4,3),
20:(6,4,1),(7,4,1),(7,3,1),
21:(0,8,4),(0,8,5),
22:(8,1,4),(7,1,4),(6,1,4),(6,1,3),(5,1,3),(4,1,3),(3,1,3),(2,1,3),(1,1,3),(1,1,2),(1,0,2),(1,0,1),(1,0,0),
23:(5,5,3),(4,5,3),(4,5,2),(4,5,1),(4,4,1),(4,4,1),(3,4,1),
24:(2,7,1),(3,7,1),(4,7,1),(5,7,1),(6,7,1),(6,7,2),(6,6,2),(6,5,2),(6,4,2),(6,3,2),(6,3,3),(6,2,3),(6,1,3),(6,0,3),
25:(0,6,4),(1,6,4),(2,6,4),(2,6,5),(2,5,5),(2,4,5),
26:(5,7,3),(6,7,3),(7,7,3),(7,6,3),(7,5,3),(7,4,3),(7,3,3),(7,2,3),(7,1,3),(7,1,2),(7,0,2),
27:(8,2,3),(7,2,3),(6,2,3),(6,2,4),(5,2,4),(4,2,4),(4,2,5),(4,3,5),(4,4,5),(3,4,5),(3,5,5),(3,5,4),
28:(2,3,1),(1,3,1),(0,3,1),(0,3,2),(0,3,3),(0,3,4),(0,2,4),(0,1,4),(0,0,4),(0,0,5),
29:(2,7,5),(2,7,4),(2,7,3),(2,6,3),(2,5,3),
30:(3,2,4),(2,2,4),(2,3,4),
31:(8,7,3),(7,7,3),(7,7,2),(6,7,2),(6,6,2),(6,5,2),(6,4,2),(6,3,2),(6,2,2),(5,2,2),(4,2,2),(3,2,2),(3,2,1),
32:(6,0,1),(7,0,1),(8,0,1),(8,1,1),(8,2,1),(8,2,2),(8,3,2),(8,4,2),(8,4,3),(8,5,3),(8,6,3),(8,7,3),(8,8,3),(8,8,4),
33:(5,1,4),(6,1,4),(6,1,3),(7,1,3),(7,1,2),(7,1,1),(7,1,0),(7,2,0),(7,3,0),(7,4,0),
34:(0,5,4),(1,5,4),(1,5,3),(1,5,2),(1,4,2),(1,3,2),(1,2,2),(1,2,1),(1,1,1),
35:(8,5,2),(8,4,2),(8,3,2),(8,2,2),(8,1,2),
36:(4,3,4),(5,3,4),(6,3,4),(7,3,4),(7,3,3),(7,2,3),(7,1,3),(7,0,3),
37:(4,4,1),(3,4,1),(2,4,1),(2,3,1),(2,2,1),(2,1,1),
38:(4,4,4),(4,4,3),(5,4,3),(5,4,2),(6,4,2),(6,3,2),(6,2,2),(6,2,1),(6,2,0),(6,1,0),(6,0,0),(7,0,0),
39:(0,2,1),(0,2,0),(0,3,0),(0,4,0),(0,5,0),(0,6,0),(0,7,0),(0,8,0),
40:(6,6,1),(6,6,2),(6,6,3),(6,5,3),
41:(8,2,4),(7,2,4),(7,3,4),(7,4,4),(7,5,4),(7,6,4),(7,6,3),(7,7,3),(7,8,3),
42:(4,3,1),(4,3,0),(4,4,0),(4,5,0),(4,6,0),(4,7,0),(4,8,0),
43:(3,5,3),(3,5,4),(3,5,4),(3,4,4),
44:(1,7,1),(2,7,1),(3,7,1),(4,7,1),(5,7,1),(5,7,2),(5,7,3),(5,6,3),(5,5,3),(5,4,3),(5,3,3),(5,2,3),(5,1,3),
45:(7,2,5),(6,2,5),(5,2,5),(4,2,5),(3,2,5),(2,2,5),(1,2,5),(1,2,4),(0,2,4),(0,2,3),(0,1,3),
46:(5,5,0),(6,5,0),(7,5,0),(7,5,1),(7,5,2),(7,6,2),(7,7,2),
47:(3,6,4),(4,6,4),(4,5,4),(5,5,4),(5,5,5),(5,5,5),(6,5,5),(7,5,5),(8,5,5),
48:(0,0,4),(1,0,4),(2,0,4),(3,0,4),(4,0,4),(5,0,4),(5,0,5),(5,1,5),(5,2,5),(5,3,5),(5,4,5),(5,5,5),(5,6,5),
49:(5,4,2),(5,5,2),(5,6,2),(5,6,3),(5,7,3),(5,8,3),(6,8,3),
50:(2,8,3),(3,8,3),(4,8,3),(5,8,3),(5,8,4),(5,7,4),(5,6,4),(5,5,4),(5,4,4),
51:(5,2,0),(4,2,0),(4,2,1),(4,2,2),(4,2,3),(4,2,3),(4,2,4),(4,2,5),
52:(6,0,2),(6,1,2),(6,2,2),(6,3,2),(6,3,3),(6,3,4),
53:(7,2,4),(7,3,4),(7,4,4),(6,4,4),(6,5,4),(6,6,4),(6,7,4),
54:(0,5,3),(1,5,3),(2,5,3),(3,5,3),(4,5,3),(5,5,3),(5,5,2),(5,6,2),(6,6,2),(7,6,2),
55:(3,8,1),(4,8,1),(5,8,1),(5,8,2),(6,8,2),(6,8,3),(6,8,4),(6,8,5),(6,7,5),(6,6,5),(6,5,5),(6,5,6),(6,4,6),(6,3,6),(6,2,6),(6,1,6),(6,0,6),(6,0,5),
56:(5,5,5),(4,5,5),(3,5,5),(3,6,5),(3,7,5),(3,7,5),(2,7,5),(2,8,5),
57:(1,8,0),(2,8,0),(3,8,0),(4,8,0),(5,8,0),(5,8,1),(5,7,1),
58:(2,6,5),(3,6,5),(3,6,4),(3,5,4),(4,5,4),(4,4,4),(5,4,4),(5,3,4),(5,2,4),(4,2,4),
59:(1,4,5),(2,4,5),(3,4,5),(4,4,5),(4,4,4),(4,3,4),
60:(8,7,5),(7,7,5),(6,7,5),(5,7,5),(5,7,4),(5,6,4),(5,5,4),(5,5,3),(4,5,3),(4,5,2),(4,4,2),(4,3,2),(4,2,2),(4,2,1),(4,1,1),
61:(5,8,4),(4,8,4),(4,7,4),
62:(2,0,3),(1,0,3),(0,0,3),(0,0,4),(0,0,5),(0,1,5),
63:(2,1,0),(3,1,0),(3,1,1),(4,1,1),(4,1,2),(5,1,2),(5,1,1),
64:(0,2,2),(1,2,2),(2,2,2),(2,2,1),(2,1,1),(2,0,1),
65:(7,1,2),(7,2,2),(7,2,2),(6,2,2),(5,2,2),(4,2,2),(3,2,2),(3,2,3),
66:(8,3,5),(7,3,5),(6,3,5),(5,3,5),(4,3,5),(3,3,5),(2,3,5),(1,3,5),(1,3,4),(1,3,3),(1,3,2),(1,4,2),(1,5,2),(1,6,2),
67:(8,4,3),(7,4,3),(7,4,2),(7,3,2),(7,2,2),(7,2,1),
68:(3,6,2),(2,6,2),(1,6,2),(0,6,2),(0,5,2),(0,4,2),(0,4,3),(0,3,3),(0,2,3),(0,1,3),(0,0,3),
69:(5,0,5),(4,0,5),(3,0,5),(3,1,5),(3,1,5),(3,2,5),(3,3,5),(3,4,5),(3,5,5),(3,6,5),(2,6,5),
70:(7,8,5),(6,8,5),(6,8,5),(6,7,5),(6,6,5),(6,5,5),(6,4,5),(6,3,5),(6,2,5),(6,1,5),
71:(0,1,5),(0,1,4),(0,1,3),(0,1,2),(0,1,1),(0,2,1),(1,2,1),(1,2,0),(1,3,0),(1,4,0),(1,5,0),(1,6,0),
72:(6,3,1),(6,3,0),
73:(4,1,1),(5,1,1),(5,1,2),(5,1,3),(5,1,4),(5,1,5),(5,2,5),(5,3,5),(5,3,5),(6,3,5),
74:(6,7,3),(6,7,2),(5,7,2),(4,7,2),(3,7,2),(3,6,2),(3,5,2),(2,5,2),(2,4,2),(2,3,2),(2,3,2),(1,3,2),(1,2,2),
75:(0,3,2),(1,3,2),(2,3,2),(3,3,2),(4,3,2),(4,3,1),(4,3,0),(4,4,0),(4,5,0),(4,6,0),(4,7,0),
76:(3,7,5),(3,7,4),(3,7,3),(3,7,2),(3,7,1),(3,7,0),(3,6,0),(3,5,0),(3,4,0),(4,4,0),(4,3,0),(4,2,0),
77:(4,5,1),(3,5,1),(3,5,2),(3,5,2),(3,5,3),(3,5,4),(2,5,4),
78:(7,4,2),(7,4,2),(6,4,2),(6,4,1),(6,4,0),
79:(0,4,0),(1,4,0),(2,4,0),(3,4,0),(3,4,1),(3,3,1),(3,3,2),(3,2,2),(3,1,2),(3,0,2),
80:(6,2,4),(5,2,4),(5,3,4),(5,3,3),(5,3,2),(5,4,2),
81:(4,5,4),(4,5,4),(4,5,3),(4,6,3),(4,7,3),(4,8,3),
82:(7,7,2),(8,7,2),(8,7,3),(8,6,3),(8,5,3),(8,4,3),(8,3,3),(8,2,3),(8,1,3),(8,0,3),
83:(1,1,4),(1,1,3),(1,2,3),(1,3,3),(1,4,3),(1,5,3),(1,6,3),(2,6,3),(3,6,3),(3,7,3),(3,8,3),
84:(5,7,0),(4,7,0),(3,7,0),(2,7,0),(1,7,0),(0,7,0),(0,7,1),(0,7,2),(0,6,2),(0,5,2),
85:(3,3,5),(2,3,5),(2,4,5),(2,4,4),(2,4,3),(2,4,2),(2,5,2),(2,6,2),(2,7,2),(2,7,1),
86:(8,4,0),(7,4,0),(6,4,0),(5,4,0),(4,4,0),(3,4,0),(2,4,0),(2,4,1),(2,5,1),(2,5,2),(2,6,2),(2,6,3),(2,7,3),
87:(6,6,3),(5,6,3),(4,6,3),(4,6,2),(4,6,1),(4,5,1),(4,4,1),(4,3,1),
88:(6,6,0),(7,6,0),(8,6,0),(8,6,1),(8,6,2),(8,6,3),(8,5,3),(8,4,3),(8,3,3),(8,2,3),(8,1,3),
89:(0,0,0),(1,0,0),(2,0,0),(3,0,0),(4,0,0),(5,0,0),(6,0,0),(6,1,0),(6,1,1),(6,1,2),(6,1,3),(7,1,3),(7,1,4),(7,1,5),(7,2,5),(7,3,5),(7,4,5),
90:(8,5,3),(7,5,3),(7,5,2),(7,6,2),(7,7,2),(7,8,2),(6,8,2),
91:(8,8,0),(7,8,0),(6,8,0),(5,8,0),(5,8,1),(4,8,1),(3,8,1),(2,8,1),(2,7,1),(1,7,1),(1,6,1),(1,5,1),(1,5,1),(1,5,1),(1,5,2),
92:(5,6,0),(6,6,0),(7,6,0),(8,6,0),(8,6,1),(8,5,1),(8,4,1),
93:(1,5,2),(2,5,2),(2,6,2),(3,6,2),(4,6,2),(5,6,2),(5,6,3),(6,6,3),(7,6,3),(8,6,3),(8,6,4),(8,7,4),
94:(3,7,1),(3,7,2),(2,7,2),(1,7,2),(0,7,2),(0,6,2),(0,5,2),(0,5,3),(0,4,3),
95:(0,1,1),(1,1,1),(1,1,2),(1,2,2),(1,2,3),(1,3,3),(1,4,3),(1,4,3),(1,5,3),(1,6,3),(2,6,3),(2,6,4),(2,7,4),(2,7,5),
96:(1,3,2),(1,3,3),(1,3,4),(0,3,4),(0,3,5),(0,4,5),
97:(6,6,4),(5,6,4),(4,6,4),
98:(6,2,5),(5,2,5),(4,2,5),(4,3,5),(4,4,5),(4,5,5),(4,5,4),
99:(2,6,1),(2,6,0),(2,7,0),(2,8,0),
100:(8,1,3),(8,2,3),(8,3,3),(8,3,3),(8,3,2),(7,3,2),
101:(8,2,1),(8,2,2),(8,2,3),(7,2,3),(7,2,4),(7,2,5),(7,1,5),(7,0,5),
102:(5,6,5),(4,6,5),(4,5,5),(3,5,5),(3,5,4),(2,5,4),(1,5,4),(1,5,3),(1,5,2),(1,5,1),(0,5,1),
103:(4,0,3),(4,0,2),(4,0,1),(4,0,0),(5,0,0),(6,0,0),(7,0,0),(8,0,0),(8,1,0),(8,2,0),
104:(6,8,5),(6,8,4),(6,8,3),(6,8,2),(6,7,2),(6,6,2),(6,6,1),(6,5,1),(6,4,1),(6,3,1),(6,2,1),(6,2,0),
105:(1,7,0),(2,7,0),(2,7,1),(2,6,1),(2,5,1),(2,4,1),(2,3,1),(3,3,1),(3,2,1),(4,2,1),(4,1,1),(4,0,1),
106:(8,5,5),(7,5,5),(6,5,5),(5,5,5),(4,5,5),(3,5,5),(3,5,4),(3,5,3),(3,5,2),(3,5,1),(2,5,1),
107:(8,8,1),(7,8,1),(7,7,1),(6,7,1),(6,6,1),(6,5,1),(6,5,2),(6,4,2),(6,3,2),(6,2,2),(5,2,2),(5,2,2),(5,2,3),
108:(7,5,2),(6,5,2),(5,5,2),(4,5,2),(4,4,2),(4,4,3),(4,4,4),(4,4,5),(3,4,5),(3,3,5),(2,3,5),(1,3,5),(1,2,5),
109:(0,2,5),(1,2,5),(2,2,5),(3,2,5),(3,2,4),(3,1,4),(4,1,4),(5,1,4),(6,1,4),(7,1,4),(8,1,4),(8,2,4),
110:(3,5,0),(2,5,0),(1,5,0),(1,5,1),(1,5,2),(0,5,2),(0,5,3),(0,5,4),(1,5,4),(1,5,4),(1,5,5),
111:(6,7,2),(6,7,1),(6,8,1),
112:(7,3,2),(6,3,2),(5,3,2),(4,3,2),(4,2,2),(4,1,2),(4,1,3),(4,1,4),(4,1,5),(4,0,5),
113:(4,7,5),(5,7,5),(5,7,4),(5,7,3),(5,8,3),(5,8,2),(5,8,1),(5,8,0),
114:(8,0,1),(8,1,1),(7,1,1),(6,1,1),(6,2,1),(6,3,1),(6,4,1),(6,4,1),(5,4,1),(5,5,1),(5,5,1),(4,5,1),
115:(7,8,4),(7,8,3),(7,8,2),(7,8,1),(7,7,1),(7,6,1),(7,5,1),(7,4,1),(7,4,1),(6,4,1),(5,4,1),
116:(7,8,0),(6,8,0),(5,8,0),(5,8,1),(4,8,1),(3,8,1),(3,8,2),(3,7,2),(3,6,2),(3,5,2),(3,5,2),(2,5,2),
117:(2,5,2),(3,5,2),(3,6,2),(3,6,1),(3,6,1),(4,6,1),
118:(6,3,2),(5,3,2),(4,3,2),(4,3,3),(3,3,3),(2,3,3),(1,3,3),(1,3,4),(1,4,4),(1,4,5),
119:(2,6,3),(3,6,3),(3,5,3),(4,5,3),(5,5,3),(5,4,3),(5,3,3),(5,2,3),(5,2,2),(5,2,1),(5,2,1),(6,2,1),
120:(3,0,0),(3,0,1),(3,0,2),(4,0,2),(5,0,2),(5,0,3),(5,0,4),(5,0,5),(5,1,5),(5,2,5),
121:(0,1,2),(1,1,2),(2,1,2),(3,1,2),(3,1,1),(3,1,0),(4,1,0),(5,1,0),(5,2,0),(5,3,0),(5,4,0),(5,5,0),(6,5,0),(6,6,0),(6,7,0),
122:(6,2,2),(6,2,3),(6,2,4),(5,2,4),(5,2,5),(5,3,5),(5,4,5),(5,5,5),(5,6,5),(5,7,5),
123:(8,4,5),(7,4,5),(6,4,5),(5,4,5),(5,4,4),(5,5,4),(5,5,3),(4,5,3),(3,5,3),(3,6,3),(3,6,2),(3,6,1),(3,7,1),(3,8,1),(3,8,0),
124:(7,0,1),(7,0,0),(6,0,0),(5,0,0),(5,1,0),(5,2,0),(4,2,0),(3,2,0),(3,3,0),(3,4,0),(3,5,0),(3,6,0),(3,7,0),
125:(2,5,5),(2,5,4),(2,4,4),(2,4,3),(2,3,3),(2,3,2),(2,4,2),(2,4,2),(2,4,1),(2,4,0),(3,4,0),(4,4,0),(5,4,0),
126:(2,0,0),(3,0,0),(3,0,1),(3,0,2),(4,0,2),(5,0,2),(6,0,2),(6,0,3),(6,0,4),(6,1,4),
127:(8,2,0),(7,2,0),(6,2,0),(5,2,0),(5,3,0),(4,3,0),(3,3,0),(2,3,0),
128:(3,5,1),(3,6,1),(4,6,1),(5,6,1),(5,6,1),(6,6,1),(6,7,1),(6,7,2),
129:(4,8,0),(4,8,0),(4,8,1),(4,8,2),(4,8,3),(4,8,4),(5,8,4),(6,8,4),(6,8,5),
130:(5,6,1),(4,6,1),(4,5,1),(3,5,1),(3,5,2),(3,4,2),
131:(3,1,0),(3,1,-1),(4,1,-1),(5,1,-1),(6,1,-1),(7,1,-1),(7,1,-1),(7,1,0),
132:(6,8,0),(5,8,0),(4,8,0),(4,8,1),(3,8,1),(2,8,1),(2,8,2),(1,8,2),(0,8,2),(0,8,1),
133:(2,5,3),(2,4,3),(1,4,3),(1,4,2),(0,4,2),(0,4,1),(0,3,1),(0,2,1),(0,2,0),
134:(4,0,2),(3,0,2),(2,0,2),(1,0,2),(1,0,3),(1,1,3),(1,2,3),(1,3,3),(1,4,3),(1,5,3),(0,5,3),(0,6,3),
135:(6,3,5),(5,3,5),(4,3,5),(3,3,5),(2,3,5),(1,3,5),(0,3,5),(0,3,4),(0,3,4),(0,2,4),(0,1,4),
136:(5,7,5),(5,6,5),(5,5,5),(4,5,5),(3,5,5),(3,4,5),(3,4,6),(3,3,6),(3,3,5),(3,3,4),(3,2,4),
137:(5,6,4),(5,5,4),(5,5,3),(5,4,3),(5,3,3),(5,3,3),(5,3,2),
138:(1,6,0),(1,6,1),(2,6,1),(2,6,2),(3,6,2),(4,6,2),(4,5,2),(4,4,2),(4,3,2),(4,2,2),(4,1,2),(5,1,2),
139:(2,8,5),(1,8,5),(1,8,4),(1,8,3),(1,8,2),(1,8,1),
140:(5,7,2),(4,7,2),(3,7,2),(2,7,2),(1,7,2),(1,7,3),(1,7,4),(1,7,5),
141:(7,2,3),(7,3,3),(7,4,3),(7,4,3),(7,4,2),(7,4,1),(7,4,0),(7,5,0),(7,6,0),(7,7,0),
142:(2,0,1),(2,1,1),(2,1,1),(2,1,2),(2,2,2),
143:(5,8,5),(5,8,4),(6,8,4),(6,8,3),(6,7,3),
144:(0,8,1),(0,7,1),(0,6,1),(0,5,1),(0,4,1),(0,4,0),(0,3,0),
145:(4,2,2),(4,2,2),(5,2,2),(5,3,2),(5,4,2),(5,5,2),(5,6,2),(4,6,2),(4,7,2),(4,7,1),(4,8,1),
146:(0,3,5),(1,3,5),(2,3,5),(2,4,5),(3,4,5),(4,4,5),(4,5,5),(4,6,5),(4,6,5),(5,6,5),(6,6,5),(7,6,5),(7,6,4),(7,7,4),(7,8,4),
147:(2,4,4),(1,4,4),(1,5,4),(2,5,4),(2,6,4),(3,6,4),(3,7,4),(3,8,4),(4,8,4),(5,8,4),
148:(1,2,1),(2,2,1),(2,2,0),(2,3,0),(2,4,0),(2,5,0),(2,6,0),(2,7,0),
149:(1,2,4),(1,1,4),
150:(7,6,5),(6,6,5),(5,6,5),(5,6,4),(5,6,3),(4,6,3),(4,5,3),(4,4,3),
151:(4,2,0),(4,2,1),(5,2,1),(5,3,1),(5,4,1),(5,5,1),(5,6,1),(5,6,1),(6,6,1),(6,6,2),(6,6,3),
152:(1,5,0),(1,5,1),(2,5,1),(2,5,2),(2,6,2),(2,6,3),(3,6,3),(4,6,3),(4,7,3),
153:(6,5,3),(6,4,3),(6,4,4),(5,4,4),(5,3,4),(5,2,4),(5,1,4),(5,0,4),(4,0,4),(3,0,4),(2,0,4),(1,0,4),(0,0,4),
154:(1,5,3),(2,5,3),(2,4,3),(2,3,3),(2,3,2),(3,3,2),(4,3,2),(4,3,3),(5,3,3),(6,3,3),(7,3,3),
155:(2,7,0),(3,7,0),(3,6,0),(3,5,0),(3,5,1),(3,5,0),(3,4,0),(3,3,0),(4,3,0),(4,2,0),(4,2,1),(4,2,2),(4,2,3),(4,1,3),
156:(4,7,2),(4,7,3),(5,7,3),(6,7,3),(6,7,4),(6,7,5),(6,6,5),(6,5,5),(6,4,5),
157:(6,4,5),(6,4,4),(5,4,4),(5,3,4),(6,3,4),(7,3,4),(8,3,4),(8,3,3),(8,3,2),
158:(5,3,1),(6,3,1),(6,3,2),(6,4,2),(6,5,2),(7,5,2),(7,5,3),
159:(0,0,5),(0,0,4),(0,1,4),(0,2,4),(1,2,4),(1,3,4),(1,4,4),(1,5,4),(1,6,4),(1,7,4),(1,8,4),
160:(1,7,4),(1,8,4),(2,8,4),(3,8,4),(4,8,4),(5,8,4),(5,8,3),(5,7,3),(5,6,3),(5,5,3),
161:(2,0,5),(3,0,5),(3,0,4),(3,0,3),(3,0,2),(3,0,1),(3,0,0),
