soc=1373
lb_soc=979
makespan=18
lb_makespan=15
comp_time=1989
highLevelExpanded=27
lowLevelExpanded=8072
solution=
0:(0,8,1),(1,8,1),(2,8,1),(3,8,1),(4,8,1),(5,8,1),(6,8,1),(7,8,1),(7,8,2),(7,8,3),(7,8,4),(7,7,4),(7,6,4),(7,5,4),(7,4,4),(7,3,4),(8,3,4),(8,2,4),(8,1,4),
1:(0,4,1),(1,4,1),(2,4,1),(3,4,1),(4,4,1),(5,4,1),(6,4,1),(7,4,1),(7,4,0),(7,5,0),(7,6,0),
2:(7,6,2),(8,6,2),(8,5,2),(8,4,2),(8,3,2),(8,2,2),(8,2,1),(8,1,1),
3:(4,3,2),(3,3,2),(2,3,2),(1,3,2),(1,3,3),(1,3,4),(1,3,5),(1,4,5),(1,5,5),(1,6,5),
4:(3,0,1),(2,0,1),(1,0,1),(1,0,2),(1,1,2),(1,2,2),(1,3,2),(1,4,2),
5:(5,0,2),(6,0,2),(6,1,2),(6,2,2),(6,3,2),(6,4,2),(6,4,2),(6,4,1),
6:(3,3,5),(4,3,5),(5,3,5),(5,3,4),(5,3,3),(5,3,2),(5,4,2),
7:(6,4,5),(5,4,5),(4,4,5),(3,4,5),(2,4,5),(1,4,5),(1,4,4),
8:(2,3,5),(3,3,5),(4,3,5),(5,3,5),(6,3,5),(6,3,4),(6,3,3),(6,3,2),(6,3,1),(6,3,0),(6,2,0),
9:(3,6,4),(4,6,4),(5,6,4),(5,6,5),(5,5,5),(5,4,5),(5,3,5),(5,2,5),
10:(7,3,5),(6,3,5),(6,3,4),(6,3,3),(6,2,3),(6,1,3),
11:(3,6,1),(2,6,1),(1,6,1),(0,6,1),(0,6,0),(0,5,0),(0,4,0),(0,3,0),
12:(5,8,5),(4,8,5),(3,8,5),(2,8,5),(2,7,5),(2,6,5),(2,5,5),(2,4,5),(1,4,5),(1,3,5),(1,2,5),
13:(3,0,4),(4,0,4),(5,0,4),(6,0,4),(7,0,4),(8,0,4),(8,0,3),(8,0,2),(8,1,2),(8,2,2),(8,2,1),
14:(2,4,4),(1,4,4),(1,4,3),(1,3,3),(1,2,3),(1,1,3),(1,1,2),
15:(7,8,0),(8,8,0),(8,8,1),(8,8,2),(8,7,2),(8,6,2),(8,5,2),
16:(4,4,2),(3,4,2),(3,3,2),
17:(0,2,3),(1,2,3),(2,2,3),(3,2,3),(4,2,3),(4,2,4),(4,3,4),(4,4,4),
18:(0,5,2),(1,5,2),(2,5,2),(3,5,2),(4,5,2),(5,5,2),(6,5,2),(7,5,2),(7,5,3),(7,5,4),(8,5,4),(8,4,4),
19:(1,6,3),(2,6,3),(3,6,3),(3,6,2),(3,6,1),(3,6,0),(3,5,0),(3,4,0),(3,3,0),(3,2,0),(3,1,0),
20:(2,0,3),(3,0,3),(4,0,3),(4,0,4),(4,0,5),
21:(7,4,0),(6,4,0),(6,4,1),(6,3,1),(6,2,1),(6,1,1),(6,0,1),
22:(1,8,1),(2,8,1),(3,8,1),(4,8,1),(5,8,1),(6,8,1),(7,8,1),(8,8,1),(8,7,1),
23:(2,2,0),(3,2,0),(3,2,1),(3,3,1),(3,4,1),(3,4,2),
24:(6,7,4),(5,7,4),(4,7,4),(3,7,4),(3,7,3),(3,6,3),(3,5,3),(3,4,3),(3,3,3),(3,3,3),(4,3,3),(4,2,3),(4,2,2),(3,2,2),
25:(1,7,2),(2,7,2),(3,7,2),(4,7,2),(5,7,2),(6,7,2),(7,7,2),(7,6,2),(7,5,2),(7,5,1),(7,4,1),(7,3,1),
26:(7,3,3),(6,3,3),(5,3,3),(4,3,3),(3,3,3),(2,3,3),(1,3,3),(1,3,2),(1,3,1),(1,4,1),
27:(1,0,4),(2,0,4),(3,0,4),(3,1,4),(4,1,4),(5,1,4),(6,1,4),(6,2,4),(6,3,4),(6,4,4),
28:(6,6,3),(5,6,3),(4,6,3),(3,6,3),(3,6,2),(3,6,1),(3,6,0),(2,6,0),(2,5,0),(2,4,0),(2,3,0),(2,2,0),
29:(3,5,2),(4,5,2),(5,5,2),(6,5,2),(7,5,2),(7,5,3),(7,5,4),(7,4,4),(7,3,4),(7,2,4),
30:(4,3,0),(5,3,0),(5,3,1),(5,3,2),(5,4,2),(5,4,3),(5,4,4),(5,5,4),(5,6,4),
31:(0,3,1),(1,3,1),(2,3,1),(2,3,2),(2,3,3),(2,3,4),(2,4,4),(2,5,4),(2,5,5),(2,6,5),(2,7,5),
32:(0,7,4),(0,7,3),(0,7,2),(0,7,1),(0,6,1),(0,5,1),(0,4,1),(0,3,1),(0,2,1),
33:(5,1,5),(4,1,5),(3,1,5),(2,1,5),(2,1,4),(2,1,3),(2,1,2),(2,1,1),(2,2,1),(2,3,1),(2,3,1),(2,3,0),
34:(6,1,5),(7,1,5),(8,1,5),(8,1,4),(8,1,3),(8,2,3),(8,3,3),(8,4,3),(8,5,3),
35:(7,2,2),(6,2,2),(5,2,2),(4,2,2),(3,2,2),(3,2,3),(3,2,4),(3,3,4),(3,4,4),(3,5,4),
36:(6,7,0),(7,7,0),(7,7,1),(7,7,2),(7,7,3),(7,7,4),(7,7,5),(7,8,5),
37:(6,8,3),(5,8,3),(4,8,3),(3,8,3),(2,8,3),(2,8,2),
38:(8,7,2),(7,7,2),(6,7,2),(5,7,2),(5,7,1),(4,7,1),(3,7,1),(2,7,1),(1,7,1),(1,7,0),(1,8,0),
39:(4,2,4),(3,2,4),(2,2,4),(1,2,4),(0,2,4),(0,2,5),(0,1,5),
40:(4,5,0),(5,5,0),(6,5,0),(6,6,0),(6,7,0),
41:(4,0,0),(3,0,0),(2,0,0),(2,0,1),(2,0,2),(2,0,3),(2,1,3),(2,2,3),
42:(4,4,5),(4,4,4),(5,4,4),(6,4,4),(7,4,4),(8,4,4),(8,4,3),(8,5,3),(8,6,3),(8,6,2),(8,7,2),(8,8,2),
43:(6,0,0),(5,0,0),(5,1,0),(5,2,0),(5,3,0),(5,4,0),(5,5,0),(5,6,0),(5,7,0),
44:(2,8,0),(2,7,0),(2,7,1),(3,7,1),(3,7,2),(3,7,3),(3,7,4),(3,7,5),(3,6,5),(4,6,5),(4,5,5),
45:(3,7,3),(2,7,3),(1,7,3),(0,7,3),(0,7,2),(0,6,2),(0,5,2),(0,4,2),(0,3,2),(0,2,2),(0,1,2),(0,1,1),
46:(8,6,2),(8,6,3),(7,6,3),(6,6,3),(5,6,3),(4,6,3),(3,6,3),(2,6,3),(1,6,3),(1,5,3),(1,4,3),(1,3,3),
47:(2,7,4),(3,7,4),(3,7,3),(4,7,3),(5,7,3),(5,7,2),(5,7,1),(5,6,1),(5,5,1),(5,5,0),(5,4,0),
48:(3,2,4),(3,2,3),(4,2,3),(5,2,3),(5,2,2),(6,2,2),(7,2,2),(7,3,2),(7,4,2),(7,5,2),(7,5,3),(7,6,3),(7,7,3),
49:(4,4,0),(5,4,0),(6,4,0),(7,4,0),(8,4,0),(8,4,1),(8,5,1),(8,6,1),(8,6,2),(8,7,2),(8,7,3),
50:(8,3,4),(7,3,4),(7,3,3),(7,4,3),(6,4,3),(6,4,3),(5,4,3),(4,4,3),(4,4,2),
51:(2,6,3),(2,5,3),(2,4,3),(2,4,2),(2,3,2),(2,2,2),(3,2,2),(3,1,2),(3,0,2),
52:(1,6,2),(1,6,3),(1,6,4),(2,6,4),(3,6,4),(3,6,5),(4,6,5),(4,7,5),
53:(1,2,0),(2,2,0),(2,2,1),(2,2,2),(2,2,3),(2,2,3),(3,2,3),
54:(0,7,2),(0,6,2),(0,6,3),(0,6,4),(0,5,4),(0,4,4),(0,3,4),(0,2,4),
55:(6,2,0),(5,2,0),(4,2,0),(3,2,0),(2,2,0),(1,2,0),(0,2,0),(0,2,1),(0,2,2),(0,2,3),(0,3,3),(0,4,3),(0,5,3),(0,6,3),(0,7,3),(0,8,3),
56:(0,5,0),(1,5,0),(2,5,0),(3,5,0),(4,5,0),(5,5,0),(6,5,0),(7,5,0),(7,5,1),(7,4,1),(7,3,1),(7,2,1),
57:(1,2,4),(2,2,4),(2,3,4),(3,3,4),(4,3,4),(4,3,3),(4,4,3),(4,5,3),
58:(0,4,5),(1,4,5),(2,4,5),(2,4,4),(2,5,4),(2,5,3),(2,5,2),(3,5,2),(4,5,2),(4,5,1),(4,5,0),
59:(3,1,3),(2,1,3),(1,1,3),(0,1,3),(0,2,3),(0,3,3),(0,4,3),(0,5,3),(0,6,3),(0,7,3),(0,7,4),(0,7,5),(0,6,5),
60:(3,6,3),(3,6,4),(3,5,4),(3,4,4),(3,3,4),(3,2,4),(2,2,4),(2,1,4),(2,0,4),
61:(6,3,4),(6,4,4),(6,4,3),(5,4,3),(5,5,3),(5,6,3),(4,6,3),(4,6,2),(4,6,1),(4,7,1),
62:(5,0,5),(4,0,5),(3,0,5),(3,1,5),(3,2,5),(3,3,5),(3,4,5),(3,5,5),(3,5,5),(2,5,5),
63:(0,0,2),(1,0,2),(2,0,2),(3,0,2),(4,0,2),(5,0,2),(5,0,1),(5,0,0),(6,0,0),(7,0,0),(7,1,0),(7,2,0),(7,3,0),(7,4,0),(7,5,0),
64:(4,7,2),(5,7,2),(5,7,3),(6,7,3),(6,6,3),(6,5,3),
65:(1,1,5),(1,1,4),(1,0,4),(1,0,3),(1,0,2),(1,0,1),
66:(7,5,1),(6,5,1),(5,5,1),(4,5,1),(3,5,1),(2,5,1),(1,5,1),(1,5,0),(1,4,0),(1,3,0),(1,2,0),(1,1,0),(1,0,0),
67:(8,2,1),(7,2,1),(7,2,2),(7,2,3),(7,2,4),(6,2,4),(6,2,5),(6,3,5),(6,4,5),(6,5,5),
68:(8,1,5),(8,0,5),
69:(8,5,4),(7,5,4),(6,5,4),(5,5,4),(4,5,4),(3,5,4),(2,5,4),(1,5,4),(0,5,4),(0,5,3),(0,5,2),(0,5,1),
70:(2,1,0),(3,1,0),(4,1,0),(4,2,0),(4,2,1),(4,2,2),(4,2,3),(4,3,3),(4,3,3),(4,3,4),(4,3,5),(5,3,5),(5,4,5),(5,5,5),
71:(4,6,5),(3,6,5),(3,6,4),(3,5,4),(3,4,4),(3,3,4),(3,3,4),(2,3,4),(1,3,4),(1,2,4),
72:(3,4,5),(2,4,5),(2,4,4),(2,5,4),(2,6,4),(2,7,4),
73:(1,7,1),(0,7,1),(0,6,1),(0,6,2),(0,5,2),(0,4,2),(0,3,2),(0,3,3),(0,2,3),(0,1,3),(0,0,3),
74:(0,7,1),(0,7,0),(1,7,0),(2,7,0),(3,7,0),(4,7,0),(4,6,0),(4,5,0),(5,5,0),(6,5,0),
75:(0,8,4),(1,8,4),(2,8,4),(3,8,4),(4,8,4),(4,8,3),(4,8,2),(4,8,1),(4,8,0),(4,7,0),(4,6,0),(5,6,0),
76:(7,8,4),(7,8,3),(7,7,3),(7,6,3),(7,6,2),(7,5,2),(7,4,2),(8,4,2),(8,3,2),
77:(1,7,5),(2,7,5),(3,7,5),(4,7,5),(4,7,4),
78:(7,5,4),(6,5,4),(5,5,4),(5,4,4),(5,3,4),(5,3,3),(5,2,3),(5,1,3),(5,0,3),(5,0,2),
79:(8,3,0),(8,3,1),
80:(2,4,3),(3,4,3),(4,4,3),(4,4,4),(5,4,4),(6,4,4),(7,4,4),(8,4,4),(8,4,5),
81:(3,7,4),(3,7,3),(2,7,3),(1,7,3),(0,7,3),(0,7,2),(0,6,2),
82:(3,2,1),(4,2,1),(5,2,1),(6,2,1),(7,2,1),(7,3,1),(7,4,1),(8,4,1),(8,5,1),(8,5,0),(8,6,0),
83:(7,7,1),(8,7,1),(8,7,2),(8,7,3),(8,7,4),
84:(3,5,3),(4,5,3),(4,5,4),(4,5,4),(4,4,4),(4,3,4),(5,3,4),
85:(2,8,4),(2,8,3),(1,8,3),(1,8,2),(1,8,1),(1,8,0),(1,7,0),(1,6,0),(1,5,0),(1,4,0),(1,3,0),
86:(4,1,5),(4,2,5),(4,2,5),(4,3,5),(4,4,5),(4,5,5),(5,5,5),(5,6,5),
87:(7,4,2),(6,4,2),(5,4,2),(4,4,2),(3,4,2),(3,4,3),(3,4,4),(3,5,4),(3,6,4),
88:(3,2,0),(3,2,1),(3,3,1),(2,3,1),(2,4,1),(2,4,2),(2,4,3),(2,5,3),(2,6,3),
89:(8,6,1),(7,6,1),(6,6,1),(6,6,2),(6,7,2),(6,7,3),(5,7,3),(4,7,3),
90:(5,5,0),(5,5,1),(4,5,1),(3,5,1),(2,5,1),(1,5,1),(1,5,0),(0,5,0),(0,5,0),(1,5,0),
91:(7,2,0),(7,1,0),(7,1,1),(7,0,1),
92:(4,3,3),(4,4,3),(4,5,3),(4,6,3),(4,6,4),
93:(1,8,4),(1,8,3),(1,8,2),(1,7,2),(1,6,2),
94:(2,5,0),(3,5,0),(4,5,0),(5,5,0),(6,5,0),(7,5,0),(7,4,0),(7,3,0),(7,3,1),(7,3,2),(7,3,3),
95:(1,1,2),(2,1,2),(3,1,2),(4,1,2),(5,1,2),(5,1,3),(5,1,4),
96:(8,4,1),(7,4,1),(7,4,2),(6,4,2),(6,5,2),(6,6,2),(6,6,3),
97:(2,7,3),(1,7,3),(1,6,3),(2,6,3),(2,5,3),(3,5,3),(4,5,3),(5,5,3),(5,4,3),(6,4,3),
98:(6,0,3),(5,0,3),(5,1,3),(4,1,3),(4,1,3),(4,2,3),(4,3,3),(3,3,3),(2,3,3),
99:(3,0,3),(4,0,3),(5,0,3),(6,0,3),(6,0,2),(6,1,2),(6,2,2),(6,2,1),
100:(2,5,4),(2,6,4),(2,6,3),(2,6,2),(2,6,1),
101:(3,8,2),(2,8,2),(2,7,2),(2,7,2),(2,6,2),(2,5,2),(2,4,2),(2,3,2),(2,2,2),
102:(2,0,4),(3,0,4),(4,0,4),(5,0,4),(6,0,4),(6,1,4),(6,2,4),(6,2,3),(6,2,2),(6,3,2),(6,4,2),(6,5,2),(6,6,2),(6,7,2),
103:(4,7,4),(4,7,5),(4,6,5),(3,6,5),(2,6,5),(2,5,5),(2,4,5),(2,4,4),(2,3,4),(1,3,4),
104:(7,6,4),(7,6,3),(7,6,2),(7,6,1),
105:(5,6,0),(4,6,0),(3,6,0),(2,6,0),(2,5,0),(2,4,0),(2,4,1),(2,4,2),(2,4,3),(2,4,4),(2,3,4),
106:(7,1,4),(7,2,4),(7,3,4),(7,4,4),(7,5,4),(6,5,4),(6,6,4),(5,6,4),(5,6,3),(5,7,3),(5,8,3),(4,8,3),(3,8,3),(2,8,3),(2,7,3),(2,7,2),
107:(1,4,2),(1,4,3),(1,3,3),(1,2,3),(1,1,3),(1,0,3),
108:(2,1,4),(2,1,5),(1,1,5),(1,2,5),(1,3,5),(1,3,5),(1,4,5),(1,5,5),(1,5,4),(1,6,4),
109:(5,2,0),(5,2,-1),(5,3,-1),(5,4,-1),(5,5,-1),(5,6,-1),(5,6,0),(5,7,0),(5,7,1),(5,7,2),(5,7,3),(5,7,4),
110:(0,6,1),(1,6,1),(1,6,2),(1,5,2),(2,5,2),(3,5,2),(4,5,2),(5,5,2),(5,5,3),(5,6,3),
111:(8,2,3),(8,2,4),(8,3,4),(8,4,4),(8,5,4),(7,5,4),(6,5,4),(6,6,4),(6,7,4),(5,7,4),(5,8,4),(4,8,4),(3,8,4),(2,8,4),
112:(1,1,4),(2,1,4),(3,1,4),(3,1,3),(3,1,2),(4,1,2),(5,1,2),(6,1,2),(7,1,2),(7,2,2),(7,3,2),
113:(1,5,2),(2,5,2),(2,5,3),(2,4,3),(2,4,4),(2,4,5),(2,3,5),
114:(0,5,5),(1,5,5),(1,5,4),(1,5,3),(1,6,3),(2,6,3),(2,6,2),(2,7,2),(2,7,1),(2,7,0),
115:(7,7,4),(6,7,4),(5,7,4),(4,7,4),(3,7,4),(3,6,4),(2,6,4),(1,6,4),(0,6,4),
116:(8,5,3),(7,5,3),(6,5,3),(5,5,3),(4,5,3),(4,5,2),(4,5,1),(3,5,1),(3,4,1),(3,3,1),(3,2,1),
117:(2,5,2),(2,5,1),(2,6,1),(2,7,1),(2,8,1),
118:(7,0,5),(7,0,4),(7,1,4),
119:(3,1,4),(3,1,3),(2,1,3),(2,1,2),(2,1,1),(1,1,1),(1,2,1),(1,3,1),(1,4,1),(1,5,1),(1,6,1),(1,6,0),(1,7,0),
120:(4,7,1),(4,7,2),(5,7,2),(5,7,3),(6,7,3),(6,6,3),(7,6,3),(7,5,3),(7,4,3),(7,3,3),(6,3,3),(6,2,3),
121:(2,0,0),(1,0,0),(0,0,0),(0,1,0),
122:(7,6,5),(6,6,5),(5,6,5),(5,5,5),(5,4,5),(5,3,5),(4,3,5),(4,2,5),(4,2,4),(4,2,3),(4,2,2),(4,1,2),(4,1,1),(4,0,1),
123:(0,5,1),(1,5,1),(2,5,1),(2,5,2),(3,5,2),(3,6,2),(4,6,2),(5,6,2),(6,6,2),(7,6,2),(7,7,2),(7,8,2),(7,8,3),(8,8,3),
124:(5,5,5),(4,5,5),(3,5,5),(2,5,5),(1,5,5),(0,5,5),(0,4,5),
125:(8,1,2),(7,1,2),(7,1,3),(6,1,3),(5,1,3),(4,1,3),(4,0,3),
126:(8,2,0),(7,2,0),(6,2,0),(6,1,0),(5,1,0),(4,1,0),(3,1,0),(3,1,1),(3,1,2),(3,1,3),
127:(6,5,2),(6,5,2),(6,4,2),(6,4,3),(6,4,4),(6,4,5),(6,3,5),(5,3,5),(6,3,5),(6,2,5),(6,1,5),
128:(1,0,2),(1,1,2),(1,2,2),(1,2,2),(1,3,2),(1,4,2),(1,5,2),(2,5,2),(3,5,2),(3,6,2),(3,7,2),
129:(8,0,4),(8,1,4),(8,2,4),(7,2,4),(7,3,4),(7,3,4),(6,3,4),(6,4,4),(5,4,4),
130:(8,0,0),(7,0,0),(6,0,0),(5,0,0),(5,0,1),(5,1,1),(5,1,1),(5,1,2),
131:(3,0,2),(3,0,1),(3,1,1),(3,2,1),(3,3,1),(3,4,1),(3,5,1),(3,6,1),(3,6,1),(4,6,1),
132:(4,4,1),(5,4,1),(5,4,1),(6,4,1),(6,4,2),(7,4,2),(7,4,3),(6,4,3),(6,4,4),(6,4,5),
133:(8,7,4),(7,7,4),(7,6,4),(6,6,4),(5,6,4),(5,5,4),(5,5,3),(5,4,3),(4,4,3),(4,3,3),(4,2,3),(4,2,2),(4,1,2),(4,1,1),
134:(4,8,5),(4,8,6),(4,7,6),(4,6,6),(4,5,6),(4,4,6),(4,4,5),(4,3,5),(4,3,4),(4,2,4),(4,1,4),(4,0,4),
135:(5,4,5),(4,4,5),(3,4,5),(2,4,5),(1,4,5),(1,4,4),(1,4,3),(1,4,3),(0,4,3),(0,4,2),(0,4,1),(0,4,0),
136:(4,1,1),(5,1,1),(6,1,1),(7,1,1),(8,1,1),(8,1,2),(8,1,3),(8,1,4),(8,1,5),(8,2,5),
137:(6,3,2),(5,3,2),(5,3,2),(5,3,3),(5,4,3),(5,4,4),(5,5,4),(6,5,4),(5,5,4),
138:(1,4,3),(2,4,3),(3,4,3),(4,4,3),(4,3,3),(4,4,3),(4,4,2),(4,5,2),(5,5,2),
139:(2,1,1),(3,1,1),(4,1,1),(5,1,1),(6,1,1),(7,1,1),(7,1,2),(7,2,2),(7,3,2),(7,4,2),(7,5,2),(7,6,2),(7,7,2),
140:(1,2,5),(2,2,5),(3,2,5),(4,2,5),(5,2,5),(5,2,4),(5,2,4),(5,2,3),(6,2,3),(6,2,2),(6,3,2),(6,4,2),(6,5,2),(6,5,1),(6,6,1),(6,7,1),
141:(3,3,0),(2,3,0),(1,3,0),(0,3,0),(0,3,1),(0,3,2),(0,3,3),(0,3,4),(0,4,4),
142:(3,8,1),(4,8,1),(4,8,2),(4,8,2),(4,7,2),
143:(6,8,0),(7,8,0),(7,7,0),(7,6,0),(7,5,0),(7,4,0),(7,3,0),(7,2,0),(7,1,0),(6,1,0),(6,0,0),(7,0,0),
144:(8,0,1),(7,0,1),(6,0,1),(5,0,1),(4,0,1),(4,0,2),(4,1,2),(4,1,3),
145:(5,8,1),(5,7,1),(5,6,1),(5,5,1),(5,4,1),(5,3,1),(5,3,0),
146:(5,7,3),(6,7,3),(6,7,4),(6,8,4),
147:(4,5,4),(5,5,4),(5,5,5),(6,5,5),(7,5,5),(7,6,5),(7,6,5),(7,7,5),
148:(7,3,1),(7,3,1),(7,4,1),(7,5,1),(6,5,1),(6,5,2),(6,6,2),(6,7,2),(6,7,3),
149:(8,8,1),(8,8,1),(8,7,1),(8,7,0),(8,6,0),(8,5,0),(8,4,0),
150:(7,8,3),(6,8,3),(6,8,2),(6,8,1),(6,7,1),(6,6,1),(6,5,1),(7,5,1),(7,4,1),(7,3,1),(7,2,1),(7,1,1),(6,1,1),
151:(3,4,4),(3,3,4),(3,2,4),(3,2,4),(3,1,4),(4,1,4),(4,0,4),(5,0,4),(6,0,4),(7,0,4),
152:(0,4,3),(0,4,2),(1,4,2),(1,4,2),(2,4,2),(2,3,2),(2,2,2),(3,2,2),(4,2,2),(5,2,2),(5,2,3),
153:(8,1,3),(7,1,3),(6,1,3),(5,1,3),(5,2,3),(5,2,2),(5,3,2),(5,3,1),(5,4,1),(5,5,1),(4,5,1),(4,5,2),(4,6,2),
154:(3,8,0),(3,7,0),(3,7,0),(3,6,0),(2,6,0),(2,5,0),(2,4,0),(1,4,0),(1,3,0),(1,2,0),(1,1,0),(1,0,0),(0,0,0),(0,0,1),
155:(4,2,0),(4,3,0),(4,3,1),(4,3,2),
156:(1,0,1),(1,1,1),(2,1,1),(3,1,1),(4,1,1),(4,2,1),(4,3,1),(4,4,1),(4,4,1),(5,4,1),(5,5,1),(6,5,1),(6,6,1),(6,7,1),(5,7,1),
157:(1,3,5),(2,3,5),(2,2,5),(2,2,4),(3,2,4),(3,2,5),(4,2,5),(4,2,4),(4,2,3),(4,2,2),(4,2,1),
158:(5,8,0),(4,8,0),(4,8,1),(4,7,1),(3,7,1),(3,7,2),(3,7,3),(3,6,3),(3,5,3),(3,4,3),(3,4,4),
159:(8,5,5),(7,5,5),(6,5,5),(6,5,4),(6,6,4),(5,6,4),(5,6,3),(5,6,3),(5,6,2),(5,6,1),
160:(6,3,1),(6,3,2),(6,2,2),(5,2,2),(4,2,2),(3,2,2),(3,1,2),(2,1,2),(2,1,3),(1,1,3),(0,1,3),
161:(8,0,5),(7,0,5),(6,0,5),(5,0,5),(5,0,4),(4,0,4),(3,0,4),(3,1,4),(3,2,4),(3,3,4),(3,3,3),(3,4,3),(2,4,3),(1,4,3),(1,5,3),(1,5,2),
