soc=1355
lb_soc=936
makespan=17
lb_makespan=15
comp_time=2530
highLevelExpanded=37
lowLevelExpanded=10013
solution=
0:(7,8,0),(6,8,0),(6,8,1),(6,8,2),(6,8,3),(6,8,4),
1:(8,1,0),(8,1,1),(8,1,2),(8,2,2),(8,2,3),(8,3,3),(8,4,3),
2:(4,1,2),(3,1,2),(2,1,2),(2,1,3),(2,2,3),(2,3,3),(2,4,3),(2,5,3),(2,6,3),(2,7,3),(1,7,3),(1,7,4),
3:(6,5,5),(7,5,5),(8,5,5),(8,5,4),(8,5,3),(8,5,2),(8,5,1),(8,6,1),
4:(8,1,5),(7,1,5),(6,1,5),(5,1,5),(4,1,5),(3,1,5),(2,1,5),(1,1,5),(1,1,4),(1,1,3),(1,2,3),(1,3,3),(1,3,2),(0,3,2),(0,4,2),(0,5,2),
5:(5,2,1),(4,2,1),(3,2,1),(2,2,1),(1,2,1),(0,2,1),(0,2,2),(0,2,3),(0,1,3),(0,0,3),
6:(7,0,5),(7,0,4),(7,0,3),(7,0,2),(7,0,1),(7,0,0),(7,1,0),
7:(2,7,4),(3,7,4),(3,7,5),(3,6,5),(3,5,5),(3,5,4),(3,4,4),(3,3,4),(4,3,4),(4,2,4),(4,1,4),(5,1,4),
8:(7,7,4),(6,7,4),(6,7,3),(6,7,2),(6,7,2),(6,6,2),(6,6,1),(6,6,0),(6,5,0),(6,4,0),(6,3,0),
9:(3,1,3),(3,1,4),(4,1,4),(4,2,4),(4,3,4),(4,4,4),
10:(2,0,1),(2,-1,1),(2,-1,2),(2,-1,3),(2,-1,4),(2,0,4),(2,1,4),(2,2,4),(2,3,4),(2,3,4),(2,4,4),(2,5,4),(3,5,4),(4,5,4),
11:(8,8,3),(7,8,3),(6,8,3),(5,8,3),(4,8,3),(3,8,3),(3,8,2),(3,8,1),(3,7,1),
12:(4,1,4),(4,1,3),
13:(5,6,5),(6,6,5),(6,6,4),(6,6,3),(6,6,2),(6,6,1),(6,5,1),(6,4,1),(6,3,1),(6,2,1),(6,2,2),(6,2,1),(6,1,1),(6,1,0),(6,0,0),
14:(7,1,0),(6,1,0),(5,1,0),(5,1,1),(5,2,1),
15:(3,7,4),(4,7,4),(5,7,4),(5,7,3),(5,8,3),
16:(2,1,2),(2,1,1),(2,0,1),
17:(8,4,1),(7,4,1),(6,4,1),(5,4,1),(4,4,1),(3,4,1),(3,4,2),(3,4,3),(2,4,3),(2,3,3),(2,2,3),(2,2,4),(2,2,5),(2,1,5),(2,0,5),
18:(6,6,4),(5,6,4),(4,6,4),(4,6,5),(4,5,5),(4,4,5),(4,3,5),
19:(1,8,2),(2,8,2),(3,8,2),(4,8,2),(4,8,1),(4,7,1),(4,6,1),(4,5,1),(4,5,1),(4,5,0),(4,4,0),(4,3,0),(5,3,0),(5,2,0),
20:(4,7,2),(4,7,3),(4,7,4),(4,7,5),(3,7,5),(3,6,5),(3,5,5),(2,5,5),(1,5,5),(1,4,5),(1,3,5),(1,2,5),(1,1,5),(0,1,5),(0,0,5),
21:(6,5,0),(6,5,1),(6,6,1),(6,7,1),
22:(2,1,3),(3,1,3),(3,1,4),(3,2,4),(3,2,5),(3,3,5),(3,4,5),(4,4,5),(4,5,5),
23:(8,5,5),(8,6,5),(8,7,5),
24:(4,0,5),(5,0,5),(6,0,5),(6,0,4),(6,0,3),
25:(2,2,4),(3,2,4),(4,2,4),(5,2,4),(6,2,4),(6,2,3),
26:(8,4,0),(8,4,1),(8,4,2),(8,4,3),(8,4,4),(8,5,4),(8,6,4),
27:(0,0,1),(0,1,1),(0,2,1),(0,3,1),(0,4,1),(0,4,1),(1,4,1),(2,4,1),(2,5,1),(3,5,1),(3,6,1),(3,6,2),(4,6,2),(4,7,2),(4,7,1),
28:(0,6,2),(1,6,2),(2,6,2),(3,6,2),(4,6,2),(5,6,2),(6,6,2),(7,6,2),
29:(6,5,4),(7,5,4),(7,5,3),(7,5,2),(7,4,2),(7,3,2),
30:(1,1,4),(1,1,3),(1,1,2),(1,1,1),(1,1,0),(1,2,0),(1,3,0),(1,4,0),
31:(7,3,4),(6,3,4),(5,3,4),(4,3,4),(3,3,4),(2,3,4),(2,3,5),
32:(6,5,2),(6,5,3),(6,5,4),(6,4,4),
33:(2,0,4),(2,0,3),(2,0,2),(2,1,2),(2,1,1),(2,1,0),(2,2,0),(2,3,0),(2,4,0),
34:(4,7,0),(5,7,0),(5,7,1),(5,8,1),
35:(3,3,2),(4,3,2),(4,4,2),(4,4,2),(3,4,2),(4,4,2),
36:(8,6,4),(7,6,4),(7,6,5),(6,6,5),(5,6,5),(4,6,5),(3,6,5),(3,5,5),(2,5,5),(1,5,5),(1,4,5),(1,3,5),(1,2,5),(1,1,5),(0,1,5),
37:(2,8,4),(1,8,4),(1,8,3),(1,8,2),(1,7,2),
38:(8,8,2),(7,8,2),(6,8,2),(6,8,3),(6,8,4),(6,8,5),(5,8,5),(4,8,5),(4,7,5),(4,6,5),(3,6,5),(3,5,5),(3,4,5),(3,3,5),(3,2,5),(3,1,5),(3,0,5),
39:(8,1,4),(7,1,4),(6,1,4),(5,1,4),(5,1,3),(5,2,3),
40:(1,2,5),(0,2,5),(0,3,5),(0,4,5),(0,5,5),
41:(2,7,2),(1,7,2),(1,7,3),(1,6,3),(1,5,3),(1,4,3),(1,3,3),(1,2,3),(1,1,3),(1,0,3),
42:(1,4,5),(1,4,4),(1,4,3),(1,4,2),(1,4,1),(1,3,1),(1,2,1),(1,1,1),(1,0,1),
43:(0,0,0),(1,0,0),(2,0,0),(3,0,0),(4,0,0),(5,0,0),(6,0,0),(6,0,1),(6,0,2),(6,1,2),(6,1,3),(6,1,4),(6,2,4),
44:(8,4,5),(7,4,5),(7,4,4),(7,4,3),(7,3,3),(7,2,3),(7,2,2),(7,1,2),
45:(2,0,2),(3,0,2),(4,0,2),(5,0,2),(5,0,3),(5,0,4),(5,0,5),(5,1,5),(5,2,5),(5,3,5),(5,4,5),(5,5,5),
46:(6,2,2),(5,2,2),(4,2,2),(3,2,2),(3,2,3),(3,1,3),
47:(3,6,0),(2,6,0),(2,6,1),(2,6,2),(2,6,3),(2,6,4),(2,6,5),
48:(0,8,3),(0,8,2),(0,8,1),(0,7,1),(0,6,1),(0,5,1),(0,4,1),(1,4,1),(1,3,1),(2,3,1),(2,2,1),(2,1,1),(3,1,1),(4,1,1),(5,1,1),(6,1,1),(7,1,1),(7,0,1),
49:(4,1,3),(5,1,3),(5,1,2),(5,2,2),(5,3,2),(5,3,1),(5,4,1),(5,5,1),(5,6,1),(5,7,1),(5,7,0),
50:(7,4,2),(6,4,2),(5,4,2),(5,5,2),(4,5,2),(3,5,2),(3,5,1),(3,5,0),(3,6,0),(3,7,0),(2,7,0),(2,8,0),
51:(4,0,2),(5,0,2),(5,0,3),(5,0,4),(5,1,4),(5,2,4),
52:(2,5,5),(3,5,5),(4,5,5),(4,5,4),(4,5,3),(4,6,3),
53:(7,3,1),(6,3,1),(5,3,1),(4,3,1),(3,3,1),(2,3,1),(1,3,1),(0,3,1),(0,2,1),(0,1,1),
54:(3,7,3),(2,7,3),(2,7,4),(1,7,4),(0,7,4),(0,7,5),(0,8,5),
55:(1,0,2),(2,0,2),(3,0,2),(3,1,2),(4,1,2),(5,1,2),(6,1,2),(6,2,2),(6,3,2),(6,4,2),(6,5,2),
56:(5,5,2),(5,5,3),(5,5,4),(5,5,5),(5,5,5),(5,6,5),(5,7,5),(5,8,5),
57:(2,4,2),(3,4,2),(3,4,3),(3,4,4),(3,5,4),(3,6,4),(3,7,4),(3,7,5),
58:(5,5,1),(4,5,1),(4,4,1),(4,4,1),(4,3,1),(4,3,2),(4,2,2),(4,1,2),(4,0,2),
59:(8,3,2),(7,3,2),(6,3,2),(5,3,2),(5,3,3),(5,4,3),(5,4,3),(5,4,4),
60:(6,2,1),(7,2,1),(7,3,1),(7,4,1),(7,5,1),(7,5,2),(7,5,3),(7,6,3),(7,6,4),(7,6,5),(7,7,5),
61:(6,6,0),(5,6,0),(4,6,0),(3,6,0),(3,6,1),(3,5,1),(3,4,1),(3,3,1),(3,2,1),
62:(7,8,5),(7,8,4),(7,7,4),(7,6,4),(7,5,4),
63:(0,2,4),(1,2,4),(2,2,4),(2,2,3),(2,2,2),(3,2,2),(3,2,1),(4,2,1),(4,1,1),(5,1,1),(6,1,1),(6,0,1),
64:(5,1,0),(5,1,1),(5,2,1),(5,3,1),(5,4,1),(5,5,1),(5,6,1),(6,6,1),
65:(0,3,4),(1,3,4),(2,3,4),(2,3,3),(2,4,3),(2,5,3),(2,5,3),(2,5,2),
66:(7,3,0),(6,3,0),(5,3,0),(4,3,0),(3,3,0),(2,3,0),(2,3,1),(1,3,1),(0,3,1),(0,3,2),(0,3,3),(0,3,4),(0,4,4),(0,4,5),
67:(4,0,0),(5,0,0),(6,0,0),(7,0,0),(7,1,0),(7,1,1),(7,1,2),(7,1,3),(7,2,3),(7,3,3),(7,4,3),(7,5,3),(7,6,3),(7,7,3),(7,8,3),(7,8,4),(7,8,5),
68:(4,8,2),(3,8,2),(3,8,3),(3,8,4),(2,8,4),(1,8,4),(1,8,5),
69:(6,0,0),(6,0,0),(6,1,0),(5,1,0),(4,1,0),(4,2,0),(4,3,0),(4,4,0),(4,5,0),(4,6,0),(4,7,0),
70:(1,5,4),(2,5,4),(2,4,4),(2,3,4),(2,3,3),(3,3,3),(4,3,3),(5,3,3),(6,3,3),(6,3,4),(7,3,4),(8,3,4),
71:(0,8,2),(1,8,2),(2,8,2),(3,8,2),(4,8,2),(5,8,2),(6,8,2),(7,8,2),(7,8,1),(7,8,0),
72:(1,1,1),(1,1,2),(1,2,2),(2,2,2),(3,2,2),(4,2,2),(5,2,2),(5,3,2),(5,3,3),(6,3,3),(6,4,3),(6,4,2),
73:(7,3,3),(6,3,3),(5,3,3),(4,3,3),(3,3,3),(3,3,2),(2,3,2),(1,3,2),(0,3,2),(0,2,2),
74:(8,0,0),(7,0,0),(7,1,0),(7,2,0),(7,3,0),(7,4,0),(7,5,0),(7,6,0),(6,6,0),(6,7,0),(6,8,0),
75:(4,4,5),(3,4,5),(2,4,5),(1,4,5),(0,4,5),(0,3,5),(0,2,5),
76:(3,6,4),(2,6,4),(2,6,3),(2,7,3),(2,7,2),
77:(1,8,5),(2,8,5),(3,8,5),(4,8,5),(5,8,5),(5,8,4),(5,7,4),(5,7,3),(5,6,3),(5,5,3),(5,5,2),
78:(6,7,4),(6,7,3),(5,7,3),(4,7,3),(3,7,3),(2,7,3),(2,6,3),(2,6,2),(2,6,1),(1,6,1),(1,6,0),(1,5,0),
79:(2,7,1),(2,6,1),(2,5,1),(2,5,2),(3,5,2),(3,4,2),(3,3,2),(3,2,2),(4,2,2),(5,2,2),(5,2,2),(6,2,2),(6,1,2),(6,0,2),(7,0,2),(8,0,2),
80:(2,5,4),(2,5,3),(1,5,3),(1,5,2),(1,6,2),
81:(6,5,1),(5,5,1),(4,5,1),(3,5,1),(2,5,1),(2,5,0),(2,6,0),
82:(3,1,5),(4,1,5),(5,1,5),(5,2,5),(5,3,5),(5,4,5),(5,5,5),(5,6,5),
83:(2,6,0),(2,5,0),(3,5,0),(4,5,0),(5,5,0),(6,5,0),(6,4,0),(6,3,0),(6,2,0),
84:(8,1,2),(7,1,2),(6,1,2),(5,1,2),(5,2,2),(5,3,2),(4,3,2),(3,3,2),(2,3,2),(1,3,2),(0,3,2),(0,3,3),(0,3,4),(0,4,4),(0,5,4),(0,6,4),(0,7,4),
85:(2,8,3),(3,8,3),(3,7,3),(3,6,3),(3,5,3),(3,4,3),(3,3,3),(3,2,3),(4,2,3),(4,2,2),(4,1,2),
86:(7,4,5),(7,4,4),(7,3,4),(7,2,4),(7,1,4),
87:(5,4,2),(5,3,2),(5,2,2),(4,2,2),(4,2,1),(3,2,1),(3,1,1),(3,0,1),
88:(5,5,5),(4,5,5),(4,5,4),(3,5,4),(2,5,4),(2,4,4),(1,4,4),(1,4,3),(1,4,2),(1,4,1),(1,3,1),(1,2,1),
89:(3,3,3),(4,3,3),(4,2,3),(5,2,3),(6,2,3),(6,3,3),(7,3,3),(8,3,3),(8,3,4),(8,2,4),
90:(1,6,0),(1,6,1),(1,6,2),(1,6,2),(2,6,2),(3,6,2),(4,6,2),(5,6,2),
91:(5,7,2),(4,7,2),(3,7,2),(2,7,2),(2,7,1),(1,7,1),(0,7,1),(0,6,1),(0,5,1),(0,4,1),
92:(5,6,1),(5,6,1),(5,6,0),(5,5,0),(5,4,0),
93:(2,0,3),(3,0,3),(3,1,3),(3,2,3),(4,2,3),(4,3,3),(5,3,3),(6,3,3),(7,3,3),(7,4,3),(7,4,2),(7,4,1),(7,4,0),
94:(6,7,0),(6,7,1),(6,7,2),(6,6,2),(6,5,2),(6,4,2),(6,4,3),(5,4,3),(4,4,3),(3,4,3),(2,4,3),(2,3,3),(1,3,3),
95:(3,1,4),(2,1,4),(1,1,4),(0,1,4),(0,2,4),
96:(5,0,0),(5,0,1),(6,0,1),(6,1,1),(6,1,2),(6,2,2),(6,3,2),(6,4,2),(6,5,2),(6,6,2),(6,7,2),(7,7,2),(8,7,2),
97:(5,4,1),(6,4,1),(6,4,2),(7,4,2),(7,4,3),(7,4,4),(7,4,5),(7,5,5),
98:(1,0,4),(2,0,4),(3,0,4),(4,0,4),(5,0,4),(6,0,4),(6,1,4),(6,1,3),(6,1,2),(6,1,1),(6,2,1),(6,3,1),(6,4,1),(6,5,1),
99:(6,2,4),(5,2,4),(5,2,3),(5,3,3),(4,3,3),(4,4,3),(3,4,3),(2,4,3),(1,4,3),(1,4,2),(1,4,1),(1,5,1),(1,6,1),
100:(5,0,3),(5,0,3),(6,0,3),(6,0,3),(6,0,2),(5,0,2),(5,1,2),
101:(7,2,5),(7,3,5),(7,4,5),(7,4,5),(7,4,5),(7,4,5),(6,4,5),(6,4,5),(7,4,5),
102:(7,6,5),(7,6,5),(6,6,5),(6,6,4),(6,6,3),(5,6,3),(5,6,2),(5,6,1),(4,6,1),
103:(6,3,5),(5,3,5),(4,3,5),(3,3,5),(2,3,5),(1,3,5),(1,3,4),
104:(2,0,0),(2,0,1),(1,0,1),(1,0,2),(1,1,2),(1,2,2),
105:(3,0,3),(4,0,3),(3,0,3),(2,0,3),(2,1,3),(2,2,3),(2,3,3),(2,3,3),(1,3,3),(0,3,3),(0,4,3),(0,5,3),(0,6,3),(0,7,3),
106:(4,5,4),(3,5,4),(2,5,4),(1,5,4),(0,5,4),(0,5,3),(0,4,3),(0,3,3),(0,2,3),(0,1,3),(0,1,2),(0,0,2),(0,0,1),(0,0,0),
107:(5,3,2),(5,3,1),(4,3,1),(3,3,1),(2,3,1),(2,2,1),(2,1,1),(2,1,0),(1,1,0),(0,1,0),
108:(1,7,1),(2,7,1),(2,7,0),(2,6,0),(2,5,0),(2,4,0),(2,3,0),(3,3,0),(3,2,0),
109:(8,3,3),(8,2,3),(8,1,3),
110:(8,8,0),(7,8,0),(6,8,0),(5,8,0),(4,8,0),(3,8,0),(2,8,0),(1,8,0),(0,8,0),(0,8,1),(0,8,2),(0,8,3),
111:(5,8,0),(4,8,0),(3,8,0),(2,8,0),(2,8,1),(2,8,2),(2,8,3),(2,8,4),(2,7,4),(2,6,4),(2,5,4),(2,5,5),(1,5,5),(1,4,5),(1,4,4),
112:(1,5,2),(1,4,2),(1,3,2),(1,3,3),(1,2,3),(1,1,3),(1,0,3),(1,0,4),(1,0,5),
113:(4,3,0),(5,3,0),(5,4,0),(6,4,0),(7,4,0),(8,4,0),(8,4,1),(8,4,2),(8,5,2),(8,5,3),(8,6,3),(8,7,3),(8,7,4),
114:(1,6,4),(1,5,4),(1,5,4),(1,5,3),(1,5,2),(1,5,1),(1,5,0),(2,5,0),(3,5,0),(3,5,-1),(4,5,-1),(5,5,-1),(6,5,-1),(7,5,-1),(7,4,-1),(7,3,-1),(7,3,0),
115:(1,6,3),(1,6,4),(2,6,4),(2,6,4),(3,6,4),(4,6,4),(4,7,4),(5,7,4),
116:(3,3,5),(2,3,5),(1,3,5),(0,3,5),(0,3,4),(0,3,3),(0,3,2),(-1,3,2),(-1,3,1),(0,3,1),(0,3,1),(0,3,0),
117:(3,5,5),(3,6,5),(3,6,4),(3,6,4),(3,6,3),
118:(3,0,1),(3,1,1),(3,1,1),(3,2,1),(2,2,1),(1,2,1),(2,2,1),(2,3,1),(2,4,1),(2,5,1),(1,5,1),(1,6,1),(1,7,1),(1,8,1),
119:(0,5,5),(1,5,5),(2,5,5),(2,5,4),(2,5,3),(3,5,3),(4,5,3),(5,5,3),(5,5,2),(6,5,2),(6,5,1),(6,5,0),(7,5,0),(7,6,0),
120:(4,3,2),(4,3,1),(3,3,1),(2,3,1),(1,3,1),(0,3,1),(0,2,1),(1,2,1),(1,1,1),
121:(0,4,1),(1,4,1),(2,4,1),(2,4,2),(2,3,2),(2,2,2),(3,2,2),(3,1,2),(3,0,2),(3,0,3),(4,0,3),
122:(2,4,4),(3,4,4),(4,4,4),(4,4,3),(4,4,2),(4,4,1),(4,4,1),(5,4,1),
123:(3,5,2),(4,5,2),(5,5,2),(5,5,3),(5,5,4),
124:(2,3,0),(3,3,0),(4,3,0),(4,2,0),(5,2,0),(5,1,0),(5,0,0),
125:(0,4,2),(0,4,1),(1,4,1),(2,4,1),(2,4,2),
126:(5,6,3),(6,6,3),(7,6,3),(8,6,3),(8,6,3),(8,5,3),(8,5,3),(8,5,4),
127:(7,1,4),(6,1,4),(5,1,4),(4,1,4),(3,1,4),(2,1,4),(2,1,3),(2,1,2),(2,2,2),(2,3,2),
128:(7,0,3),(6,0,3),(6,0,4),(6,1,4),(6,1,5),(5,1,5),(4,1,5),(3,1,5),(3,2,5),(3,3,5),(3,4,5),(2,4,5),
129:(0,2,5),(0,2,4),(1,2,4),(2,2,4),(3,2,4),(4,2,4),(4,3,4),(4,3,4),(5,3,4),(5,3,4),(6,3,4),(7,3,4),
130:(1,5,5),(2,5,5),(3,5,5),(4,5,5),(4,5,4),(4,5,3),(5,5,3),(5,5,2),(5,5,1),(6,5,1),(6,5,0),(6,6,0),(6,7,0),
131:(1,3,0),(2,3,0),(2,3,1),(2,3,2),(3,3,2),(3,3,1),(4,3,1),(5,3,1),(5,3,2),(6,3,2),
132:(5,7,4),(5,7,4),(6,7,4),(7,7,4),
133:(1,2,1),(2,2,1),(2,2,0),(2,3,0),(2,4,0),(3,4,0),
134:(4,4,4),(5,4,4),(6,4,4),(7,4,4),(7,3,4),(7,2,4),(6,2,4),(6,1,4),(6,1,3),(7,1,3),
135:(8,1,3),(7,1,3),(6,1,3),(5,1,3),(5,2,3),(4,2,3),(3,2,3),(2,2,3),(1,2,3),(1,3,3),(1,4,3),
136:(7,6,0),(7,6,1),(7,6,2),(7,6,3),(7,6,4),(6,6,4),(5,6,4),(4,6,4),(3,6,4),(3,6,4),(2,6,4),(1,6,4),
137:(8,6,2),(7,6,2),(6,6,2),(5,6,2),(5,6,2),(5,7,2),(4,7,2),(3,7,2),(3,8,2),
138:(2,8,1),(3,8,1),(2,8,1),(2,8,2),(2,8,3),(2,8,4),(3,8,4),(3,7,4),
139:(4,3,5),(3,3,5),(2,3,5),(1,3,5),(0,3,5),(0,3,4),(0,3,3),(0,3,2),(0,4,2),(0,5,2),(0,5,1),(0,6,1),
140:(2,4,1),(2,4,2),(2,4,3),(2,4,4),(1,4,4),(1,4,5),(1,5,5),(1,6,5),(1,7,5),
141:(8,7,3),(7,7,3),(7,7,3),(6,7,3),(5,7,3),(4,7,3),(4,8,3),
142:(7,0,1),(8,0,1),(8,0,2),(8,1,2),(8,2,2),
143:(8,0,5),(7,0,5),(7,1,5),
144:(3,2,0),(2,2,0),(1,2,0),(1,3,0),(1,4,0),(1,4,1),(1,5,1),(1,6,1),(1,7,1),(1,8,1),(1,8,2),
145:(2,4,5),(2,4,4),(3,4,4),(4,4,4),(4,4,4),(4,5,4),(4,5,4),(4,5,3),(4,5,2),(4,5,2),(4,5,1),
146:(3,7,0),(3,6,0),(3,6,1),(3,6,1),(4,6,1),(4,6,2),(4,5,2),(3,5,2),(3,5,3),(3,5,4),(3,4,4),(3,3,4),(4,3,4),
147:(4,8,1),(4,7,1),(4,6,1),(4,5,1),(3,5,1),(2,5,1),(2,5,1),(1,5,1),(1,4,1),(1,3,1),(1,3,2),(0,3,2),(0,3,3),(0,2,3),(0,1,3),
148:(2,5,2),(3,5,2),(4,5,2),(4,5,3),(5,5,3),(6,5,3),
149:(5,5,4),(5,5,5),(5,4,5),(4,4,5),(4,3,5),(4,2,5),
150:(6,6,1),(6,6,2),(6,5,2),(6,4,2),(5,4,2),
151:(5,2,5),(5,1,5),(5,0,5),(6,0,5),
152:(6,7,5),(5,7,5),(4,7,5),(3,7,5),(3,7,4),(3,7,3),(4,7,3),(4,7,2),(3,7,2),
153:(4,7,5),(4,6,5),(5,6,5),(5,6,4),(5,6,3),(5,5,3),(5,6,3),(5,6,3),(5,5,3),(5,5,2),(5,5,1),
154:(4,8,4),(3,8,4),(2,8,4),(2,7,4),(2,6,4),(2,5,4),(3,5,4),(3,4,4),(3,3,4),(4,3,4),(4,2,4),(4,1,4),(4,0,4),
155:(4,8,3),(4,8,2),(4,8,1),(4,7,1),(4,7,1),(4,6,1),(4,5,1),(4,4,1),(3,4,1),(4,4,1),(4,3,1),(4,3,1),(5,3,1),
156:(7,0,2),(7,0,1),(7,1,1),(7,2,1),(7,3,1),(7,4,1),(7,4,2),(7,4,3),(7,5,3),(7,6,3),(6,6,3),
157:(2,6,3),(1,6,3),(1,6,4),(1,6,4),(1,5,4),
158:(8,6,0),(7,6,0),(6,6,0),(5,6,0),(4,6,0),(3,6,0),(3,6,1),(3,6,2),(3,5,2),(3,5,3),(3,5,4),(3,5,4),(3,5,5),
159:(2,6,4),(2,7,4),(3,7,4),(4,7,4),(5,7,4),(6,7,4),
160:(0,3,2),(1,3,2),(1,3,1),(1,2,1),(1,2,0),(2,2,0),(3,2,0),(4,2,0),(5,2,0),(5,1,0),(6,1,0),(6,0,0),(7,0,0),(8,0,0),(8,1,0),
161:(5,0,1),(6,0,1),(7,0,1),(7,1,1),(7,2,1),(7,3,1),(7,4,1),(7,5,1),
