soc=1346
lb_soc=934
makespan=16
lb_makespan=13
comp_time=1671
highLevelExpanded=25
lowLevelExpanded=7698
solution=
0:(3,8,4),(4,8,4),(5,8,4),(6,8,4),(6,8,3),(6,7,3),(6,7,2),(6,7,1),(6,7,0),(6,6,0),
1:(5,5,4),(6,5,4),(7,5,4),(8,5,4),(8,5,3),(8,5,2),(8,5,1),(8,6,1),(8,7,1),
2:(3,1,0),(2,1,0),(2,1,1),(2,1,2),(2,1,3),(2,1,4),(2,1,5),(2,0,5),
3:(6,4,4),(7,4,4),(8,4,4),(8,4,5),(8,3,5),(8,2,5),
4:(6,2,1),(7,2,1),(7,2,2),(7,2,3),(7,1,3),
5:(8,4,3),(7,4,3),(6,4,3),(5,4,3),(5,4,2),(5,4,1),(5,5,1),(5,6,1),(5,7,1),
6:(8,6,1),(8,6,0),(8,5,0),(8,4,0),(8,3,0),
7:(8,1,1),(7,1,1),(6,1,1),(5,1,1),(5,1,2),(5,2,2),(5,3,2),(5,4,2),(4,4,2),(3,4,2),(3,4,3),(3,5,3),(3,5,4),(3,5,5),(3,6,5),
8:(7,1,4),(7,1,5),(7,2,5),(7,3,5),(7,4,5),(7,5,5),(7,6,5),
9:(3,5,0),(4,5,0),(5,5,0),(5,5,1),(5,5,2),(5,5,3),(5,5,4),(5,4,4),(5,4,5),(5,3,5),(5,2,5),(5,2,4),(5,1,4),
10:(5,0,3),(5,0,2),(5,1,2),(5,2,2),(5,3,2),(5,4,2),(5,5,2),(5,5,1),(5,6,1),(5,6,1),(5,6,0),(5,7,0),(5,8,0),(5,8,1),
11:(5,2,1),(4,2,1),(3,2,1),(2,2,1),(1,2,1),(1,3,1),(1,4,1),(1,5,1),
12:(6,3,2),(5,3,2),(4,3,2),
13:(3,3,4),(2,3,4),(1,3,4),(1,3,3),(1,3,2),(1,2,2),(1,2,1),(1,2,0),
14:(4,1,4),(3,1,4),(2,1,4),(1,1,4),(0,1,4),(0,1,3),(0,2,3),(0,3,3),
15:(4,4,2),(3,4,2),(3,4,1),(3,4,0),(3,3,0),(3,2,0),(3,1,0),(3,0,0),
16:(6,8,2),(5,8,2),(4,8,2),(4,7,2),(4,7,1),(4,7,1),(3,7,1),(3,6,1),(2,6,1),(2,5,1),(2,4,1),(2,3,1),(2,2,1),(2,2,0),(2,1,0),(2,0,0),
17:(1,2,5),(2,2,5),(3,2,5),(3,2,4),(3,2,3),(3,3,3),(3,4,3),(3,5,3),(3,6,3),
18:(7,3,3),(6,3,3),(5,3,3),(4,3,3),(3,3,3),(2,3,3),(2,3,2),(2,4,2),(2,5,2),(2,5,3),(2,6,3),
19:(8,0,4),(7,0,4),(6,0,4),(5,0,4),(4,0,4),(3,0,4),(2,0,4),(1,0,4),(1,0,5),
20:(0,6,3),(1,6,3),(2,6,3),(3,6,3),(4,6,3),(4,6,4),(4,5,4),(4,4,4),(4,3,4),(4,2,4),
21:(4,1,0),(5,1,0),(6,1,0),(7,1,0),(8,1,0),(8,1,1),(8,1,2),(8,2,2),(8,3,2),(8,3,3),(8,4,3),
22:(2,5,0),(3,5,0),(4,5,0),(4,5,1),(4,4,1),(4,4,1),(5,4,1),
23:(0,1,1),(1,1,1),(1,1,2),(1,1,3),(1,1,4),(1,2,4),(2,2,4),(2,3,4),(2,4,4),
24:(7,4,4),(7,5,4),(7,5,3),(6,5,3),(6,5,2),
25:(3,7,4),(2,7,4),(1,7,4),(0,7,4),(0,7,5),
26:(2,5,3),(3,5,3),(4,5,3),(4,4,3),
27:(6,2,0),(6,2,1),(6,2,2),(6,2,3),(5,2,3),(5,1,3),
28:(8,5,0),(8,5,1),(8,5,2),(8,5,3),(8,4,3),(8,4,4),(8,3,4),(8,2,4),(8,1,4),
29:(0,1,5),(1,1,5),(2,1,5),(3,1,5),(3,1,4),
30:(4,1,3),(4,1,4),(4,1,5),
31:(3,3,0),(2,3,0),(1,3,0),(1,3,1),(1,4,1),(1,4,2),(1,4,3),
32:(2,7,2),(1,7,2),(1,7,3),(1,6,3),(1,5,3),(1,4,3),(1,3,3),(1,2,3),(0,2,3),(0,1,3),(0,0,3),
33:(5,5,3),(5,5,4),(5,6,4),
34:(6,8,4),(5,8,4),(5,8,3),(4,8,3),(3,8,3),(2,8,3),(2,7,3),(2,6,3),(2,5,3),(1,5,3),(0,5,3),(0,5,2),(0,4,2),(0,3,2),
35:(1,3,3),(2,3,3),(3,3,3),(3,3,2),(3,3,1),(3,3,0),(3,4,0),
36:(3,4,5),(2,4,5),(1,4,5),(0,4,5),(0,4,4),(0,4,3),(0,4,2),(0,4,1),(0,4,0),(0,3,0),
37:(1,8,2),(2,8,2),(2,8,1),(2,7,1),(2,6,1),(2,5,1),(2,4,1),(2,3,1),(2,2,1),(2,1,1),(2,0,1),
38:(5,7,1),(6,7,1),(7,7,1),(7,7,2),(7,6,2),(7,5,2),(7,4,2),(7,3,2),
39:(8,6,5),(7,6,5),(6,6,5),(6,6,4),(6,6,3),(6,5,3),(6,4,3),(6,4,2),(6,3,2),
40:(6,1,5),(6,1,4),(7,1,4),(8,1,4),(8,1,3),(8,2,3),
41:(4,4,4),(3,4,4),(3,4,3),(3,4,2),(3,4,1),(3,3,1),(3,3,1),(3,3,0),(3,2,0),(3,1,0),
42:(0,0,0),(1,0,0),(2,0,0),(2,0,1),(2,0,2),(2,0,3),(2,1,3),(2,1,4),(2,1,5),(2,2,5),
43:(8,5,1),(7,5,1),(6,5,1),(6,5,2),(6,4,2),(6,4,3),(5,4,3),(5,3,3),(4,3,3),(3,3,3),(2,3,3),(1,3,3),(1,3,4),(0,3,4),
44:(5,2,0),(4,2,0),(3,2,0),(3,2,1),
45:(1,6,2),(0,6,2),(0,6,3),(0,7,3),
46:(1,7,1),(2,7,1),(3,7,1),(4,7,1),(5,7,1),(6,7,1),(7,7,1),(7,7,2),(7,7,3),(7,6,3),(7,5,3),(7,4,3),(7,3,3),
47:(5,0,2),(4,0,2),(3,0,2),(2,0,2),(1,0,2),(0,0,2),(0,0,3),(0,0,4),(0,1,4),(0,2,4),(0,3,4),(0,4,4),(0,5,4),
48:(7,8,5),(6,8,5),(5,8,5),(4,8,5),(3,8,5),(3,8,4),(3,8,3),
49:(0,7,5),(1,7,5),(2,7,5),(3,7,5),(4,7,5),(5,7,5),(6,7,5),(6,6,5),(6,6,4),(6,6,3),(7,6,3),(7,6,2),(8,6,2),(8,6,1),(8,6,0),(8,5,0),(8,4,0),
50:(6,8,3),(7,8,3),(8,8,3),(8,7,3),(8,6,3),(8,5,3),
51:(4,2,0),(4,2,-1),(5,2,-1),(6,2,-1),(6,2,0),(6,2,1),(6,2,2),
52:(7,4,3),(6,4,3),(5,4,3),(5,4,4),(5,3,4),
53:(2,4,1),(2,4,2),(2,4,3),(3,4,3),(3,4,4),(3,3,4),(3,2,4),
54:(2,8,3),(3,8,3),(4,8,3),(4,7,3),(5,7,3),(5,6,3),(5,5,3),(5,4,3),(5,3,3),(5,2,3),(5,2,2),(5,1,2),(5,0,2),(5,0,3),
55:(1,3,4),(0,3,4),(0,3,3),(0,3,2),(0,2,2),
56:(7,1,0),(6,1,0),(6,2,0),(5,2,0),(4,2,0),(4,2,1),(4,2,2),(4,2,3),(4,2,3),(4,3,3),
57:(3,7,3),(3,7,2),(3,8,2),(3,8,1),(3,8,0),
58:(0,0,5),(1,0,5),(1,1,5),(1,2,5),(1,2,4),(1,3,4),(1,4,4),(1,5,4),(1,5,3),(1,6,3),(1,7,3),
59:(2,7,5),(2,6,5),(2,5,5),(2,4,5),(2,3,5),(3,3,5),(4,3,5),(5,3,5),(5,2,5),(5,2,4),(5,1,4),(6,1,4),(6,1,3),(6,1,2),(6,0,2),
60:(4,6,4),(5,6,4),(6,6,4),(6,5,4),(6,4,4),(6,3,4),(6,2,4),
61:(7,5,4),(7,5,5),(7,4,5),(7,4,6),(7,3,6),(7,3,5),(7,2,5),
62:(0,3,2),(1,3,2),(2,3,2),(2,4,2),(3,4,2),(4,4,2),(5,4,2),(5,5,2),(5,6,2),(6,6,2),(7,6,2),(7,7,2),(7,8,2),(8,8,2),
63:(2,3,4),(2,4,4),(3,4,4),(4,4,4),(5,4,4),(6,4,4),(6,5,4),(6,6,4),(6,7,4),(6,7,3),(6,8,3),
64:(3,2,5),(3,2,4),(2,2,4),(1,2,4),(1,2,3),(1,1,3),(1,1,2),(0,1,2),(0,1,1),(0,1,0),(0,0,0),
65:(3,7,0),(2,7,0),(1,7,0),(1,7,1),(1,7,2),(1,7,3),(1,7,4),(0,7,4),(0,8,4),(0,8,5),
66:(7,0,4),(6,0,4),(5,0,4),(4,0,4),(3,0,4),(2,0,4),(2,1,4),(2,2,4),(2,2,5),(2,3,5),(2,4,5),(2,5,5),(2,6,5),(2,7,5),(2,8,5),
67:(4,0,0),(3,0,0),(3,1,0),(2,1,0),(2,2,0),(2,3,0),(2,3,1),(1,3,1),(1,3,2),(1,3,3),(1,3,4),(0,3,4),(0,3,5),
68:(2,0,3),(3,0,3),(4,0,3),(5,0,3),(6,0,3),(7,0,3),(8,0,3),(8,0,2),(8,1,2),(8,2,2),(8,3,2),(8,4,2),(8,5,2),(8,6,2),
69:(6,0,2),(6,0,3),(5,0,3),(5,1,3),(4,1,3),(4,2,3),(4,2,3),(3,2,3),(2,2,3),(1,2,3),(0,2,3),
70:(4,7,0),(3,7,0),(2,7,0),(2,6,0),(2,5,0),(2,4,0),(2,3,0),(2,2,0),(2,1,0),(2,1,0),(2,1,1),
71:(4,2,2),(3,2,2),(2,2,2),(2,2,3),(2,3,3),(2,4,3),
72:(0,1,2),(1,1,2),(2,1,2),(3,1,2),(4,1,2),(5,1,2),(5,2,2),(5,3,2),(5,4,2),(6,4,2),(7,4,2),(7,5,2),(7,5,3),(7,6,3),(7,7,3),
73:(2,5,1),(3,5,1),(4,5,1),(4,5,2),(4,5,3),(4,5,3),(4,6,3),(5,6,3),(6,6,3),(6,5,3),(6,5,4),
74:(3,4,1),(3,4,1),(3,5,1),(3,5,2),(3,5,3),(3,5,4),(3,6,4),(3,7,4),(3,8,4),
75:(8,0,3),(7,0,3),(6,0,3),(6,0,2),(5,0,2),(4,0,2),(3,0,2),(2,0,2),(1,0,2),(1,1,2),
76:(2,6,0),(3,6,0),(4,6,0),(4,6,1),(4,6,2),(4,6,3),(4,7,3),
77:(2,0,4),(3,0,4),(3,1,4),(2,1,4),(2,2,4),(2,3,4),(2,4,4),(2,5,4),(3,5,4),(3,6,4),
78:(7,2,5),(7,2,4),(7,2,3),(7,3,3),(7,3,2),(7,3,1),(7,4,1),(7,5,1),(7,6,1),(7,7,1),
79:(5,2,5),(5,2,4),(5,2,3),(5,2,3),(5,2,2),(5,2,1),(5,2,0),(6,2,0),
80:(6,3,0),(5,3,0),(4,3,0),(3,3,0),(2,3,0),(1,3,0),(1,3,1),(1,3,2),(1,3,3),(1,3,4),(1,3,5),(1,4,5),(1,5,5),(1,6,5),
81:(5,1,5),(4,1,5),(3,1,5),(3,1,4),(3,1,3),(3,1,2),(3,2,2),(3,3,2),(3,4,2),(3,4,1),(3,4,1),(2,4,1),(2,4,0),(1,4,0),
82:(3,1,1),(3,2,1),(3,3,1),(3,4,1),(3,5,1),(4,5,1),(4,6,1),(4,7,1),(4,8,1),
83:(2,8,0),(3,8,0),(4,8,0),(5,8,0),(6,8,0),(7,8,0),
84:(3,8,5),(2,8,5),(1,8,5),(0,8,5),(0,8,4),(0,7,4),(0,6,4),(0,6,3),(0,5,3),(0,4,3),
85:(2,1,5),(2,1,4),(2,1,3),(3,1,3),(3,1,2),(4,1,2),(5,1,2),(6,1,2),(7,1,2),(8,1,2),(8,1,1),(8,2,1),
86:(0,7,4),(1,7,4),(1,7,5),(2,7,5),(3,7,5),(4,7,5),(4,7,4),
87:(5,6,4),(5,6,5),(4,6,5),(3,6,5),(2,6,5),(1,6,5),(0,6,5),(0,5,5),(0,4,5),(0,3,5),(0,2,5),(0,1,5),(0,0,5),
88:(2,2,0),(3,2,0),(3,3,0),(3,3,1),(4,3,1),(5,3,1),(6,3,1),(7,3,1),(8,3,1),(8,3,2),(8,3,3),(8,3,4),(8,4,4),(8,5,4),(8,5,5),
89:(1,2,2),(1,2,2),(1,3,2),(1,4,2),(1,5,2),(1,6,2),(1,7,2),(1,8,2),
90:(5,8,1),(6,8,1),(7,8,1),(7,7,1),(7,7,2),(7,7,3),(7,7,4),(7,6,4),(7,5,4),(7,4,4),(7,3,4),(7,3,4),(8,3,4),(8,3,4),(8,3,5),
91:(3,1,3),(3,1,2),(3,2,2),(3,2,2),(3,3,2),(3,4,2),(4,4,2),(4,5,2),(4,6,2),(4,7,2),(4,8,2),
92:(6,6,2),(5,6,2),(5,6,1),(5,6,0),(4,6,0),(4,5,0),
93:(0,4,4),(1,4,4),(2,4,4),(3,4,4),(3,4,5),(3,5,5),(3,5,5),(4,5,5),
94:(8,8,1),(7,8,1),(7,8,2),(6,8,2),
95:(6,4,5),(7,4,5),(8,4,5),(8,5,5),(8,5,4),(8,6,4),(8,6,3),
96:(0,7,3),(1,7,3),(2,7,3),(3,7,3),(4,7,3),(5,7,3),(5,7,2),(5,7,1),(5,7,0),(5,6,0),(5,5,0),
97:(6,7,3),(5,7,3),(5,7,2),(5,8,2),
98:(6,3,5),(6,2,5),(6,1,5),
99:(4,0,5),(4,0,4),(4,0,4),(4,0,3),(4,0,2),(4,0,1),(4,0,0),(4,1,0),(4,2,0),(4,3,0),
100:(0,3,4),(0,3,5),(1,3,5),(2,3,5),(3,3,5),(4,3,5),(5,3,5),(6,3,5),(6,3,4),(6,3,3),
101:(2,8,2),(3,8,2),(3,8,1),(4,8,1),(5,8,1),(6,8,1),(6,7,1),(6,7,0),(6,6,0),(6,5,0),(6,4,0),(7,4,0),
102:(6,8,5),(5,8,5),(4,8,5),(4,7,5),(4,6,5),(4,5,5),(4,4,5),(4,3,5),(3,3,5),(3,2,5),
103:(7,1,5),(6,1,5),(5,1,5),(5,1,4),(4,1,4),(4,1,3),(3,1,3),(2,1,3),(2,1,2),(2,2,2),(1,2,2),(1,3,2),(1,4,2),(1,4,2),(0,4,2),
104:(2,4,5),(2,5,5),(3,5,5),(4,5,5),(5,5,5),(5,6,5),
105:(1,2,3),(0,2,3),(0,2,2),(0,2,1),(0,3,1),(0,4,1),(0,5,1),(0,6,1),
106:(5,3,2),(4,3,2),(3,3,2),(2,3,2),(2,4,2),(2,5,2),(1,5,2),(0,5,2),(0,6,2),
107:(1,8,3),(2,8,3),(2,8,2),(2,8,1),(3,8,1),(4,8,1),(5,8,1),(6,8,1),(6,7,1),(6,6,1),(7,6,1),(8,6,1),(8,5,1),
108:(1,5,0),(2,5,0),(3,5,0),(4,5,0),(4,5,1),(4,5,2),(4,5,3),(4,5,4),(4,4,4),
109:(7,3,1),(7,3,1),(7,2,1),(7,1,1),(7,0,1),
110:(7,4,1),(6,4,1),(5,4,1),(5,3,1),(5,3,0),(5,2,0),(5,1,0),(5,0,0),(4,0,0),
111:(5,6,0),(4,6,0),(4,6,1),(3,6,1),(3,6,2),(2,6,2),(1,6,2),(1,6,3),(1,7,3),(1,8,3),(0,8,3),
112:(8,4,1),(7,4,1),(7,4,2),(7,4,3),(7,5,3),(7,6,3),(7,7,3),(7,7,3),(7,7,4),(7,7,5),
113:(4,6,0),(4,6,1),(4,6,2),(5,6,2),(6,6,2),(7,6,2),(7,6,3),(7,6,3),(7,6,4),
114:(7,6,4),(6,6,4),(6,6,3),(6,6,2),(6,7,2),(5,7,2),(5,7,1),(5,8,1),(5,8,1),(6,8,1),
115:(8,6,0),(7,6,0),(7,5,0),(7,4,0),(7,3,0),(7,2,0),(7,1,0),(6,1,0),(5,1,0),(4,1,0),
116:(3,6,2),(2,6,2),(2,7,2),(2,8,2),
117:(1,6,0),(2,6,0),(2,6,1),(2,5,1),(2,4,1),(2,3,1),(2,2,1),(2,1,1),(2,0,1),(2,0,2),(2,1,2),
118:(3,4,3),(4,4,3),(4,4,2),(5,4,2),(5,4,1),(6,4,1),(6,4,1),(7,4,1),(8,4,1),(8,3,1),
119:(5,4,2),(4,4,2),(4,5,2),(4,6,2),(5,6,2),(4,6,2),(3,6,2),
120:(6,1,1),(6,0,1),(7,0,1),(8,0,1),
121:(7,5,1),(7,5,2),(7,5,2),(8,5,2),(8,4,2),(8,4,3),(8,4,4),(8,3,4),(8,2,4),
122:(5,6,1),(6,6,1),(7,6,1),(7,6,0),(7,5,0),(7,4,0),(7,3,0),(7,2,0),
123:(7,7,2),(6,7,2),(6,7,2),(5,7,2),(4,7,2),(3,7,2),(2,7,2),(1,7,2),(1,6,2),(1,5,2),
124:(5,4,5),(4,4,5),(4,4,4),(4,3,4),(4,4,4),(3,4,4),
125:(5,5,0),(5,5,1),(5,5,2),(5,5,3),(5,5,4),(5,4,4),(5,4,4),(6,4,4),
126:(7,7,0),(6,7,0),(5,7,0),(4,7,0),(3,7,0),(2,7,0),(1,7,0),(1,7,1),(1,7,2),
127:(8,7,0),(8,7,1),(8,7,2),(8,6,2),(8,5,2),(8,4,2),(8,4,3),(8,4,4),(8,4,5),
128:(4,4,3),(5,4,3),(5,4,2),(5,4,1),(5,4,0),(5,3,0),
129:(2,1,0),(2,2,0),(2,3,0),(2,4,0),(3,4,0),(4,4,0),
130:(6,7,2),(5,7,2),(4,7,2),(3,7,2),(3,7,1),(3,6,1),(3,5,1),(3,4,1),(3,3,1),(3,3,0),(3,2,0),
131:(4,5,3),(4,5,4),(4,5,5),(4,4,5),(4,4,5),(4,4,5),(3,4,5),
132:(1,2,4),(1,2,3),(1,2,2),(1,2,1),(1,2,0),(1,2,0),(1,3,0),
133:(7,2,4),(6,2,4),(6,2,3),(6,1,3),(6,1,2),(6,1,1),(6,1,0),(6,0,0),
134:(0,3,0),(1,3,0),(1,3,1),(1,4,1),(1,5,1),(1,6,1),(2,6,1),(2,7,1),(2,8,1),
135:(6,6,3),(5,6,3),(4,6,3),(4,6,4),(4,5,4),(4,5,4),(3,5,4),(3,5,4),(4,5,4),
136:(3,7,5),(3,6,5),(2,6,5),(2,5,5),(2,4,5),(2,3,5),(2,2,5),(2,1,5),(1,1,5),(2,1,5),(2,1,4),(2,0,4),
137:(1,1,0),(1,2,0),(2,2,0),(3,2,0),(3,2,-1),(4,2,-1),(5,2,-1),(6,2,-1),(7,2,-1),(8,2,-1),(8,2,0),
138:(7,0,1),(7,0,1),(7,1,1),(6,1,1),(5,1,1),(4,1,1),(3,1,1),(3,1,2),(3,1,2),(2,1,2),(2,2,2),
139:(0,4,5),(1,4,5),(1,4,4),(1,4,3),(1,3,3),(1,2,3),(1,2,3),(1,1,3),(2,1,3),(3,1,3),(3,0,3),
140:(0,6,5),(1,6,5),(1,5,5),(1,4,5),(1,3,5),(1,2,5),(1,2,4),(1,1,4),(2,1,4),(2,1,3),(3,1,3),(3,1,2),
141:(4,6,1),(4,5,1),(4,4,1),(4,4,0),(4,3,0),(4,3,0),(3,3,0),(2,3,0),
142:(1,4,2),(1,4,3),(1,5,3),(2,5,3),(2,5,4),(2,6,4),(2,7,4),
143:(4,8,4),(4,8,3),(4,7,3),(5,7,3),(5,6,3),(6,6,3),(5,6,3),(5,5,3),(5,4,3),
144:(0,8,2),(1,8,2),(1,7,2),(2,7,2),(3,7,2),(3,7,1),(3,6,1),(3,5,1),(4,5,1),(4,4,1),(4,3,1),(4,2,1),(4,2,0),
145:(6,0,1),(6,0,0),(6,0,0),(6,1,0),(6,1,0),(6,2,0),(6,3,0),(6,4,0),(7,4,0),(7,5,0),
146:(4,4,0),(3,4,0),(2,4,0),(2,4,1),(2,3,1),(2,3,2),(1,3,2),(1,3,3),(1,3,4),(1,2,4),(1,1,4),(1,0,4),
147:(5,1,3),(4,1,3),(3,1,3),(3,2,3),(2,2,3),(2,2,2),(1,2,2),(1,2,1),(1,3,1),(1,4,1),(1,4,0),(1,5,0),(1,6,0),
148:(1,5,2),(2,5,2),(3,5,2),(3,5,3),(3,5,4),(3,6,4),(3,7,4),(3,8,4),(4,8,4),(5,8,4),(6,8,4),(6,7,4),
149:(1,1,1),(2,1,1),(3,1,1),(4,1,1),(4,2,1),(4,3,1),(4,4,1),(4,4,2),(4,5,2),(5,5,2),(5,5,3),(5,6,3),(5,7,3),(5,7,4),(5,8,4),(6,8,4),
150:(2,5,2),(3,5,2),(3,5,3),(4,5,3),(5,5,3),(5,5,4),(5,5,5),(6,5,5),(6,5,4),(6,6,4),(6,7,4),(7,7,4),(7,8,4),
151:(6,5,3),(6,5,2),(6,4,2),(6,4,1),(6,5,1),(5,5,1),(4,5,1),(4,4,1),(3,4,1),(2,4,1),(1,4,1),
152:(6,4,0),(5,4,0),(5,4,0),(5,5,0),(4,5,0),(3,5,0),(2,5,0),(1,5,0),(1,6,0),(1,6,1),(1,7,1),(1,8,1),
153:(1,0,3),(2,0,3),(3,0,3),(3,0,3),(4,0,3),(5,0,3),(6,0,3),(6,0,4),
154:(7,8,4),(7,7,4),(7,6,4),(7,5,4),(7,4,4),(7,4,3),(7,3,3),(6,3,3),(6,2,3),(6,2,3),(5,2,3),(4,2,3),(3,2,3),(2,2,3),
155:(8,1,5),(8,1,4),(8,1,3),(7,1,3),(6,1,3),(6,2,3),(5,2,3),(5,2,2),(5,3,2),
156:(6,2,2),(6,3,2),(6,3,1),(6,3,0),(6,4,0),(6,5,0),(5,5,0),(5,6,0),(4,6,0),(3,6,0),
157:(0,8,4),(1,8,4),(1,8,3),(1,8,2),(1,8,1),(1,8,0),
158:(0,3,5),(1,3,5),(2,3,5),(3,3,5),(3,3,4),(3,2,4),(3,2,3),(3,2,2),
159:(1,0,1),(2,0,1),(2,0,1),(2,1,1),(2,2,1),(2,2,1),(2,2,2),(2,3,2),(2,4,2),(2,5,2),(2,6,2),(2,7,2),(3,7,2),
160:(5,5,1),(6,5,1),(6,6,1),(7,6,1),(8,6,1),(8,6,2),(8,7,2),
161:(5,8,5),(4,8,5),(3,8,5),(2,8,5),(1,8,5),(1,7,5),(1,6,5),(1,6,4),(1,5,4),(1,5,4),(1,5,3),
