soc=1327
lb_soc=928
makespan=17
lb_makespan=13
comp_time=2228
highLevelExpanded=34
lowLevelExpanded=7887
solution=
0:(8,5,0),(7,5,0),(6,5,0),(5,5,0),(4,5,0),(3,5,0),(2,5,0),(1,5,0),(0,5,0),(0,5,1),(0,6,1),(0,7,1),(0,8,1),
1:(0,3,3),(1,3,3),(1,3,2),(1,4,2),(1,5,2),(1,6,2),(1,7,2),
2:(0,7,1),(0,7,2),(0,6,2),(0,5,2),(0,4,2),(0,3,2),(0,3,3),(0,3,4),(1,3,4),(1,3,5),(1,2,5),(1,1,5),(1,0,5),
3:(8,1,5),(7,1,5),(7,2,5),(7,2,4),(7,2,3),(7,3,3),(6,3,3),(6,3,2),(6,4,2),(5,4,2),(4,4,2),
4:(2,6,0),(3,6,0),(4,6,0),(4,6,1),(4,6,2),(4,6,3),(4,6,4),(4,7,4),
5:(1,0,3),(2,0,3),(3,0,3),(4,0,3),(5,0,3),(6,0,3),(6,0,4),(6,1,4),(6,2,4),(6,2,5),(6,3,5),(6,4,5),(7,4,5),(7,5,5),(7,6,5),(7,7,5),
6:(0,8,1),(0,8,2),(0,7,2),(0,6,2),(0,5,2),(0,4,2),(0,3,2),(0,3,3),(0,3,4),
7:(1,1,2),(1,1,1),(1,2,1),(1,3,1),(1,4,1),(1,5,1),(1,6,1),
8:(2,1,0),(3,1,0),(3,2,0),(3,3,0),(3,3,-1),(3,4,-1),(3,5,-1),(3,5,0),(3,6,0),(3,7,0),
9:(5,3,2),(4,3,2),(3,3,2),(2,3,2),(1,3,2),(1,3,3),(1,3,4),(1,2,4),(1,1,4),
10:(5,4,1),(6,4,1),(7,4,1),(8,4,1),(8,3,1),(8,2,1),
11:(6,2,2),(7,2,2),(7,2,1),(7,3,1),(7,4,1),(7,5,1),
12:(6,2,4),(5,2,4),(4,2,4),(3,2,4),(2,2,4),(2,1,4),(2,1,5),(2,0,5),
13:(7,5,3),(6,5,3),(5,5,3),(4,5,3),(3,5,3),(3,5,4),(3,5,5),(3,4,5),(3,3,5),(3,2,5),
14:(3,4,5),(3,4,4),(3,3,4),
15:(4,6,3),(5,6,3),(6,6,3),(7,6,3),(8,6,3),(8,6,2),(8,5,2),(8,4,2),(8,3,2),(8,2,2),(8,1,2),(8,1,1),(8,1,0),
16:(4,4,4),(4,4,3),(4,4,2),(4,4,1),
17:(3,7,5),(4,7,5),(5,7,5),(6,7,5),(6,7,4),(6,7,3),(6,6,3),(6,5,3),(6,4,3),
18:(4,3,0),(3,3,0),(3,3,1),(3,2,1),(3,1,1),
19:(5,5,1),(4,5,1),(4,5,2),(4,4,2),(4,3,2),
20:(4,2,1),(3,2,1),(2,2,1),(2,2,2),
21:(5,8,3),(6,8,3),(7,8,3),(7,7,3),(7,6,3),(7,5,3),(7,4,3),(8,4,3),
22:(2,8,0),(3,8,0),(4,8,0),(5,8,0),(5,8,1),(5,8,2),(5,8,3),(5,8,4),(5,8,5),
23:(8,0,4),(7,0,4),(6,0,4),(5,0,4),(4,0,4),(3,0,4),(3,0,3),(2,0,3),(1,0,3),(1,0,2),(0,0,2),(0,0,1),(0,1,1),(0,2,1),
24:(0,6,3),(0,6,4),(0,5,4),
25:(4,4,0),(3,4,0),(2,4,0),(1,4,0),(1,3,0),(1,3,1),(1,3,2),(1,2,2),(1,2,3),(1,1,3),(1,0,3),(1,0,4),
26:(2,8,1),(1,8,1),(0,8,1),(0,8,2),(0,8,3),(0,8,4),
27:(0,5,3),(1,5,3),(2,5,3),(2,5,4),
28:(7,4,0),(8,4,0),(8,4,1),(8,4,2),(8,4,3),(8,4,4),(8,3,4),(8,2,4),(8,1,4),(8,1,5),(8,0,5),
29:(4,5,4),(3,5,4),(2,5,4),(1,5,4),(1,4,4),(1,4,3),(1,4,2),(1,3,2),(1,2,2),(1,1,2),
30:(5,6,3),(5,6,2),(4,6,2),(3,6,2),(2,6,2),(2,7,2),(2,8,2),(1,8,2),
31:(2,5,3),(3,5,3),(3,5,2),(3,5,1),(3,6,1),
32:(5,4,3),(5,4,4),(4,4,4),(3,4,4),(2,4,4),(1,4,4),(0,4,4),(0,4,5),(0,5,5),(0,6,5),(0,7,5),(0,8,5),
33:(4,7,4),(5,7,4),(6,7,4),(6,7,3),(6,7,2),(6,7,1),(6,6,1),(6,5,1),(6,4,1),(6,4,0),(6,3,0),(6,2,0),(6,2,1),
34:(8,5,5),(7,5,5),(7,5,4),(7,5,3),(7,5,2),(7,4,2),(7,4,1),(7,4,0),(7,3,0),
35:(5,2,2),(4,2,2),(3,2,2),(3,3,2),(3,4,2),(3,5,2),(3,6,2),(3,7,2),(3,7,1),(3,8,1),(3,8,0),
36:(6,3,4),(5,3,4),(4,3,4),(4,3,3),(3,3,3),(2,3,3),(2,3,2),(2,3,1),(2,3,0),
37:(8,0,3),(7,0,3),(6,0,3),(5,0,3),(5,0,4),(4,0,4),(4,0,5),(4,1,5),(4,2,5),(4,3,5),
38:(3,2,3),(3,2,2),(3,2,1),(3,2,0),(3,1,0),
39:(5,0,5),(6,0,5),(7,0,5),(7,0,4),(7,0,3),(7,0,2),(7,1,2),(7,2,2),(7,3,2),(7,4,2),(7,5,2),(7,6,2),(7,7,2),(7,8,2),
40:(8,6,2),(7,6,2),(6,6,2),(5,6,2),(5,6,3),(5,6,4),(5,5,4),(4,5,4),(3,5,4),(3,4,4),(2,4,4),(2,3,4),(2,2,4),(1,2,4),(0,2,4),(0,1,4),
41:(4,0,5),(5,0,5),(6,0,5),(7,0,5),(8,0,5),(8,1,5),(8,2,5),
42:(5,2,0),(6,2,0),(6,2,1),(6,2,2),(6,2,3),(6,2,4),(6,2,5),(6,1,5),(6,0,5),
43:(7,2,2),(7,2,1),(7,3,1),(6,3,1),(5,3,1),(4,3,1),(3,3,1),(3,3,1),(2,3,1),
44:(2,6,5),(2,5,5),(2,4,5),(2,3,5),(2,2,5),
45:(8,6,3),(7,6,3),(7,6,4),(6,6,4),(5,6,4),(4,6,4),(3,6,4),
46:(4,1,5),(3,1,5),(2,1,5),(1,1,5),(1,2,5),(1,3,5),(1,4,5),(1,4,4),(0,4,4),(0,4,3),(0,5,3),(0,5,2),
47:(7,1,0),(6,1,0),(5,1,0),(4,1,0),(4,1,1),(4,1,2),(3,1,2),(3,2,2),(3,3,2),(2,3,2),(1,3,2),
48:(0,2,3),(1,2,3),(1,3,3),(1,3,2),(1,4,2),(2,4,2),(2,5,2),(2,6,2),(3,6,2),(3,7,2),(4,7,2),(4,8,2),
49:(4,2,5),(5,2,5),(6,2,5),(6,2,4),(6,3,4),(6,3,3),(6,3,2),(6,4,2),(6,5,2),(6,5,1),(6,6,1),
50:(5,8,1),(6,8,1),(6,8,2),(6,8,3),(6,7,3),(6,6,3),(6,5,3),(6,4,3),(6,3,3),(6,2,3),(6,1,3),
51:(0,1,2),(1,1,2),(2,1,2),(2,1,3),(2,1,4),(2,0,4),
52:(7,5,1),(6,5,1),(5,5,1),(4,5,1),(4,5,2),(4,5,3),(4,5,4),(4,5,5),
53:(1,5,0),(2,5,0),(3,5,0),(4,5,0),(4,4,0),(5,4,0),(6,4,0),(6,3,0),(6,2,0),(6,1,0),
54:(8,2,3),(7,2,3),(6,2,3),(5,2,3),(5,2,2),(4,2,2),(3,2,2),(3,2,1),(2,2,1),(1,2,1),(1,3,1),(1,4,1),(1,5,1),
55:(8,2,5),(8,2,4),(8,3,4),(8,4,4),(8,5,4),
56:(1,4,5),(2,4,5),(2,4,4),(2,4,3),(3,4,3),(3,4,2),
57:(0,4,0),(1,4,0),(1,4,1),(2,4,1),(3,4,1),(3,5,1),(4,5,1),(5,5,1),(6,5,1),(6,6,1),(6,6,2),(6,6,3),(7,6,3),
58:(0,5,0),(1,5,0),(2,5,0),(3,5,0),(3,5,1),(4,5,1),(5,5,1),(5,5,2),(5,5,3),(6,5,3),(7,5,3),(7,5,4),(7,5,5),(8,5,5),
59:(5,2,5),(6,2,5),(6,2,4),(6,2,3),(6,3,3),(6,3,2),(6,3,1),
60:(0,3,0),(1,3,0),(1,3,0),(2,3,0),(3,3,0),(3,4,0),
61:(1,7,1),(2,7,1),(3,7,1),(4,7,1),(4,7,2),(4,7,3),(4,8,3),
62:(6,4,0),(5,4,0),(5,4,1),(5,4,2),(5,4,3),(5,4,4),(5,3,4),
63:(0,6,0),(1,6,0),(2,6,0),(3,6,0),(4,6,0),(5,6,0),(6,6,0),
64:(4,8,5),(5,8,5),(6,8,5),(6,8,4),(6,8,3),(6,8,2),(6,8,1),(6,8,0),
65:(4,2,4),(4,2,3),(4,3,3),(4,4,3),(4,4,3),(4,4,2),(4,5,2),(4,6,2),
66:(2,4,5),(3,4,5),(4,4,5),(5,4,5),(6,4,5),(7,4,5),(7,4,4),(7,3,4),(7,2,4),(7,1,4),(7,0,4),
67:(8,5,4),(7,5,4),(6,5,4),(6,5,3),(6,5,2),(6,5,1),(6,5,0),(5,5,0),(5,5,-1),(4,5,-1),(3,5,-1),(3,5,0),(3,6,0),
68:(6,6,1),(5,6,1),(4,6,1),(3,6,1),(2,6,1),(2,6,1),(2,5,1),(1,5,1),(1,4,1),(1,3,1),(1,3,0),(1,2,0),(1,1,0),(1,0,0),(0,0,0),
69:(8,2,4),(7,2,4),(7,2,3),(7,2,2),(7,2,1),(7,3,1),
70:(2,3,5),(3,3,5),(4,3,5),(4,4,5),(4,5,5),(4,6,5),(4,7,5),(4,8,5),
71:(8,6,1),(8,6,2),(8,6,3),(8,7,3),
72:(8,2,1),(8,2,0),(7,2,0),(6,2,0),(5,2,0),(5,3,0),(4,3,0),(3,3,0),
73:(8,5,2),(8,5,3),(8,5,4),(8,5,5),(8,6,5),
74:(3,0,0),(4,0,0),(4,1,0),(4,2,0),
75:(6,1,0),(5,1,0),(5,1,1),(5,0,1),
76:(2,1,3),(3,1,3),(4,1,3),(5,1,3),(5,1,2),(5,2,2),(5,3,2),
77:(7,3,1),(6,3,1),(5,3,1),(5,3,2),(5,3,3),(5,3,4),(5,2,4),(5,1,4),(4,1,4),(4,0,4),
78:(3,3,5),(4,3,5),(5,3,5),(6,3,5),(7,3,5),(7,3,4),(7,3,3),(7,3,2),(7,4,2),(7,4,1),(7,4,0),(7,5,0),(7,6,0),
79:(5,7,2),(5,7,1),(5,6,1),(5,6,1),(4,6,1),
80:(5,3,0),(4,3,0),(3,3,0),(3,3,1),(3,3,1),(3,4,1),(3,5,1),
81:(3,7,3),(2,7,3),(1,7,3),(1,7,4),(1,6,4),(1,5,4),
82:(8,7,3),(7,7,3),(6,7,3),(5,7,3),(4,7,3),(3,7,3),(2,7,3),(2,7,2),(2,7,1),(2,7,0),(2,6,0),
83:(2,5,2),(3,5,2),(3,5,1),(3,4,1),(3,4,0),(4,4,0),(4,5,0),
84:(5,4,2),(6,4,2),(7,4,2),(7,4,3),(7,4,4),(7,5,4),(7,6,4),
85:(0,4,1),(1,4,1),(2,4,1),(2,4,0),
86:(2,1,2),(3,1,2),(4,1,2),(5,1,2),(5,1,1),(5,2,1),(5,3,1),(5,4,1),(5,4,1),(6,4,1),(7,4,1),
87:(1,1,3),(2,1,3),(3,1,3),(4,1,3),(4,1,3),(4,2,3),(4,3,3),(4,4,3),
88:(8,7,2),(7,7,2),(7,7,3),(7,7,4),
89:(7,6,4),(6,6,4),(5,6,4),(5,6,4),(5,5,4),(5,5,3),(5,4,3),(5,3,3),(5,2,3),(5,2,2),(5,2,1),
90:(6,5,1),(5,5,1),(4,5,1),(4,5,2),(3,5,2),(3,6,2),(3,6,3),(3,7,3),(2,7,3),(2,7,4),
91:(0,5,2),(1,5,2),(2,5,2),(3,5,2),(3,6,2),(4,6,2),(4,6,2),(5,6,2),(6,6,2),(7,6,2),(8,6,2),
92:(6,1,1),(5,1,1),(4,1,1),(3,1,1),(2,1,1),(1,1,1),(0,1,1),(0,2,1),(0,3,1),(0,4,1),(0,5,1),(0,5,0),(0,6,0),(0,7,0),
93:(0,5,1),(0,5,2),(0,5,3),(0,4,3),(0,3,3),(0,3,3),(1,3,3),
94:(1,5,5),(1,5,4),(1,5,3),(2,5,3),(2,5,2),(2,5,1),(2,4,1),(3,4,1),(3,3,1),(4,3,1),(4,2,1),(4,1,1),(5,1,1),(6,1,1),(7,1,1),(8,1,1),
95:(4,1,2),(4,0,2),(3,0,2),(2,0,2),(1,0,2),(0,0,2),(0,1,2),(0,2,2),
96:(2,7,3),(2,6,3),(3,6,3),(4,6,3),(4,6,3),(5,6,3),(5,5,3),(5,4,3),(5,3,3),(6,3,3),(6,2,3),
97:(4,3,1),(5,3,1),(5,3,2),(5,3,3),(5,2,3),(5,1,3),(5,0,3),
98:(3,0,4),(4,0,4),(4,0,3),(4,0,2),(5,0,2),(6,0,2),(7,0,2),(8,0,2),(8,0,1),
99:(6,0,0),(5,0,0),(4,0,0),(3,0,0),(2,0,0),(1,0,0),(1,1,0),(1,2,0),(1,3,0),(1,4,0),(1,5,0),(1,6,0),
100:(3,1,3),(4,1,3),(5,1,3),(6,1,3),(7,1,3),(7,2,3),(7,2,3),(7,3,3),(7,4,3),(7,5,3),(7,6,3),(7,6,3),(7,6,2),(7,6,1),
101:(6,3,3),(5,3,3),(5,3,4),(4,3,4),(4,3,5),(3,3,5),(3,2,5),(3,1,5),
102:(1,8,5),(0,8,5),(0,8,4),(0,7,4),(0,6,4),
103:(3,3,0),(3,3,1),(4,3,1),(4,3,2),(5,3,2),(5,4,2),(5,5,2),(5,5,3),(5,5,4),(5,5,5),
104:(7,7,3),(6,7,3),(5,7,3),(5,7,2),(5,7,1),(4,7,1),
105:(4,6,2),(3,6,2),(3,6,1),(2,6,1),(2,5,1),(2,4,1),(2,3,1),(2,3,0),(2,2,0),(3,2,0),
106:(4,3,4),(4,2,4),(4,1,4),(4,0,4),(4,0,3),
107:(7,3,4),(8,3,4),(8,3,3),(8,3,2),(8,2,2),(8,1,2),(8,1,1),(8,1,0),(8,0,0),
108:(8,7,4),(7,7,4),(7,7,4),(6,7,4),(5,7,4),(4,7,4),(3,7,4),(2,7,4),(1,7,4),(0,7,4),
109:(6,1,5),(5,1,5),(4,1,5),(3,1,5),(2,1,5),(1,1,5),(0,1,5),(0,1,4),(0,1,3),(0,1,2),(0,1,1),(0,1,0),
110:(5,1,0),(5,2,0),(6,2,0),(6,3,0),(7,3,0),(7,4,0),(7,5,0),(7,6,0),(7,6,1),(8,6,1),(8,7,1),(8,8,1),
111:(1,1,4),(2,1,4),(3,1,4),(4,1,4),(5,1,4),(6,1,4),(6,2,4),(6,3,4),(6,4,4),(6,5,4),(6,6,4),(6,7,4),
112:(6,0,2),(5,0,2),(4,0,2),(3,0,2),(2,0,2),(2,0,1),(2,0,0),(2,1,0),(2,1,0),(2,1,0),(2,2,0),
113:(1,7,3),(1,7,4),(2,7,4),(2,7,5),(2,6,5),
114:(7,6,3),(6,6,3),(6,5,3),(5,5,3),(4,5,3),(3,5,3),(3,5,2),(2,5,2),(2,6,2),(2,6,1),
115:(7,4,1),(7,3,1),(6,3,1),(5,3,1),(4,3,1),(4,2,1),(4,1,1),(4,0,1),(3,0,1),
116:(8,5,3),(7,5,3),(7,5,2),(7,4,2),(7,3,2),(7,2,2),(6,2,2),(6,1,2),(6,0,2),
117:(0,8,5),(0,8,4),(1,8,4),(2,8,4),(2,8,3),(2,7,3),(2,6,3),
118:(1,1,0),(2,1,0),(2,1,1),(2,1,2),(3,1,2),(3,1,3),(3,1,3),(4,1,3),(5,1,3),(5,1,4),(5,2,4),(5,2,5),(5,3,5),
119:(1,8,1),(1,8,0),(2,8,0),(3,8,0),(4,8,0),(5,8,0),(5,8,1),(5,7,1),(5,6,1),(5,5,1),(6,5,1),(6,4,1),
120:(7,8,1),(7,8,2),(7,7,2),(6,7,2),(6,6,2),(6,5,2),(6,4,2),(5,4,2),(5,4,3),(5,3,3),(5,2,3),(5,2,4),(5,1,4),(5,0,4),
121:(5,7,4),(6,7,4),(6,6,4),(6,5,4),(6,4,4),(6,3,4),(7,3,4),(8,3,4),(8,2,4),(8,1,4),(8,0,4),
122:(3,0,2),(3,0,2),(3,1,2),(3,2,2),(3,2,3),(3,3,3),(3,4,3),(3,5,3),(4,5,3),(5,5,3),(6,5,3),(6,5,3),(6,6,3),(6,7,3),(7,7,3),(7,8,3),(8,8,3),
123:(1,2,5),(1,3,5),(1,4,5),(1,5,5),(2,5,5),(3,5,5),(3,6,5),(3,7,5),(2,7,5),(2,8,5),
124:(0,6,2),(0,6,2),(0,5,2),(0,4,2),(0,3,2),(0,2,2),(0,2,3),(0,1,3),(0,0,3),
125:(5,0,1),(6,0,1),(6,1,1),(6,2,1),(6,2,1),(7,2,1),(7,2,1),(7,2,1),(7,2,2),
126:(7,0,5),(7,0,5),(7,0,4),(6,0,4),(6,0,4),(5,0,4),(4,0,4),(3,0,4),(3,0,3),(2,0,3),(2,0,2),(2,0,1),
127:(6,7,0),(7,7,0),(7,7,1),(7,7,2),(7,7,3),(7,6,3),(7,5,3),(7,5,4),(7,4,4),(7,3,4),(7,2,4),(7,1,4),(8,1,4),
128:(2,8,4),(3,8,4),(4,8,4),(5,8,4),(6,8,4),(7,8,4),(7,8,3),(7,8,2),(7,7,2),(7,7,2),(7,6,2),(6,6,2),(6,6,2),(7,6,2),
129:(7,4,4),(6,4,4),(5,4,4),(4,4,4),(3,4,4),(3,4,3),(3,5,3),(3,6,3),(3,7,3),
130:(8,2,0),(8,3,0),(8,4,0),(8,5,0),(8,5,1),
131:(8,4,4),(8,5,4),(8,6,4),(7,6,4),(6,6,4),(6,7,4),(6,8,4),
132:(8,6,4),(7,6,4),(7,6,5),(6,6,5),(6,5,5),(6,4,5),(6,3,5),(6,2,5),(6,1,5),(6,1,5),(5,1,5),(4,1,5),(4,0,5),
133:(1,2,0),(1,2,1),(1,2,2),(1,2,3),(2,2,3),(3,2,3),(4,2,3),(4,2,4),(4,3,4),
134:(2,8,3),(3,8,3),(4,8,3),(5,8,3),(5,8,4),(6,8,4),(7,8,4),(7,8,5),(7,7,5),(7,6,5),(7,5,5),(8,5,5),(8,4,5),(8,3,5),
135:(1,0,4),(0,0,4),(0,1,4),(0,2,4),(0,3,4),(0,4,4),(0,4,3),(0,5,3),(0,5,2),(0,6,2),(0,7,2),
136:(3,6,2),(3,6,3),(4,6,3),(5,6,3),(6,6,3),(6,5,3),(6,4,3),(6,3,3),(7,3,3),(7,3,3),(6,3,3),
137:(5,6,2),(4,6,2),(3,6,2),(2,6,2),(2,6,3),(2,6,2),(2,6,1),(2,5,1),
138:(0,6,5),(1,6,5),(2,6,5),(3,6,5),(4,6,5),(5,6,5),(5,5,5),(5,4,5),(5,4,4),(5,4,3),(5,4,2),(5,4,1),(5,4,0),(5,3,0),(5,2,0),
139:(3,8,3),(4,8,3),(5,8,3),(5,8,2),(5,7,2),(5,7,1),(5,7,0),(5,6,0),
140:(5,3,4),(5,3,5),(5,4,5),(5,4,4),(4,4,4),(4,4,3),(4,5,3),(4,6,3),(4,7,3),
141:(7,6,1),(7,6,0),(7,5,0),(7,4,0),(8,4,0),(8,4,0),(8,3,0),
142:(3,6,1),(3,5,1),(3,4,1),(3,4,2),(2,4,2),(2,4,3),(2,4,4),(2,3,4),(2,2,4),(3,2,4),(4,2,4),(4,2,5),(4,1,5),
143:(2,3,3),(2,3,4),(1,3,4),(1,3,5),(1,4,5),(1,5,5),
144:(5,7,1),(4,7,1),(4,7,0),(3,7,0),(2,7,0),(1,7,0),(1,6,0),(1,6,-1),(1,5,-1),(1,4,-1),(1,3,-1),(1,3,0),
145:(2,2,2),(2,2,3),(3,2,3),(3,1,3),(3,1,4),
146:(2,4,2),(1,4,2),(1,4,3),(1,5,3),
147:(1,2,2),(0,2,2),(0,2,1),(0,2,0),
148:(4,0,2),(4,0,3),(5,0,3),(5,0,2),(6,0,2),(6,1,2),(6,1,3),(7,1,3),(8,1,3),(8,2,3),(8,2,4),
149:(6,7,1),(6,7,0),(6,6,0),(6,5,0),(6,4,0),(6,3,0),(5,3,0),(5,2,0),(5,1,0),(4,1,0),(4,0,0),(3,0,0),
150:(0,0,3),(1,0,3),(1,1,3),(1,1,3),(2,1,3),(2,2,3),(3,2,3),(4,2,3),(4,3,3),(4,3,3),(5,3,3),(5,4,3),
151:(4,7,1),(3,7,1),(3,7,2),(3,7,3),(3,7,4),(3,6,4),(3,5,4),(3,4,4),(2,4,4),(1,4,4),(1,3,4),
152:(3,8,1),(4,8,1),(4,8,2),(4,8,3),(5,8,3),(5,8,4),(5,7,4),(5,7,4),(5,6,4),(5,5,4),(5,5,4),(6,5,4),
153:(0,2,5),(0,2,4),(0,3,4),(0,4,4),(0,4,4),(0,4,3),(0,4,2),
154:(4,5,3),(5,5,3),(5,5,2),(5,5,2),(5,6,2),(5,6,2),(5,6,3),
155:(2,0,1),(3,0,1),(3,1,1),(3,1,2),(3,2,2),(3,3,2),(3,3,3),(3,4,3),(3,4,4),(4,4,4),(5,4,4),(5,5,4),(5,6,4),
156:(6,8,1),(6,8,2),(5,8,2),(4,8,2),(3,8,2),(2,8,2),(1,8,2),(1,8,3),(1,8,4),(1,8,5),(1,7,5),(1,6,5),(0,6,5),
157:(7,7,4),(7,7,5),(7,7,5),(7,6,5),(6,6,5),(6,6,4),(5,6,4),(4,6,4),(4,6,3),(3,6,3),(3,5,3),(3,4,3),(2,4,3),(1,4,3),(0,4,3),(0,3,3),(0,2,3),(0,1,3),
158:(6,4,2),(7,4,2),(7,4,3),(7,4,4),(7,4,5),(7,3,5),
159:(1,3,5),(2,3,5),(2,3,4),(2,3,3),(2,4,3),(2,5,3),
160:(7,7,5),(7,6,5),(7,5,5),(7,5,4),(7,5,3),(8,5,3),
161:(4,4,5),(5,4,5),(6,4,5),(6,4,4),(6,4,3),(7,4,3),(7,4,2),(7,4,1),(8,4,1),
