soc=1348
lb_soc=948
makespan=16
lb_makespan=14
comp_time=1896
highLevelExpanded=32
lowLevelExpanded=6362
solution=
0:(4,7,4),(3,7,4),(3,7,3),(3,7,2),(3,7,1),(3,7,0),(3,6,0),(3,5,0),
1:(4,4,1),(3,4,1),(2,4,1),(2,4,2),(2,3,2),(2,2,2),(2,1,2),(2,0,2),
2:(5,0,5),(6,0,5),(7,0,5),(8,0,5),(8,0,4),(8,1,4),(8,2,4),
3:(1,6,4),(0,6,4),(0,6,3),(0,6,2),(0,6,1),(0,5,1),(0,4,1),(0,3,1),(0,2,1),(0,1,1),
4:(8,5,1),(8,5,2),(8,5,3),(8,4,3),(8,3,3),(8,2,3),(8,1,3),(8,0,3),
5:(5,2,2),(4,2,2),(4,3,2),(4,4,2),(4,5,2),(4,6,2),(4,7,2),
6:(2,6,0),(3,6,0),(4,6,0),(5,6,0),(6,6,0),(7,6,0),(8,6,0),(8,6,1),(8,6,2),(8,7,2),
7:(2,4,1),(1,4,1),(1,4,2),(1,5,2),(1,6,2),
8:(1,1,0),(0,1,0),(0,2,0),(0,3,0),(0,4,0),(0,5,0),(0,5,1),(0,5,2),(0,6,2),(0,6,3),(0,6,4),(0,7,4),
9:(3,2,1),(2,2,1),(1,2,1),(0,2,1),(0,2,2),(0,2,3),(0,1,3),
10:(6,7,0),(5,7,0),(5,7,1),(5,7,2),(5,6,2),(5,5,2),(5,4,2),(5,3,2),(5,2,2),(5,1,2),(5,0,2),
11:(2,6,4),(1,6,4),(0,6,4),(0,6,5),(0,7,5),
12:(4,7,1),(3,7,1),(3,7,2),(3,6,2),(3,6,3),(3,6,4),(3,6,5),
13:(4,2,2),(4,2,1),(5,2,1),(6,2,1),(7,2,1),(7,3,1),
14:(0,1,4),(1,1,4),(2,1,4),(3,1,4),(4,1,4),(4,2,4),
15:(4,5,2),(3,5,2),(3,4,2),(3,4,2),(3,3,2),(2,3,2),(2,3,3),(3,3,3),
16:(1,8,1),(2,8,1),(3,8,1),(4,8,1),(4,8,2),(4,8,3),(4,8,4),(4,8,5),(4,7,5),(4,7,6),(4,6,6),(4,5,6),(4,4,6),(4,3,6),(4,2,6),(4,2,5),
17:(4,3,2),(5,3,2),(6,3,2),(7,3,2),(7,3,1),(7,3,0),(7,4,0),
18:(4,0,3),(3,0,3),(2,0,3),(1,0,3),(0,0,3),(0,0,2),(0,0,1),(0,0,0),(0,1,0),(0,2,0),
19:(7,0,3),(7,0,3),(7,1,3),(7,2,3),(7,3,3),(7,4,3),(7,4,2),(7,5,2),(7,6,2),(7,7,2),(7,7,1),(7,7,0),(6,7,0),
20:(8,7,2),(7,7,2),(6,7,2),(6,7,3),(5,7,3),(4,7,3),(4,7,4),(4,7,5),(4,6,5),
21:(6,8,2),(6,8,1),(6,7,1),(6,6,1),(6,5,1),(6,4,1),
22:(0,1,3),(1,1,3),(2,1,3),(3,1,3),(4,1,3),(5,1,3),(6,1,3),(6,1,2),
23:(7,7,4),(6,7,4),(5,7,4),(4,7,4),(4,6,4),(4,5,4),(4,4,4),(3,4,4),(3,3,4),(3,2,4),(3,1,4),(3,1,3),(3,1,2),(3,0,2),(3,0,1),(2,0,1),
24:(3,6,4),(4,6,4),(5,6,4),(6,6,4),(7,6,4),(8,6,4),(8,6,3),(8,6,2),(8,7,2),(8,7,1),
25:(8,0,1),(8,0,2),(8,0,3),(8,0,4),(8,1,4),(8,2,4),(8,3,4),(8,4,4),(8,5,4),(8,6,4),(7,6,4),(7,6,5),(7,7,5),(7,8,5),(6,8,5),
26:(8,4,3),(7,4,3),(7,5,3),(7,6,3),(7,7,3),(7,7,4),
27:(8,8,0),(7,8,0),(6,8,0),(5,8,0),(4,8,0),(3,8,0),(3,8,1),(2,8,1),(1,8,1),(1,8,2),(1,8,3),
28:(5,5,4),(5,5,3),(5,5,2),(5,5,1),(5,5,0),(6,5,0),
29:(3,3,3),(2,3,3),(1,3,3),(1,3,2),(1,3,1),(1,3,0),(1,4,0),(1,5,0),(1,6,0),
30:(0,0,4),(0,1,4),(0,2,4),(0,3,4),(0,4,4),(0,5,4),
31:(5,1,0),(4,1,0),(3,1,0),(2,1,0),(1,1,0),(0,1,0),(0,2,0),(0,3,0),(0,4,0),(0,5,0),
32:(0,8,2),(1,8,2),(2,8,2),(2,8,1),(2,7,1),(2,6,1),(2,5,1),(2,4,1),(2,3,1),(2,2,1),(2,1,1),
33:(8,6,3),(7,6,3),(6,6,3),(5,6,3),(4,6,3),(3,6,3),(2,6,3),(1,6,3),(1,5,3),(1,5,4),(1,4,4),
34:(5,0,3),(4,0,3),(4,0,2),(4,1,2),(4,2,2),(4,3,2),
35:(5,0,0),(4,0,0),(3,0,0),(2,0,0),(1,0,0),(1,0,1),(1,0,2),(0,0,2),(0,0,3),(0,0,4),(0,1,4),
36:(6,6,4),(5,6,4),(5,6,3),(4,6,3),(4,6,2),(3,6,2),(3,6,2),(3,5,2),(2,5,2),(2,4,2),(2,3,2),(2,2,2),
37:(1,2,4),(2,2,4),(3,2,4),(3,2,3),
38:(8,4,0),(7,4,0),(6,4,0),(5,4,0),(5,3,0),(5,2,0),
39:(7,5,1),(8,5,1),(8,5,2),(8,5,3),(8,5,4),(8,5,5),(8,4,5),(8,3,5),(8,2,5),(8,1,5),
40:(2,4,2),(2,4,3),(2,4,4),(2,3,4),(2,3,4),(2,2,4),(3,2,4),(3,1,4),(4,1,4),(4,0,4),(5,0,4),(6,0,4),(7,0,4),(7,0,5),
41:(0,4,3),(1,4,3),(2,4,3),(2,4,4),(3,4,4),(3,5,4),(3,6,4),
42:(6,8,5),(6,7,5),(6,6,5),(6,5,5),(6,5,4),(6,5,3),(6,4,3),(7,4,3),(7,3,3),(7,2,3),(6,2,3),(6,1,3),(6,0,3),
43:(6,4,2),(6,5,2),(6,6,2),(5,6,2),(5,6,1),(5,6,0),(5,7,0),(5,8,0),
44:(7,7,5),(7,7,4),(6,7,4),(5,7,4),(4,7,4),(4,6,4),(4,6,3),(3,6,3),(2,6,3),(1,6,3),(0,6,3),(0,6,2),(0,6,1),(0,6,0),
45:(8,4,1),(7,4,1),(6,4,1),(5,4,1),(4,4,1),(3,4,1),(2,4,1),(1,4,1),(1,5,1),(1,6,1),(1,7,1),(1,8,1),
46:(3,8,4),(4,8,4),(5,8,4),(6,8,4),(7,8,4),(7,8,5),(7,7,5),(7,6,5),(7,5,5),(7,4,5),(7,3,5),
47:(3,4,3),(4,4,3),(5,4,3),(6,4,3),(6,4,4),
48:(2,2,2),(3,2,2),(3,2,1),(3,2,0),
49:(4,6,4),(4,6,3),(3,6,3),(2,6,3),(1,6,3),(0,6,3),(0,7,3),(0,8,3),
50:(0,7,1),(1,7,1),(2,7,1),(2,7,0),(2,8,0),
51:(1,0,0),(2,0,0),(2,1,0),(2,2,0),(2,3,0),(2,4,0),(3,4,0),(4,4,0),(5,4,0),(5,4,1),(5,5,1),(5,6,1),
52:(3,3,4),(4,3,4),(5,3,4),(6,3,4),(7,3,4),(7,3,3),(7,3,2),(7,2,2),(7,2,1),(7,2,0),(7,1,0),(7,0,0),
53:(3,1,5),(4,1,5),(5,1,5),(6,1,5),(6,2,5),
54:(7,2,2),(6,2,2),(5,2,2),(5,2,2),(5,2,3),(4,2,3),(4,3,3),(4,3,4),(4,4,4),(3,4,4),
55:(2,5,4),(3,5,4),(4,5,4),(5,5,4),(5,4,4),(5,3,4),(6,3,4),(7,3,4),
56:(5,8,3),(4,8,3),(3,8,3),(2,8,3),(1,8,3),(0,8,3),(0,8,4),(0,7,4),(0,6,4),(0,6,5),(0,5,5),(0,4,5),
57:(6,2,5),(5,2,5),(4,2,5),(4,2,4),(4,2,3),(4,2,2),(3,2,2),(3,2,1),(3,3,1),
58:(6,3,0),(5,3,0),(5,3,1),(5,2,1),
59:(5,8,0),(4,8,0),(4,7,0),(4,6,0),(4,5,0),(4,4,0),(4,3,0),(4,2,0),(4,1,0),(3,1,0),
60:(8,6,0),(8,6,1),(8,6,2),(8,6,3),(8,6,4),(8,6,5),
61:(4,3,3),(3,3,3),(3,3,2),(3,3,1),(3,3,0),
62:(8,3,3),(7,3,3),(7,3,2),(7,3,1),(6,3,1),(5,3,1),(4,3,1),(3,3,1),(3,4,1),(2,4,1),(1,4,1),(1,3,1),
63:(2,8,2),(3,8,2),(4,8,2),(4,7,2),(4,7,1),
64:(0,6,1),(1,6,1),(2,6,1),(3,6,1),(4,6,1),(5,6,1),(6,6,1),(6,6,0),
65:(6,6,1),(5,6,1),(5,6,2),(5,5,2),(5,5,3),(4,5,3),(4,5,4),(4,5,5),(4,4,5),(4,3,5),
66:(1,5,4),(1,5,5),(1,4,5),
67:(6,0,1),(6,0,2),(6,1,2),(6,2,2),(6,3,2),(6,4,2),(6,5,2),(6,5,3),(6,5,4),(6,6,4),(6,7,4),
68:(0,3,4),(1,3,4),(2,3,4),(3,3,4),(4,3,4),(4,3,5),(5,3,5),(5,4,5),(6,4,5),(6,5,5),(7,5,5),
69:(6,4,5),(5,4,5),(4,4,5),(3,4,5),(3,5,5),(3,6,5),(3,7,5),(3,8,5),(3,8,4),(3,8,3),(3,8,2),(3,8,1),(3,8,0),
70:(6,8,3),(7,8,3),(8,8,3),(8,8,2),(8,7,2),(8,6,2),(8,5,2),(8,4,2),(8,3,2),(8,2,2),(8,1,2),
71:(6,4,4),(5,4,4),(4,4,4),(4,4,3),
72:(0,8,5),(1,8,5),(2,8,5),(3,8,5),(4,8,5),(5,8,5),(5,7,5),
73:(2,0,5),(2,0,4),(2,0,4),(2,0,3),(2,0,2),(2,0,1),(2,0,1),(1,0,1),
74:(6,5,3),(7,5,3),(7,5,2),(8,5,2),(8,5,1),(8,5,0),(8,4,0),(8,3,0),
75:(0,2,4),(0,3,4),(0,4,4),(0,5,4),(1,5,4),(1,5,4),(2,5,4),(3,5,4),(4,5,4),(4,6,4),(5,6,4),(6,6,4),(7,6,4),
76:(8,8,2),(7,8,2),(6,8,2),(5,8,2),(5,8,3),(5,8,4),(5,7,4),(5,6,4),(5,6,5),(5,5,5),(5,4,5),(5,3,5),(5,2,5),(5,1,5),
77:(5,4,1),(4,4,1),(3,4,1),(2,4,1),(1,4,1),(1,4,2),(1,4,3),
78:(0,5,2),(0,4,2),(0,3,2),(0,3,1),(0,2,1),(1,2,1),(1,1,1),(1,1,1),(2,1,1),(3,1,1),(4,1,1),(5,1,1),(6,1,1),(6,0,1),(6,0,2),
79:(2,3,4),(2,3,4),(2,3,3),(1,3,3),(1,3,2),(1,3,1),(1,3,0),(1,4,0),
80:(5,3,0),(4,3,0),(3,3,0),(2,3,0),(1,3,0),(0,3,0),(0,3,1),(0,3,2),(-1,3,2),(-1,3,3),(-1,3,4),(0,3,4),
81:(7,1,2),(6,1,2),(6,1,3),(6,1,4),(6,1,5),(6,0,5),
82:(8,1,3),(7,1,3),(7,1,2),(6,1,2),(6,2,2),(6,3,2),(6,4,2),(6,5,2),(6,5,1),(6,6,1),(6,7,1),
83:(8,1,2),(8,1,1),(8,1,0),(7,1,0),(6,1,0),(5,1,0),(4,1,0),(3,1,0),(2,1,0),(1,1,0),(1,2,0),(1,3,0),
84:(5,0,1),(5,0,2),(5,1,2),(5,1,3),(6,1,3),(7,1,3),(7,1,4),(7,1,5),
85:(6,5,4),(7,5,4),(7,4,4),(7,4,3),(7,4,2),(7,3,2),(7,2,2),(7,1,2),(7,0,2),
86:(0,2,3),(1,2,3),(2,2,3),(2,2,4),(3,2,4),(3,3,4),(4,3,4),(5,3,4),(5,4,4),(5,5,4),(6,5,4),(7,5,4),(8,5,4),(8,6,4),(8,7,4),(8,8,4),
87:(4,5,5),(3,5,5),(2,5,5),(2,6,5),(2,7,5),(2,8,5),(2,8,4),(2,8,3),(2,8,2),(2,8,1),
88:(8,1,1),(7,1,1),(7,2,1),(7,2,2),(7,2,3),(6,2,3),(5,2,3),(5,3,3),(5,3,4),(5,4,4),(5,5,4),(5,6,4),(5,7,4),
89:(0,5,0),(1,5,0),(2,5,0),(3,5,0),(3,5,1),(4,5,1),(5,5,1),(5,5,2),(5,5,3),(5,4,3),(5,4,4),(5,4,5),(5,3,5),(5,2,5),
90:(0,1,0),(0,1,1),(1,1,1),(2,1,1),(3,1,1),(4,1,1),(5,1,1),(6,1,1),(6,2,1),(7,2,1),(7,2,2),(7,2,3),(7,3,3),(7,4,3),(7,5,3),(7,5,4),
91:(5,8,1),(4,8,1),(4,7,1),(3,7,1),(3,6,1),(3,5,1),(3,4,1),(3,4,1),(2,4,1),(1,4,1),(0,4,1),(0,4,0),
92:(1,7,3),(2,7,3),(2,7,2),(2,6,2),(2,5,2),(2,4,2),(2,3,2),(2,3,1),(2,2,1),(3,2,1),(3,1,1),
93:(8,3,5),(7,3,5),(6,3,5),(6,4,5),(6,5,5),(6,5,4),(6,5,3),(6,6,3),(6,6,2),(5,6,2),(5,7,2),(5,8,2),
94:(0,6,0),(1,6,0),(2,6,0),(2,6,1),(2,6,2),(2,6,3),(2,5,3),(2,5,4),(2,5,5),(2,6,5),
95:(8,7,4),(8,7,3),(7,7,3),(7,7,2),(7,7,1),(7,6,1),
96:(8,7,0),(7,7,0),(6,7,0),(5,7,0),(5,6,0),(5,5,0),(5,4,0),(5,4,1),(5,4,2),
97:(1,6,1),(2,6,1),(3,6,1),(4,6,1),(4,6,0),(4,5,0),(4,4,0),(4,3,0),
98:(6,7,1),(5,7,1),(5,7,2),(5,7,3),(4,7,3),(4,6,3),(4,5,3),
99:(5,3,4),(5,3,3),(4,3,3),(3,3,3),(2,3,3),(1,3,3),(1,3,2),(1,4,2),
100:(2,5,0),(2,4,0),(1,4,0),(1,3,0),(1,2,0),(1,1,0),(1,0,0),
101:(2,8,3),(2,8,2),(2,8,1),(2,7,1),(2,6,1),(3,6,1),(4,6,1),(4,6,0),(4,5,0),
102:(4,8,5),(3,8,5),(3,8,4),(2,8,4),(2,7,4),(2,6,4),
103:(2,1,0),(3,1,0),(3,1,1),(4,1,1),(4,1,2),(4,1,3),(4,2,3),(4,3,3),(4,3,4),(4,4,4),(4,5,4),(4,6,4),(4,7,4),(4,7,5),
104:(1,2,0),(2,2,0),(3,2,0),(3,3,0),(3,4,0),(3,5,0),(4,5,0),(5,5,0),(5,6,0),
105:(2,7,3),(2,7,4),(1,7,4),(1,6,4),
106:(7,1,1),(6,1,1),(5,1,1),(5,1,2),(5,1,2),(4,1,2),(4,1,3),
107:(6,4,0),(5,4,0),(4,4,0),(3,4,0),(2,4,0),(1,4,0),(0,4,0),(0,4,1),(0,4,2),(0,4,3),(0,5,3),(0,6,3),(0,7,3),
108:(3,7,0),(4,7,0),(5,7,0),(5,7,1),(6,7,1),(6,7,2),(6,7,3),(6,7,4),(6,7,5),(6,6,5),
109:(3,8,5),(2,8,5),(2,8,4),(2,7,4),(2,7,3),(2,7,2),(2,7,1),(2,7,0),(2,6,0),(2,5,0),(2,4,0),(2,3,0),(2,2,0),(2,1,0),
110:(0,1,5),(1,1,5),(2,1,5),(3,1,5),(4,1,5),(5,1,5),(5,1,4),(5,1,3),(6,1,3),(7,1,3),(8,1,3),(8,2,3),(8,2,2),(8,2,1),(8,3,1),(8,4,1),(8,4,0),
111:(2,6,2),(3,6,2),(4,6,2),(4,5,2),(5,5,2),(6,5,2),(7,5,2),(7,5,1),(7,5,0),(7,6,0),
112:(3,7,4),(3,6,4),(4,6,4),(4,5,4),(4,5,3),(4,5,2),(4,5,1),(4,5,0),(4,4,0),(5,4,0),(6,4,0),
113:(3,0,2),(4,0,2),(5,0,2),(6,0,2),(6,1,2),(6,2,2),(6,3,2),(6,4,2),(6,5,2),(7,5,2),(7,6,2),(7,7,2),(7,8,2),(8,8,2),
114:(3,1,2),(4,1,2),(4,2,2),(4,3,2),(4,4,2),(5,4,2),(4,4,2),(5,4,2),(6,4,2),(6,5,2),(6,6,2),(6,7,2),
115:(3,0,3),(3,0,2),(3,0,1),(4,0,1),(4,1,1),(4,2,1),
116:(7,1,5),(6,1,5),(6,1,4),(5,1,4),(5,2,4),
117:(3,5,2),(3,5,3),(4,5,3),(5,5,3),(5,6,3),(5,7,3),(5,8,3),(6,8,3),
118:(7,5,3),(7,5,2),(6,5,2),(6,6,2),(6,6,2),(5,6,2),(4,6,2),(3,6,2),(3,6,1),(2,6,1),(1,6,1),
119:(4,0,4),(3,0,4),(3,0,4),(2,0,4),(2,1,4),
120:(5,5,3),(4,5,3),(4,5,2),(4,5,3),(3,5,3),(2,5,3),(1,5,3),(0,5,3),(0,5,2),(0,5,1),
121:(1,5,0),(2,5,0),(3,5,0),(4,5,0),(4,4,0),(4,3,0),(4,2,0),(4,1,0),(4,1,1),(4,1,2),(4,0,2),(4,0,3),(4,0,4),
122:(7,0,4),(7,0,5),(7,1,5),(7,2,5),(7,3,5),(6,3,5),
123:(3,6,0),(4,6,0),(5,6,0),(5,6,1),(5,7,1),(5,7,2),(5,7,3),(5,8,3),
124:(6,7,4),(5,7,4),(4,7,4),(4,6,4),(4,5,4),(4,4,4),(3,4,4),(2,4,4),(1,4,4),(1,3,4),(1,3,3),
125:(3,7,2),(2,7,2),(2,6,2),(2,5,2),(2,5,3),(2,5,4),(2,4,4),(2,3,4),(2,2,4),
126:(6,3,2),(6,4,2),(5,4,2),(5,4,3),(5,4,3),(5,5,3),(5,5,2),(4,5,2),(3,5,2),(2,5,2),(1,5,2),
127:(7,0,0),(6,0,0),(5,0,0),(4,0,0),(3,0,0),(2,0,0),(2,1,0),(2,1,1),(2,1,2),(2,1,3),(2,2,3),(2,3,3),(2,3,4),(2,4,4),(2,5,4),
128:(1,4,3),(1,4,2),(1,5,2),(1,5,1),(1,6,1),(1,6,1),(2,6,1),(3,6,1),(4,6,1),(5,6,1),(5,7,1),
129:(1,5,2),(1,5,3),(1,5,3),(1,5,3),(1,5,2),(2,5,2),(3,5,2),(3,5,3),
130:(4,6,1),(3,6,1),(3,5,1),(3,4,1),(3,3,1),(3,2,1),(3,1,1),(3,1,2),(3,1,3),(3,1,4),(3,0,4),
131:(2,3,3),(2,3,2),(2,2,2),(3,2,2),(3,1,2),(3,0,2),(4,0,2),(5,0,2),(6,0,2),(6,0,1),(7,0,1),(8,0,1),(8,0,2),
132:(2,2,0),(3,2,0),(4,2,0),(4,3,0),(4,3,1),(4,4,1),(5,4,1),(5,5,1),(5,5,2),(5,5,2),(6,5,2),
133:(6,7,5),(5,7,5),(4,7,5),(3,7,5),(3,6,5),(2,6,5),(2,5,5),(2,4,5),(2,3,5),(2,2,5),(2,1,5),
134:(5,4,5),(4,4,5),(3,4,5),(2,4,5),(2,4,4),(1,4,4),(1,3,4),(1,3,3),(1,3,2),(0,3,2),
135:(4,8,3),(3,8,3),(2,8,3),(2,8,2),(2,7,2),(2,6,2),
136:(6,0,4),(5,0,4),(4,0,4),(3,0,4),(2,0,4),(1,0,4),(1,1,4),(1,2,4),
137:(6,2,3),(5,2,3),(4,2,3),(4,3,3),(3,3,3),(2,3,3),(1,3,3),(0,3,3),
138:(1,8,5),(1,7,5),
139:(5,2,4),(4,2,4),(4,1,4),(4,1,5),(4,0,5),(3,0,5),(2,0,5),(1,0,5),
140:(5,1,1),(5,1,2),(5,1,3),(5,2,3),(5,3,3),(5,4,3),(5,5,3),(5,6,3),
141:(4,6,0),(4,6,1),(4,5,1),(3,5,1),(3,5,2),(3,5,3),(3,5,4),(4,5,4),(4,5,5),
142:(2,6,3),(2,5,3),(2,5,3),(2,4,3),(3,4,3),
143:(3,4,2),(3,4,3),(3,3,3),(2,3,3),(1,3,3),(1,2,3),(1,1,3),(1,1,3),(1,1,4),
144:(1,4,2),(2,4,2),(2,3,2),(2,2,2),(2,2,2),(3,2,2),(3,1,2),(4,1,2),(5,1,2),(5,1,1),(6,1,1),(6,2,1),
145:(6,2,1),(6,3,1),(6,3,1),(5,3,1),(5,4,1),(5,5,1),(5,6,1),(4,6,1),(4,6,2),
146:(1,8,4),(2,8,4),(2,7,4),(3,7,4),
147:(5,1,3),(5,1,4),(5,2,4),(5,2,5),(5,3,5),(5,4,5),(6,4,5),(6,5,5),(6,6,5),(7,6,5),(7,7,5),(6,7,5),
148:(6,4,3),(6,3,3),
149:(0,4,5),(1,4,5),(1,4,4),(1,4,3),(2,4,3),(2,4,3),(2,4,2),(3,4,2),(4,4,2),(4,4,1),(4,3,1),
150:(3,4,1),(3,4,2),(3,4,3),(3,4,4),(4,4,4),(5,4,4),(5,5,4),(6,5,4),(7,5,4),(7,4,4),
151:(1,2,1),(1,2,2),(1,2,3),(2,2,3),(2,2,4),(3,2,4),(3,2,5),(4,2,5),(5,2,5),(5,3,5),(5,3,6),(6,3,6),(7,3,6),(8,3,6),(8,3,5),(8,4,5),
152:(0,0,2),(0,1,2),(0,2,2),(0,3,2),(0,3,1),(0,4,1),(1,4,1),(1,5,1),(2,5,1),(3,5,1),(3,6,1),(3,6,1),(2,6,1),
153:(3,3,2),(4,3,2),(5,3,2),(6,3,2),(7,3,2),(8,3,2),(8,4,2),(7,4,2),
154:(2,5,1),(2,4,1),(2,3,1),(2,2,1),(2,1,1),(2,1,2),(2,1,3),(2,0,3),
155:(1,5,3),(1,5,4),(1,5,4),(1,4,4),(1,3,4),(2,3,4),(3,3,4),(3,2,4),(3,1,4),(4,1,4),(5,1,4),(6,1,4),(6,0,4),
156:(4,0,5),(5,0,5),(5,0,5),(5,1,5),(5,2,5),(5,3,5),(5,3,4),(6,3,4),(6,3,4),(5,3,4),
157:(6,1,3),(5,1,3),(5,0,3),(5,0,2),(5,0,1),(5,0,0),(5,1,0),
158:(2,1,4),(3,1,4),(3,1,4),(3,2,4),(3,3,4),(3,3,3),(3,3,2),
159:(6,5,1),(5,5,1),(5,4,1),(4,4,1),(3,4,1),(3,3,1),(3,2,1),(2,2,1),(2,2,2),(2,2,2),(3,2,2),
160:(3,8,2),(4,8,2),(5,8,2),(5,8,1),(6,8,1),(7,8,1),(8,8,1),(8,7,1),(8,6,1),(8,5,1),(8,4,1),(8,3,1),(8,2,1),(8,1,1),(8,0,1),
161:(7,1,3),(7,1,2),(7,1,1),
