soc=1418
lb_soc=997
makespan=18
lb_makespan=16
comp_time=2064
highLevelExpanded=33
lowLevelExpanded=8430
solution=
0:(1,6,4),(2,6,4),(3,6,4),(3,6,3),(4,6,3),(5,6,3),(5,5,3),(6,5,3),
1:(5,4,2),(4,4,2),(3,4,2),(3,4,3),(3,4,3),(3,5,3),(3,6,3),(3,6,4),
2:(1,7,1),(2,7,1),(3,7,1),(3,6,1),(3,5,1),(3,4,1),(3,3,1),(4,3,1),(4,2,1),(4,1,1),(3,1,1),(3,0,1),
3:(0,2,4),(1,2,4),(2,2,4),(2,1,4),(2,1,3),(3,1,3),(3,0,3),(4,0,3),(5,0,3),(6,0,3),(7,0,3),(8,0,3),(8,1,3),
4:(1,8,1),(2,8,1),(3,8,1),(4,8,1),(4,8,2),(4,8,3),(4,8,4),(4,8,5),(4,7,5),(4,6,5),(4,5,5),(4,4,5),(4,3,5),(4,2,5),(4,1,5),(4,0,5),
5:(1,6,5),(2,6,5),(3,6,5),(4,6,5),(5,6,5),(6,6,5),(6,6,4),(6,7,4),(6,8,4),
6:(6,7,1),(5,7,1),(4,7,1),(3,7,1),(2,7,1),(2,7,2),(2,6,2),(2,5,2),(2,4,2),(2,3,2),(2,2,2),(2,1,2),(2,0,2),
7:(5,1,0),(4,1,0),(3,1,0),(2,1,0),(1,1,0),(1,1,1),(1,2,1),
8:(0,7,2),(1,7,2),(2,7,2),(3,7,2),(4,7,2),(4,7,3),(5,7,3),(6,7,3),(7,7,3),(7,7,4),(8,7,4),(8,7,5),(8,6,5),
9:(0,0,1),(1,0,1),(2,0,1),(3,0,1),(4,0,1),(5,0,1),(6,0,1),(7,0,1),(8,0,1),(8,1,1),(8,2,1),(8,3,1),(8,4,1),(8,5,1),(8,6,1),(8,7,1),(8,8,1),
10:(2,7,4),(3,7,4),(4,7,4),(5,7,4),(5,6,4),(5,6,5),(5,5,5),(6,5,5),(6,4,5),(6,4,5),(6,3,5),(6,2,5),(6,1,5),(6,1,4),(6,0,4),(6,0,3),(7,0,3),(7,0,2),(7,0,1),
11:(2,4,1),(3,4,1),(4,4,1),(5,4,1),(6,4,1),(7,4,1),
12:(8,4,2),(7,4,2),(6,4,2),(5,4,2),(4,4,2),(3,4,2),(2,4,2),(1,4,2),(0,4,2),(0,5,2),(0,6,2),(0,7,2),(0,8,2),
13:(0,5,2),(1,5,2),(2,5,2),(3,5,2),(4,5,2),
14:(8,2,4),(7,2,4),(6,2,4),(5,2,4),(5,2,3),(4,2,3),(3,2,3),(2,2,3),(2,3,3),(2,4,3),
15:(8,1,4),(8,1,5),(8,2,5),(8,3,5),(8,4,5),
16:(3,0,2),(3,0,1),(3,0,0),(3,1,0),(3,2,0),(3,3,0),(3,4,0),(3,5,0),(3,6,0),(3,7,0),(3,8,0),
17:(6,6,4),(7,6,4),(8,6,4),(8,5,4),(8,4,4),(8,3,4),(8,3,5),
18:(1,7,3),(0,7,3),(0,7,2),(0,7,1),(0,7,0),(0,6,0),(0,5,0),(0,4,0),(0,3,0),
19:(3,6,5),(3,6,4),(3,6,3),(2,6,3),(1,6,3),(1,6,2),(1,6,1),(1,6,0),(1,5,0),(1,4,0),(1,3,0),
20:(8,8,3),(7,8,3),(6,8,3),(5,8,3),(4,8,3),(3,8,3),(3,7,3),(3,6,3),(3,5,3),(3,5,2),(3,4,2),(3,4,3),(3,4,4),
21:(5,4,3),(6,4,3),(6,5,3),(6,5,2),(6,6,2),(6,7,2),(6,8,2),
22:(3,4,3),(4,4,3),(5,4,3),(6,4,3),(7,4,3),(7,4,2),(7,5,2),(7,5,1),(7,6,1),(7,7,1),
23:(8,5,3),(8,5,4),(8,4,4),(8,3,4),(8,2,4),(8,2,5),
24:(4,3,5),(3,3,5),(3,3,4),(3,2,4),
25:(5,7,1),(5,6,1),(6,6,1),(6,5,1),(6,5,1),(6,4,1),(6,3,1),(6,2,1),(6,1,1),(6,0,1),
26:(2,5,3),(3,5,3),(4,5,3),(5,5,3),(6,5,3),(6,5,2),(6,6,2),(7,6,2),(8,6,2),(8,7,2),
27:(0,1,1),(1,1,1),(2,1,1),(2,2,1),(2,2,0),(2,3,0),(2,4,0),(2,5,0),(2,6,0),(2,7,0),(2,8,0),
28:(0,6,1),(1,6,1),(2,6,1),(2,6,2),(2,6,3),(2,6,4),(2,6,5),(2,7,5),(2,8,5),
29:(7,0,1),(6,0,1),(5,0,1),(4,0,1),(4,0,0),(3,0,0),(2,0,0),(2,1,0),(2,2,0),(2,3,0),
30:(2,3,1),(1,3,1),(1,4,1),(1,5,1),(1,6,1),(1,7,1),(1,8,1),
31:(7,2,3),(6,2,3),(6,3,3),(6,3,4),(6,4,4),(6,5,4),
32:(2,3,0),(3,3,0),(4,3,0),(5,3,0),(6,3,0),(7,3,0),(8,3,0),(8,3,1),(8,3,2),(8,4,2),
33:(3,6,1),(2,6,1),(2,6,2),(2,5,2),(2,5,3),(2,5,4),(2,5,5),(2,4,5),(2,3,5),(2,2,5),(2,1,5),
34:(7,1,3),(6,1,3),(5,1,3),(5,1,4),(5,2,4),(5,3,4),(5,4,4),
35:(1,2,4),(1,2,3),(1,2,2),(1,3,2),(1,4,2),(1,5,2),(1,6,2),(1,7,2),(1,8,2),
36:(6,4,5),(5,4,5),(4,4,5),(3,4,5),(2,4,5),(1,4,5),(1,4,4),(1,5,4),(0,5,4),(0,6,4),
37:(2,7,3),(3,7,3),(4,7,3),(5,7,3),(6,7,3),(7,7,3),(7,6,3),(7,5,3),(7,4,3),(8,4,3),(8,3,3),(8,2,3),(7,2,3),(7,1,3),(7,1,4),
38:(5,3,4),(4,3,4),(4,3,3),(3,3,3),(2,3,3),(1,3,3),(1,4,3),(1,5,3),(1,5,2),(1,6,2),(1,7,2),
39:(4,1,5),(4,1,4),(4,1,3),
40:(0,8,0),(1,8,0),(2,8,0),(2,8,1),(2,8,2),(2,8,3),(2,7,3),
41:(4,2,5),(5,2,5),(6,2,5),(7,2,5),(7,2,4),(7,3,4),(7,4,4),(8,4,4),
42:(5,5,2),(4,5,2),(4,5,1),
43:(5,1,3),(4,1,3),(3,1,3),(2,1,3),(1,1,3),(1,1,2),(1,1,1),
44:(3,6,2),(4,6,2),(5,6,2),(6,6,2),(6,6,3),(6,5,3),(6,4,3),(6,4,4),(6,3,4),(6,2,4),
45:(5,6,5),(4,6,5),(4,6,4),(3,6,4),(2,6,4),(1,6,4),(0,6,4),(0,6,3),(0,5,3),(0,4,3),(0,3,3),(0,2,3),(0,1,3),
46:(6,6,2),(7,6,2),(7,5,2),(7,4,2),(7,3,2),
47:(4,6,4),(4,5,4),(3,5,4),
48:(3,1,4),(2,1,4),(1,1,4),(1,2,4),(1,3,4),(1,4,4),(1,5,4),(0,5,4),(0,6,4),(0,6,3),
49:(0,4,1),(1,4,1),(2,4,1),(3,4,1),(3,4,0),(3,5,0),(3,5,1),
50:(6,4,4),(6,3,4),(6,3,4),(6,2,4),(6,2,3),(6,1,3),
51:(3,3,1),(2,3,1),(2,3,2),(2,3,3),(2,3,4),(2,4,4),(2,5,4),(2,6,4),
52:(3,1,2),(4,1,2),(5,1,2),(6,1,2),(6,2,2),(6,2,2),(6,2,3),
53:(7,1,1),(6,1,1),(5,1,1),(4,1,1),(3,1,1),(2,1,1),(2,1,2),(1,1,2),(1,1,3),(1,2,3),(1,3,3),(1,4,3),(1,5,3),(1,6,3),(1,7,3),(1,8,3),
54:(5,8,2),(4,8,2),(3,8,2),(2,8,2),(2,7,2),(2,6,2),(2,5,2),(2,4,2),(2,3,2),(2,3,1),(2,2,1),(2,2,0),(2,1,0),(2,0,0),
55:(7,7,0),(6,7,0),(5,7,0),(4,7,0),(3,7,0),(2,7,0),(2,7,1),(2,7,2),(2,6,2),(2,5,2),(2,4,2),(2,3,2),(2,3,3),
56:(3,0,4),(4,0,4),(4,0,3),(4,0,2),(4,0,2),(4,0,1),(4,0,0),
57:(7,0,0),(6,0,0),(6,0,1),(6,1,1),(6,2,1),(6,3,1),(6,3,2),(6,4,2),(6,5,2),(6,6,2),(6,6,3),(6,6,4),
58:(3,4,5),(4,4,5),(4,4,4),(5,4,4),(5,4,3),(6,4,3),(7,4,3),(8,4,3),(8,4,2),(8,4,1),(8,4,0),(8,5,0),
59:(6,1,4),(5,1,4),(4,1,4),(3,1,4),(2,1,4),(1,1,4),(1,2,4),(1,2,3),(1,2,2),(1,3,2),(1,3,1),(1,4,1),(1,4,0),(0,4,0),(0,5,0),(0,6,0),
60:(4,1,3),(4,2,3),(5,2,3),(6,2,3),(7,2,3),(7,2,2),(7,2,1),
61:(3,3,2),(4,3,2),(4,3,1),(4,3,0),(4,2,0),(4,1,0),
62:(2,4,3),(1,4,3),(0,4,3),(0,4,2),(0,4,1),(0,4,0),(0,3,0),(0,2,0),(0,1,0),(0,0,0),
63:(8,2,3),(7,2,3),(6,2,3),(6,1,3),(5,1,3),(5,1,4),(4,1,4),(3,1,4),(2,1,4),(1,1,4),(1,1,5),
64:(4,0,5),(3,0,5),(2,0,5),(1,0,5),(1,0,4),(1,0,3),(1,0,2),(1,0,1),(1,0,0),(1,1,0),(0,1,0),
65:(6,8,4),(5,8,4),(4,8,4),(3,8,4),(2,8,4),(1,8,4),(0,8,4),(0,8,3),(0,8,2),(0,8,1),(0,7,1),
66:(3,5,0),(2,5,0),(2,4,0),(2,3,0),(2,3,1),(2,3,2),(2,3,3),(2,3,4),(2,2,4),(2,1,4),
67:(2,6,3),(3,6,3),(4,6,3),(5,6,3),(5,6,2),(6,6,2),(7,6,2),(8,6,2),(8,6,1),(8,6,0),
68:(8,7,0),(8,7,1),(8,6,1),(8,5,1),(8,4,1),(8,3,1),(8,3,2),(8,3,3),(8,3,4),(8,2,4),
69:(5,3,3),(4,3,3),(3,3,3),(3,3,2),(3,2,2),(3,1,2),
70:(8,7,2),(7,7,2),(6,7,2),(6,7,1),(5,7,1),(4,7,1),(3,7,1),(3,8,1),
71:(3,7,2),(4,7,2),(4,6,2),(4,5,2),(4,5,3),(4,5,4),(4,4,4),(4,3,4),(4,2,4),(4,1,4),
72:(5,8,5),(4,8,5),(3,8,5),(2,8,5),(1,8,5),(1,7,5),(1,7,4),(1,7,3),(1,6,3),(1,5,3),(1,5,2),(1,4,2),(1,3,2),(1,2,2),(1,1,2),
73:(2,2,4),(3,2,4),(4,2,4),(4,2,3),(4,2,2),(4,2,1),(4,2,0),(4,3,0),
74:(3,0,1),(2,0,1),(2,0,2),(1,0,2),(0,0,2),(0,0,3),(0,0,4),(0,1,4),(0,2,4),
75:(1,5,4),(0,5,4),(0,5,5),(0,6,5),(0,7,5),(0,8,5),
76:(1,3,0),(2,3,0),(3,3,0),(3,3,0),(4,3,0),(5,3,0),(6,3,0),(7,3,0),(7,2,0),(7,1,0),
77:(1,7,4),(2,7,4),(3,7,4),(4,7,4),(5,7,4),(5,6,4),(5,5,4),(5,5,3),(5,5,2),(5,5,1),(5,5,0),(5,4,0),(5,3,0),
78:(1,0,0),(0,0,0),(0,0,1),(0,0,2),(0,0,3),(0,0,4),(0,0,5),(0,1,5),(0,2,5),
79:(2,8,3),(3,8,3),(3,8,4),(3,8,5),(3,7,5),
80:(1,3,3),(2,3,3),(2,4,3),(2,4,2),(3,4,2),(3,5,2),(3,6,2),(3,6,1),(3,7,1),(3,7,1),(3,7,0),
81:(8,3,3),(7,3,3),(7,3,2),(6,3,2),(5,3,2),(4,3,2),(3,3,2),(2,3,2),(2,3,1),(1,3,1),(1,4,1),(1,5,1),
82:(6,0,0),(5,0,0),(4,0,0),(3,0,0),(3,0,1),(3,1,1),(3,2,1),
83:(0,3,1),(0,4,1),(0,4,1),(1,4,1),(2,4,1),
84:(1,1,5),(2,1,5),(3,1,5),(4,1,5),(4,0,5),(4,0,4),(4,0,3),(4,0,2),(4,0,1),(5,0,1),(5,0,0),(6,0,0),
85:(8,3,2),(7,3,2),(6,3,2),(5,3,2),(4,3,2),(3,3,2),(3,3,3),(3,2,3),(3,1,3),(3,0,3),
86:(7,6,3),(6,6,3),(5,6,3),(5,6,4),(5,5,4),(5,5,4),(4,5,4),(4,4,4),(4,3,4),(3,3,4),(2,3,4),(1,3,4),(1,2,4),(1,1,4),(1,0,4),(1,0,5),
87:(8,0,2),(7,0,2),(6,0,2),(5,0,2),(5,0,3),(5,0,4),(5,1,4),(5,1,5),(5,2,5),(5,3,5),(5,4,5),(5,5,5),(4,5,5),
88:(0,0,5),(1,0,5),(1,1,5),(2,1,5),(2,2,5),(2,3,5),(3,3,5),(4,3,5),(5,3,5),(6,3,5),(7,3,5),(7,3,4),(7,4,4),(7,4,3),(7,5,3),(7,6,3),
89:(2,0,0),(2,1,0),(2,2,0),(2,2,0),(2,3,0),(2,4,0),(2,5,0),(2,6,0),(2,6,1),
90:(2,6,0),(3,6,0),(4,6,0),(4,6,1),(4,7,1),(4,7,2),(4,7,3),(4,8,3),
91:(7,8,4),(6,8,4),(6,7,4),(6,7,3),(6,7,2),(6,7,1),(6,6,1),(6,5,1),
92:(8,4,3),(7,4,3),(7,3,3),
93:(8,1,0),(8,1,1),(8,1,2),(8,2,2),(8,3,2),(8,4,2),(8,5,2),(7,5,2),(8,5,2),(8,6,2),
94:(6,0,4),(5,0,4),(5,0,5),(5,1,5),(5,2,5),(5,3,5),(5,4,5),(5,5,5),(5,6,5),(5,7,5),(4,7,5),(4,8,5),
95:(4,8,1),(4,7,1),(4,7,2),(4,7,3),(3,7,3),(2,7,3),(1,7,3),(0,7,3),(0,6,3),(0,5,3),(0,4,3),(0,3,3),(0,3,4),
96:(5,2,0),(4,2,0),(4,2,1),(4,3,1),(4,4,1),(4,4,2),(3,4,2),(3,4,3),(3,4,4),(3,4,5),(3,5,5),(3,6,5),
97:(6,4,0),(5,4,0),(5,4,1),(5,5,1),(5,5,2),(5,5,3),(4,5,3),(4,5,4),
98:(3,4,4),(2,4,4),(2,5,4),(2,6,4),(2,7,4),(2,8,4),(2,8,3),(2,8,2),(2,8,1),
99:(3,7,4),(3,7,5),(2,7,5),(2,6,5),(2,5,5),(2,4,5),(2,3,5),(2,2,5),(2,1,5),(2,0,5),
100:(0,1,4),(1,1,4),(1,1,3),(1,1,2),(2,1,2),(2,2,2),(3,2,2),(4,2,2),(5,2,2),(5,3,2),(5,4,2),(5,4,1),(5,4,0),
101:(6,2,4),(5,2,4),(5,2,5),(4,2,5),(3,2,5),(2,2,5),(1,2,5),(1,3,5),(1,4,5),(1,5,5),(1,6,5),(1,7,5),(1,8,5),
102:(3,8,1),(4,8,1),(5,8,1),(6,8,1),(6,8,0),(6,7,0),(6,6,0),(6,5,0),(7,5,0),(7,4,0),(7,3,0),(7,2,0),
103:(7,0,5),(6,0,5),(6,0,4),(5,0,4),(4,0,4),(4,1,4),(4,2,4),(4,2,3),(4,3,3),(4,4,3),
104:(7,2,0),(6,2,0),(5,2,0),(5,2,1),(5,2,2),(5,2,3),(5,2,4),(5,1,4),(5,0,4),
105:(6,6,1),(6,7,1),(5,7,1),(5,7,2),
106:(5,4,0),(5,4,1),(5,4,2),(4,4,2),(4,4,3),(3,4,3),(3,4,3),(3,3,3),
107:(6,2,0),(5,2,0),(4,2,0),(3,2,0),(3,2,1),(2,2,1),(2,2,2),(1,2,2),(0,2,2),(0,3,2),(0,3,2),(0,3,2),(0,3,3),
108:(0,2,1),(1,2,1),(2,2,1),(3,2,1),(4,2,1),(5,2,1),(5,3,1),(5,4,1),(6,4,1),(6,4,2),(6,5,2),
109:(8,4,0),(7,4,0),(6,4,0),(5,4,0),(4,4,0),(3,4,0),(3,4,1),(3,4,2),(3,5,2),(3,6,2),
110:(7,6,0),(7,6,1),(7,6,2),(7,6,3),(7,6,4),(7,6,5),(7,5,5),(7,4,5),
111:(7,3,0),(8,3,0),(8,3,1),(8,3,2),(8,4,2),(8,5,2),(8,6,2),(8,6,3),(8,7,3),
112:(2,2,1),(3,2,1),(3,2,2),(4,2,2),(4,1,2),
113:(0,4,5),(1,4,5),(2,4,5),(2,4,4),(2,4,3),(2,4,2),(2,3,2),(2,3,1),(3,3,1),(4,3,1),(4,2,1),(5,2,1),(5,2,0),
114:(6,6,3),(6,6,2),(6,6,2),(7,6,2),(7,6,1),(7,6,0),
115:(7,8,2),(6,8,2),(5,8,2),(5,8,2),(5,8,3),(5,8,4),(5,7,4),(5,6,4),(5,5,4),(5,5,5),(5,5,5),(4,5,5),(4,4,5),
116:(1,0,2),(2,0,2),(3,0,2),(3,0,2),(3,0,2),(4,0,2),(5,0,2),
117:(4,7,5),(5,7,5),(6,7,5),(7,7,5),(7,7,4),(7,8,4),
118:(4,5,2),(3,5,2),(3,5,1),(2,5,1),
119:(0,2,5),(1,2,5),(2,2,5),(3,2,5),(3,1,5),(4,1,5),(5,1,5),(6,1,5),(7,1,5),(8,1,5),(8,1,4),(8,0,4),(8,0,3),(8,0,2),(8,0,1),
120:(7,4,1),(6,4,1),(6,3,1),(6,3,1),(6,3,2),(6,3,2),(6,2,2),
121:(1,1,4),(1,1,3),(2,1,3),(2,2,3),(3,2,3),(3,3,3),(4,3,3),(5,3,3),(6,3,3),(6,4,3),(7,4,3),(7,5,3),(7,6,3),(7,7,3),(7,8,3),(8,8,3),
122:(4,6,5),(4,6,4),(5,6,4),(5,5,4),(5,5,3),(5,4,3),(5,3,3),(5,2,3),(5,1,3),(5,1,2),
123:(3,1,0),(3,1,1),(4,1,1),(4,1,2),(5,1,2),(6,1,2),(7,1,2),(8,1,2),(8,2,2),(8,3,2),
124:(8,4,5),(7,4,5),(6,4,5),(5,4,5),(4,4,5),(4,4,4),(4,4,3),(4,4,2),(3,4,2),(3,4,1),(3,4,0),(3,5,0),(3,6,0),
125:(8,5,1),(8,5,0),(8,6,0),(8,7,0),(8,8,0),
126:(1,3,4),(2,3,4),(2,3,4),(3,3,4),(4,3,4),(4,3,3),(4,3,2),(5,3,2),(5,3,1),
127:(0,3,2),(1,3,2),(1,4,2),(1,5,2),(2,5,2),(2,5,3),(3,5,3),(4,5,3),(5,5,3),(5,5,2),
128:(2,7,1),(3,7,1),(3,6,1),(3,5,1),(3,4,1),(4,4,1),(5,4,1),(6,4,1),(6,3,1),(7,3,1),(8,3,1),(8,3,0),(8,2,0),(8,1,0),(8,0,0),
129:(7,6,5),(6,6,5),(6,5,5),(6,4,5),(6,3,5),(6,3,4),(6,3,3),(6,3,2),(5,3,2),(6,3,2),(6,3,1),
130:(1,3,5),(2,3,5),(3,3,5),(4,3,5),(5,3,5),(6,3,5),(7,3,5),(7,3,4),(7,4,4),(7,4,3),(7,4,2),(7,5,2),(7,6,2),
131:(0,5,4),(0,5,3),(0,5,2),(0,5,1),(0,5,1),(0,4,1),
132:(4,2,0),(4,3,0),(4,4,0),(3,4,0),(3,5,0),(3,5,1),(3,5,2),(3,5,3),(2,5,3),(2,5,4),(2,5,5),
133:(5,3,2),(5,4,2),(5,5,2),(5,6,2),(5,6,1),(4,6,1),(4,7,1),(4,7,2),(4,7,3),(4,7,4),
134:(8,3,0),(8,3,1),(7,3,1),(7,3,2),(7,2,2),(7,1,2),(7,1,3),(7,1,4),(7,0,4),
135:(8,5,5),(7,5,5),(7,5,4),(6,5,4),(6,6,4),(6,6,3),(5,6,3),(5,6,2),(5,6,1),(4,6,1),(4,6,0),
136:(2,8,5),(3,8,5),(3,7,5),(3,6,5),(3,5,5),(3,4,5),(3,4,4),(3,3,4),(2,3,4),(2,3,3),(2,3,2),(3,3,2),
137:(5,0,3),(4,0,3),(3,0,3),(2,0,3),(1,0,3),(1,1,3),(1,1,4),(1,2,4),(1,3,4),(1,4,4),(1,5,4),(1,6,4),(1,7,4),(1,8,4),
138:(5,0,0),(5,0,1),(5,0,2),(5,0,3),(4,0,3),(3,0,3),(2,0,3),(2,1,3),(2,2,3),(2,2,4),(1,2,4),(1,2,5),(1,3,5),(1,4,5),
139:(2,6,2),(1,6,2),(0,6,2),(0,6,3),(0,6,4),(0,6,5),(0,5,5),
140:(4,8,4),(4,7,4),(4,7,5),(3,7,5),(3,6,5),(3,5,5),(3,4,5),(3,3,5),
141:(6,8,5),(6,7,5),(6,6,5),(6,5,5),(6,4,5),(6,4,4),(6,3,4),(6,2,4),(7,2,4),
142:(7,2,2),(6,2,2),(5,2,2),(5,2,3),(4,2,3),(4,2,4),(4,3,4),(4,3,3),(4,4,3),(3,4,3),(3,5,3),(3,6,3),(3,7,3),(3,7,4),
143:(7,3,4),(8,3,4),(8,3,3),(8,4,3),(8,5,3),
144:(5,1,1),(4,1,1),(4,1,2),(3,1,2),(3,1,3),(3,1,4),(3,1,5),(3,2,5),
145:(4,4,2),(3,4,2),(3,5,2),(3,6,2),(4,6,2),
146:(4,0,4),(4,0,5),(3,0,5),(2,0,5),(1,0,5),(1,0,4),(1,0,3),(1,1,3),(1,2,3),(1,2,2),(1,3,2),(1,3,1),(1,4,1),(1,4,0),(0,4,0),
147:(7,3,2),(7,2,2),(7,2,3),(7,2,4),(6,2,4),(6,1,4),(6,0,4),(5,0,4),(4,0,4),(3,0,4),
148:(1,6,2),(1,6,3),(2,6,3),(2,5,3),(3,5,3),(4,5,3),(4,6,3),
149:(3,3,3),(3,3,2),(3,3,2),(2,3,2),(1,3,2),(1,3,2),(1,3,2),(1,3,2),(1,3,2),(1,3,3),(2,3,3),(1,3,3),(1,3,3),(1,3,2),
150:(6,5,4),(5,5,4),(4,5,4),(4,4,4),(4,4,4),(3,4,4),(2,4,4),(2,4,4),(2,4,4),(2,3,4),(2,2,4),
151:(4,4,4),(5,4,4),(6,4,4),(6,4,4),(6,4,3),(6,4,2),(6,4,1),(6,4,0),(6,3,0),
152:(8,6,3),(7,6,3),(6,6,3),(6,5,3),(6,5,2),(5,5,2),(5,5,1),(5,5,0),(5,4,0),(5,3,0),(5,2,0),(4,2,0),(3,2,0),(2,2,0),(1,2,0),
153:(2,4,2),(1,4,2),(0,4,2),(0,3,2),(0,2,2),(0,1,2),(0,0,2),
154:(2,0,1),(2,1,1),(2,1,2),(2,2,2),(2,2,3),(2,3,3),(2,4,3),(2,4,3),(2,4,3),(2,4,4),
155:(5,6,4),(5,6,5),(4,6,5),(4,6,4),
156:(0,3,3),(0,3,4),(0,4,4),
157:(0,0,2),(1,0,2),(1,0,3),(1,0,4),(2,0,4),(3,0,4),(4,0,4),(4,0,5),(5,0,5),(6,0,5),(7,0,5),(7,1,5),(7,2,5),(7,3,5),
158:(6,7,2),(5,7,2),(5,7,2),(4,7,2),(4,7,3),(4,7,4),(4,7,5),(4,6,5),(4,5,5),(4,4,5),(4,3,5),(4,2,5),(4,1,5),(3,1,5),(3,0,5),
159:(5,6,0),(6,6,0),(7,6,0),(7,6,1),(8,6,1),(8,6,2),(8,6,3),(8,6,4),(7,6,4),(7,6,5),
160:(0,1,3),(0,1,2),(1,1,2),(1,1,1),(1,2,1),(1,3,1),(1,4,1),(1,5,1),(1,6,1),(1,7,1),(2,7,1),(3,7,1),
161:(3,8,2),(3,7,2),(3,7,3),(3,7,4),(4,7,4),(5,7,4),(6,7,4),(7,7,4),(7,7,5),
