soc=1356
lb_soc=990
makespan=18
lb_makespan=15
comp_time=1883
highLevelExpanded=27
lowLevelExpanded=7028
solution=
0:(3,5,4),(2,5,4),(2,5,3),(2,5,2),(2,5,1),(2,4,1),
1:(8,4,1),(7,4,1),(6,4,1),(6,4,0),(6,5,0),
2:(4,6,1),(4,6,2),(4,6,3),(4,6,4),(4,7,4),(4,8,4),
3:(5,7,5),(6,7,5),(7,7,5),(7,7,4),(7,6,4),(7,5,4),(7,4,4),
4:(0,8,1),(1,8,1),(1,7,1),(1,6,1),(1,5,1),(1,4,1),(1,3,1),(1,2,1),
5:(0,3,0),(1,3,0),(2,3,0),(3,3,0),(4,3,0),(4,3,1),(4,4,1),(4,5,1),(4,6,1),(4,6,2),(5,6,2),(5,6,3),(5,6,4),(5,6,5),
6:(0,7,4),(1,7,4),(1,7,5),
7:(6,2,5),(5,2,5),(4,2,5),(4,3,5),(4,3,4),(4,3,3),(4,3,2),(4,3,1),(4,4,1),(4,5,1),(4,5,0),(4,6,0),(4,7,0),(3,7,0),(3,8,0),
8:(7,1,5),(6,1,5),(5,1,5),(4,1,5),(4,2,5),(3,2,5),(2,2,5),(1,2,5),(1,3,5),(1,3,4),(1,3,3),(1,4,3),(1,4,2),(1,5,2),(1,6,2),(0,6,2),
9:(0,6,1),(1,6,1),(2,6,1),(3,6,1),(4,6,1),(5,6,1),(6,6,1),(6,6,2),(6,6,3),(6,6,4),(6,7,4),(6,7,5),(6,8,5),
10:(5,6,4),(4,6,4),(3,6,4),(3,6,3),(3,5,3),(3,4,3),(3,3,3),(3,2,3),
11:(4,4,5),(3,4,5),(2,4,5),(1,4,5),(1,4,4),(1,3,4),(1,2,4),(1,1,4),
12:(5,1,4),(6,1,4),(7,1,4),(8,1,4),(8,2,4),(8,3,4),(8,4,4),(8,5,4),
13:(8,0,4),(7,0,4),(7,0,3),(7,0,2),(6,0,2),(6,0,1),(6,1,1),(6,2,1),
14:(0,5,3),(1,5,3),(1,4,3),(2,4,3),(3,4,3),(3,3,3),(3,2,3),(3,1,3),(3,0,3),
15:(4,0,0),(4,0,1),(4,0,2),(4,0,3),
16:(1,0,0),(2,0,0),(2,0,1),(2,0,2),(2,0,3),(2,1,3),(2,2,3),(2,3,3),(2,4,3),
17:(7,1,2),(6,1,2),(6,1,3),
18:(5,5,3),(6,5,3),(6,5,2),(6,4,2),(6,3,2),
19:(3,0,3),(4,0,3),(4,1,3),(4,1,2),(4,2,2),(4,3,2),(4,4,2),(4,5,2),(4,6,2),(4,7,2),(4,8,2),
20:(4,8,5),(5,8,5),(5,8,4),(5,7,4),(5,6,4),(5,5,4),(5,4,4),(5,3,4),(5,2,4),
21:(4,5,1),(3,5,1),(2,5,1),(2,4,1),(2,3,1),(2,2,1),(2,2,2),(2,2,3),(2,2,4),(1,2,4),
22:(6,8,4),(5,8,4),(4,8,4),(3,8,4),(2,8,4),(1,8,4),(0,8,4),(0,8,5),(0,7,5),(0,6,5),
23:(7,6,2),(6,6,2),(5,6,2),(4,6,2),(3,6,2),(2,6,2),(2,6,3),(2,7,3),
24:(3,4,0),(4,4,0),(4,4,1),(4,3,1),(4,3,2),(5,3,2),(5,2,2),(5,1,2),(5,0,2),(6,0,2),(7,0,2),(8,0,2),
25:(4,6,3),(5,6,3),(6,6,3),(7,6,3),(8,6,3),(8,6,4),(8,7,4),(8,7,5),(8,8,5),
26:(7,4,1),(6,4,1),(5,4,1),(4,4,1),(3,4,1),(3,4,2),(3,5,2),(3,6,2),(3,7,2),(3,8,2),
27:(6,5,5),(5,5,5),(4,5,5),(4,5,4),(4,5,3),(4,4,3),(4,4,3),(4,4,2),
28:(5,2,3),(4,2,3),(3,2,3),(2,2,3),(1,2,3),(0,2,3),(0,2,2),(0,2,1),(0,2,0),(0,3,0),(0,4,0),(0,4,-1),(0,5,-1),(0,6,-1),(0,6,0),(0,7,0),
29:(0,0,0),(0,0,1),(0,1,1),(0,2,1),(0,3,1),(0,4,1),(0,5,1),(0,6,1),(0,7,1),
30:(5,1,5),(5,1,4),(6,1,4),(7,1,4),(7,1,3),(7,1,2),(7,2,2),(7,3,2),(7,4,2),(7,5,2),(7,6,2),
31:(0,1,0),(1,1,0),(2,1,0),(3,1,0),(4,1,0),(5,1,0),(6,1,0),(6,2,0),(6,3,0),(7,3,0),(7,4,0),(7,5,0),(7,6,0),(7,6,1),
32:(1,0,3),(2,0,3),(3,0,3),(3,0,2),(4,0,2),(5,0,2),(6,0,2),(7,0,2),(8,0,2),(8,0,1),(8,0,0),(8,1,0),(8,2,0),(8,3,0),(8,4,0),(8,5,0),
33:(1,8,4),(2,8,4),(3,8,4),(3,8,3),(4,8,3),(5,8,3),(5,8,2),(5,8,1),(5,7,1),
34:(3,6,2),(2,6,2),(2,5,2),(2,5,1),(2,4,1),(2,3,1),(2,2,1),
35:(5,2,5),(5,2,4),(5,2,3),(5,2,2),(5,2,1),(5,2,0),
36:(7,3,4),(7,3,5),(7,4,5),(7,5,5),(7,6,5),
37:(7,8,2),(6,8,2),(5,8,2),(4,8,2),(3,8,2),(3,8,3),(3,8,4),(3,8,5),(3,7,5),(3,6,5),
38:(8,7,3),(8,7,4),(8,6,4),(8,5,4),(8,5,5),(8,4,5),
39:(3,8,0),(4,8,0),(5,8,0),(6,8,0),(6,8,1),(7,8,1),(7,8,2),(7,8,3),(7,8,4),(7,7,4),(7,6,4),
40:(7,6,0),(8,6,0),(8,6,1),(8,6,2),(8,5,2),(8,4,2),(8,3,2),(8,2,2),(8,1,2),
41:(2,7,2),(3,7,2),(4,7,2),(5,7,2),(6,7,2),(7,7,2),
42:(4,3,4),(5,3,4),(5,3,3),(5,3,2),(5,3,1),(5,2,1),(5,1,1),(5,0,1),
43:(1,5,5),(2,5,5),(2,5,4),(2,5,3),(2,6,3),(2,7,3),(2,7,2),(2,8,2),
44:(4,4,2),(3,4,2),(2,4,2),(1,4,2),(1,4,1),(1,4,0),(1,5,0),(1,6,0),
45:(1,0,4),(2,0,4),(2,0,4),(2,0,3),(2,1,3),(2,2,3),(2,3,3),(2,4,3),(3,4,3),(3,5,3),(3,6,3),(3,7,3),(3,8,3),(4,8,3),
46:(8,6,5),(7,6,5),(6,6,5),(5,6,5),(4,6,5),(3,6,5),(3,7,5),(3,7,4),
47:(4,2,0),(4,2,1),(4,2,2),(4,2,3),(4,2,4),(4,2,5),(3,2,5),(3,3,5),
48:(6,2,2),(7,2,2),(7,2,1),(7,3,1),
49:(7,4,5),(8,4,5),(8,5,5),(8,6,5),
50:(7,5,4),(6,5,4),(5,5,4),(5,6,4),(4,6,4),(3,6,4),
51:(5,4,0),(6,4,0),(7,4,0),(8,4,0),(8,5,0),(8,6,0),(8,6,1),
52:(4,2,4),(3,2,4),(2,2,4),(1,2,4),(1,2,4),(1,2,3),
53:(7,6,1),(6,6,1),(5,6,1),(4,6,1),(4,6,2),(3,6,2),(2,6,2),(1,6,2),(1,6,3),(1,6,4),(1,5,4),(1,5,5),
54:(4,3,3),(5,3,3),(6,3,3),(6,3,2),(6,2,2),(6,1,2),
55:(6,6,3),(7,6,3),(7,5,3),(7,4,3),(7,3,3),(7,2,3),(7,1,3),(7,0,3),
56:(4,6,5),(3,6,5),(3,7,5),(3,7,4),(3,7,3),(3,7,2),(3,7,1),(2,7,1),(2,8,1),
57:(1,5,1),(1,5,2),(1,5,3),
58:(7,3,3),(6,3,3),(6,4,3),(5,4,3),(5,5,3),(5,6,3),(4,6,3),(4,7,3),
59:(6,4,2),(5,4,2),(4,4,2),(3,4,2),(2,4,2),(1,4,2),(1,4,3),(0,4,3),(0,3,3),
60:(7,7,4),(6,7,4),(5,7,4),(4,7,4),(3,7,4),(2,7,4),(2,6,4),(2,5,4),(2,4,4),(2,3,4),(2,3,3),
61:(3,8,1),(2,8,1),(2,8,2),(2,7,2),(2,6,2),(2,5,2),(2,4,2),(2,3,2),(2,2,2),(2,2,3),(2,1,3),
62:(1,7,5),(2,7,5),(2,7,4),(2,6,4),(3,6,4),(3,5,4),(4,5,4),(5,5,4),(5,4,4),(5,3,4),(6,3,4),(7,3,4),(7,2,4),
63:(2,4,5),(2,4,4),(3,4,4),(4,4,4),(5,4,4),(5,4,3),(5,4,2),(5,4,2),(5,4,2),(5,3,2),
64:(8,8,1),(7,8,1),(6,8,1),(5,8,1),(4,8,1),(4,8,0),(4,7,0),(4,6,0),(4,5,0),(4,4,0),(4,3,0),(3,3,0),(3,2,0),(3,1,0),(3,0,0),
65:(3,2,3),(3,3,3),(4,3,3),(5,3,3),(6,3,3),(6,3,4),(6,3,5),(6,4,5),(6,5,5),
66:(8,0,1),(7,0,1),(6,0,1),(5,0,1),(4,0,1),(3,0,1),(2,0,1),(1,0,1),(0,0,1),(0,0,2),(0,1,2),(0,2,2),(0,2,3),(0,2,4),(0,3,4),(0,4,4),(0,5,4),(0,6,4),(0,7,4),
67:(0,8,0),(1,8,0),(2,8,0),(3,8,0),(4,8,0),(5,8,0),(5,8,1),(5,7,1),(5,6,1),(5,5,1),
68:(7,0,0),(7,1,0),(7,1,1),(7,1,2),(7,2,2),(7,3,2),(7,3,3),(6,3,3),(6,3,4),(6,3,5),(6,4,5),
69:(0,0,5),(1,0,5),(2,0,5),(3,0,5),(3,0,4),(3,1,4),(3,2,4),(3,3,4),(3,4,4),(3,5,4),
70:(4,5,5),(3,5,5),(2,5,5),(1,5,5),(1,6,5),
71:(7,3,0),(8,3,0),(8,3,1),(8,4,1),(8,5,1),
72:(3,3,0),(4,3,0),(5,3,0),(6,3,0),(7,3,0),(7,4,0),(7,4,1),(7,4,2),(7,5,2),(8,5,2),
73:(0,4,5),(0,4,4),(0,4,3),(0,3,3),(0,2,3),(0,1,3),(0,0,3),
74:(5,4,4),(4,4,4),(4,4,5),(3,4,5),(2,4,5),
75:(8,0,2),(7,0,2),(6,0,2),(5,0,2),(5,0,1),(4,0,1),(4,0,2),
76:(2,2,5),(1,2,5),(1,2,4),(1,2,3),(1,1,3),(1,1,3),(0,1,3),
77:(7,2,0),(6,2,0),(5,2,0),(4,2,0),(4,2,1),(4,2,2),(4,1,2),(4,1,3),
78:(3,7,4),(3,7,3),(3,7,2),(3,7,1),(3,6,1),(3,5,1),(3,4,1),(3,3,1),(2,3,1),
79:(5,7,3),(4,7,3),(3,7,3),(2,7,3),(2,7,2),(2,7,1),(2,7,0),(2,6,0),(2,5,0),(2,4,0),(2,3,0),(2,2,0),(2,1,0),(2,0,0),
80:(4,8,4),(4,8,5),(5,8,5),(6,8,5),(6,7,5),(6,6,5),(6,5,5),(7,5,5),(7,4,5),(7,3,5),(8,3,5),
81:(4,0,1),(5,0,1),(5,0,0),(6,0,0),(7,0,0),(8,0,0),(8,1,0),(8,2,0),(8,3,0),(8,4,0),(8,5,0),(8,6,0),(8,7,0),
82:(7,2,3),(6,2,3),(6,2,4),(5,2,4),(5,2,5),(5,1,5),(4,1,5),(4,0,5),(3,0,5),(2,0,5),(1,0,5),(0,0,5),
83:(2,5,1),(2,5,2),(3,5,2),(4,5,2),(4,5,2),(4,5,3),(4,5,3),(4,4,3),
84:(5,4,5),(6,4,5),(6,4,4),(6,3,4),(6,2,4),(6,1,4),(6,0,4),
85:(3,0,1),(3,1,1),(4,1,1),(5,1,1),(6,1,1),(6,2,1),(6,3,1),(6,4,1),(6,5,1),(6,6,1),(6,7,1),
86:(3,5,1),(2,5,1),(1,5,1),(0,5,1),(0,5,2),(0,4,2),
87:(0,0,3),(1,0,3),(2,0,3),(3,0,3),(3,0,2),(4,0,2),(5,0,2),(6,0,2),(7,0,2),(8,0,2),(8,0,1),
88:(5,2,1),(6,2,1),(6,3,1),(6,4,1),(6,4,2),(6,4,3),(6,4,4),(6,5,4),(6,6,4),(6,6,5),
89:(8,8,4),(7,8,4),(6,8,4),(5,8,4),(4,8,4),(3,8,4),(3,7,4),(3,7,3),(3,6,3),(3,6,2),(3,6,1),(3,5,1),(3,4,1),(3,4,0),
90:(3,2,0),(4,2,0),(4,2,1),(5,2,1),(6,2,1),(6,2,2),(6,2,3),(7,2,3),(7,3,3),(7,4,3),(7,5,3),(7,6,3),(7,7,3),(7,7,4),(7,7,5),
91:(3,1,2),(3,2,2),(3,3,2),(4,3,2),(5,3,2),(5,3,3),
92:(1,2,5),(0,2,5),(0,2,4),(0,1,4),
93:(1,1,2),(1,1,1),(1,1,0),(0,1,0),(0,2,0),(0,3,0),(0,4,0),(0,5,0),
94:(6,4,4),(5,4,4),(4,4,4),(4,4,3),(4,4,2),(4,4,1),(4,4,0),(3,4,0),(2,4,0),(1,4,0),(1,3,0),(0,3,0),
95:(8,7,4),(7,7,4),(6,7,4),(6,7,3),(5,7,3),(4,7,3),(3,7,3),(3,8,3),(2,8,3),(1,8,3),(0,8,3),
96:(7,5,1),(6,5,1),(5,5,1),(4,5,1),(3,5,1),(2,5,1),(1,5,1),(1,5,2),(1,4,2),(1,4,3),(1,4,4),
97:(6,1,4),(6,2,4),(5,2,4),(5,3,4),(5,3,4),(5,4,4),(5,4,3),
98:(8,5,3),(7,5,3),(6,5,3),(5,5,3),(5,5,4),(4,5,4),(4,5,5),
99:(7,4,4),(7,4,3),(7,3,3),(7,2,3),(7,2,3),(7,1,3),(7,1,2),
100:(1,7,3),(2,7,3),(2,7,2),(3,7,2),(4,7,2),(5,7,2),(5,7,1),(5,6,1),(5,5,1),(5,4,1),(5,3,1),(5,2,1),(5,1,1),(6,1,1),(7,1,1),(8,1,1),
101:(2,4,3),(3,4,3),(4,4,3),(4,4,2),(5,4,2),(6,4,2),(6,4,3),(6,4,4),
102:(8,0,0),(7,0,0),(6,0,0),(6,0,1),(6,0,0),(5,0,0),(4,0,0),(3,0,0),(2,0,0),(1,0,0),(0,0,0),
103:(6,1,1),(6,1,1),(6,1,2),(6,0,2),(6,0,3),
104:(3,6,4),(2,6,4),(1,6,4),(1,6,3),(1,6,2),(1,5,2),(1,4,2),(1,3,2),
105:(5,4,2),(4,4,2),(3,4,2),(2,4,2),(2,4,3),(2,4,4),(2,5,4),(2,5,5),(2,6,5),(2,7,5),
106:(0,3,1),(1,3,1),(2,3,1),(3,3,1),(4,3,1),(5,3,1),(5,4,1),(5,4,0),
107:(6,7,1),(5,7,1),(5,7,2),(5,6,2),(5,5,2),(5,5,2),(5,5,3),
108:(0,3,4),(1,3,4),(2,3,4),(3,3,4),(3,3,3),(3,3,2),(3,4,2),(3,5,2),
109:(8,7,1),(7,7,1),(7,7,0),(7,8,0),
110:(2,3,5),(3,3,5),(3,2,5),(3,1,5),
111:(5,7,1),(4,7,1),(3,7,1),(2,7,1),(1,7,1),
112:(8,1,4),(7,1,4),(7,2,4),(6,2,4),(5,2,4),(4,2,4),(4,3,4),(4,4,4),(4,4,4),(3,4,4),(2,4,4),(2,5,4),(1,5,4),
113:(8,2,3),(7,2,3),(7,2,2),(7,3,2),(7,4,2),(7,5,2),(7,5,1),
114:(7,0,3),(7,1,3),(7,1,2),(6,1,2),(5,1,2),(4,1,2),(3,1,2),(3,2,2),(3,3,2),(2,3,2),(2,4,2),(2,5,2),(2,5,1),(2,6,1),(2,7,1),
115:(6,5,0),(5,5,0),(4,5,0),(3,5,0),(2,5,0),(1,5,0),(0,5,0),(0,5,1),(0,5,2),(0,5,3),(0,6,3),
116:(0,6,3),(1,6,3),(2,6,3),(2,6,3),(3,6,3),(4,6,3),(4,6,2),(5,6,2),(6,6,2),
117:(2,8,0),(3,8,0),(3,7,0),(3,6,0),(3,5,0),(3,4,0),(3,4,0),(3,4,1),(3,4,2),
118:(2,3,0),(2,4,0),(2,5,0),(2,6,0),(2,6,1),(2,6,1),(2,6,1),(2,6,2),
119:(4,6,2),(5,6,2),(5,6,3),(6,6,3),(7,6,3),(8,6,3),(8,5,3),(8,4,3),(8,4,4),(8,3,4),(8,2,4),(8,2,5),
120:(6,4,1),(6,3,1),(7,3,1),(7,3,0),(7,2,0),
121:(7,8,1),(6,8,1),(5,8,1),(4,8,1),(3,8,1),(3,7,1),(3,6,1),(3,5,1),(3,4,1),(3,3,1),(3,2,1),(3,1,1),
122:(2,2,4),(2,3,4),(3,3,4),(3,4,4),(3,5,4),(3,5,3),(3,6,3),(4,6,3),(5,6,3),(6,6,3),
123:(2,4,2),(2,4,1),(3,4,1),(3,5,1),(3,5,2),(4,5,2),(4,5,1),(4,6,1),(4,7,1),(4,8,1),(5,8,1),
124:(1,6,4),(1,5,4),(1,4,4),(1,4,3),(1,4,2),(1,3,2),(1,3,2),(1,3,1),
125:(2,0,2),(3,0,2),(3,1,2),(3,1,3),(3,1,4),(3,2,4),(3,3,4),(3,4,4),(3,5,4),(4,5,4),(4,6,4),(4,6,5),(4,7,5),(4,8,5),
126:(6,7,5),(6,6,5),(6,6,4),(6,5,4),(6,5,3),(6,5,2),(6,5,1),(5,5,1),(5,4,1),(5,3,1),(5,3,0),
127:(3,8,2),(3,8,1),(3,8,0),(3,7,0),(2,7,0),(2,6,0),(2,5,0),(2,4,0),(2,3,0),(2,2,0),(2,1,0),(2,1,1),
128:(2,7,4),(2,7,4),(2,6,4),(2,5,4),(2,5,3),(2,4,3),(3,4,3),(3,3,3),(4,3,3),
129:(8,3,2),(7,3,2),(6,3,2),(6,2,2),(5,2,2),(5,2,3),(5,2,3),(4,2,3),
130:(3,7,0),(4,7,0),(5,7,0),(6,7,0),(7,7,0),(7,7,1),(7,8,1),(7,8,2),(7,8,3),(7,8,4),
131:(2,6,5),(2,6,5),(3,6,5),(4,6,5),(4,5,5),(5,5,5),(5,4,5),(5,3,5),(6,3,5),(6,2,5),(6,1,5),(7,1,5),(7,0,5),
132:(5,0,1),(5,1,1),(5,2,1),(5,3,1),(5,4,1),(5,5,1),(5,6,1),(6,6,1),(6,6,1),(5,6,1),
133:(8,6,0),(8,5,0),(7,5,0),(6,5,0),(5,5,0),(4,5,0),(3,5,0),(2,5,0),(1,5,0),(1,5,1),(0,5,1),(0,4,1),(0,3,1),(0,3,2),(0,2,2),(0,1,2),(0,0,2),
134:(8,7,5),(7,7,5),(7,7,4),(6,7,4),(6,7,3),(6,7,2),(6,6,2),(6,5,2),(5,5,2),(5,4,2),(5,4,1),
135:(4,0,4),(4,0,5),(4,1,5),(4,2,5),(4,3,5),(4,4,5),(4,4,5),(4,4,5),(5,4,5),(5,5,5),
136:(7,0,1),(6,0,1),(5,0,1),(4,0,1),(3,0,1),(2,0,1),(1,0,1),(0,0,1),(0,0,0),(0,1,0),(0,2,0),
137:(0,1,4),(1,1,4),(2,1,4),(2,1,3),(2,2,3),(2,3,3),(2,4,3),(3,4,3),(3,5,3),(3,6,3),(3,6,2),(4,6,2),(4,7,2),
138:(0,1,1),(0,1,2),(1,1,2),(2,1,2),(3,1,2),(3,1,3),(4,1,3),(4,1,4),(5,1,4),(6,1,4),(7,1,4),(8,1,4),(8,1,5),
139:(1,1,1),(2,1,1),(3,1,1),(4,1,1),(5,1,1),(6,1,1),(6,2,1),(6,2,2),
140:(6,3,2),(5,3,2),(5,3,1),(5,3,0),(5,2,0),(4,2,0),
141:(4,3,2),(3,3,2),(2,3,2),(1,3,2),(1,2,2),(1,1,2),
142:(1,6,2),(0,6,2),(0,6,3),(0,6,4),(0,6,5),(0,5,5),(0,4,5),
143:(2,6,0),(3,6,0),(4,6,0),(4,5,0),(4,4,0),(5,4,0),(5,3,0),(5,3,1),(5,3,2),(5,2,2),(5,1,2),(5,0,2),(5,0,3),(5,0,4),
144:(5,3,3),(5,4,3),(5,4,2),(5,5,2),(5,5,1),(4,5,1),(3,5,1),(2,5,1),(1,5,1),(1,4,1),
145:(4,1,2),(5,1,2),(5,1,3),
146:(2,1,1),(2,1,2),(2,2,2),(3,2,2),(3,2,3),(4,2,3),(4,2,4),(5,2,4),(6,2,4),(7,2,4),(7,3,4),(7,3,5),(7,4,5),
147:(6,2,3),(6,2,2),(6,2,1),(6,3,1),(6,3,1),(6,4,1),(6,4,1),(7,4,1),
148:(5,7,2),(6,7,2),(6,7,1),(6,6,1),(6,5,1),(6,5,1),(5,5,1),(5,4,1),(5,3,1),(5,2,1),(5,1,1),(5,1,0),
149:(0,7,1),(0,6,1),(0,5,1),(0,4,1),(0,4,2),(0,3,2),(0,3,2),(0,2,2),(1,2,2),(2,2,2),(3,2,2),(3,2,1),
150:(0,8,2),(1,8,2),(1,8,1),(2,8,1),(2,8,0),(3,8,0),(3,7,0),(3,6,0),
151:(1,4,4),(1,4,5),(1,3,5),(2,3,5),(3,3,5),(4,3,5),(5,3,5),(6,3,5),(7,3,5),(7,2,5),
152:(2,0,5),(2,1,5),(2,2,5),(1,2,5),(1,3,5),(1,4,5),(1,4,4),(1,5,4),(1,6,4),(1,7,4),(2,7,4),(2,8,4),(3,8,4),
153:(2,5,0),(1,5,0),(1,4,0),(1,4,1),(1,3,1),(1,2,1),(1,2,2),(2,2,2),(2,2,3),(2,2,4),(2,2,5),(1,2,5),
154:(0,3,2),(0,3,3),(0,3,4),(0,4,4),(0,5,4),(1,5,4),(1,6,4),(2,6,4),
155:(0,4,1),(1,4,1),(2,4,1),(3,4,1),(3,4,2),(4,4,2),(4,5,2),(5,5,2),(4,5,2),(5,5,2),(6,5,2),(7,5,2),(7,5,3),(8,5,3),
156:(2,4,4),(3,4,4),(3,4,3),(3,3,3),(3,3,2),(3,3,1),(4,3,1),(4,3,0),(5,3,0),(6,3,0),
157:(1,2,1),(2,2,1),(2,2,0),(2,3,0),(2,4,0),(2,5,0),(2,5,1),(2,6,1),(3,6,1),(3,7,1),
158:(3,1,5),(3,1,4),(3,2,4),(3,2,4),(2,2,4),(1,2,4),(0,2,4),(0,3,4),(0,4,4),(0,4,3),(0,5,3),(0,5,2),
159:(0,6,4),(1,6,4),(1,6,3),(1,6,2),(1,7,2),(2,7,2),(3,7,2),(4,7,2),(5,7,2),(6,7,2),(6,8,2),(7,8,2),(8,8,2),(8,8,1),
160:(4,5,0),(4,5,0),(4,4,0),(4,3,0),(4,2,0),(4,1,0),
161:(8,5,5),(7,5,5),(6,5,5),(5,5,5),(5,4,5),(5,3,5),(5,3,4),(4,3,4),(3,3,4),(3,3,3),(3,3,2),(3,3,1),(3,3,0),(2,3,0),(1,3,0),(1,2,0),
