soc=1321
lb_soc=954
makespan=18
lb_makespan=14
comp_time=2514
highLevelExpanded=36
lowLevelExpanded=9128
solution=
0:(2,2,1),(3,2,1),(4,2,1),(5,2,1),(6,2,1),(6,2,2),(6,2,3),(6,2,4),(6,2,5),(7,2,5),(8,2,5),
1:(1,8,1),(2,8,1),(3,8,1),(4,8,1),(5,8,1),(6,8,1),(7,8,1),(8,8,1),(8,7,1),(8,6,1),(8,6,2),(8,5,2),
2:(6,1,5),(5,1,5),(4,1,5),(3,1,5),(3,1,4),(3,1,3),(3,1,2),(3,2,2),(3,2,1),(3,2,0),(2,2,0),(2,3,0),(2,4,0),(2,5,0),
3:(7,5,2),(8,5,2),(8,5,1),(8,5,0),(8,4,0),(8,3,0),(8,2,0),(8,1,0),
4:(1,3,1),(1,3,2),(1,3,3),(1,3,4),(2,3,4),(3,3,4),(3,3,5),(4,3,5),(4,3,6),(5,3,6),(6,3,6),(7,3,6),(8,3,6),(8,3,5),
5:(8,0,2),(8,0,3),(8,1,3),(8,2,3),(8,3,3),(8,4,3),(8,5,3),(8,6,3),(8,7,3),(7,7,3),(6,7,3),(6,7,4),(5,7,4),(4,7,4),(3,7,4),(3,7,3),
6:(4,3,4),(5,3,4),(6,3,4),(7,3,4),(8,3,4),(8,3,3),(8,4,3),(8,4,2),
7:(0,6,1),(1,6,1),(2,6,1),(3,6,1),(4,6,1),(5,6,1),(6,6,1),(6,6,0),(6,5,0),(6,4,0),(6,3,0),(6,2,0),(6,1,0),
8:(7,5,5),(6,5,5),(5,5,5),(4,5,5),(3,5,5),(2,5,5),(1,5,5),(0,5,5),(0,4,5),(0,3,5),(0,2,5),(0,1,5),(0,0,5),
9:(5,0,1),(6,0,1),(6,1,1),(6,1,2),(6,1,3),(6,1,4),(6,1,5),
10:(2,7,2),(3,7,2),(4,7,2),(5,7,2),(6,7,2),
11:(6,2,0),(5,2,0),(4,2,0),(3,2,0),(3,2,1),(3,2,2),(3,2,3),(3,3,3),(3,4,3),
12:(2,3,2),(2,3,3),(2,4,3),(2,5,3),
13:(4,2,0),(3,2,0),(3,2,1),(3,2,2),(3,3,2),
14:(6,5,5),(6,5,4),(6,5,3),(6,5,2),
15:(2,4,5),(3,4,5),(4,4,5),(5,4,5),(6,4,5),(7,4,5),(7,4,4),(7,3,4),(7,2,4),(7,1,4),
16:(7,8,1),(7,8,2),(7,8,3),(7,7,3),(7,6,3),(7,5,3),(7,4,3),
17:(6,3,2),(5,3,2),(5,3,3),(5,3,4),(5,4,4),(5,5,4),(5,6,4),(5,7,4),(5,8,4),
18:(6,5,3),(7,5,3),(8,5,3),(8,5,4),(8,5,5),(8,6,5),(8,7,5),(8,8,5),
19:(4,5,2),(3,5,2),(2,5,2),(1,5,2),(1,5,3),(1,4,3),(1,3,3),
20:(6,0,1),(6,1,1),(6,2,1),(6,2,0),(6,3,0),(6,4,0),(5,4,0),(5,5,0),(5,5,1),(5,6,1),(4,6,1),(3,6,1),
21:(8,3,5),(7,3,5),(6,3,5),(5,3,5),(4,3,5),(3,3,5),(2,3,5),(2,2,5),
22:(5,4,5),(6,4,5),(7,4,5),(7,4,4),(7,4,3),(7,4,2),(7,5,2),(7,5,1),(7,5,0),(7,6,0),(7,7,0),(7,8,0),
23:(1,7,1),(0,7,1),(0,7,2),(0,7,3),(0,6,3),(0,5,3),
24:(6,8,4),(6,7,4),(6,6,4),(6,6,4),(6,6,3),(6,6,2),
25:(5,1,5),(5,1,4),(6,1,4),(6,2,4),(6,3,4),(6,4,4),(6,5,4),
26:(6,6,5),(5,6,5),(4,6,5),
27:(1,0,1),(1,0,0),(1,1,0),(1,2,0),(1,3,0),(2,3,0),(2,4,0),(2,5,0),(3,5,0),(3,6,0),(4,6,0),(4,7,0),(4,7,1),(3,7,1),
28:(8,5,0),(8,5,1),(8,4,1),(8,3,1),(8,2,1),(8,2,2),(8,2,3),
29:(2,8,1),(2,8,2),(2,7,2),(2,6,2),(2,5,2),(2,4,2),(2,3,2),(1,3,2),(1,2,2),(1,1,2),(2,1,2),(3,1,2),(3,0,2),
30:(0,6,3),(0,6,2),(0,6,1),(0,6,0),(0,5,0),(0,4,0),
31:(2,4,1),(2,3,1),(2,2,1),
32:(7,7,2),(6,7,2),(5,7,2),(5,7,3),(4,7,3),(3,7,3),(2,7,3),(2,7,4),(2,7,5),(2,8,5),
33:(7,6,2),(6,6,2),(5,6,2),(4,6,2),(4,5,2),(4,5,1),(4,4,1),(4,4,0),(4,3,0),(3,3,0),(2,3,0),(1,3,0),(1,2,0),
34:(6,0,4),(5,0,4),(4,0,4),(3,0,4),(2,0,4),(1,0,4),(0,0,4),(0,1,4),
35:(3,1,1),(2,1,1),(1,1,1),(1,1,2),(1,2,2),(1,3,2),(1,4,2),(1,5,2),(1,6,2),
36:(6,1,2),(5,1,2),(4,1,2),(3,1,2),(2,1,2),(1,1,2),(1,1,1),(0,1,1),(0,2,1),(0,3,1),(1,3,1),(1,4,1),
37:(2,2,3),(3,2,3),(3,2,4),(3,2,5),(3,3,5),(3,4,5),
38:(6,5,1),(5,5,1),(4,5,1),(3,5,1),(2,5,1),(2,5,2),
39:(6,7,5),(5,7,5),(4,7,5),(3,7,5),(3,8,5),
40:(3,4,3),(3,3,3),(3,2,3),(3,1,3),(3,1,2),(3,1,1),
41:(3,3,5),(2,3,5),(2,4,5),(1,4,5),(1,4,4),(1,5,4),(1,5,3),(1,6,3),(1,7,3),(2,7,3),(2,7,2),(2,7,1),
42:(3,5,5),(3,5,4),(3,5,3),(3,5,2),(3,5,1),
43:(2,0,0),(3,0,0),(4,0,0),(5,0,0),(6,0,0),(7,0,0),(8,0,0),(8,0,1),
44:(0,0,3),(1,0,3),(2,0,3),(3,0,3),(4,0,3),(5,0,3),(6,0,3),(7,0,3),(7,0,4),
45:(7,1,4),(6,1,4),(6,1,3),(6,0,3),(6,0,2),(6,0,1),
46:(7,6,3),(6,6,3),(5,6,3),(5,6,2),(5,6,1),(5,5,1),(5,4,1),(5,3,1),
47:(2,5,3),(2,6,3),
48:(6,3,0),(5,3,0),(5,4,0),(5,5,0),(5,6,0),(4,6,0),(3,6,0),(3,7,0),
49:(5,8,2),(6,8,2),
50:(1,6,1),(2,6,1),(3,6,1),(4,6,1),(4,5,1),(4,4,1),(4,3,1),(4,2,1),(5,2,1),(5,1,1),(5,0,1),(4,0,1),
51:(8,1,3),(8,1,2),(8,2,2),(8,3,2),
52:(3,2,2),(3,3,2),(3,3,2),(3,4,2),(3,5,2),(3,6,2),(3,6,1),(3,7,1),(3,8,1),(3,8,0),
53:(3,2,3),(3,2,4),(3,3,4),(3,3,4),(3,4,4),(3,5,4),(3,5,3),
54:(0,5,4),(0,4,4),(0,3,4),(0,2,4),(1,2,4),(1,1,4),(1,0,4),(2,0,4),(3,0,4),(4,0,4),(5,0,4),(6,0,4),(6,0,5),
55:(0,3,3),(1,3,3),(2,3,3),(3,3,3),(4,3,3),(5,3,3),(6,3,3),(7,3,3),(7,3,2),(7,2,2),(8,2,2),(8,1,2),
56:(3,0,5),(3,0,4),(3,0,3),(4,0,3),(4,1,3),(4,1,2),(4,2,2),(4,3,2),(4,3,1),(4,4,1),(4,5,1),(4,6,1),
57:(3,4,1),(4,4,1),(4,4,2),(4,4,3),(4,4,4),(4,4,5),(4,3,5),(4,2,5),(4,1,5),(4,0,5),
58:(8,5,5),(7,5,5),(6,5,5),(6,5,4),(6,5,3),(6,4,3),(6,4,2),(6,3,2),
59:(7,2,5),(6,2,5),(5,2,5),(4,2,5),(3,2,5),(3,2,4),(3,3,4),(3,4,4),(3,5,4),(3,6,4),(3,6,3),(3,6,2),(3,7,2),(3,8,2),
60:(4,6,0),(5,6,0),(5,6,1),(5,5,1),(5,5,2),(5,5,3),(6,5,3),(6,4,3),
61:(0,6,4),(1,6,4),(2,6,4),(3,6,4),(4,6,4),(5,6,4),(5,6,3),
62:(3,6,4),(3,6,4),(3,5,4),(2,5,4),(1,5,4),(0,5,4),(0,4,4),(0,3,4),
63:(4,4,5),(5,4,5),(6,4,5),(7,4,5),(7,4,4),(7,4,3),(7,4,2),(7,5,2),(7,6,2),
64:(0,4,2),(1,4,2),(2,4,2),(2,4,3),(3,4,3),(4,4,3),(5,4,3),(5,3,3),
65:(2,1,3),(2,1,2),(2,2,2),(2,3,2),(2,3,1),(3,3,1),(3,4,1),(4,4,1),(4,5,1),(5,5,1),(6,5,1),
66:(8,4,3),(7,4,3),(6,4,3),(5,4,3),(4,4,3),(4,4,4),(4,3,4),(4,2,4),(3,2,4),(3,1,4),(3,0,4),
67:(5,5,3),(6,5,3),(7,5,3),(7,5,2),(7,5,1),(7,4,1),
68:(2,8,2),(3,8,2),(4,8,2),(5,8,2),(5,8,3),(6,8,3),(7,8,3),(8,8,3),(8,8,3),(8,8,2),
69:(0,7,4),(1,7,4),(1,7,3),(1,7,2),(1,7,1),(1,7,0),(1,6,0),(1,5,0),(1,4,0),(1,3,0),(1,2,0),(1,1,0),
70:(5,2,3),(4,2,3),(4,2,2),(4,2,1),(4,2,0),(3,2,0),(2,2,0),(2,3,0),(2,4,0),(2,5,0),(2,6,0),(2,7,0),
71:(4,8,4),(5,8,4),(6,8,4),(7,8,4),(8,8,4),(8,7,4),
72:(1,5,0),(2,5,0),(2,4,0),(2,3,0),(2,2,0),(2,1,0),(2,0,0),
73:(1,4,5),(2,4,5),(3,4,5),(4,4,5),(5,4,5),(6,4,5),(6,4,4),(6,3,4),(6,3,3),(6,2,3),(6,1,3),
74:(3,8,2),(3,8,3),(3,7,3),(3,6,3),(3,5,3),(3,5,2),
75:(6,2,2),(7,2,2),(7,2,3),(7,2,4),(7,3,4),(7,4,4),(7,5,4),
76:(0,1,2),(0,2,2),(0,3,2),(0,4,2),(0,5,2),(0,6,2),(0,7,2),(1,7,2),(2,7,2),(3,7,2),(4,7,2),(5,7,2),(5,7,1),
77:(6,2,5),(6,2,4),(6,2,3),(6,2,2),(7,2,2),(7,2,2),(7,2,1),(8,2,1),
78:(4,1,0),(5,1,0),(5,2,0),(5,3,0),
79:(3,4,4),(3,4,3),(3,4,2),(2,4,2),(2,4,1),(1,4,1),(0,4,1),(0,5,1),
80:(3,3,0),(3,3,0),(3,2,0),(3,2,1),(4,2,1),(4,1,1),
81:(3,8,3),(4,8,3),(4,8,3),(4,8,2),(4,8,1),(5,8,1),
82:(1,2,2),(2,2,2),(3,2,2),(4,2,2),(4,2,3),(4,3,3),(4,4,3),(4,5,3),(4,6,3),
83:(4,7,2),(4,6,2),(4,5,2),(4,4,2),(3,4,2),(3,4,3),(2,4,3),(2,3,3),(2,2,3),(2,1,3),(2,0,3),
84:(7,3,0),(6,3,0),(5,3,0),(5,4,0),(5,5,0),(5,6,0),(4,6,0),(4,6,1),(4,6,2),(4,7,2),(4,7,3),(4,7,4),(4,7,5),
85:(1,5,2),(0,5,2),(0,5,3),(0,4,3),(0,3,3),(0,2,3),
86:(5,1,1),(4,1,1),(3,1,1),(2,1,1),(2,1,1),(2,1,2),(2,2,2),
87:(3,2,1),(3,1,1),(3,0,1),(3,1,1),(3,0,1),(2,0,1),(2,1,1),
88:(1,0,0),(2,0,0),(3,0,0),(3,0,1),(3,0,2),(3,0,3),(3,1,3),(3,2,3),(3,3,3),(4,3,3),(4,3,4),(4,4,4),(5,4,4),(5,5,4),(5,6,4),(6,6,4),(7,6,4),
89:(0,5,3),(1,5,3),(1,5,4),(1,6,4),
90:(5,8,4),(5,8,3),(5,7,3),(4,7,3),(4,7,2),(4,6,2),(4,5,2),(4,4,2),(3,4,2),
91:(5,6,2),(5,6,2),(4,6,2),(3,6,2),(2,6,2),(2,6,1),
92:(2,2,5),(3,2,5),(4,2,5),(4,3,5),(4,4,5),(5,4,5),(6,4,5),(6,5,5),(6,6,5),(6,7,5),(6,8,5),
93:(5,1,2),(4,1,2),(3,1,2),(2,1,2),(1,1,2),(1,2,2),(1,3,2),(1,3,1),(1,4,1),(1,5,1),(1,5,0),(0,5,0),(0,6,0),(0,7,0),
94:(0,5,5),(1,5,5),(2,5,5),(2,4,5),(2,3,5),(2,3,4),(2,2,4),(3,2,4),(3,1,4),(4,1,4),(4,0,4),
95:(7,4,3),(6,4,3),(5,4,3),(5,4,2),(4,4,2),(3,4,2),(2,4,2),(2,4,3),(2,3,3),
96:(1,4,0),(2,4,0),(2,3,0),(2,3,-1),(3,3,-1),(4,3,-1),(5,3,-1),(6,3,-1),(7,3,-1),(7,3,0),
97:(1,0,4),(2,0,4),(2,0,4),(2,0,3),(3,0,3),(4,0,3),(5,0,3),(6,0,3),(7,0,3),(7,0,2),
98:(2,5,5),(2,5,4),(2,5,3),(1,5,3),(1,4,3),(1,3,3),(1,2,3),(1,1,3),(1,0,3),
99:(6,8,2),(6,8,1),(5,8,1),(5,7,1),(5,7,2),(5,6,2),(5,5,2),(5,4,2),(5,3,2),(5,2,2),
100:(3,2,4),(3,3,4),(3,3,3),(3,3,2),(3,3,1),(3,3,0),(2,3,0),(2,4,0),(2,5,0),(2,6,0),(1,6,0),
101:(0,2,5),(1,2,5),(2,2,5),(2,1,5),
102:(6,4,2),(5,4,2),(5,3,2),(5,2,2),(5,2,2),(5,1,2),(4,1,2),(3,1,2),(2,1,2),(2,1,2),(2,1,3),(2,1,4),
103:(3,0,3),(4,0,3),(5,0,3),(5,0,3),(6,0,3),(7,0,3),(7,1,3),(7,2,3),(7,3,3),(7,3,3),(8,3,3),(8,4,3),(8,5,3),(8,6,3),
104:(6,6,1),(6,5,1),(6,4,1),(6,3,1),(6,3,1),(6,2,1),
105:(5,1,0),(6,1,0),(7,1,0),(8,1,0),(8,1,1),(8,1,2),(8,1,3),(8,1,4),(8,1,5),(8,2,5),(8,3,5),(8,4,5),(8,5,5),(8,6,5),
106:(8,2,5),(7,2,5),(6,2,5),(5,2,5),(4,2,5),(3,2,5),(3,2,4),(3,3,4),(3,4,4),(3,5,4),(3,6,4),(3,6,3),(3,7,3),(3,8,3),
107:(4,7,4),(5,7,4),(6,7,4),(7,7,4),(7,7,3),(7,7,2),(7,7,1),(7,8,1),
108:(5,6,4),(4,6,4),(4,5,4),
109:(1,7,3),(2,7,3),(2,7,4),(2,7,5),(2,6,5),
110:(7,5,0),(6,5,0),(5,5,0),(4,5,0),(4,4,0),(4,3,0),(4,2,0),
111:(1,6,2),(1,7,2),(1,8,2),(0,8,2),
112:(5,3,3),(4,3,3),(4,2,3),(4,1,3),(4,1,2),(4,0,2),
113:(0,1,3),(0,1,2),(0,2,2),(0,3,2),(0,4,2),(0,5,2),
114:(3,3,2),(4,3,2),(4,3,3),(5,3,3),(6,3,3),(7,3,3),(7,3,4),(7,3,5),(7,4,5),(7,5,5),(7,6,5),(7,7,5),(7,8,5),
115:(8,8,5),(8,8,4),(8,8,3),(8,8,2),(8,8,1),(8,8,0),(8,7,0),(8,6,0),(8,5,0),(8,4,0),
116:(2,4,4),
117:(0,8,4),(1,8,4),(1,8,3),(1,8,2),(1,8,1),(1,7,1),(1,6,1),
118:(3,3,1),(3,4,1),(2,4,1),(1,4,1),(1,4,2),(1,5,2),(1,5,2),(1,5,1),(1,5,2),
119:(3,6,3),(4,6,3),(4,5,3),(5,5,3),(5,5,3),(6,5,3),(7,5,3),
120:(5,7,5),(4,7,5),(4,7,4),(5,7,4),(6,7,4),(7,7,4),(7,7,3),(7,6,3),
121:(5,3,0),(5,3,1),(5,3,1),(5,3,2),(5,3,3),(5,3,4),
122:(4,3,0),(4,4,0),(3,4,0),
123:(2,1,5),(3,1,5),(3,1,4),(3,2,4),(3,2,3),(3,3,3),(3,4,3),(4,4,3),(5,4,3),
124:(7,4,5),(7,4,4),(7,5,4),(7,6,4),(6,6,4),(6,7,4),(5,7,4),(4,7,4),(3,7,4),(2,7,4),
125:(0,1,4),(1,1,4),(2,1,4),(3,1,4),(4,1,4),(4,1,3),(4,2,3),(4,2,2),(4,3,2),(4,4,2),(4,5,2),(4,6,2),
126:(8,7,1),(7,7,1),(6,7,1),(6,6,1),(6,5,1),(6,4,1),(6,4,1),(5,4,1),(4,4,1),(3,4,1),(2,4,1),(2,3,1),(1,3,1),(0,3,1),(0,2,1),(0,1,1),
127:(4,8,2),(5,8,2),(5,8,3),(6,8,3),(7,8,3),(8,8,3),(8,8,2),(8,7,2),
128:(8,1,4),(8,2,4),(8,3,4),(8,4,4),(8,5,4),(7,5,4),(7,6,4),(6,6,4),(5,6,4),(4,6,4),(4,7,4),(3,7,4),(3,8,4),(2,8,4),
129:(1,1,0),(2,1,0),(2,0,0),(2,0,1),(2,0,2),(2,0,3),(2,0,3),(3,0,3),
130:(2,7,5),(1,7,5),(1,7,4),(1,7,3),(1,6,3),(1,5,3),(1,4,3),(1,4,2),(1,3,2),(1,2,2),(1,1,2),
131:(0,1,0),(1,1,0),(2,1,0),(3,1,0),(4,1,0),(5,1,0),(6,1,0),(6,1,1),(6,1,2),(6,1,3),(7,1,3),(7,2,3),(7,2,4),(7,2,5),(7,3,5),(7,4,5),(7,5,5),
132:(8,6,2),(7,6,2),(6,6,2),(6,6,3),(5,6,3),(4,6,3),(4,5,3),(5,5,3),(4,5,3),(4,4,3),(4,3,3),
133:(4,3,2),(4,3,1),(4,4,1),(5,4,1),(5,5,1),(5,5,0),(6,5,0),(7,5,0),(7,6,0),(8,6,0),(8,7,0),(8,8,0),
134:(7,1,5),(6,1,5),(5,1,5),(4,1,5),(3,1,5),(3,1,4),(2,1,4),(1,1,4),(1,1,3),(1,2,3),(1,2,3),(1,2,2),(1,3,2),
135:(3,8,1),(4,8,1),(4,8,0),(4,7,0),(4,6,0),(4,5,0),
136:(6,8,5),(5,8,5),(5,7,5),(5,6,5),(5,5,5),(5,5,5),(5,4,5),(4,4,5),(4,3,5),(3,3,5),(2,3,5),(2,3,4),(2,2,4),(2,2,3),(2,1,3),
137:(3,6,1),(3,5,1),(3,4,1),(4,4,1),(5,4,1),(5,3,1),(6,3,1),(7,3,1),(7,3,1),(7,3,2),(7,3,3),(7,3,4),
138:(2,3,1),(2,3,2),(1,3,2),(1,4,2),(1,5,2),(1,6,2),(0,6,2),(0,6,3),(0,6,4),(0,7,4),
139:(6,6,3),(6,6,4),(6,5,4),(6,4,4),(6,4,3),(5,4,3),(5,3,3),(4,3,3),(4,2,3),(4,2,4),
140:(8,8,4),(7,8,4),(7,8,5),(6,8,5),(5,8,5),(4,8,5),(4,7,5),(3,7,5),(3,6,5),(3,5,5),(2,5,5),(1,5,5),(0,5,5),(0,4,5),
141:(1,6,4),(2,6,4),(3,6,4),(4,6,4),(5,6,4),(5,6,5),(5,6,5),(5,5,5),
142:(5,4,1),(6,4,1),(6,4,2),(6,4,3),(5,4,3),(5,4,4),(4,4,4),(4,4,4),(4,4,5),(4,5,5),(3,5,5),(2,5,5),(1,5,5),
143:(0,1,1),(1,1,1),(1,2,1),
144:(2,5,1),(2,5,1),(3,5,1),(3,4,1),(4,4,1),(5,4,1),(5,4,2),(5,4,3),(5,4,4),(6,4,4),(6,3,4),(6,2,4),
145:(8,3,2),(7,3,2),(6,3,2),(6,4,2),(5,4,2),(4,4,2),(3,4,2),(2,4,2),(1,4,2),(0,4,2),(0,4,3),(0,4,4),(0,5,4),(0,6,4),
146:(7,0,0),(6,0,0),(6,0,1),(6,0,2),(6,1,2),(6,1,3),(5,1,3),(4,1,3),(3,1,3),(3,2,3),(3,2,4),(3,2,5),
147:(5,1,4),(4,1,4),(4,2,4),(4,3,4),(3,3,4),(3,4,4),(3,5,4),(3,6,4),(3,6,3),(3,6,2),(2,6,2),(2,7,2),(2,8,2),
148:(5,0,4),(5,0,5),
149:(4,8,1),(4,7,1),(3,7,1),(2,7,1),(2,6,1),(1,6,1),(1,5,1),(1,4,1),(0,4,1),(0,4,1),(0,4,2),
150:(0,7,2),(0,7,3),(0,7,4),(1,7,4),(2,7,4),(3,7,4),(4,7,4),(4,7,5),(5,7,5),(5,7,5),(6,7,5),(6,7,5),(7,7,5),
151:(2,8,4),(3,8,4),(4,8,4),(5,8,4),(5,7,4),(5,7,3),(5,7,2),(5,7,1),(6,7,1),(6,7,0),(6,6,0),(6,5,0),(6,4,0),(6,3,0),(6,2,0),(7,2,0),(7,1,0),(7,0,0),(6,0,0),
152:(7,8,0),(7,7,0),(7,6,0),(7,5,0),(7,4,0),(7,3,0),(6,3,0),(6,2,0),(5,2,0),(5,2,1),(4,2,1),(4,2,2),(4,2,3),(4,1,3),(4,1,4),
153:(7,1,2),(6,1,2),(6,2,2),(6,3,2),(5,3,2),(5,4,2),(4,4,2),(3,4,2),(2,4,2),(1,4,2),(1,4,3),(1,5,3),(1,6,3),
154:(3,7,3),(3,7,4),(3,8,4),(4,8,4),(5,8,4),(6,8,4),(7,8,4),(7,7,4),(7,6,4),(8,6,4),(8,5,4),(8,4,4),
155:(6,0,0),(5,0,0),(5,-1,0),(4,-1,0),(3,-1,0),(3,0,0),
156:(6,4,4),(5,4,4),(5,3,4),(5,2,4),(5,1,4),
157:(7,0,1),(7,0,0),(6,0,0),(6,1,0),(5,1,0),(5,2,0),(5,2,-1),(4,2,-1),(4,3,-1),(4,3,0),
158:(8,7,0),(8,6,0),(8,5,0),(8,4,0),(8,3,0),(8,2,0),(8,1,0),(8,1,1),(8,1,2),(8,1,3),(8,1,4),(8,1,5),
159:(8,7,3),(7,7,3),(6,7,3),(6,7,3),(5,7,3),(4,7,3),(3,7,3),(2,7,3),(2,7,4),(2,6,4),(2,5,4),(2,5,4),(2,5,5),
160:(3,1,4),(3,1,4),(4,1,4),(5,1,4),(5,1,3),(5,1,3),(5,1,2),(5,1,1),(5,1,0),
161:(1,8,4),(2,8,4),(2,8,3),(3,8,3),(4,8,3),(5,8,3),(5,7,3),
