soc=1434
lb_soc=1003
makespan=20
lb_makespan=15
comp_time=3095
highLevelExpanded=41
lowLevelExpanded=9014
solution=
0:(3,8,2),(4,8,2),(5,8,2),(6,8,2),(7,8,2),(7,8,1),
1:(4,1,2),(3,1,2),(2,1,2),(2,1,3),(2,1,4),(2,2,4),(2,3,4),
2:(0,1,1),(0,1,0),
3:(7,8,5),(6,8,5),(5,8,5),(4,8,5),(3,8,5),(2,8,5),(2,8,4),(2,8,3),(2,8,2),(2,8,1),
4:(4,6,4),(4,6,5),(4,5,5),(4,4,5),(4,3,5),
5:(2,5,2),(3,5,2),(3,6,2),
6:(4,2,0),(3,2,0),(2,2,0),(1,2,0),(0,2,0),(0,2,1),(0,2,2),(0,3,2),
7:(6,8,1),(5,8,1),(4,8,1),(3,8,1),(2,8,1),(2,7,1),(2,7,0),(2,6,0),(2,5,0),(1,5,0),
8:(0,0,4),(1,0,4),(2,0,4),(2,0,3),(2,0,2),(3,0,2),(4,0,2),(5,0,2),(5,1,2),(5,2,2),(6,2,2),(6,3,2),(7,3,2),(8,3,2),(9,3,2),(9,4,2),(9,5,2),(9,6,2),(8,6,2),
9:(2,4,0),(3,4,0),(4,4,0),(5,4,0),(6,4,0),(7,4,0),(8,4,0),(8,4,1),(8,3,1),
10:(4,5,3),(3,5,3),(2,5,3),(1,5,3),(1,5,2),(1,5,1),(1,5,0),(1,6,0),
11:(8,1,1),(7,1,1),(7,1,2),(7,1,3),(6,1,3),(6,1,4),(6,2,4),(6,3,4),(6,4,4),(6,5,4),(5,5,4),(5,6,4),(4,6,4),(3,6,4),(3,7,4),(3,8,4),
12:(7,3,3),(6,3,3),(5,3,3),(4,3,3),(3,3,3),(2,3,3),(1,3,3),(1,3,2),(1,3,1),(1,2,1),(1,1,1),(1,0,1),
13:(0,2,1),(1,2,1),(1,3,1),(1,3,2),(1,4,2),(1,5,2),(1,5,3),(1,6,3),(1,7,3),(1,8,3),(2,8,3),(3,8,3),(4,8,3),(5,8,3),
14:(3,2,3),(4,2,3),(4,2,2),(4,3,2),(4,4,2),(4,5,2),(4,6,2),
15:(6,1,3),(5,1,3),(4,1,3),(3,1,3),(2,1,3),(1,1,3),(1,1,4),(1,1,5),
16:(7,7,5),(6,7,5),(5,7,5),(4,7,5),(3,7,5),(2,7,5),(1,7,5),(0,7,5),(0,7,4),(0,7,3),(0,8,3),(0,8,2),(0,8,1),(0,8,0),
17:(6,7,2),(5,7,2),(4,7,2),(3,7,2),(2,7,2),(1,7,2),(1,7,1),(0,7,1),(0,6,1),(0,5,1),(0,4,1),(0,4,2),
18:(3,2,2),(2,2,2),(1,2,2),(1,2,3),(1,2,4),(1,1,4),(1,0,4),
19:(7,6,3),(8,6,3),(8,6,4),(8,6,5),(8,5,5),(8,4,5),(8,3,5),(8,2,5),(8,1,5),(8,0,5),
20:(0,5,5),(1,5,5),(2,5,5),(3,5,5),(4,5,5),(5,5,5),(6,5,5),(6,5,4),(6,5,3),(6,5,2),(6,5,1),(6,5,0),(6,4,0),(6,3,0),(6,2,0),(6,1,0),
21:(7,8,0),(6,8,0),(5,8,0),(4,8,0),(3,8,0),(3,8,1),(3,7,1),(3,6,1),(2,6,1),(2,6,2),(2,5,2),(1,5,2),
22:(6,6,1),(6,6,2),(6,6,3),(6,6,4),(6,6,5),
23:(4,8,1),(3,8,1),(2,8,1),(1,8,1),(1,7,1),(1,6,1),(1,5,1),(1,5,2),(1,5,3),(1,4,3),(1,3,3),(1,2,3),(1,2,4),(1,1,4),
24:(6,0,0),(5,0,0),(4,0,0),(3,0,0),(3,1,0),(3,2,0),(3,2,1),
25:(5,4,3),(5,4,2),(5,4,1),(5,3,1),(5,2,1),(5,1,1),(5,0,1),
26:(1,6,1),(2,6,1),(2,6,2),(2,6,3),(3,6,3),(3,6,4),(3,6,5),
27:(5,5,3),(6,5,3),(7,5,3),(7,5,2),(7,5,1),(7,5,0),(7,4,0),(7,3,0),
28:(4,2,5),(5,2,5),(6,2,5),(7,2,5),(8,2,5),(8,2,4),(8,2,3),(8,2,2),(8,3,2),(8,4,2),(8,4,1),
29:(8,4,0),(8,4,1),(8,4,2),(8,4,3),(8,4,4),(8,3,4),(8,3,4),(8,3,5),
30:(7,8,4),(6,8,4),(5,8,4),(5,8,5),(5,7,5),(5,6,5),(5,5,5),(5,4,5),(5,3,5),(5,2,5),(5,1,5),
31:(1,1,2),(2,1,2),(2,1,1),(3,1,1),(3,2,1),(4,2,1),(5,2,1),(5,2,0),(5,3,0),(5,4,0),(5,5,0),(5,6,0),(6,6,0),
32:(5,7,0),(4,7,0),(4,7,1),(4,6,1),(4,5,1),(4,4,1),(4,3,1),(4,3,2),(4,2,2),(4,1,2),
33:(1,8,5),(2,8,5),(3,8,5),(3,8,4),(4,8,4),(5,8,4),(6,8,4),(7,8,4),(7,8,3),(7,8,2),(7,7,2),(7,7,1),(7,7,0),(7,6,0),(7,5,0),(7,4,0),(8,4,0),(8,3,0),(8,2,0),(8,1,0),(8,0,0),
34:(1,5,1),(2,5,1),(2,5,2),(2,6,2),(2,6,2),(2,7,2),
35:(5,3,4),(5,3,3),(5,3,2),(5,4,2),(5,4,1),(5,4,0),(4,4,0),
36:(2,6,4),(3,6,4),(4,6,4),(4,6,5),(4,6,5),(4,5,5),
37:(4,1,4),(3,1,4),(2,1,4),(1,1,4),(1,1,5),(1,2,5),(1,3,5),(1,4,5),(1,5,5),(1,6,5),(1,7,5),
38:(7,5,2),(6,5,2),(5,5,2),(4,5,2),(4,6,2),(4,6,1),(4,7,1),(4,8,1),
39:(3,1,2),(3,1,1),(4,1,1),(4,1,0),(5,1,0),(6,1,0),(7,1,0),(8,1,0),(8,2,0),(8,3,0),(8,4,0),(8,5,0),(8,6,0),
40:(6,5,1),(5,5,1),(4,5,1),(3,5,1),(2,5,1),(2,5,2),(1,5,2),(1,5,3),(1,6,3),
41:(0,2,2),(1,2,2),(1,3,2),(2,3,2),(3,3,2),(4,3,2),(5,3,2),
42:(3,5,3),(3,6,3),(4,6,3),(5,6,3),(6,6,3),(7,6,3),(8,6,3),(8,7,3),
43:(5,4,1),(6,4,1),(7,4,1),(7,4,2),(7,4,3),(7,4,4),(7,3,4),(7,2,4),
44:(6,4,0),(5,4,0),(5,5,0),(5,6,0),(5,6,1),(5,6,2),(5,6,3),(4,6,3),(4,6,4),(4,7,4),
45:(5,4,5),(6,4,5),(7,4,5),(7,4,4),(7,5,4),(8,5,4),(8,6,4),(8,7,4),(8,7,4),(8,8,4),
46:(1,0,5),(0,0,5),(0,1,5),(0,2,5),(0,2,5),(0,3,5),(0,4,5),(0,5,5),(0,5,4),(0,6,4),(0,7,4),(0,8,4),
47:(2,3,0),(3,3,0),(4,3,0),(5,3,0),(5,4,0),(5,5,0),(5,6,0),(5,6,1),(5,6,2),(5,7,2),(5,7,3),(5,7,4),(5,7,5),
48:(4,0,3),(4,1,3),(4,2,3),
49:(7,2,5),(6,2,5),(6,2,4),(5,2,4),(4,2,4),(3,2,4),(2,2,4),(1,2,4),(0,2,4),(0,2,3),(0,2,2),(0,2,1),(0,2,0),(0,3,0),(0,4,0),
50:(6,6,2),(5,6,2),(5,7,2),(5,8,2),
51:(8,6,2),(7,6,2),(6,6,2),(6,6,3),(6,6,4),(6,7,4),(5,7,4),(4,7,4),(4,7,5),(4,6,5),
52:(2,0,5),(2,1,5),(2,2,5),(2,2,4),(2,3,4),(2,4,4),(2,5,4),(2,6,4),(3,6,4),(3,7,4),(3,7,3),(3,7,2),(4,7,2),(4,7,1),
53:(5,0,1),(6,0,1),(7,0,1),(7,1,1),(7,2,1),(7,3,1),(7,4,1),(7,5,1),(8,5,1),(8,6,1),(8,7,1),(8,7,1),(8,8,1),(8,8,2),
54:(3,3,2),(2,3,2),(2,4,2),(2,4,3),(2,4,4),(2,5,4),(2,6,4),(3,6,4),(3,7,4),(3,7,5),(4,7,5),(5,7,5),(6,7,5),
55:(0,8,2),(0,8,3),(0,7,3),(0,6,3),(0,5,3),(0,4,3),(0,3,3),(0,3,4),(0,3,4),(0,3,4),(0,2,4),
56:(1,4,4),(1,4,3),(1,4,2),(1,5,2),(1,6,2),
57:(8,3,3),(7,3,3),(6,3,3),(5,3,3),(4,3,3),(4,3,4),(4,2,4),(4,2,5),
58:(4,2,4),(5,2,4),(5,2,3),(6,2,3),(6,2,2),(6,2,1),(6,1,1),
59:(7,0,5),(7,0,4),(7,0,3),(7,0,2),(7,0,1),(7,1,1),(7,2,1),(7,3,1),(7,4,1),(8,4,1),(8,5,1),(8,6,1),
60:(6,7,3),(5,7,3),(4,7,3),(3,7,3),(3,7,2),(3,7,1),(2,7,1),
61:(7,5,4),(6,5,4),(6,5,3),(6,4,3),(6,4,2),(6,4,1),(6,3,1),(6,2,1),(5,2,1),(4,2,1),(4,3,1),(3,3,1),(2,3,1),(1,3,1),(1,2,1),
62:(3,3,0),(3,3,1),(2,3,1),(2,2,1),
63:(2,1,3),(3,1,3),(3,0,3),
64:(7,4,1),(7,4,2),(7,4,3),(7,4,3),(7,4,4),(7,4,5),
65:(0,4,4),(1,4,4),(2,4,4),(3,4,4),(4,4,4),(4,4,3),(5,4,3),(6,4,3),(7,4,3),(8,4,3),(8,4,2),(8,5,2),
66:(8,6,4),(7,6,4),(6,6,4),(5,6,4),(4,6,4),(4,5,4),(3,5,4),(2,5,4),(1,5,4),(1,4,4),(1,3,4),
67:(5,0,5),(6,0,5),(6,0,4),(6,1,4),(6,2,4),(6,2,3),(6,3,3),(6,3,2),(6,4,2),(6,4,2),(6,5,2),(6,6,2),(7,6,2),(7,6,1),(7,7,1),(8,7,1),
68:(3,7,5),(4,7,5),(4,7,4),(4,6,4),(4,5,4),(4,4,4),(4,4,4),(5,4,4),
69:(5,7,3),(4,7,3),(3,7,3),(2,7,3),(1,7,3),(0,7,3),(0,6,3),(0,5,3),(0,4,3),(0,3,3),(0,2,3),(0,2,2),(0,1,2),
70:(0,6,0),(1,6,0),(2,6,0),(3,6,0),(4,6,0),(5,6,0),(6,6,0),(6,6,1),(6,6,2),(6,6,3),(6,5,3),(6,4,3),
71:(1,4,3),(0,4,3),(0,4,2),(0,5,2),(0,6,2),(0,7,2),
72:(6,3,3),(6,3,4),(7,3,4),(7,3,5),(7,2,5),
73:(4,8,2),(4,8,1),(3,8,1),(2,8,1),(1,8,1),(1,7,1),(1,6,1),(1,5,1),(1,4,1),(1,3,1),(1,2,1),(1,1,1),
74:(6,1,0),(6,1,1),(6,1,2),(6,1,3),(6,1,4),(6,2,4),(6,3,4),(6,4,4),(7,4,4),(7,5,4),(8,5,4),(8,5,5),(8,4,5),
75:(2,0,0),(3,0,0),(3,0,1),(4,0,1),(5,0,1),(6,0,1),(7,0,1),(7,0,2),(7,0,3),(7,1,3),(7,2,3),(7,3,3),(7,4,3),(7,5,3),(7,6,3),(7,7,3),
76:(4,3,0),(5,3,0),(5,3,1),(6,3,1),(6,3,1),(5,3,1),
77:(6,6,3),(5,6,3),(5,5,3),(4,5,3),(3,5,3),(2,5,3),
78:(2,5,1),(3,5,1),(3,4,1),(3,3,1),(3,3,1),(3,3,2),
79:(7,0,0),(6,0,0),(5,0,0),(4,0,0),(3,0,0),(2,0,0),(2,0,1),(2,0,2),(2,1,2),(2,2,2),(2,3,2),(2,4,2),(2,5,2),(2,6,2),(2,6,3),(2,7,3),
80:(2,4,5),(3,4,5),(3,5,5),(3,6,5),(3,6,5),(4,6,5),(5,6,5),
81:(4,0,0),(4,1,0),(3,1,0),(3,2,0),(3,3,0),(3,4,0),
82:(0,8,3),(1,8,3),(2,8,3),(3,8,3),(4,8,3),(5,8,3),(6,8,3),(6,7,3),(6,7,2),(6,7,1),(6,6,1),(6,5,1),(6,4,1),(6,3,1),(6,2,1),(7,2,1),(7,1,1),(7,0,1),
83:(3,2,0),(3,2,1),(4,2,1),(5,2,1),(6,2,1),(7,2,1),(7,2,2),(7,2,3),(7,3,3),(7,3,4),(7,4,4),(7,5,4),
84:(8,6,0),(7,6,0),(6,6,0),(6,6,1),(6,6,2),(6,6,3),(6,6,3),(5,6,3),(4,6,3),(3,6,3),(2,6,3),(2,6,4),(1,6,4),
85:(6,0,1),(7,0,1),(7,0,2),(7,1,2),(7,1,3),(7,2,3),(7,3,3),(8,3,3),(8,4,3),(8,5,3),(8,6,3),(8,6,4),
86:(8,1,5),(7,1,5),(6,1,5),(5,1,5),(4,1,5),(3,1,5),(3,1,4),(2,1,4),(2,1,3),(2,1,2),(2,2,2),(2,3,2),(2,4,2),(2,4,1),(2,5,1),(2,5,0),(2,6,0),(2,7,0),(2,8,0),
87:(1,7,0),(1,7,1),(1,6,1),(1,5,1),(1,4,1),(1,4,2),(2,4,2),(2,3,2),(2,2,2),(3,2,2),(3,2,3),(3,2,4),
88:(6,7,0),(5,7,0),(4,7,0),(3,7,0),(3,7,1),(3,6,1),(3,5,1),(3,4,1),(3,3,1),(3,3,0),(3,2,0),(3,1,0),(3,1,1),(3,1,2),
89:(3,4,1),(3,4,2),(3,4,3),(4,4,3),(5,4,3),(6,4,3),(7,4,3),(7,4,4),(7,3,4),(8,3,4),
90:(0,6,5),(1,6,5),(2,6,5),(2,5,5),(3,5,5),(3,4,5),(3,3,5),(3,2,5),(3,1,5),(3,0,5),(4,0,5),(5,0,5),(6,0,5),(7,0,5),
91:(4,5,0),(5,5,0),(6,5,0),(7,5,0),(8,5,0),(8,5,1),(8,4,1),(8,3,1),(8,2,1),
92:(2,0,1),(1,0,1),(0,0,1),(0,1,1),(0,2,1),(0,3,1),(0,3,0),(0,4,0),(0,5,0),(0,6,0),(0,7,0),
93:(0,8,4),(1,8,4),(1,7,4),(1,6,4),(1,5,4),(1,4,4),(2,4,4),(3,4,4),(4,4,4),(4,3,4),(4,2,4),(5,2,4),(6,2,4),(6,1,4),(6,0,4),
94:(6,5,4),(6,4,4),(7,4,4),(8,4,4),(8,3,4),(8,3,3),(8,3,3),(8,2,3),
95:(5,7,1),(5,7,1),(5,7,0),(5,8,0),
96:(1,3,0),(2,3,0),(3,3,0),(4,3,0),(5,3,0),(6,3,0),(7,3,0),(7,2,0),(7,2,1),(7,1,1),(8,1,1),(8,1,2),(8,0,2),
97:(1,5,4),(0,5,4),(0,5,3),(0,4,3),(0,4,2),(0,4,1),(0,3,1),
98:(0,6,2),(1,6,2),(1,5,2),(2,5,2),(2,5,3),(2,4,3),(2,3,3),
99:(2,4,2),(2,4,3),(2,4,3),(1,4,3),(0,4,3),(0,4,4),
100:(1,3,5),(2,3,5),(3,3,5),(4,3,5),(5,3,5),(5,4,5),(5,4,4),(5,4,3),(5,5,3),
101:(2,0,4),(3,0,4),
102:(4,7,5),(5,7,5),(5,7,4),(6,7,4),(7,7,4),(7,7,3),(7,7,2),(7,6,2),(7,5,2),
103:(8,2,3),(7,2,3),(7,2,4),(7,1,4),(7,0,4),
104:(6,0,4),(6,0,3),(6,0,2),(6,1,2),(7,1,2),(7,2,2),(7,3,2),(7,4,2),(7,4,2),(7,4,1),(7,4,0),(8,4,0),(8,5,0),
105:(4,3,4),(5,3,4),(6,3,4),(7,3,4),(7,3,3),(7,3,2),(7,4,2),(7,5,2),(8,5,2),(8,6,2),(8,7,2),
106:(5,8,1),(5,8,2),(5,8,3),(5,7,3),(5,7,3),(5,6,3),(5,5,3),(6,5,3),(6,4,3),(6,3,3),(6,2,3),(6,1,3),(7,1,3),(7,0,3),
107:(7,3,5),(6,3,5),(5,3,5),(5,2,5),(4,2,5),(3,2,5),(2,2,5),
108:(2,3,5),(2,3,4),(2,3,3),(1,3,3),(1,3,2),(1,3,1),(1,3,0),(1,2,0),(2,2,0),(3,2,0),(3,1,0),(3,0,0),
109:(8,6,1),(7,6,1),(6,6,1),(5,6,1),(5,5,1),(5,4,1),(5,4,2),(5,4,2),(5,4,3),(4,4,3),(4,4,4),(4,4,5),
110:(8,2,0),(8,2,1),(8,2,2),(8,2,3),(8,3,3),(8,4,3),(8,4,4),
111:(6,3,2),(5,3,2),(4,3,2),(4,4,2),(4,4,3),(4,5,3),(4,5,4),
112:(5,2,2),(4,2,2),(3,2,2),(2,2,2),(2,3,2),(2,3,1),(2,4,1),(2,5,1),(2,5,1),(1,5,1),
113:(3,8,3),(4,8,3),(4,8,2),(4,8,1),(5,8,1),(6,8,1),(6,7,1),(7,7,1),(7,6,1),(7,5,1),(7,5,1),(8,5,1),
114:(4,5,4),(4,4,4),(4,3,4),(4,2,4),(4,1,4),(4,1,5),
115:(2,7,0),(2,7,1),(2,6,1),(2,5,1),(2,5,2),(2,4,2),(2,4,3),(2,4,4),(2,4,5),(1,4,5),(0,4,5),
116:(4,7,4),(3,7,4),(3,6,4),(3,5,4),(3,4,4),(3,3,4),
117:(7,2,3),(6,2,3),(6,2,3),(6,2,4),(6,3,4),(6,4,4),(6,5,4),(5,5,4),(5,6,4),(4,6,4),(3,6,4),(3,7,4),(2,7,4),(1,7,4),(0,7,4),
118:(3,3,5),(4,3,5),(4,4,5),(5,4,5),(6,4,5),(6,5,5),(7,5,5),(7,6,5),
119:(1,2,2),(1,2,3),(2,2,3),
120:(2,0,3),(3,0,3),(4,0,3),(4,1,3),(3,1,3),(3,2,3),(3,3,3),(4,3,3),(4,4,3),(4,5,3),(4,6,3),(4,7,3),
121:(0,5,3),(1,5,3),(1,5,4),(2,5,4),(3,5,4),(3,5,5),(3,4,5),(4,4,5),(5,4,5),(5,3,5),(5,2,5),(6,2,5),(6,1,5),(6,0,5),
122:(6,5,5),(5,5,5),(5,6,5),(5,7,5),(5,7,4),(5,7,3),(5,7,2),(5,7,1),(5,7,0),
123:(2,1,1),(2,2,1),(3,2,1),(3,2,2),(3,2,3),(3,3,3),(3,4,3),
124:(3,0,5),(3,1,5),(3,2,5),(3,3,5),(3,4,5),(2,4,5),(2,5,5),(3,5,5),(3,5,4),(3,5,3),(4,5,3),(4,6,3),
125:(0,4,1),(1,4,1),(2,4,1),(3,4,1),(4,4,1),(4,4,2),(4,5,2),
126:(7,3,1),(6,3,1),(6,3,2),(5,3,2),(5,4,2),(5,5,2),
127:(7,5,5),(6,5,5),(5,5,5),(5,5,4),(5,6,4),(5,7,4),(5,7,3),(5,7,2),(5,7,1),
128:(1,2,5),(2,2,5),(2,2,4),(2,3,4),(2,3,3),(2,3,2),(2,3,1),(2,3,0),(2,4,0),
129:(5,4,2),(4,4,2),(3,4,2),(3,3,2),(3,2,2),(3,1,2),(3,1,3),(3,1,4),
130:(3,5,2),(4,5,2),(4,4,2),(3,4,2),(2,4,2),(3,4,2),(4,4,2),
131:(2,7,2),(3,7,2),(3,7,1),(3,6,1),(3,5,1),(3,4,1),(3,3,1),(4,3,1),(4,3,1),(4,3,2),(4,2,2),(5,2,2),
132:(1,6,2),(1,6,1),(1,5,1),(1,4,1),(2,4,1),(2,4,1),(3,4,1),(4,4,1),(5,4,1),(6,4,1),(7,4,1),(7,3,1),
133:(4,5,1),(4,5,1),(4,4,1),(5,4,1),(6,4,1),(6,3,1),(6,3,2),(6,2,2),(7,2,2),
134:(0,6,1),(0,6,2),(1,6,2),(1,6,3),(2,6,3),(3,6,3),(3,6,4),(3,5,4),(3,4,4),(4,4,4),(4,4,5),(5,4,5),(6,4,5),(6,4,4),(7,4,4),
135:(8,0,5),(7,0,5),(7,0,4),(6,0,4),(5,0,4),(5,0,3),(5,0,2),(5,1,2),(5,1,1),(5,1,0),(5,2,0),
136:(2,7,3),(2,6,3),(2,6,3),(2,5,3),(1,5,3),(0,5,3),(0,5,2),
137:(0,3,1),(0,3,2),(0,3,3),(0,3,4),(0,3,5),(0,4,5),(0,5,5),(0,6,5),
138:(2,6,5),(2,6,4),(1,6,4),(1,5,4),(1,4,4),(1,4,3),(0,4,3),(0,3,3),(0,2,3),(0,2,2),(-1,2,2),(-1,2,2),(0,2,2),
139:(5,2,4),(5,2,3),(5,2,2),(4,2,2),(4,3,2),(4,3,3),(4,4,3),(4,5,3),(4,5,3),(4,6,3),(3,6,3),(2,6,3),(2,7,3),(1,7,3),(1,8,3),
140:(8,5,2),(7,5,2),(6,5,2),(6,4,2),(6,3,2),(6,2,2),(6,1,2),(6,0,2),(5,0,2),(4,0,2),(3,0,2),(2,0,2),(2,0,1),(2,0,0),
141:(5,7,5),(5,7,4),(5,7,3),(5,7,2),(5,7,1),(5,6,1),(5,5,1),(5,4,1),(6,4,1),(6,3,1),(6,2,1),(5,2,1),(5,1,1),
142:(0,1,5),(1,1,5),(2,1,5),
143:(1,7,5),(2,7,5),(3,7,5),(3,7,4),(3,6,4),(3,5,4),(3,4,4),(4,4,4),(4,3,4),(4,3,3),(5,3,3),(6,3,3),(6,2,3),(6,1,3),(6,0,3),(6,0,2),(6,0,1),
144:(3,7,0),(3,7,1),(2,7,1),(1,7,1),(0,7,1),(0,6,1),(0,6,2),(0,6,3),(0,5,3),(0,4,3),(0,3,3),(0,3,4),(0,3,5),
145:(6,2,0),(5,2,0),(4,2,0),(4,2,1),(4,2,2),(3,2,2),(3,2,3),(3,2,4),(2,2,4),(2,1,4),(2,0,4),(2,0,5),(1,0,5),
146:(8,6,3),(8,7,3),(7,7,3),(6,7,3),(6,7,2),(5,7,2),(4,7,2),(3,7,2),(3,7,3),(2,7,3),(1,7,3),(0,7,3),(0,6,3),(0,5,3),(0,4,3),(0,3,3),
147:(6,7,4),(6,6,4),(5,6,4),(5,6,5),(5,6,6),(4,6,6),(3,6,6),(2,6,6),(1,6,6),(1,6,6),(1,6,5),
148:(3,8,0),(3,7,0),(3,6,0),(4,6,0),(4,5,0),(4,5,0),(4,5,1),
149:(1,2,0),(2,2,0),(2,1,0),(2,1,1),(2,1,2),(2,1,3),(2,1,3),(2,1,3),(3,1,3),
150:(3,6,1),(4,6,1),(4,6,2),(4,6,3),(5,6,3),(5,6,4),(6,6,4),
151:(8,0,2),(8,1,2),(8,1,2),(8,2,2),(8,3,2),(8,4,2),(8,4,2),(8,4,2),(8,4,2),(7,4,2),(7,4,2),(8,4,2),
152:(5,7,4),(5,6,4),(5,5,4),(5,4,4),(5,3,4),
153:(4,6,5),(5,6,5),(6,6,5),(6,7,5),(6,8,5),
154:(6,2,2),(5,2,2),(6,2,2),(5,2,2),(5,2,3),(5,2,4),(5,2,4),(4,2,4),(3,2,4),(2,2,4),(1,2,4),(1,2,5),(1,3,5),
155:(3,1,4),(3,2,4),(3,2,3),(3,3,3),(3,4,3),(3,5,3),(4,5,3),(5,5,3),(5,6,3),(5,6,2),(6,6,2),(6,6,1),
156:(4,2,1),(4,3,1),(4,3,1),(4,4,1),(4,4,0),(4,4,0),(4,5,0),(4,6,0),(4,7,0),(4,8,0),
157:(7,5,3),(7,4,3),(6,4,3),(5,4,3),(5,3,3),(5,2,3),(5,1,3),(4,1,3),(4,1,2),(4,1,1),
158:(2,2,3),(3,2,3),(3,1,3),(3,1,2),(4,1,2),(5,1,2),(5,1,2),(6,1,2),
159:(6,1,5),(5,1,5),(4,1,5),(3,1,5),(3,1,4),(2,1,4),(2,0,4),(2,0,3),(2,0,2),(1,0,2),(0,0,2),
160:(1,6,4),(1,5,4),(1,4,4),(1,3,4),(1,3,3),(1,2,3),(1,1,3),(1,0,3),
161:(7,3,2),(7,3,2),(7,3,3),(6,3,3),(6,3,3),(6,3,4),(6,3,5),
