soc=1344
lb_soc=960
makespan=17
lb_makespan=15
comp_time=2650
highLevelExpanded=38
lowLevelExpanded=10764
solution=
0:(0,5,2),(1,5,2),(2,5,2),(3,5,2),(3,6,2),(3,7,2),(3,8,2),
1:(3,3,1),(4,3,1),(4,3,0),(4,4,0),(4,5,0),(4,6,0),
2:(8,2,3),(7,2,3),(6,2,3),(5,2,3),(4,2,3),(3,2,3),(2,2,3),(1,2,3),(1,2,4),(1,2,5),(1,1,5),
3:(6,2,2),(5,2,2),(4,2,2),(3,2,2),(2,2,2),(1,2,2),(1,2,1),(1,3,1),(1,4,1),(1,5,1),(1,6,1),(1,7,1),
4:(0,0,1),(1,0,1),(2,0,1),(3,0,1),(4,0,1),(4,0,2),(4,0,3),(4,0,4),(4,0,5),(4,1,5),
5:(7,0,5),(8,0,5),(8,0,4),(8,1,4),(8,2,4),(8,3,4),(8,4,4),(8,5,4),(8,6,4),(8,6,3),(8,6,2),
6:(8,4,3),(7,4,3),(6,4,3),(5,4,3),(4,4,3),(3,4,3),(2,4,3),(2,3,3),(2,2,3),(1,2,3),(1,2,2),(1,2,1),(1,2,0),(0,2,0),(0,1,0),
7:(4,3,2),(3,3,2),(2,3,2),(1,3,2),(1,3,1),(1,3,0),(1,4,0),(1,5,0),(1,6,0),(1,7,0),(1,8,0),
8:(0,4,0),(1,4,0),(2,4,0),(3,4,0),(4,4,0),(4,4,1),(4,4,2),(4,4,3),(4,3,3),(4,2,3),(4,1,3),(4,1,4),
9:(4,6,5),(3,6,5),(3,6,4),(3,5,4),(3,4,4),(3,4,4),(3,4,3),
10:(3,5,3),(2,5,3),(2,6,3),(2,7,3),
11:(1,2,3),(1,2,2),(1,3,2),(1,4,2),(1,5,2),(1,5,1),(1,6,1),(1,7,1),(1,8,1),(2,8,1),(3,8,1),(4,8,1),
12:(1,1,1),(0,1,1),(0,1,0),(0,2,0),(0,3,0),
13:(3,0,3),(4,0,3),(5,0,3),(6,0,3),(6,1,3),(6,2,3),(6,3,3),(6,4,3),(5,4,3),(5,4,4),(5,5,4),
14:(4,2,3),(3,2,3),(3,2,2),(3,2,1),(3,2,0),
15:(5,8,4),(4,8,4),(4,8,3),(4,8,2),(4,8,1),(3,8,1),(3,8,0),(3,7,0),(3,6,0),(3,5,0),(3,4,0),(2,4,0),(2,3,0),(2,2,0),
16:(3,7,0),(3,7,1),(3,6,1),(3,5,1),(3,4,1),(3,4,2),(3,3,2),(3,3,3),(3,2,3),(3,1,3),
17:(7,3,3),(7,3,2),(7,4,2),(7,5,2),(7,6,2),
18:(3,2,0),(4,2,0),(5,2,0),(6,2,0),(7,2,0),(8,2,0),(8,2,1),(8,2,2),(8,2,3),(8,2,4),
19:(7,5,2),(7,5,3),(8,5,3),(8,4,3),(8,3,3),(8,2,3),(8,1,3),(8,0,3),(7,0,3),
20:(2,8,4),(3,8,4),(3,8,5),(4,8,5),(4,7,5),(4,6,5),(4,5,5),(4,4,5),(4,3,5),
21:(2,4,5),(3,4,5),(4,4,5),(4,4,4),(4,3,4),(4,2,4),
22:(3,7,1),(2,7,1),(2,7,0),(2,6,0),(2,5,0),
23:(0,6,2),(1,6,2),(1,6,3),(1,5,3),(1,4,3),(1,3,3),(1,2,3),(1,1,3),(1,0,3),
24:(7,8,4),(6,8,4),(5,8,4),(4,8,4),(4,8,3),(4,7,3),(4,6,3),(4,5,3),(4,4,3),(4,3,3),(4,2,3),(4,1,3),(4,0,3),
25:(7,2,4),(6,2,4),(5,2,4),(4,2,4),(3,2,4),(3,3,4),(3,4,4),(3,5,4),
26:(0,0,3),(1,0,3),(1,0,2),(1,1,2),(1,2,2),(1,3,2),
27:(6,6,3),(6,6,4),(6,6,5),(6,5,5),
28:(4,7,1),(5,7,1),(6,7,1),(7,7,1),(7,7,2),(7,7,3),(7,7,4),
29:(4,0,0),(5,0,0),(5,0,1),(5,0,2),
30:(3,8,2),(2,8,2),(2,7,2),(2,6,2),(2,6,3),(2,6,4),(2,5,4),(2,5,3),(2,4,3),(2,3,3),(2,2,3),(2,1,3),(2,0,3),(2,0,4),
31:(6,6,0),(5,6,0),(4,6,0),(3,6,0),(2,6,0),(2,6,1),(2,6,2),(2,7,2),(2,8,2),(2,8,3),
32:(0,5,4),(1,5,4),(2,5,4),(2,5,5),(3,5,5),(3,4,5),(3,3,5),(3,2,5),(3,1,5),(3,0,5),
33:(7,1,2),(6,1,2),(5,1,2),(4,1,2),(3,1,2),(2,1,2),(1,1,2),(1,2,2),(1,2,3),(1,3,3),(1,4,3),
34:(6,3,2),(6,3,1),(7,3,1),
35:(2,3,2),(2,3,1),(3,3,1),(4,3,1),(4,4,1),(5,4,1),(6,4,1),(6,5,1),(6,6,1),
36:(8,7,0),(7,7,0),(6,7,0),(5,7,0),(4,7,0),(3,7,0),(3,6,0),(3,5,0),(3,4,0),(3,3,0),
37:(6,4,0),(7,4,0),(7,4,1),(7,4,2),(7,4,3),(7,5,3),(7,5,4),(7,5,5),(7,6,5),(7,7,5),
38:(3,0,4),(2,0,4),(2,0,3),(2,0,2),(2,1,2),(2,2,2),(2,3,2),(2,4,2),(2,5,2),(2,6,2),
39:(1,0,2),(2,0,2),(3,0,2),(4,0,2),(4,1,2),(5,1,2),(5,1,1),(5,2,1),(4,2,1),(4,3,1),(4,4,1),(4,5,1),(4,6,1),(5,6,1),
40:(5,3,2),(6,3,2),(7,3,2),(8,3,2),(8,4,2),(8,5,2),
41:(4,8,3),(5,8,3),(5,7,3),(5,7,4),(5,7,5),
42:(1,5,4),(2,5,4),(3,5,4),(4,5,4),(5,5,4),(5,5,5),(5,4,5),(5,3,5),
43:(4,5,5),(3,5,5),(2,5,5),(1,5,5),(0,5,5),(0,5,4),(0,5,3),(0,5,2),(0,4,2),(0,3,2),(0,2,2),(0,1,2),(0,0,2),
44:(3,1,5),(4,1,5),(5,1,5),(6,1,5),
45:(7,1,1),(6,1,1),(5,1,1),(4,1,1),(4,2,1),(4,3,1),(4,4,1),(4,5,1),(4,6,1),(4,6,2),(4,7,2),(4,8,2),
46:(6,2,1),(5,2,1),(5,2,2),(5,3,2),(5,3,3),(5,3,4),
47:(6,6,4),(5,6,4),(4,6,4),(3,6,4),(2,6,4),(1,6,4),(1,6,3),(0,6,3),(0,6,2),(0,5,2),(0,4,2),(0,3,2),(0,2,2),(0,1,2),
48:(0,2,3),(1,2,3),(2,2,3),(3,2,3),(3,3,3),(4,3,3),(4,4,3),(4,4,4),(5,4,4),(5,5,4),(6,5,4),(6,6,4),(6,6,5),
49:(1,3,0),(2,3,0),(3,3,0),(4,3,0),(5,3,0),(6,3,0),(7,3,0),(8,3,0),(8,4,0),(8,5,0),(8,6,0),(8,7,0),(8,7,1),(8,7,2),(8,8,2),(8,8,3),(8,8,4),
50:(0,7,0),(1,7,0),(1,7,1),(2,7,1),(2,7,2),(2,6,2),(2,6,3),(3,6,3),(4,6,3),(5,6,3),(6,6,3),(6,6,3),(6,6,4),(7,6,4),(7,5,4),(8,5,4),(8,5,5),
51:(7,0,0),(6,0,0),(5,0,0),(4,0,0),(3,0,0),(2,0,0),(1,0,0),(1,0,1),(1,0,2),(1,1,2),(1,1,3),(1,1,4),(1,2,4),(1,3,4),
52:(1,7,3),(2,7,3),(3,7,3),(4,7,3),(5,7,3),(5,6,3),(5,5,3),(5,4,3),(5,3,3),(5,2,3),(5,1,3),
53:(4,1,4),(4,2,4),(4,2,5),(4,3,5),(4,4,5),(4,5,5),(5,5,5),(4,5,5),(4,6,5),
54:(5,0,5),(6,0,5),(6,1,5),(6,2,5),(6,3,5),(6,4,5),(6,4,6),(6,5,6),(6,6,6),(6,6,5),(6,6,4),(6,7,4),(6,7,3),(7,7,3),(7,7,2),
55:(4,6,3),(5,6,3),(6,6,3),(7,6,3),(8,6,3),(8,5,3),
56:(4,2,1),(3,2,1),(2,2,1),(2,2,2),(2,2,3),(2,2,4),(2,2,5),(2,1,5),(2,0,5),
57:(6,1,0),(7,1,0),(8,1,0),(8,1,1),(8,1,2),(8,1,3),(8,1,4),(8,2,4),(8,3,4),(8,4,4),
58:(7,2,5),(6,2,5),(6,2,4),
59:(1,0,5),(2,0,5),(3,0,5),(4,0,5),(5,0,5),(5,0,4),(5,0,3),(6,0,3),(6,0,2),(7,0,2),(7,0,1),(7,0,0),(7,1,0),(7,1,-1),(7,2,-1),(7,3,-1),(7,3,0),
60:(0,4,5),(1,4,5),(2,4,5),(3,4,5),(3,3,5),(4,3,5),(5,3,5),(6,3,5),(6,2,5),
61:(0,8,3),(1,8,3),(2,8,3),(3,8,3),(3,8,2),(4,8,2),(5,8,2),(5,7,2),(5,6,2),(6,6,2),(6,5,2),(6,4,2),(7,4,2),(7,3,2),(7,2,2),(7,2,1),(7,1,1),(7,1,0),
62:(1,6,3),(2,6,3),(3,6,3),(4,6,3),(4,6,2),(4,5,2),(5,5,2),(5,4,2),(5,4,2),(4,4,2),
63:(3,6,2),(2,6,2),(1,6,2),(0,6,2),(0,6,3),(0,5,3),(0,4,3),(0,4,4),(0,3,4),(0,2,4),(0,1,4),(0,0,4),(0,0,5),
64:(2,2,3),(2,3,3),(3,3,3),(4,3,3),(4,3,2),(5,3,2),(6,3,2),(7,3,2),(8,3,2),
65:(1,8,3),(2,8,3),(3,8,3),(4,8,3),(5,8,3),(5,7,3),(6,7,3),(6,6,3),(6,5,3),
66:(4,3,5),(5,3,5),(6,3,5),(6,3,4),(6,3,3),(6,3,2),(6,3,1),(6,3,0),(7,3,0),(8,3,0),
67:(6,4,1),(5,4,1),(5,3,1),
68:(2,5,4),(3,5,4),(3,5,3),(3,6,3),(3,7,3),
69:(0,3,2),(0,3,3),
70:(6,2,4),(5,2,4),(5,2,3),(5,2,2),(5,2,1),(5,2,0),(5,3,0),
71:(2,1,1),(3,1,1),(3,2,1),(3,3,1),
72:(0,6,4),(1,6,4),(2,6,4),(2,6,5),(3,6,5),(3,6,5),(4,6,5),(5,6,5),(6,6,5),(7,6,5),
73:(0,2,0),(1,2,0),(1,2,1),(1,3,1),(1,4,1),(1,4,2),(1,4,3),(1,5,3),(1,6,3),(1,7,3),
74:(8,6,2),(8,6,3),(8,7,3),
75:(6,5,3),(6,5,2),(7,5,2),(7,5,1),(7,5,0),(7,6,0),(7,7,0),
76:(1,2,0),(2,2,0),(3,2,0),(4,2,0),(5,2,0),(5,3,0),(5,4,0),(5,4,1),(5,5,1),(5,5,2),(5,5,3),(5,6,3),(5,6,4),
77:(7,3,5),(7,3,4),(7,3,3),(7,3,2),(7,4,2),(7,4,1),(7,4,0),(7,5,0),(7,6,0),(6,6,0),(6,7,0),(6,8,0),
78:(2,3,5),(3,3,5),(4,3,5),(5,3,5),(5,2,5),
79:(5,3,0),(4,3,0),(4,4,0),(4,4,1),(4,5,1),(3,5,1),(2,5,1),
80:(8,1,1),(8,2,1),(8,3,1),(8,4,1),(7,4,1),(6,4,1),(6,5,1),(6,6,1),(6,7,1),(5,7,1),(5,8,1),(5,9,1),(4,9,1),(3,9,1),(2,9,1),(1,9,1),(0,9,1),(0,8,1),
81:(2,6,0),(3,6,0),(3,7,0),(4,7,0),(4,7,1),
82:(5,7,4),(6,7,4),(6,7,3),(6,8,3),
83:(4,8,5),(5,8,5),(5,7,5),(5,6,5),(6,6,5),(7,6,5),(7,5,5),(7,4,5),(7,3,5),(7,3,4),(7,3,3),(7,2,3),(8,2,3),
84:(7,5,1),(7,5,0),(7,4,0),(7,3,0),(7,3,0),(7,2,0),
85:(2,4,1),(1,4,1),(0,4,1),(0,4,2),(0,4,3),(0,4,4),(0,4,5),(0,5,5),(0,6,5),
86:(1,1,0),(2,1,0),(2,1,1),(2,0,1),(2,0,1),(2,0,2),
87:(6,3,3),(5,3,3),(4,3,3),(4,3,4),(3,3,4),(2,3,4),(1,3,4),(1,4,4),(1,5,4),(1,6,4),(1,7,4),
88:(4,4,0),(3,4,0),(3,4,1),(2,4,1),(2,4,2),(2,4,3),(2,3,3),(2,3,4),(2,2,4),(2,1,4),
89:(1,0,0),(2,0,0),(3,0,0),(3,1,0),(4,1,0),(4,1,1),(4,2,1),(4,3,1),(4,4,1),(4,5,1),(4,6,1),(4,6,2),(4,6,3),(4,7,3),(4,8,3),(4,8,4),
90:(6,1,3),(5,1,3),(4,1,3),(3,1,3),(2,1,3),(1,1,3),(1,1,4),(1,2,4),(1,3,4),(1,4,4),(1,5,4),(1,6,4),
91:(2,6,5),(1,6,5),(0,6,5),(0,6,4),
92:(6,5,2),(5,5,2),(5,5,1),(5,5,0),
93:(1,6,5),(1,5,5),(1,5,4),(2,5,4),(3,5,4),(3,5,3),(3,5,2),(3,4,2),(3,3,2),(3,2,2),(3,2,1),(3,1,1),
94:(8,0,2),(7,0,2),(6,0,2),(6,0,1),(5,0,1),(4,0,1),(4,1,1),(4,1,0),(4,2,0),(4,3,0),(4,4,0),(3,4,0),(3,5,0),(3,6,0),(3,7,0),(3,8,0),
95:(7,8,3),(6,8,3),(6,8,2),(6,7,2),
96:(6,7,5),(5,7,5),(4,7,5),(4,7,4),(4,7,3),(4,7,2),(4,6,2),(4,5,2),
97:(8,8,5),(7,8,5),(6,8,5),(6,8,4),(6,7,4),(6,7,3),(6,6,3),(6,6,2),(6,5,2),(6,4,2),(6,3,2),(6,3,1),(6,2,1),(5,2,1),(5,1,1),
98:(5,5,2),(4,5,2),(3,5,2),(3,5,3),(2,5,3),(2,5,4),(2,5,5),(2,6,5),
99:(4,7,3),(3,7,3),(3,7,2),(2,7,2),(2,6,2),(2,5,2),(2,4,2),(2,4,1),(2,3,1),(1,3,1),(1,2,1),(1,1,1),(0,1,1),
100:(4,8,2),(4,7,2),(4,6,2),(4,5,2),(4,5,3),(4,5,4),
101:(4,1,0),(5,1,0),(6,1,0),(6,1,1),(6,1,2),(6,1,3),(6,2,3),(6,2,3),(6,3,3),
102:(3,3,5),(4,3,5),(5,3,5),(6,3,5),(6,3,4),(6,4,4),
103:(7,6,3),(7,6,2),(8,6,2),(8,6,1),
104:(8,1,3),(7,1,3),(7,1,4),(7,2,4),
105:(7,7,2),(6,7,2),(5,7,2),(5,6,2),(5,5,2),(5,4,2),(5,3,2),(4,3,2),(4,3,2),(3,3,2),(2,3,2),
106:(5,5,3),(4,5,3),(4,5,3),(4,5,3),(3,5,3),(2,5,3),(1,5,3),(0,5,3),
107:(0,7,1),(1,7,1),(2,7,1),(2,6,1),(2,5,1),(2,4,1),(2,3,1),(2,3,2),(2,3,3),(2,2,3),(2,1,3),(2,0,3),(3,0,3),
108:(0,3,5),(1,3,5),(2,3,5),(3,3,5),(4,3,5),(4,3,4),(4,3,3),(5,3,3),(5,3,2),(5,4,2),(5,4,1),(5,5,1),
109:(5,2,4),(5,3,4),(4,3,4),(3,3,4),(2,3,4),(1,3,4),(1,4,4),(1,5,4),(1,5,3),(1,5,2),(0,5,2),(0,6,2),(0,7,2),
110:(4,0,2),(4,0,1),(4,0,0),(4,1,0),(4,2,0),(4,3,0),(4,4,0),(5,4,0),(5,4,-1),(5,5,-1),(5,6,-1),(5,6,0),(5,7,0),(5,8,0),
111:(4,6,1),(4,5,1),(4,4,1),(4,4,2),(4,4,2),(4,3,2),(4,2,2),(4,2,1),(4,1,1),(4,0,1),
112:(2,5,1),(2,5,2),(2,5,3),(2,6,3),(3,6,3),(3,6,4),(3,6,5),(3,7,5),(3,8,5),
113:(1,4,5),(2,4,5),(3,4,5),(3,4,4),(3,4,3),(3,3,3),(3,2,3),(4,2,3),(4,2,2),(4,2,1),(4,2,0),
114:(4,7,4),(3,7,4),(2,7,4),(1,7,4),(1,7,5),
115:(5,5,4),(5,5,3),(5,5,2),(5,5,2),(4,5,2),(3,5,2),(3,6,2),
116:(1,7,2),(0,7,2),(0,6,2),(0,5,2),(0,4,2),(0,3,2),(0,2,2),(0,1,2),(1,1,2),(2,1,2),(3,1,2),(4,1,2),(5,1,2),(5,1,1),(6,1,1),(6,0,1),
117:(0,8,2),(1,8,2),(2,8,2),(3,8,2),(4,8,2),(5,8,2),(5,7,2),(5,6,2),(6,6,2),(6,5,2),(6,4,2),(7,4,2),(7,3,2),(7,2,2),(7,2,1),(7,1,1),(7,0,1),
118:(2,6,1),(3,6,1),(4,6,1),(5,6,1),(6,6,1),(6,6,2),(6,5,2),(6,4,2),(6,3,2),(6,2,2),(6,1,2),
119:(4,4,3),(4,4,2),(4,5,2),(4,5,1),(4,6,1),(3,6,1),(2,6,1),
120:(1,1,5),(2,1,5),(2,2,5),(2,3,5),
121:(6,5,4),(5,5,4),(5,4,4),(5,3,4),(5,2,4),(5,2,3),(5,2,2),(5,1,2),(5,1,1),(5,1,0),(5,0,0),
122:(0,6,0),(1,6,0),(1,6,1),(1,6,2),(1,6,3),(2,6,3),(3,6,3),(4,6,3),(5,6,3),(5,7,3),(5,8,3),
123:(7,3,2),(7,4,2),(7,4,3),(7,4,4),
124:(6,8,0),(5,8,0),(5,7,0),(5,6,0),(5,6,1),(5,6,2),(5,6,3),(5,6,4),(4,6,4),(3,6,4),(3,6,5),(3,5,5),(2,5,5),
125:(6,4,3),(6,4,2),(6,4,1),(6,3,1),(6,2,1),(7,2,1),(7,2,1),(8,2,1),
126:(7,6,2),(7,5,2),(7,5,3),(7,4,3),(7,3,3),(7,2,3),(7,1,3),
127:(8,7,2),(7,7,2),(6,7,2),(5,7,2),(4,7,2),(4,6,2),(4,5,2),(3,5,2),(3,5,2),(2,5,2),(1,5,2),(0,5,2),
128:(3,8,0),(3,8,1),(3,7,1),(3,6,1),(3,5,1),(3,4,1),(3,4,2),(3,3,2),(3,2,2),(4,2,2),(5,2,2),
129:(6,6,2),(5,6,2),(5,6,3),(5,6,4),(4,6,4),(4,6,4),(3,6,4),(2,6,4),(2,5,4),
130:(6,8,4),(5,8,4),(4,8,4),(3,8,4),(2,8,4),(2,7,4),(2,6,4),(2,5,4),(2,5,5),(2,4,5),(2,4,6),(2,3,6),(2,2,6),(2,2,5),(2,1,5),
131:(5,1,4),(4,1,4),(3,1,4),(2,1,4),(1,1,4),(1,2,4),(1,2,4),(1,3,4),(1,3,3),(1,4,3),(0,4,3),(0,4,2),(0,4,1),(0,4,0),(0,5,0),(0,6,0),
132:(2,0,0),(2,0,1),(2,0,2),(1,0,2),(1,0,3),(1,0,4),(1,0,4),(1,1,4),(1,1,4),(1,2,4),(1,3,4),(1,4,4),
133:(0,6,3),(1,6,3),(1,6,4),(2,6,4),(2,7,4),(3,7,4),(4,7,4),(5,7,4),(5,8,4),
134:(6,0,2),(5,0,2),(5,0,2),(5,1,2),(5,2,2),(4,2,2),(3,2,2),(2,2,2),(2,3,2),(2,4,2),(1,4,2),
135:(1,2,5),(1,2,4),(1,2,3),(1,2,2),(1,2,1),(2,2,1),
136:(5,1,1),(5,1,2),(5,1,3),(6,1,3),(6,1,4),(6,0,4),
137:(1,2,4),(0,2,4),(0,2,3),(0,2,2),(0,2,1),
138:(5,4,1),(5,5,1),(5,6,1),(5,7,1),(5,7,0),(4,7,0),(3,7,0),(2,7,0),(2,7,1),
139:(5,3,1),(5,3,0),(6,3,0),(6,3,0),(6,2,0),(6,1,0),
140:(5,6,5),(6,6,5),(7,6,5),(7,7,5),(7,8,5),(7,8,5),(7,8,4),(7,8,3),(7,8,2),(7,8,1),(7,8,0),
141:(4,8,0),(4,8,1),(5,8,1),(6,8,1),(7,8,1),(7,7,1),(7,6,1),(7,5,1),(7,4,1),
142:(2,4,0),(2,4,1),(2,4,2),(2,4,3),(2,4,4),(2,4,5),(3,4,5),(3,4,5),(4,4,5),(5,4,5),(6,4,5),
143:(6,8,1),(6,7,1),(6,6,1),(6,5,1),(5,5,1),(4,5,1),(3,5,1),(3,4,1),(2,4,1),(1,4,1),(1,5,1),
144:(0,3,3),(0,4,3),(0,5,3),(0,6,3),(0,7,3),(1,7,3),(1,7,4),(2,7,4),(3,7,4),(4,7,4),
145:(6,0,4),(5,0,4),(4,0,4),(3,0,4),(3,1,4),(3,2,4),(3,3,4),(3,3,4),(3,3,3),(3,3,3),(3,3,2),(3,4,2),(3,5,2),
146:(6,3,0),(6,4,0),(6,5,0),
147:(3,2,2),(4,2,2),(4,2,1),(5,2,1),(5,1,1),(6,1,1),(6,2,1),(6,3,1),(6,4,1),
148:(4,2,2),(4,3,2),(5,3,2),(6,3,2),(7,3,2),(7,3,3),(7,4,3),(7,5,3),(7,6,3),
149:(2,7,1),(2,7,0),(2,6,0),(2,5,0),(2,4,0),(2,3,0),(2,2,0),(1,2,0),(1,1,0),(1,0,0),
150:(1,5,1),(2,5,1),(3,5,1),(3,4,1),(3,4,2),(3,3,2),(3,3,3),(3,2,3),(3,2,4),(3,3,4),
151:(8,5,5),(7,5,5),(6,5,5),(5,5,5),(4,5,5),(3,5,5),(3,5,4),(3,5,3),(2,5,3),(2,4,3),(2,3,3),(2,2,3),
152:(8,4,1),(8,4,2),(8,4,3),(8,4,4),(8,4,5),(7,4,5),(6,4,5),(5,4,5),(5,5,5),
153:(4,1,5),(5,1,5),(5,1,4),(5,1,3),(5,1,2),(6,1,2),(6,1,1),(6,2,1),(6,2,0),
154:(6,1,4),(7,1,4),(7,2,4),(7,2,3),(7,2,2),(7,3,2),(7,4,2),(7,5,2),
155:(6,6,5),(6,7,5),
156:(5,4,3),(5,4,2),(5,4,1),(5,4,1),(5,4,0),(4,4,0),(3,4,0),(2,4,0),(1,4,0),(1,3,0),(1,3,1),(0,3,1),
157:(4,0,1),(3,0,1),(3,1,1),(2,1,1),(1,1,1),(1,2,1),(1,3,1),(1,4,1),(1,5,1),(0,5,1),(0,6,1),(0,7,1),
158:(0,1,5),
159:(3,5,1),(3,5,2),(3,4,2),(2,4,2),(2,4,3),(2,4,4),
160:(5,3,3),(5,3,2),(6,3,2),(6,2,2),(6,2,2),(6,2,2),(6,1,2),(6,1,1),(6,0,1),(6,0,0),
161:(6,4,5),(5,4,5),(5,4,5),(4,4,5),(3,4,5),(3,3,5),(3,2,5),(3,2,4),(3,1,4),(3,0,4),(3,0,3),(3,0,2),(3,0,1),
