soc=2275
lb_soc=1423
makespan=23
lb_makespan=15
comp_time=8698
highLevelExpanded=48
lowLevelExpanded=15045
solution=
0:(8,8,7),(8,8,6),(8,8,5),(8,8,4),(8,8,3),(8,8,2),(8,8,1),(8,7,1),(8,6,1),(8,5,1),(8,4,1),(8,3,1),
1:(6,2,1),(5,2,1),(5,2,2),(5,2,3),(5,2,4),(5,1,4),
2:(6,7,1),(5,7,1),(4,7,1),(3,7,1),(3,7,2),(3,7,3),(3,7,4),(3,7,5),(3,6,5),(3,5,5),(3,5,6),(3,5,7),(3,4,7),(3,3,7),
3:(0,3,1),(1,3,1),(1,3,2),(1,3,3),(1,3,4),(1,2,4),(1,1,4),
4:(2,8,7),(1,8,7),(0,8,7),
5:(6,8,0),(7,8,0),(8,8,0),(8,8,1),(8,8,2),(8,7,2),(8,6,2),(8,5,2),
6:(3,4,5),(4,4,5),(5,4,5),(6,4,5),(7,4,5),(8,4,5),(8,4,6),(8,4,7),(8,4,8),(8,3,8),(8,2,8),(8,1,8),(8,0,8),
7:(6,0,6),(5,0,6),(4,0,6),(3,0,6),(3,0,5),(3,0,4),(3,1,4),(3,2,4),(3,3,4),(3,4,4),(3,4,3),(3,5,3),(3,6,3),(3,7,3),(3,7,2),(3,7,1),
8:(4,5,3),(5,5,3),(6,5,3),(6,5,4),(6,5,5),(6,6,5),(6,7,5),(6,8,5),
9:(2,4,5),(1,4,5),(0,4,5),(0,4,4),
10:(7,7,4),(7,7,3),(7,7,2),(7,7,1),(7,7,0),
11:(6,4,4),(5,4,4),(4,4,4),(3,4,4),(2,4,4),(1,4,4),(1,4,5),(0,4,5),(0,4,6),(0,4,7),(0,4,8),(0,5,8),(0,6,8),(0,7,8),
12:(3,1,4),(4,1,4),(5,1,4),(6,1,4),(7,1,4),(8,1,4),(8,1,5),(8,2,5),(8,3,5),(8,4,5),(8,5,5),
13:(4,3,6),(5,3,6),(6,3,6),(7,3,6),(8,3,6),(8,2,6),(8,1,6),
14:(8,8,4),(7,8,4),(6,8,4),(5,8,4),(4,8,4),(3,8,4),(2,8,4),(1,8,4),(1,7,4),
15:(2,1,3),(3,1,3),(4,1,3),(5,1,3),(6,1,3),(6,1,4),(6,1,5),(6,1,6),(7,1,6),(7,1,7),(7,1,8),(7,2,8),(8,2,8),(8,3,8),(8,4,8),
16:(7,1,0),(8,1,0),(8,1,1),(8,1,2),(8,1,3),(8,2,3),(8,2,4),(8,3,4),(8,4,4),(8,5,4),(8,6,4),
17:(1,8,5),(2,8,5),(3,8,5),(4,8,5),(4,7,5),(4,7,4),(4,7,3),(4,7,2),(4,7,1),(4,6,1),(4,5,1),(4,4,1),(4,3,1),(4,2,1),(4,1,1),(4,0,1),
18:(1,7,5),(2,7,5),(3,7,5),(4,7,5),(5,7,5),(5,6,5),(5,6,4),(5,5,4),(5,4,4),(5,4,3),(6,4,3),(6,4,2),(6,3,2),(6,2,2),(6,2,1),
19:(6,1,5),(5,1,5),(4,1,5),(3,1,5),(2,1,5),(1,1,5),(1,2,5),(1,2,4),(0,2,4),(0,2,3),(0,3,3),(0,4,3),(0,5,3),(0,6,3),
20:(1,0,4),(1,0,3),(1,0,2),
21:(7,5,5),(6,5,5),(5,5,5),(4,5,5),(4,4,5),(4,3,5),(4,2,5),
22:(5,6,5),(4,6,5),(3,6,5),(2,6,5),(1,6,5),(1,6,6),(1,5,6),(1,4,6),(1,3,6),(0,3,6),
23:(5,3,6),(5,3,5),(4,3,5),(3,3,5),(3,3,4),(3,3,3),(3,4,3),(2,4,3),(2,4,2),(2,5,2),(2,6,2),(2,6,1),(2,7,1),(2,7,0),(2,8,0),(3,8,0),
24:(4,8,0),(3,8,0),(3,8,1),(3,8,2),(3,8,3),(3,8,3),(3,7,3),(3,7,4),(3,7,5),(3,6,5),(3,5,5),(2,5,5),(2,5,6),(2,4,6),
25:(0,6,5),(1,6,5),(2,6,5),(2,5,5),(2,4,5),(2,4,4),(2,4,3),(2,4,2),(2,4,1),(3,4,1),(4,4,1),(4,4,0),(5,4,0),(5,3,0),(6,3,0),(6,2,0),(6,1,0),
26:(4,8,7),(5,8,7),(6,8,7),(7,8,7),(8,8,7),(8,8,6),(8,8,5),(8,8,4),(8,8,3),(8,8,2),(8,8,1),(8,8,0),(8,7,0),
27:(8,4,5),(7,4,5),(6,4,5),(6,4,4),(5,4,4),(5,4,3),(5,4,2),(5,4,1),(5,3,1),(5,2,1),
28:(0,0,7),(1,0,7),(2,0,7),(2,1,7),(2,2,7),(3,2,7),(3,3,7),(4,3,7),(5,3,7),(5,4,7),(5,5,7),
29:(8,4,0),(7,4,0),(6,4,0),(6,4,1),(6,4,2),(6,3,2),(6,2,2),(6,1,2),(6,1,3),(6,1,4),(6,1,5),
30:(0,1,5),(1,1,5),(2,1,5),(2,1,6),(3,1,6),(3,2,6),(3,3,6),(3,3,7),(3,3,8),
31:(1,1,1),(2,1,1),(3,1,1),(4,1,1),(5,1,1),(5,1,0),
32:(5,3,3),(4,3,3),(3,3,3),(2,3,3),(1,3,3),(0,3,3),(0,4,3),(0,5,3),(0,5,4),
33:(7,2,0),(6,2,0),(5,2,0),(4,2,0),(4,2,1),(4,3,1),(4,4,1),(4,4,2),(4,4,3),(4,5,3),(4,6,3),(4,7,3),(4,8,3),
34:(4,1,4),(4,1,3),(4,1,2),(3,1,2),(3,1,1),(2,1,1),(2,1,0),(2,2,0),(1,2,0),(1,3,0),(1,4,0),(1,5,0),(1,6,0),
35:(7,0,0),(6,0,0),(5,0,0),(4,0,0),(3,0,0),(2,0,0),(1,0,0),(1,0,1),(1,1,1),(1,1,2),(1,1,3),(1,2,3),(1,2,4),(1,3,4),(1,3,5),(1,4,5),(1,5,5),(1,6,5),(1,6,6),(1,7,6),(1,7,7),
36:(1,5,1),(1,5,0),(1,4,0),(1,3,0),(1,2,0),(1,1,0),
37:(4,5,5),(5,5,5),(5,5,4),(5,5,3),(6,5,3),(6,5,2),(6,5,1),(6,4,1),(6,3,1),(6,2,1),(6,1,1),
38:(1,2,3),(1,2,4),(1,2,5),(1,3,5),(1,4,5),(1,5,5),(1,5,5),(1,5,6),
39:(2,2,5),(1,2,5),(0,2,5),(0,2,4),(0,2,3),(0,2,2),(0,2,1),(0,2,0),(0,3,0),
40:(4,1,0),(4,1,1),(4,0,1),(4,0,2),(4,0,3),(4,0,4),
41:(1,1,8),(2,1,8),(3,1,8),(3,1,7),(3,2,7),(3,3,7),(3,4,7),(3,5,7),(3,6,7),
42:(8,0,0),(7,0,0),(6,0,0),(5,0,0),(4,0,0),(4,1,0),(4,2,0),(4,3,0),(4,4,0),(3,4,0),(3,5,0),(3,6,0),(3,6,1),(3,6,2),
43:(2,5,2),(3,5,2),(4,5,2),(5,5,2),(6,5,2),(7,5,2),(8,5,2),(8,5,3),(8,5,4),(8,5,5),(8,6,5),
44:(0,2,0),(0,2,1),(0,2,2),(0,2,3),(0,1,3),(0,0,3),
45:(5,2,6),(6,2,6),(6,2,7),(6,2,8),
46:(0,1,3),(1,1,3),(2,1,3),(3,1,3),(4,1,3),(5,1,3),(6,1,3),(7,1,3),(7,2,3),(7,2,4),(7,2,5),(7,2,6),(7,1,6),
47:(4,7,7),(3,7,7),(2,7,7),(2,7,6),(2,7,5),(2,7,4),(2,6,4),(2,6,3),(2,6,2),(2,6,1),(2,5,1),(2,4,1),
48:(5,3,2),(4,3,2),(3,3,2),(2,3,2),(2,3,3),(2,3,4),(2,4,4),(2,5,4),(2,6,4),(2,7,4),
49:(0,7,7),(1,7,7),(1,6,7),(2,6,7),(3,6,7),(4,6,7),(5,6,7),(6,6,7),(6,6,6),(6,6,5),(6,5,5),(7,5,5),(7,5,4),(8,5,4),(8,4,4),
50:(3,1,0),(4,1,0),(5,1,0),(5,1,1),(5,1,2),(5,2,2),(5,2,3),(5,2,4),(5,2,5),(5,3,5),
51:(7,8,3),(8,8,3),(8,7,3),(8,6,3),(8,5,3),(8,4,3),(8,3,3),(8,2,3),(8,1,3),
52:(8,3,6),(7,3,6),(7,3,5),(6,3,5),(5,3,5),(5,4,5),(4,4,5),(3,4,5),(2,4,5),(1,4,5),(0,4,5),
53:(4,3,7),(4,3,6),(5,3,6),(5,3,5),(5,3,4),(5,3,3),(5,3,2),(5,3,1),(5,3,0),(5,2,0),
54:(5,4,0),(4,4,0),(3,4,0),(3,4,1),(3,4,2),(3,5,2),(3,6,2),(3,7,2),(3,8,2),
55:(6,6,8),(5,6,8),(4,6,8),(4,5,8),(4,4,8),(4,3,8),(4,2,8),(4,1,8),(4,0,8),
56:(4,7,6),(3,7,6),(2,7,6),(1,7,6),(1,7,7),(1,6,7),
57:(2,3,1),(3,3,1),(3,3,1),(3,3,2),
58:(7,3,5),(8,3,5),(8,3,4),(8,4,4),(8,5,4),(8,6,4),(8,6,3),(8,6,2),
59:(0,0,3),(0,0,4),(1,0,4),(2,0,4),(3,0,4),(3,1,4),(3,1,5),(3,1,6),(3,2,6),(3,3,6),(3,4,6),(3,5,6),(3,6,6),(3,7,6),(3,8,6),(3,8,7),
60:(4,2,8),(5,2,8),(6,2,8),(6,3,8),(6,3,7),(6,3,6),(6,4,6),(6,4,5),(6,4,5),(6,5,5),(7,5,5),(7,5,4),(7,5,3),(6,5,3),
61:(5,0,5),(6,0,5),(7,0,5),(8,0,5),(8,1,5),(8,2,5),(8,3,5),(8,4,5),(8,5,5),(8,6,5),(8,7,5),(8,7,4),
62:(2,3,2),(3,3,2),(3,4,2),(4,4,2),(4,4,3),(4,4,4),(5,4,4),(5,4,5),(5,4,6),
63:(0,3,8),(1,3,8),(2,3,8),(2,3,7),(2,3,6),(2,3,5),(2,3,4),(2,3,3),(2,3,2),(2,4,2),(2,5,2),(3,5,2),(4,5,2),(5,5,2),(5,5,1),
64:(4,0,6),(4,0,5),(5,0,5),(5,1,5),
65:(1,6,0),(2,6,0),(2,5,0),(2,5,1),(2,5,2),(2,4,2),(2,3,2),(2,2,2),(2,2,3),(2,1,3),(3,1,3),
66:(0,0,8),(1,0,8),(2,0,8),(3,0,8),(4,0,8),(5,0,8),(6,0,8),(6,0,7),(6,0,6),(6,0,5),(6,0,4),(6,1,4),(6,2,4),(6,3,4),(6,3,3),(6,3,2),(6,4,2),(6,4,1),(6,5,1),(6,6,1),(7,6,1),(7,7,1),(7,8,1),(7,8,0),
67:(7,5,0),(7,5,0),(7,4,0),(7,3,0),(7,2,0),(7,2,1),(7,2,2),(7,2,3),(7,2,4),(6,2,4),(5,2,4),(5,2,5),(5,2,6),(5,2,7),(5,2,8),(4,2,8),
68:(2,7,4),(3,7,4),(4,7,4),(5,7,4),(5,7,3),
69:(0,8,3),(0,8,4),(0,8,5),(0,7,5),(0,6,5),
70:(1,2,0),(2,2,0),(2,2,1),(2,2,2),(2,2,3),(2,2,4),(2,2,5),(2,2,6),(2,3,6),
71:(5,2,3),(4,2,3),(3,2,3),(2,2,3),(2,2,4),(2,2,5),(2,2,6),(2,2,7),(2,3,7),(2,4,7),(2,4,8),
72:(6,7,6),(6,7,5),(6,7,4),(6,6,4),
73:(7,5,7),(6,5,7),(5,5,7),(4,5,7),(3,5,7),(2,5,7),(1,5,7),(1,4,7),(1,4,6),(1,3,6),(1,3,5),(1,2,5),
74:(8,6,3),(8,6,2),(8,6,1),(7,6,1),(7,6,0),(7,5,0),(6,5,0),(5,5,0),(4,5,0),(4,4,0),(4,3,0),(4,2,0),(3,2,0),(3,1,0),(2,1,0),(2,0,0),(1,0,0),
75:(2,7,3),(3,7,3),(4,7,3),(5,7,3),(6,7,3),(7,7,3),(7,7,4),(7,7,5),(7,6,5),
76:(7,0,1),(6,0,1),(6,0,2),(6,1,2),(6,2,2),(6,2,3),(6,3,3),(6,4,3),(6,5,3),(6,6,3),(6,7,3),(6,8,3),
77:(1,8,6),(2,8,6),(3,8,6),(4,8,6),(5,8,6),(6,8,6),(7,8,6),(7,7,6),(7,6,6),(7,5,6),(7,4,6),(7,3,6),
78:(8,4,2),(7,4,2),(6,4,2),(5,4,2),(4,4,2),(4,3,2),(4,2,2),(4,1,2),(4,0,2),(3,0,2),
79:(1,4,1),(2,4,1),(3,4,1),(3,4,2),(3,5,2),(3,6,2),(3,7,2),(3,7,3),(3,8,3),
80:(0,7,3),(1,7,3),(2,7,3),(3,7,3),(4,7,3),(4,7,2),(5,7,2),(6,7,2),(6,7,1),(6,6,1),(6,5,1),(6,4,1),(6,3,1),
81:(5,4,7),(6,4,7),(7,4,7),(7,4,6),(7,3,6),(7,3,5),(7,2,5),(7,1,5),(7,0,5),
82:(0,6,8),(1,6,8),(2,6,8),(3,6,8),(4,6,8),(5,6,8),(6,6,8),(7,6,8),(7,6,7),(7,6,6),
83:(3,8,0),(3,8,1),(4,8,1),(4,8,2),(4,8,3),(4,8,4),(4,9,4),(4,9,5),(4,9,6),(4,9,7),(4,8,7),
84:(4,3,1),(4,4,1),(4,5,1),(3,5,1),
85:(3,8,2),(2,8,2),(1,8,2),(1,8,1),(1,7,1),(1,6,1),
86:(8,1,1),(7,1,1),(7,2,1),(7,3,1),(7,4,1),(7,5,1),(7,6,1),(7,7,1),(7,8,1),(6,8,1),(6,8,0),
87:(7,4,2),(6,4,2),(5,4,2),(5,4,3),(5,3,3),(5,2,3),(5,2,4),(5,2,5),(5,2,6),(4,2,6),(3,2,6),(2,2,6),(1,2,6),(0,2,6),(0,1,6),(0,1,7),(0,0,7),
88:(3,0,3),(4,0,3),(4,0,4),(4,1,4),(4,2,4),(4,3,4),(5,3,4),
89:(6,4,2),(5,4,2),(4,4,2),(4,4,3),(3,4,3),(3,4,4),(3,4,5),(3,4,6),(3,4,7),(3,4,8),(3,5,8),(3,6,8),(3,7,8),(3,8,8),
90:(4,1,3),(5,1,3),(5,2,3),(5,2,4),(5,2,5),(5,2,6),(4,2,6),(4,2,7),(4,3,7),(4,4,7),(4,5,7),(4,6,7),(4,6,8),(4,7,8),
91:(3,4,2),(4,4,2),(4,4,3),(4,3,3),
92:(8,2,7),(7,2,7),(7,2,6),(6,2,6),(5,2,6),(4,2,6),(3,2,6),(3,2,5),(2,2,5),(1,2,5),(1,2,4),(1,3,4),(1,4,4),
93:(3,5,4),(4,5,4),(4,5,5),(4,5,6),(5,5,6),(6,5,6),(7,5,6),(7,5,7),(7,5,8),(7,4,8),
94:(0,4,6),(1,4,6),(2,4,6),(2,4,7),(2,3,7),(2,2,7),(2,1,7),
95:(6,1,0),(5,1,0),(5,1,1),(5,1,2),(4,1,2),(3,1,2),(3,0,2),(2,0,2),
96:(4,2,2),(4,2,1),(4,2,0),(4,3,0),(4,4,0),(4,5,0),(4,6,0),(4,7,0),(4,8,0),
97:(0,4,8),(1,4,8),(2,4,8),(3,4,8),(3,4,7),(4,4,7),(5,4,7),(6,4,7),(7,4,7),(8,4,7),
98:(1,4,5),(0,4,5),(0,4,4),(0,4,3),(0,4,2),(0,5,2),(0,6,2),
99:(3,3,6),(3,3,7),(4,3,7),(5,3,7),(5,3,7),(6,3,7),(7,3,7),(8,3,7),
100:(8,0,5),(7,0,5),(7,0,6),(6,0,6),(5,0,6),(4,0,6),(3,0,6),(3,0,6),(3,0,6),(3,1,6),(2,1,6),(1,1,6),
101:(0,1,0),(1,1,0),(2,1,0),(2,2,0),(2,3,0),(2,4,0),(2,5,0),(2,6,0),
102:(3,8,5),(4,8,5),(4,8,6),(4,7,6),(4,6,6),
103:(4,6,1),(3,6,1),(2,6,1),(1,6,1),(1,5,1),
104:(4,6,7),(5,6,7),(6,6,7),(7,6,7),(7,6,8),(7,7,8),(7,8,8),
105:(8,2,3),(7,2,3),(6,2,3),(6,2,4),(6,2,5),(5,2,5),(5,2,6),(4,2,6),(4,2,7),
106:(3,2,0),(4,2,0),(4,1,0),(5,1,0),(6,1,0),(6,1,1),(6,1,2),(6,1,3),(6,1,4),(6,1,5),(6,1,6),(6,1,7),(6,0,7),
107:(4,1,7),(5,1,7),(6,1,7),(7,1,7),(7,1,6),(7,2,6),(7,3,6),(7,3,5),(7,4,5),(7,4,5),(8,4,5),
108:(2,1,2),
109:(4,5,0),(4,5,0),(4,4,0),(4,4,1),(4,4,1),(4,4,2),(4,4,3),(4,4,4),(4,3,4),
110:(3,3,0),(4,3,0),(5,3,0),(6,3,0),(7,3,0),(7,3,1),(7,3,2),(7,3,3),(7,3,4),(7,3,5),(7,3,6),(7,3,7),(7,4,7),(7,5,7),(7,5,8),
111:(2,5,8),(3,5,8),(4,5,8),(4,4,8),(4,4,7),(4,3,7),(4,2,7),(4,1,7),(4,1,6),(4,1,5),(4,1,4),(4,1,3),
112:(7,4,8),(6,4,8),(6,4,7),(6,4,6),(6,4,5),(6,4,4),
113:(0,5,3),(0,5,4),(0,5,5),(0,5,6),(0,5,7),(0,5,8),(0,4,8),(0,3,8),
114:(7,0,7),(6,0,7),(5,0,7),(4,0,7),(3,0,7),(2,0,7),(1,0,7),(1,0,6),(1,0,5),(1,0,4),(1,0,3),(1,1,3),(0,1,3),(0,1,2),(0,2,2),(0,3,2),(0,4,2),(0,4,1),(0,5,1),(0,6,1),(0,6,0),(0,7,0),(0,8,0),
115:(8,7,6),(7,7,6),(6,7,6),(5,7,6),(4,7,6),(4,7,5),(4,7,4),(4,7,3),(4,7,2),(4,6,2),(4,5,2),(4,4,2),
116:(0,4,7),(1,4,7),(2,4,7),(3,4,7),(3,4,6),(4,4,6),(5,4,6),(5,5,6),(5,6,6),(5,6,5),(5,6,4),
117:(3,0,1),(4,0,1),(5,0,1),(6,0,1),(7,0,1),(7,0,0),(7,1,0),(7,2,0),(7,3,0),
118:(5,1,1),(5,1,2),(5,1,2),(4,1,2),(3,1,2),(3,1,3),(3,2,3),
119:(2,0,0),(3,0,0),(4,0,0),(4,0,1),(5,0,1),(6,0,1),(7,0,1),(8,0,1),(8,0,2),(8,1,2),(8,2,2),(8,2,3),(8,3,3),(8,4,3),(8,5,3),(8,5,4),
120:(8,3,0),(7,3,0),(6,3,0),(6,4,0),(5,4,0),(4,4,0),(3,4,0),(2,4,0),(1,4,0),(0,4,0),(0,5,0),
121:(8,3,8),(7,3,8),(7,3,7),(7,2,7),(7,2,6),(7,2,5),(7,2,4),(7,1,4),
122:(5,0,7),(4,0,7),(4,1,7),(4,1,6),(4,1,5),(3,1,5),(2,1,5),(1,1,5),(1,2,5),(1,2,4),(1,2,3),(1,3,3),(1,4,3),(1,5,3),
123:(6,0,5),(6,1,5),(6,2,5),(6,2,5),(6,3,5),
124:(3,6,7),(4,6,7),(5,6,7),(6,6,7),(7,6,7),(7,6,6),(7,6,5),(7,6,4),(7,6,3),(7,6,2),(7,6,1),(7,5,1),
125:(7,6,8),(6,6,8),(6,5,8),(6,5,7),(6,5,6),(6,5,5),(6,5,4),(6,5,3),(6,5,2),(6,5,1),(6,4,1),(6,3,1),(6,3,0),(6,2,0),(6,1,0),(6,0,0),
126:(2,7,0),(1,7,0),(1,7,1),(1,7,2),(1,7,3),(1,7,4),(1,7,5),
127:(1,5,2),(2,5,2),(2,5,1),(2,4,1),(2,3,1),(2,3,1),(2,3,0),
128:(1,6,2),(2,6,2),(3,6,2),(3,6,3),(3,7,3),(3,7,4),(3,7,5),(4,7,5),(5,7,5),(6,7,5),(6,7,6),
129:(0,5,7),(1,5,7),(2,5,7),(3,5,7),(3,5,6),(4,5,6),(5,5,6),(6,5,6),(7,5,6),(7,5,5),(7,5,4),(7,4,4),(7,3,4),(7,2,4),
130:(6,8,8),(5,8,8),(5,7,8),(5,6,8),(5,5,8),(5,4,8),
131:(0,6,1),(1,6,1),(1,6,2),(2,6,2),(3,6,2),(3,6,3),(3,5,3),(3,4,3),(3,3,3),(3,3,4),(3,3,5),(3,3,6),(3,3,7),(4,3,7),(4,3,8),
132:(8,4,7),(7,4,7),(7,4,8),(6,4,8),(5,4,8),(4,4,8),(4,5,8),
133:(6,8,1),(5,8,1),(5,8,2),(5,8,3),
134:(5,5,4),(5,5,4),(4,5,4),(3,5,4),(2,5,4),(1,5,4),(0,5,4),(0,5,5),(0,4,5),(0,3,5),
135:(3,2,8),(2,2,8),
136:(5,5,5),(5,4,5),(5,4,4),(5,4,4),(5,4,3),(5,4,2),(6,4,2),(7,4,2),
137:(7,8,5),(6,8,5),(5,8,5),
138:(6,4,7),(6,4,6),(7,4,6),(7,4,5),(7,4,4),(7,4,3),(7,4,2),(7,5,2),(7,6,2),(7,7,2),
139:(0,7,4),(0,7,3),(0,7,2),(0,7,1),(0,6,1),(0,5,1),(0,4,1),(0,3,1),(0,2,1),(-1,2,1),(-1,1,1),(-1,0,1),(0,0,1),
140:(2,1,4),(3,1,4),(3,1,5),(3,1,6),(3,1,7),(3,1,8),(3,2,8),
141:(8,8,2),(7,8,2),(6,8,2),(5,8,2),(5,7,2),(5,6,2),(5,6,3),(5,6,4),(5,5,4),(5,4,4),
142:(2,0,8),(2,0,7),(2,1,7),(2,2,7),(2,2,6),(2,3,6),(2,3,5),(2,4,5),(2,5,5),(2,6,5),(2,7,5),(2,8,5),(2,8,4),
143:(1,5,8),(2,5,8),(3,5,8),(3,5,8),(4,5,8),(4,5,7),(4,5,6),(4,5,5),(4,4,5),(5,4,5),(6,4,5),(6,4,5),(7,4,5),(7,3,5),(7,3,4),(7,3,3),(7,3,2),(7,2,2),(7,2,1),(7,2,0),
144:(1,3,7),(1,3,6),(1,4,6),(1,5,6),(1,5,6),(2,5,6),(3,5,6),(4,5,6),(5,5,6),(5,6,6),
145:(6,5,7),(5,5,7),(4,5,7),(4,4,7),(4,3,7),(4,2,7),(3,2,7),(3,1,7),
146:(8,2,0),(7,2,0),(6,2,0),(5,2,0),(5,1,0),(5,0,0),(5,0,1),(5,0,2),(5,0,3),(4,0,3),(3,0,3),
147:(7,4,5),(6,4,5),(6,4,6),(5,4,6),(5,4,7),(5,3,7),(4,3,7),(4,3,8),(4,2,8),(4,1,8),(3,1,8),(2,1,8),(1,1,8),(0,1,8),
148:(7,4,6),(8,4,6),(8,4,5),(8,3,5),(8,3,4),(8,3,3),(8,3,2),(8,3,1),(8,2,1),(8,1,1),
149:(0,5,2),(1,5,2),(2,5,2),(3,5,2),(4,5,2),(5,5,2),(5,5,1),(5,5,1),(5,4,1),
150:(3,4,6),(3,4,5),(3,4,4),(3,4,3),(2,4,3),(3,4,3),(3,4,2),
151:(5,2,1),(5,2,2),(4,2,2),(3,2,2),(2,2,2),(2,2,3),(2,2,4),
152:(1,6,6),(1,6,6),(1,6,5),(1,6,4),(1,6,3),(1,6,2),(1,7,2),(1,7,1),
153:(5,6,3),(4,6,3),(4,6,4),(4,5,4),
154:(3,6,0),(4,6,0),(5,6,0),(5,5,0),(5,5,1),(5,4,1),(5,3,1),(5,2,1),(5,1,1),(5,0,1),(5,0,2),(5,0,3),(5,0,4),(6,0,4),(6,0,5),(6,0,6),(6,1,6),(6,1,7),(6,1,8),(6,0,8),
155:(1,1,7),(1,1,6),(1,1,5),(1,1,4),(1,1,3),(1,2,3),(1,2,2),(1,3,2),(1,4,2),(1,5,2),(1,6,2),(1,7,2),(1,8,2),
156:(6,0,4),(6,1,4),(6,1,5),(6,1,6),(5,1,6),(4,1,6),(3,1,6),(2,1,6),(1,1,6),(1,1,7),
157:(8,5,1),(7,5,1),(6,5,1),(5,5,1),(5,5,2),(5,5,3),(5,4,3),(4,4,3),(3,4,3),(2,4,3),(2,4,4),(2,3,4),
158:(5,1,6),(5,2,6),(5,2,6),(5,3,6),(5,4,6),(5,5,6),(5,6,6),(5,7,6),(4,7,6),(4,7,5),(4,7,4),(4,7,4),(4,7,3),
159:(4,2,6),(4,2,6),(4,3,6),(4,4,6),(4,5,6),(4,5,5),(4,6,5),(4,6,5),(4,7,5),(4,7,4),(4,7,3),(4,7,2),(4,7,1),(4,7,0),
160:(3,3,3),(3,4,3),(3,5,3),(4,5,3),(5,5,3),(6,5,3),(7,5,3),(7,5,3),(7,5,2),(7,5,1),(8,5,1),(8,5,1),(8,4,1),
161:(7,8,2),(6,8,2),(6,8,3),(6,7,3),(6,6,3),(5,6,3),(4,6,3),(3,6,3),(2,6,3),(1,6,3),(1,5,3),(1,5,4),
162:(6,8,5),(5,8,5),(5,8,6),(5,8,7),(4,8,7),(3,8,7),(2,8,7),(1,8,7),(1,7,7),(0,7,7),(0,6,7),(0,5,7),(0,4,7),
163:(6,5,3),(6,6,3),(5,6,3),(4,6,3),(3,6,3),(2,6,3),(1,6,3),(1,6,2),(1,7,2),(0,7,2),(0,7,1),
164:(0,3,3),(1,3,3),(1,2,3),(1,1,3),(2,1,3),(2,1,3),(3,1,3),(4,1,3),(5,1,3),(6,1,3),(7,1,3),(7,0,3),
165:(2,5,3),(3,5,3),(3,5,4),(3,5,5),(4,5,5),(4,4,5),(4,4,6),(4,4,7),(5,4,7),(6,4,7),(6,4,8),(6,3,8),
166:(8,0,3),(8,0,4),(8,0,5),(8,1,5),(8,2,5),(8,3,5),(8,4,5),(8,5,5),(8,6,5),(8,7,5),(8,8,5),
167:(4,5,8),(4,4,8),(4,3,8),(4,2,8),(4,2,7),(4,1,7),(4,1,6),(4,1,5),(4,1,4),(4,1,3),(4,1,2),(4,0,2),
168:(4,6,5),(4,5,5),(4,4,5),(4,4,4),(4,3,4),(5,3,4),(5,3,3),(5,3,2),(5,2,2),(5,1,2),(6,1,2),(6,0,2),
169:(2,3,4),(1,3,4),(0,3,4),(0,3,3),(0,4,3),(0,5,3),(0,6,3),(0,7,3),
170:(1,8,7),(1,8,6),(2,8,6),(3,8,6),(4,8,6),(5,8,6),(6,8,6),(7,8,6),(7,7,6),
171:(4,5,1),(4,6,1),(4,6,1),(4,7,1),(3,7,1),(3,8,1),
172:(5,7,3),(6,7,3),(6,7,2),(6,7,1),(6,7,0),(6,6,0),
173:(7,2,3),(7,2,4),(7,2,5),(7,1,5),(6,1,5),(6,1,6),(5,1,6),(4,1,6),(3,1,6),(2,1,6),(2,1,5),(1,1,5),
174:(3,8,6),(4,8,6),(4,7,6),(4,6,6),(5,6,6),(6,6,6),(7,6,6),(8,6,6),(8,5,6),(8,4,6),(8,3,6),(8,3,5),(8,3,4),(8,3,3),(8,3,2),(8,2,2),(8,2,1),
175:(4,4,8),(5,4,8),(6,4,8),(6,4,7),(7,4,7),(8,4,7),(8,3,7),(8,3,6),(8,2,6),(8,2,5),(8,2,4),(8,1,4),(8,0,4),(8,0,3),(8,0,2),(8,0,1),(8,0,0),
176:(6,2,6),(6,2,7),(6,3,7),(6,3,7),(6,4,7),(5,4,7),(5,5,7),(4,5,7),(3,5,7),(2,5,7),(2,5,8),(2,6,8),(2,7,8),
177:(2,5,7),(3,5,7),(3,5,6),(3,4,6),(3,4,5),(3,3,5),(4,3,5),(4,3,4),(4,2,4),(5,2,4),(5,2,3),(5,2,2),
178:(0,4,4),(0,3,4),(0,2,4),(0,1,4),
179:(7,1,8),(7,1,7),(7,1,6),(7,2,6),(7,2,5),(7,2,4),(7,3,4),(7,4,4),(7,4,3),(7,5,3),(7,5,2),
180:(2,8,8),(1,8,8),(1,8,7),(1,8,6),(1,8,5),(1,8,4),(1,8,3),(1,7,3),(1,6,3),(1,5,3),(1,4,3),(1,4,2),(1,4,1),(1,3,1),
181:(6,6,4),(7,6,4),(8,6,4),(8,6,5),(8,6,6),(8,6,7),(8,6,8),(8,7,8),
182:(0,2,4),(0,2,5),(0,2,6),(0,3,6),(0,4,6),(0,5,6),(0,6,6),(0,7,6),(0,8,6),
183:(0,7,2),(0,7,1),(0,6,1),(0,5,1),(0,4,1),(1,4,1),(1,3,1),(1,2,1),(1,2,1),(1,2,0),
184:(7,2,5),(6,2,5),(5,2,5),(4,2,5),(3,2,5),(3,2,4),(3,3,4),(2,3,4),(1,3,4),(1,3,3),(1,3,2),(0,3,2),(0,3,1),
185:(3,1,6),(3,1,5),(3,2,5),(3,2,4),(3,2,4),(3,3,4),(3,4,4),(3,5,4),(3,5,3),(3,5,2),(3,6,2),(4,6,2),(4,6,1),
186:(6,5,4),(6,5,3),(6,5,2),(6,5,1),(6,5,0),(6,4,0),
187:(3,3,5),(4,3,5),(4,2,5),(4,1,5),(4,0,5),(5,0,5),(6,0,5),(7,0,5),(8,0,5),
188:(2,7,8),(3,7,8),(3,7,7),(3,7,6),(3,7,5),(3,8,5),(3,8,4),(4,8,4),
189:(4,7,1),(4,7,2),(4,6,2),(4,5,2),(4,5,3),(4,5,3),(5,5,3),(5,4,3),(5,3,3),(5,2,3),(5,1,3),(6,1,3),(6,0,3),
190:(7,3,6),(7,3,5),(7,3,4),(7,3,3),(7,3,2),(7,4,2),(7,4,1),(7,5,1),(7,6,1),(7,6,1),(8,6,1),
191:(2,1,6),(3,1,6),(4,1,6),(5,1,6),(5,1,7),(6,1,7),(6,2,7),(6,3,7),(6,3,8),(6,4,8),(6,5,8),
192:(5,7,7),(6,7,7),(7,7,7),(8,7,7),(8,6,7),(8,5,7),(8,4,7),(7,4,7),(7,3,7),(7,2,7),(8,2,7),
193:(3,8,4),(3,8,4),(3,7,4),(3,7,5),(3,6,5),(3,5,5),(3,5,5),(3,5,5),(3,4,5),(3,3,5),(3,2,5),
194:(8,6,0),(7,6,0),(6,6,0),(6,6,1),(5,6,1),(4,6,1),(3,6,1),(3,6,2),(3,6,3),(3,6,4),(3,6,5),(3,5,5),(3,4,5),(3,4,6),(3,3,6),(3,2,6),
195:(2,6,2),(2,6,1),(2,6,0),(2,5,0),(3,5,0),(3,4,0),(3,3,0),
196:(6,7,5),(5,7,5),(4,7,5),(4,7,4),(3,7,4),(3,6,4),(3,6,3),(3,5,3),(2,5,3),(2,5,3),(2,4,3),(2,3,3),
197:(6,2,7),(5,2,7),(4,2,7),(4,2,6),(4,3,6),
198:(1,2,2),(2,2,2),(3,2,2),(3,2,3),(4,2,3),(4,2,4),(4,3,4),(3,3,4),(3,4,4),(4,4,4),
199:(4,8,1),(4,8,2),(4,8,3),(4,8,4),(4,8,5),
200:(3,2,3),(3,2,4),(3,3,4),(3,3,4),(3,4,4),(3,4,5),(3,4,6),(3,5,6),(3,6,6),(3,7,6),(3,7,6),(2,7,6),
201:(8,6,2),(7,6,2),(6,6,2),(5,6,2),(5,6,3),(5,6,4),(5,5,4),(5,5,3),
202:(3,6,3),(3,6,3),(4,6,3),(4,6,2),(5,6,2),(6,6,2),
203:(1,7,3),(2,7,3),(3,7,3),(4,7,3),(4,7,4),(5,7,4),(5,7,5),(6,7,5),(7,7,5),
204:(5,3,0),(5,2,0),(5,2,-1),(5,1,-1),(5,0,-1),(5,0,-1),(5,0,0),
205:(6,6,0),(6,6,1),(7,6,1),(7,5,1),(7,5,2),(7,5,3),(7,4,3),(7,4,3),(7,3,3),(7,3,4),(7,3,5),(7,2,5),(7,2,6),(7,2,7),(7,2,8),(8,2,8),
206:(1,1,6),(1,2,6),(1,3,6),(1,3,6),(1,3,5),(1,3,4),(1,3,3),(1,3,3),(1,3,2),(2,3,2),
207:(7,1,4),(7,1,5),(7,1,5),(6,1,5),(6,1,6),(6,2,6),(6,3,6),(6,4,6),(6,4,7),(6,5,7),(6,6,7),(5,6,7),(4,6,7),(4,6,8),(3,6,8),(2,6,8),(1,6,8),
208:(8,5,4),(7,5,4),(7,5,5),(7,5,6),(7,5,7),(7,4,7),(7,4,8),(7,3,8),(7,2,8),(7,1,8),(6,1,8),(5,1,8),(4,1,8),(3,1,8),(2,1,8),(1,1,8),(1,0,8),(0,0,8),
209:(3,7,2),(3,6,2),(3,6,3),(3,6,4),(4,6,4),(4,6,5),(5,6,5),(6,6,5),(6,5,5),(6,5,4),
210:(3,2,4),(4,2,4),(5,2,4),(5,3,4),(6,3,4),(7,3,4),(7,3,5),(7,4,5),(7,4,6),(7,4,7),(7,5,7),(8,5,7),(8,5,8),(8,6,8),
211:(1,6,7),(2,6,7),(3,6,7),(4,6,7),(5,6,7),(6,6,7),(7,6,7),(8,6,7),
212:(0,4,2),(0,4,3),(0,3,3),(0,3,2),(0,3,3),(0,3,4),(0,3,5),(0,3,6),(0,3,7),(0,2,7),
213:(7,8,7),(6,8,7),(6,8,6),(5,8,6),(5,7,6),(4,7,6),(4,7,5),(4,7,4),(4,7,3),(4,7,2),(4,7,1),(4,6,1),(4,5,1),(4,4,1),
214:(7,6,0),(7,6,1),(7,6,2),(7,6,3),(7,6,4),(7,6,5),(7,7,5),(7,8,5),(7,8,6),
215:(3,2,2),(3,2,3),(2,2,3),(1,2,3),(1,2,4),(0,2,4),(0,2,5),
216:(0,2,6),(0,1,6),(1,1,6),(1,0,6),(2,0,6),
217:(4,8,6),(4,7,6),(3,7,6),(3,6,6),(2,6,6),(2,6,5),(1,6,5),(1,6,4),(1,5,4),(1,4,4),(1,3,4),(1,3,5),(1,3,4),(1,3,3),(1,2,3),
218:(7,7,3),(7,6,3),(7,5,3),(7,4,3),(7,3,3),(7,2,3),(7,2,3),(6,2,3),
219:(8,0,6),(8,0,5),(8,1,5),(8,1,4),(8,2,4),(8,3,4),(8,4,4),(8,4,3),(8,5,3),(8,6,3),(7,6,3),(6,6,3),(5,6,3),(4,6,3),(3,6,3),(2,6,3),(2,6,2),(2,6,1),(2,7,1),
220:(6,2,8),(6,3,8),(5,3,8),(4,3,8),(4,3,9),(3,3,9),(2,3,9),(2,3,8),(2,3,8),(2,3,7),
221:(5,1,4),(5,2,4),(5,3,4),(6,3,4),(6,4,4),(6,5,4),(6,5,3),(6,6,3),(5,6,3),(4,6,3),(3,6,3),(2,6,3),(2,7,3),
222:(1,0,0),(2,0,0),(2,0,1),(2,0,2),(2,0,3),(2,0,4),(2,0,5),(3,0,5),(4,0,5),(4,0,6),(4,0,7),
223:(6,4,1),(5,4,1),(4,4,1),(4,3,1),(3,3,1),(3,2,1),(3,2,2),(3,1,2),(3,1,3),(3,1,4),(3,1,5),(3,1,6),(3,0,6),(3,0,7),(3,0,8),
224:(6,3,3),(5,3,3),(4,3,3),(4,3,4),(4,3,5),(4,2,5),(3,2,5),(2,2,5),(2,1,5),(1,1,5),(0,1,5),
225:(2,8,2),(2,8,1),(2,7,1),(2,6,1),(2,5,1),(2,4,1),(2,3,1),
226:(3,6,8),(2,6,8),(2,6,7),(2,6,6),(2,6,5),(2,5,5),(2,5,4),(2,5,3),(2,4,3),(2,3,3),(2,2,3),(2,2,2),(2,2,1),(2,2,0),
227:(5,1,2),(6,1,2),(6,1,3),(6,2,3),(5,2,3),(5,2,4),(5,2,5),(5,2,6),(5,2,7),(5,3,7),(4,3,7),(4,4,7),(4,5,7),(4,6,7),(4,6,8),
228:(6,5,2),(5,5,2),(5,5,3),(6,5,3),(6,5,4),(5,5,4),(5,5,5),
229:(8,6,6),(8,6,5),(8,5,5),(8,5,4),(9,5,4),(9,5,3),(9,5,2),(9,5,1),(8,5,1),(8,5,0),(7,5,0),(6,5,0),(5,5,0),
230:(2,7,1),(1,7,1),(1,7,2),(1,6,2),(1,5,2),(1,5,3),(1,5,3),(1,5,4),(1,5,5),(1,5,5),(1,4,5),(1,4,6),
231:(4,6,2),(5,6,2),(5,5,2),(6,5,2),(6,6,2),(7,6,2),(7,6,3),(7,6,3),(7,5,3),(7,5,4),(7,4,4),(7,4,5),(7,4,6),(7,4,7),(7,3,7),
232:(0,3,4),(0,3,3),(0,3,2),(0,3,1),(0,2,1),(0,1,1),
233:(3,5,0),(3,6,0),(3,7,0),
234:(5,3,8),(5,3,7),(5,2,7),(5,1,7),(5,0,7),
235:(0,8,0),(0,8,1),(0,8,2),(0,8,3),(0,8,4),(0,7,4),(0,6,4),(0,6,4),(1,6,4),
236:(0,5,5),(1,5,5),(2,5,5),(2,5,6),(2,5,6),(2,6,6),
237:(5,8,4),(6,8,4),(6,8,5),(6,8,6),(6,8,7),(6,7,7),(6,6,7),(6,5,7),(6,5,6),(6,4,6),(6,4,7),(6,3,7),(6,2,7),
238:(8,7,7),(7,7,7),(7,7,8),(6,7,8),(6,6,8),(6,5,8),(5,5,8),
239:(2,2,8),(2,2,7),(3,2,7),(3,2,6),(3,2,6),(3,2,5),(3,2,4),(4,2,4),(4,2,3),(4,2,2),(3,2,2),
240:(8,0,8),(7,0,8),(6,0,8),(6,0,7),(6,0,6),(6,0,5),(6,0,4),(6,1,4),(6,2,4),(6,3,4),(6,3,3),(6,4,3),
241:(2,0,2),(3,0,2),(4,0,2),(5,0,2),(6,0,2),(7,0,2),(8,0,2),(8,0,3),(8,0,4),(8,1,4),(8,1,5),(8,2,5),(8,2,6),(8,3,6),(8,4,6),(8,5,6),(8,6,6),(8,7,6),
242:(4,8,4),(4,8,4),(3,8,4),(3,8,5),(3,8,6),(3,7,6),(3,7,7),
