soc=2333
lb_soc=1446
makespan=21
lb_makespan=15
comp_time=8328
highLevelExpanded=50
lowLevelExpanded=16237
solution=
0:(5,0,4),(4,0,4),(3,0,4),(2,0,4),(1,0,4),(0,0,4),(0,0,5),(0,0,6),(0,1,6),(0,2,6),(0,3,6),
1:(3,5,0),(2,5,0),(2,5,1),(2,5,2),(2,5,3),(2,5,4),(2,4,4),
2:(4,0,2),(5,0,2),(6,0,2),(6,0,3),(6,0,4),(6,0,5),(6,0,6),(6,1,6),(6,2,6),(6,3,6),(6,4,6),(6,5,6),(6,6,6),
3:(1,6,0),(2,6,0),(2,6,1),(2,6,2),(2,6,3),(2,6,4),(2,6,5),(2,5,5),(2,4,5),
4:(7,3,8),(6,3,8),(6,3,7),(6,3,6),(5,3,6),(5,3,5),(5,3,4),(5,3,3),(5,4,3),(5,4,2),(5,4,1),(5,4,0),(5,5,0),(5,6,0),(5,7,0),(4,7,0),
5:(5,5,8),(4,5,8),(3,5,8),(2,5,8),(2,4,8),(2,3,8),
6:(6,1,1),(7,1,1),(7,1,2),(7,1,3),(7,1,4),(7,1,5),(7,1,6),(7,1,7),(7,2,7),
7:(4,7,6),(3,7,6),(2,7,6),(2,7,5),(2,7,4),(2,7,3),(2,7,2),(2,7,1),(2,7,0),(2,6,0),(2,5,0),(2,4,0),(2,3,0),(2,2,0),(2,1,0),
8:(0,3,2),(0,3,1),(0,4,1),
9:(5,6,4),(6,6,4),(7,6,4),(7,5,4),
10:(4,1,5),(4,2,5),(4,3,5),(5,3,5),(6,3,5),(6,4,5),(6,4,6),(6,5,6),(6,6,6),(6,6,6),(6,7,6),(7,7,6),(7,8,6),(8,8,6),
11:(0,7,3),(1,7,3),(2,7,3),(2,7,4),(2,6,4),(2,6,5),(2,6,6),(2,6,7),(2,6,8),
12:(0,0,0),(1,0,0),(2,0,0),(3,0,0),(3,0,1),(3,0,2),(3,0,3),(3,1,3),(4,1,3),(4,1,4),(4,1,5),(4,1,6),(4,1,7),(4,1,8),(4,2,8),
13:(1,0,5),(2,0,5),(3,0,5),(4,0,5),(5,0,5),(5,0,5),(5,1,5),(5,2,5),(5,2,4),(6,2,4),(7,2,4),(7,2,3),(7,3,3),(7,4,3),(7,5,3),(7,6,3),(7,7,3),(7,8,3),
14:(1,7,1),(2,7,1),(2,7,2),(2,7,3),(2,8,3),(2,8,4),(2,8,5),
15:(7,2,3),(6,2,3),(5,2,3),(4,2,3),(3,2,3),(3,2,4),(3,2,5),(3,3,5),(3,4,5),
16:(7,0,5),(6,0,5),(5,0,5),(5,0,4),(4,0,4),(3,0,4),(2,0,4),
17:(0,2,8),(1,2,8),(2,2,8),(3,2,8),(4,2,8),(5,2,8),(5,2,7),(5,2,6),(5,2,5),(5,2,4),(5,2,3),(5,3,3),(5,3,2),(5,4,2),(6,4,2),(6,5,2),
18:(3,8,2),(4,8,2),(4,8,3),(4,8,4),(4,8,5),(5,8,5),(5,7,5),(5,6,5),(5,5,5),(5,4,5),(6,4,5),(6,3,5),(6,2,5),(7,2,5),
19:(6,4,0),(7,4,0),(8,4,0),(8,4,1),(8,4,2),(8,4,3),(8,4,4),(8,5,4),
20:(5,7,2),(6,7,2),(6,7,1),(6,6,1),(6,5,1),(6,4,1),
21:(1,6,2),(2,6,2),(3,6,2),(3,6,3),(3,6,4),(3,6,5),(3,7,5),(3,8,5),
22:(8,6,3),(7,6,3),(6,6,3),(5,6,3),(4,6,3),(3,6,3),(2,6,3),(1,6,3),(1,7,3),(0,7,3),(0,7,2),(0,8,2),
23:(0,1,5),(0,1,6),(0,1,7),(0,1,8),(0,2,8),(0,3,8),(0,4,8),(1,4,8),(2,4,8),
24:(2,1,8),(3,1,8),(4,1,8),(4,2,8),(4,3,8),(4,4,8),(4,5,8),(4,6,8),(4,7,8),
25:(4,7,8),(5,7,8),(6,7,8),(7,7,8),(8,7,8),(8,7,7),(8,6,7),
26:(2,0,2),(3,0,2),(4,0,2),(5,0,2),(6,0,2),(6,0,3),(6,-1,3),(6,-1,4),(6,-1,5),(6,-1,6),(6,0,6),(6,1,6),(6,2,6),(6,3,6),(7,3,6),(7,4,6),(7,5,6),(7,5,7),(7,5,8),(7,6,8),
27:(5,6,0),(4,6,0),(3,6,0),(2,6,0),(1,6,0),(1,6,1),(1,5,1),
28:(1,1,1),(2,1,1),(3,1,1),(4,1,1),(5,1,1),(6,1,1),(7,1,1),(7,2,1),
29:(6,1,8),(5,1,8),(5,1,7),(5,1,6),(5,0,6),
30:(2,4,6),(3,4,6),(3,4,5),(3,4,4),(3,4,3),(3,4,2),(3,4,1),(3,4,0),(3,5,0),(3,6,0),(3,7,0),
31:(5,7,4),(6,7,4),(6,7,5),(6,7,6),(6,7,7),
32:(0,5,8),(1,5,8),(2,5,8),(2,5,7),(3,5,7),(4,5,7),(4,5,6),(4,5,5),(4,5,4),(4,5,3),(4,5,2),(4,5,1),(4,4,1),(4,3,1),
33:(5,7,5),(4,7,5),(3,7,5),(3,7,4),(3,7,3),(3,7,2),(3,7,1),(3,6,1),(2,6,1),(1,6,1),(1,6,0),(1,5,0),
34:(0,7,6),(1,7,6),(1,7,7),(2,7,7),(3,7,7),(3,6,7),(3,5,7),
35:(5,2,4),(4,2,4),(3,2,4),(2,2,4),(1,2,4),(1,2,5),(1,3,5),(1,4,5),
36:(1,3,4),(2,3,4),(2,3,5),(2,3,6),(2,3,7),
37:(6,6,2),(5,6,2),(4,6,2),(3,6,2),(3,6,3),(3,6,4),(3,5,4),(3,4,4),(3,3,4),(3,2,4),(3,1,4),
38:(0,3,8),(0,3,7),(0,3,6),(0,3,5),(0,4,5),(1,4,5),(1,5,5),(1,6,5),(1,6,5),(2,6,5),(2,6,4),(2,6,3),(3,6,3),(4,6,3),(4,6,2),(5,6,2),(6,6,2),(6,6,1),
39:(2,3,1),(3,3,1),(4,3,1),(5,3,1),(5,3,0),
40:(8,0,0),(7,0,0),(7,0,1),(7,0,2),(7,0,3),(7,0,4),(7,0,5),(7,0,6),(6,0,6),(6,0,7),(5,0,7),(5,0,8),
41:(5,5,2),(4,5,2),(4,5,3),(4,5,4),(4,4,4),(4,3,4),
42:(0,0,6),(1,0,6),(2,0,6),(3,0,6),(4,0,6),(4,1,6),(4,2,6),(4,3,6),(5,3,6),(5,4,6),(5,5,6),(5,6,6),(5,7,6),(6,7,6),(7,7,6),(7,8,6),
43:(5,8,4),(6,8,4),(6,8,5),(6,8,6),(6,7,6),(6,6,6),(6,6,7),(6,5,7),(6,4,7),
44:(0,7,5),(1,7,5),(2,7,5),(3,7,5),(4,7,5),(4,7,4),(4,7,3),(4,6,3),(4,5,3),(4,4,3),(4,3,3),
45:(6,0,3),(7,0,3),(8,0,3),(8,0,4),(8,1,4),(8,2,4),(8,3,4),
46:(6,1,2),(5,1,2),(4,1,2),(3,1,2),(3,1,3),(3,1,4),(3,1,5),(3,1,6),(3,2,6),(3,3,6),
47:(0,3,3),(1,3,3),(2,3,3),(3,3,3),(4,3,3),(5,3,3),(6,3,3),(6,3,2),(6,4,2),(6,5,2),(6,5,1),(6,6,1),(6,7,1),
48:(6,3,3),(7,3,3),(7,3,4),(7,2,4),(7,2,4),(7,1,4),
49:(4,4,0),(3,4,0),(2,4,0),(1,4,0),(1,4,1),(1,4,2),(1,4,3),(1,5,3),(1,6,3),(1,7,3),
50:(6,5,3),(7,5,3),(7,5,4),(7,5,5),(7,5,6),(7,6,6),
51:(8,4,7),(7,4,7),(7,4,6),(7,4,5),(7,4,4),(7,4,3),(7,4,2),(7,3,2),(7,3,2),(6,3,2),
52:(3,8,1),(2,8,1),(1,8,1),(0,8,1),(0,8,2),(0,7,2),(0,7,3),(0,7,4),(0,7,5),(0,6,5),(0,5,5),(0,4,5),(0,3,5),(0,2,5),(0,2,6),(0,1,6),
53:(1,3,5),(2,3,5),(3,3,5),(4,3,5),(5,3,5),(6,3,5),(7,3,5),(8,3,5),(8,3,6),
54:(3,6,7),(4,6,7),(5,6,7),(5,5,7),(5,4,7),
55:(5,5,1),(4,5,1),(3,5,1),(3,5,2),(3,5,3),(3,5,4),(3,5,5),(3,6,5),(3,7,5),
56:(6,6,4),(6,6,5),(5,6,5),(4,6,5),(3,6,5),(3,6,6),(3,6,7),(3,6,7),(2,6,7),(1,6,7),(1,6,8),
57:(3,6,2),(4,6,2),(4,7,2),(5,7,2),(6,7,2),
58:(6,4,4),(5,4,4),(5,5,4),(5,6,4),(4,6,4),(4,6,4),(3,6,4),(2,6,4),(1,6,4),
59:(1,0,6),(1,0,5),(0,0,5),(0,0,4),(0,0,3),(0,0,2),(0,0,1),(0,0,0),(0,1,0),(0,2,0),(0,3,0),(0,4,0),(0,5,0),
60:(3,0,5),(3,0,4),(3,0,3),(3,0,2),(4,0,2),(5,0,2),(6,0,2),(6,1,2),(6,2,2),(7,2,2),(7,3,2),
61:(3,7,0),(4,7,0),(5,7,0),(6,7,0),(7,7,0),(8,7,0),(8,7,1),(8,7,2),(8,7,3),(8,7,4),(8,7,5),(8,6,5),(8,6,6),(8,5,6),(8,5,7),(8,5,8),(8,4,8),(8,3,8),
62:(4,0,6),(4,1,6),(4,2,6),(4,3,6),(4,4,6),(4,4,7),
63:(7,8,7),(8,8,7),(8,8,6),(8,8,5),(8,7,5),(8,6,5),(8,5,5),(8,4,5),(8,3,5),(8,2,5),(8,2,4),
64:(2,3,2),(3,3,2),(4,3,2),(5,3,2),(6,3,2),(7,3,2),(8,3,2),(8,3,3),(8,4,3),(8,5,3),
65:(5,1,5),(5,1,4),(5,2,4),(5,3,4),(5,4,4),(5,5,4),(4,5,4),(4,6,4),(3,6,4),
66:(3,5,8),(2,5,8),(2,4,8),(1,4,8),(1,3,8),(1,2,8),
67:(8,7,8),(7,7,8),(7,7,7),(7,7,6),(7,7,5),(7,6,5),(7,5,5),(7,4,5),(7,4,4),(7,3,4),(7,3,4),(6,3,4),(5,3,4),
68:(7,1,0),(6,1,0),(5,1,0),(4,1,0),(4,1,1),(4,1,2),(4,1,3),(4,1,4),(4,1,5),(4,1,6),(4,2,6),(4,3,6),(4,4,6),(4,5,6),
69:(2,0,1),(3,0,1),(4,0,1),(5,0,1),(5,0,2),(5,0,3),(5,0,4),
70:(2,6,8),(3,6,8),(3,6,7),(3,6,6),(3,5,6),(3,5,5),(3,4,5),(3,4,5),(3,4,4),(3,4,3),(3,4,2),(3,4,1),
71:(8,0,1),(8,0,0),(7,0,0),(6,0,0),(5,0,0),(4,0,0),(3,0,0),(3,1,0),(3,2,0),(3,3,0),(3,4,0),(3,5,0),(2,5,0),(2,6,0),
72:(8,3,2),(7,3,2),(6,3,2),(6,3,3),(5,3,3),(5,4,3),(4,4,3),(3,4,3),(2,4,3),(2,5,3),(1,5,3),(0,5,3),(0,5,4),(0,4,4),
73:(4,5,6),(3,5,6),(2,5,6),(1,5,6),(0,5,6),(0,5,5),(0,4,5),(0,3,5),(0,2,5),(0,1,5),(0,0,5),
74:(4,5,0),(3,5,0),(2,5,0),(1,5,0),(1,5,1),(1,5,2),(1,4,2),(1,4,2),(1,4,3),
75:(2,1,2),(3,1,2),(3,1,3),(4,1,3),(5,1,3),(5,1,4),(6,1,4),(6,1,5),(7,1,5),(8,1,5),(8,1,6),(8,1,7),
76:(3,1,1),(4,1,1),(5,1,1),(6,1,1),(7,1,1),(7,1,2),
77:(6,2,6),(5,2,6),(5,2,7),(5,2,8),(5,3,8),(5,4,8),
78:(7,6,1),(6,6,1),(5,6,1),(4,6,1),(3,6,1),(2,6,1),(2,6,2),(2,5,2),(2,4,2),(1,4,2),(1,3,2),(1,3,3),(0,3,3),(0,3,4),(0,2,4),
79:(8,2,8),(7,2,8),(6,2,8),(6,2,7),(6,3,7),(6,3,6),(6,3,5),(6,3,5),(6,3,4),(5,3,4),(5,3,3),(5,3,2),(4,3,2),(3,3,2),(2,3,2),(2,3,1),
80:(7,4,1),(6,4,1),(5,4,1),(4,4,1),(4,4,2),(4,4,3),(4,4,4),(4,4,5),(4,3,5),(4,2,5),(4,2,5),(4,2,6),
81:(2,1,6),(3,1,6),(4,1,6),(4,1,7),(5,1,7),(6,1,7),(7,1,7),(7,1,8),(7,2,8),
82:(4,8,3),(5,8,3),(6,8,3),(7,8,3),(8,8,3),(8,8,2),(8,7,2),(8,6,2),(8,5,2),
83:(1,7,6),(2,7,6),(2,6,6),(2,5,6),(2,4,6),(3,4,6),(4,4,6),(5,4,6),(6,4,6),(7,4,6),(7,4,5),(8,4,5),(8,4,4),(8,4,3),(8,3,3),
84:(8,7,7),(7,7,7),(7,7,6),(7,7,5),(6,7,5),(6,7,4),(6,7,3),(5,7,3),(5,6,3),(5,5,3),(4,5,3),(3,5,3),(3,4,3),(3,3,3),(3,3,2),(3,2,2),(3,1,2),(3,0,2),(3,0,1),
85:(8,3,8),(7,3,8),(6,3,8),(5,3,8),(5,3,7),(5,3,6),(5,3,5),(5,3,4),(5,3,3),(5,3,2),(4,3,2),(4,3,1),(4,2,1),(5,2,1),
86:(1,4,3),(2,4,3),(3,4,3),(4,4,3),(5,4,3),(6,4,3),(7,4,3),(7,4,2),(7,4,1),(7,4,0),(7,5,0),
87:(3,8,0),(3,8,1),(3,8,2),(3,7,2),(3,6,2),(3,5,2),(3,4,2),(3,3,2),(3,3,3),(3,3,4),(3,3,5),(3,2,5),(3,1,5),(3,0,5),
88:(3,1,3),(2,1,3),(1,1,3),(0,1,3),(0,1,3),(0,0,3),
89:(5,7,8),(5,7,7),(4,7,7),(3,7,7),(3,7,6),(2,7,6),(2,7,5),(2,7,4),(2,8,4),
90:(8,8,5),(7,8,5),(7,7,5),(7,6,5),(7,5,5),(7,4,5),(7,4,6),(7,3,6),(7,2,6),(7,1,6),(7,1,7),(7,1,8),(7,0,8),
91:(5,4,6),(4,4,6),(4,5,6),(4,6,6),(4,7,6),(3,7,6),(3,8,6),
92:(3,4,8),(3,4,7),(3,4,6),(3,4,5),(3,4,4),(3,3,4),(3,2,4),(3,1,4),(3,0,4),
93:(0,8,0),(0,8,1),(0,8,2),(0,8,3),
94:(7,5,8),(6,5,8),(5,5,8),(4,5,8),(3,5,8),(3,5,7),(3,5,6),(3,5,5),(3,5,4),(3,5,3),(3,4,3),(3,4,2),
95:(7,4,4),(7,4,3),(7,4,2),(7,5,2),
96:(4,5,5),(3,5,5),(2,5,5),(1,5,5),(0,5,5),(0,5,4),(0,5,3),(0,5,2),(0,4,2),(0,3,2),
97:(2,7,8),(1,7,8),(1,6,8),(1,6,7),(1,6,6),(1,6,5),(1,6,4),(1,5,4),(1,4,4),(1,3,4),(1,2,4),
98:(5,8,8),(6,8,8),(7,8,8),(7,8,7),(7,7,7),(7,6,7),(7,5,7),(7,5,6),(7,4,6),(7,3,6),(7,2,6),
99:(0,8,6),(1,8,6),(2,8,6),(3,8,6),(4,8,6),(5,8,6),(6,8,6),(6,8,7),
100:(5,7,6),(4,7,6),(3,7,6),(2,7,6),(2,6,6),(2,5,6),(2,5,5),(2,5,4),(1,5,4),(1,4,4),(1,3,4),(2,3,4),(2,2,4),
101:(7,2,7),(6,2,7),(6,2,6),(5,2,6),(4,2,6),(3,2,6),(2,2,6),(2,3,6),(2,4,6),(2,5,6),(2,5,5),(2,6,5),(2,6,4),(2,6,3),(2,6,2),(2,6,1),(1,6,1),(1,6,0),(1,7,0),
102:(7,7,8),(6,7,8),(7,7,8),(7,7,7),(7,7,6),(6,7,6),(5,7,6),(5,7,5),(5,7,4),(5,7,3),(5,7,2),(5,7,1),
103:(5,3,7),(6,3,7),(7,3,7),(8,3,7),(8,3,8),(8,2,8),(8,1,8),(8,0,8),
104:(7,1,6),(6,1,6),(5,1,6),(4,1,6),(3,1,6),(3,0,6),(4,0,6),
105:(5,1,8),(5,1,7),(6,1,7),(7,1,7),(8,1,7),(8,2,7),(8,3,7),(8,4,7),(8,5,7),(8,5,7),(8,5,6),(8,5,5),(8,6,5),(8,7,5),
106:(4,3,5),(5,3,5),(6,3,5),(6,4,5),(6,5,5),(6,6,5),(7,6,5),
107:(1,6,6),(2,6,6),(3,6,6),(3,6,5),(3,5,5),(4,5,5),(5,5,5),(5,5,4),(5,5,3),(5,4,3),
108:(2,2,6),(3,2,6),(3,2,5),(3,2,4),(3,3,4),(3,3,3),(3,3,2),(3,3,1),(3,4,1),(3,5,1),(3,6,1),(3,7,1),(3,8,1),
109:(0,5,2),(1,5,2),(1,5,1),(1,6,1),(2,6,1),(2,7,1),(2,7,1),(3,7,1),(4,7,1),
110:(2,4,7),(2,4,6),(2,4,5),(2,4,4),(2,4,3),(3,4,3),(3,3,3),(4,3,3),(4,3,2),(4,3,1),(4,2,1),(5,2,1),(5,1,1),(5,0,1),(6,0,1),(7,0,1),
111:(6,1,5),(6,2,5),(5,2,5),(4,2,5),(4,3,5),(4,4,5),(4,5,5),(4,6,5),
112:(8,5,6),(7,5,6),(6,5,6),(5,5,6),(5,5,5),(5,4,5),(5,4,5),(5,3,5),
113:(2,3,0),(2,3,1),(2,3,2),(2,3,3),(2,3,4),(2,3,5),(3,3,5),(3,3,6),(3,3,7),(3,3,8),(3,2,8),
114:(5,3,2),(5,3,3),(5,3,4),(5,4,4),(5,5,4),(5,6,4),
115:(6,4,8),(5,4,8),(4,4,8),(4,4,7),(4,5,7),(4,5,6),(4,6,6),(4,7,6),(4,7,5),(4,7,4),(4,7,3),(4,7,2),(4,8,2),
116:(1,2,8),(1,2,7),(0,2,7),(0,2,6),(0,2,5),(0,2,4),(0,2,3),(0,2,2),(0,2,1),(0,1,1),(0,0,1),
117:(5,4,4),(4,4,4),(4,4,5),(4,4,6),(3,4,6),(3,5,6),(3,6,6),(2,6,6),(2,7,6),(2,7,7),(2,8,7),
118:(5,4,1),(4,4,1),(3,4,1),(2,4,1),(2,5,1),(1,5,1),(0,5,1),(0,5,1),(0,6,1),
119:(6,7,1),(5,7,1),(5,7,2),(5,7,3),(5,7,4),(5,7,5),(5,6,5),(5,6,6),(4,6,6),(4,6,7),(4,6,8),(3,6,8),
120:(5,1,0),(4,1,0),(3,1,0),(2,1,0),(1,1,0),(0,1,0),(0,1,1),(0,1,2),(0,1,3),(0,1,4),(0,1,5),(0,1,6),(0,1,7),(0,1,8),(0,2,8),(0,3,8),(0,4,8),(0,5,8),(0,6,8),(0,7,8),
121:(1,3,6),(2,3,6),(2,4,6),(2,4,5),(2,4,4),(2,4,3),(2,4,2),(2,4,1),
122:(8,4,2),(7,4,2),(6,4,2),(5,4,2),(5,3,2),(5,2,2),(5,2,3),(5,1,3),(5,0,3),
123:(2,3,7),(3,3,7),(3,4,7),(3,5,7),(3,6,7),(4,6,7),(4,7,7),(5,7,7),(5,7,6),(6,7,6),(7,7,6),(7,7,5),(8,7,5),(8,8,5),
124:(2,7,3),(2,7,2),(1,7,2),(1,7,1),(1,7,0),(1,6,0),(1,5,0),(1,4,0),(1,3,0),(1,2,0),(1,1,0),
125:(1,5,3),(0,5,3),(0,5,4),(0,5,5),(0,6,5),(0,6,6),(0,6,7),(0,6,8),(0,7,8),(0,8,8),
126:(8,7,1),(7,7,1),(7,7,2),(6,7,2),(6,7,3),(5,7,3),(5,7,4),(4,7,4),(4,6,4),(4,5,4),(3,5,4),(2,5,4),(1,5,4),(1,4,4),(1,3,4),(0,3,4),
127:(0,4,3),(1,4,3),(1,4,4),(1,5,4),(1,6,4),(1,6,4),(2,6,4),(2,6,5),(2,6,5),(3,6,5),
128:(3,1,8),(4,1,8),(5,1,8),(5,1,7),(5,1,6),(5,1,5),(5,1,4),(5,1,4),(5,1,3),(5,1,2),
129:(8,6,8),(7,6,8),(6,6,8),(6,5,8),(6,4,8),(6,3,8),(5,3,8),(5,3,7),(5,2,7),(5,2,6),(5,2,5),(4,2,5),(4,2,4),(4,1,4),(4,1,3),(3,1,3),(3,1,3),(2,1,3),(2,1,2),(2,1,1),
130:(8,2,5),(7,2,5),(6,2,5),(5,2,5),(4,2,5),(3,2,5),(2,2,5),(2,2,4),(2,2,3),(2,3,3),
131:(5,5,4),(6,5,4),(6,5,5),(6,5,6),(6,5,7),(6,4,7),(6,3,7),
132:(8,5,5),(7,5,5),(7,5,6),(7,5,6),(6,5,6),(5,5,6),(5,5,6),(4,5,6),(3,5,6),(3,5,6),(2,5,6),
133:(2,8,0),(2,9,0),(2,9,1),(2,9,2),(2,9,3),(2,9,4),(2,9,5),(2,9,6),(2,8,6),(2,7,6),(2,7,6),(2,7,7),(2,7,8),
134:(0,2,1),(0,2,2),(0,2,3),(0,2,4),(0,3,4),(0,3,5),(0,3,6),(1,3,6),(1,3,7),(1,4,7),
135:(5,7,3),(6,7,3),(7,7,3),(8,7,3),(8,7,2),(8,7,1),(8,6,1),(8,6,0),(8,5,0),(8,4,0),(8,3,0),(8,2,0),(8,1,0),(8,0,0),
136:(6,0,4),(5,0,4),(5,0,3),(5,1,3),(5,1,2),(5,1,2),(4,1,2),
137:(4,5,8),(4,5,7),(4,6,7),(4,7,7),(4,8,7),(5,8,7),(5,8,6),(5,8,5),(6,8,5),(6,8,4),(6,8,3),(6,8,2),(6,8,1),(6,8,0),
138:(5,0,7),(4,0,7),(4,1,7),(4,2,7),(4,2,7),(4,2,8),(4,3,8),(4,4,8),(4,5,8),(4,5,7),(4,6,7),(4,7,7),(4,8,7),
139:(2,6,1),(3,6,1),(4,6,1),(4,6,2),(5,6,2),(5,5,2),(5,4,2),(5,3,2),(5,2,2),
140:(8,1,3),(7,1,3),(7,1,4),(6,1,4),(5,1,4),(4,1,4),(3,1,4),(2,1,4),(1,1,4),(1,1,5),(1,2,5),
141:(8,3,1),(7,3,1),(6,3,1),(6,2,1),(5,2,1),(4,2,1),(3,2,1),(3,1,1),
142:(6,6,1),(5,6,1),(5,6,0),(4,6,0),(3,6,0),(2,6,0),(1,6,0),(1,5,0),(1,4,0),(1,3,0),(1,2,0),
143:(2,1,1),(2,1,2),(2,1,3),(2,1,4),(2,1,5),(2,2,5),(2,3,5),(2,2,5),
144:(0,8,8),(1,8,8),(2,8,8),(2,8,7),(2,7,7),(2,6,7),(2,5,7),(2,5,6),(2,5,5),(2,5,4),(2,5,3),(2,5,2),(2,4,2),(2,3,2),(2,2,2),(2,2,1),(2,1,1),(2,0,1),
145:(4,2,3),(4,1,3),(4,0,3),
146:(0,5,4),(1,5,4),(1,6,4),(1,7,4),(1,8,4),
147:(6,7,2),(6,6,2),(5,6,2),(5,5,2),(4,5,2),(4,5,3),(3,5,3),(2,5,3),(1,5,3),(0,5,3),(0,5,4),(0,5,5),(0,5,6),(0,5,7),
148:(4,3,3),(3,3,3),(3,3,4),(2,3,4),(1,3,4),(1,2,4),(1,1,4),(1,1,5),(1,1,6),(1,0,6),
149:(7,8,0),(6,8,0),(5,8,0),(4,8,0),(3,8,0),(2,8,0),(2,8,1),(2,8,2),(2,7,2),(2,6,2),(2,5,2),(2,4,2),(2,3,2),(2,2,2),(2,2,3),(2,1,3),(2,1,4),(2,1,5),(2,1,6),(2,1,7),(2,0,7),
150:(1,7,3),(2,7,3),(3,7,3),(4,7,3),(5,7,3),(5,6,3),(6,6,3),(7,6,3),(7,5,3),(7,4,3),(8,4,3),(8,3,3),(8,2,3),(8,1,3),(8,0,3),
151:(7,1,8),(7,1,7),(7,1,6),(7,2,6),(7,2,5),(7,3,5),(7,4,5),(7,4,4),(6,4,4),(6,4,3),(6,4,2),(5,4,2),(5,4,1),(4,4,1),(4,4,1),(4,5,1),(3,5,1),
152:(2,6,5),(3,6,5),(4,6,5),(4,6,4),(4,6,5),(5,6,5),(6,6,5),(6,6,4),(6,6,3),(7,6,3),(8,6,3),(8,6,2),
153:(7,3,4),(6,3,4),(6,2,4),(6,2,5),(6,2,6),(6,2,7),(6,1,7),
154:(8,4,6),(7,4,6),(6,4,6),(6,4,6),(6,4,5),(6,5,5),
155:(5,8,3),(5,7,3),(4,7,3),(4,6,3),(4,5,3),(3,5,3),(3,4,3),(3,3,3),(3,2,3),
156:(5,3,5),(5,3,4),(5,4,4),(5,4,5),(5,4,5),(5,4,4),
157:(2,1,7),(3,1,7),(3,1,6),(3,1,5),(4,1,5),(4,2,5),(5,2,5),(6,2,5),(6,3,5),(6,3,4),(6,4,4),(6,5,4),(6,6,4),(6,7,4),(6,7,3),(7,7,3),(8,7,3),(8,7,4),
158:(1,2,3),(2,2,3),(3,2,3),(3,1,3),(4,1,3),(5,1,3),(5,0,3),(6,0,3),(6,0,4),(7,0,4),(7,0,5),
159:(7,8,3),(6,8,3),(6,8,4),(5,8,4),(4,8,4),(4,8,5),(4,8,6),(4,8,7),(3,8,7),
160:(2,7,5),(3,7,5),(3,7,4),(3,7,3),(4,7,3),(3,7,3),(3,7,2),(3,6,2),(3,6,1),(3,6,1),(3,6,0),
161:(1,6,7),(1,6,6),(1,6,5),(1,6,4),(1,6,3),(2,6,3),(2,5,3),(2,6,3),(3,6,3),(4,6,3),(4,6,3),(4,5,3),
162:(0,6,6),(0,6,7),(1,6,7),(1,5,7),(1,4,7),(1,3,7),(1,2,7),(1,1,7),(1,0,7),(1,0,8),
163:(2,0,8),(3,0,8),(4,0,8),(5,0,8),(6,0,8),(6,1,8),(6,2,8),(6,2,7),(6,2,7),(6,2,6),(6,2,5),(6,2,4),(6,3,4),(6,4,4),(6,4,3),(6,5,3),(6,6,3),
164:(7,6,3),(6,6,3),(6,6,4),(6,6,5),(5,6,5),(5,6,6),(5,6,7),(4,6,7),(3,6,7),(2,6,7),(1,6,7),(0,6,7),(0,5,7),(0,4,7),(0,3,7),(0,2,7),(0,2,8),(0,1,8),
165:(6,8,0),(5,8,0),(4,8,0),(4,8,1),(4,8,2),(4,7,2),(4,6,2),(4,5,2),(4,4,2),(3,4,2),(3,3,2),(3,3,3),(3,3,4),(3,3,5),(3,2,5),(3,1,5),(3,1,6),(3,1,7),(3,0,7),
166:(7,0,0),(7,1,0),(7,2,0),(7,3,0),(7,4,0),(7,5,0),(7,6,0),
167:(2,4,8),(3,4,8),(3,4,8),(4,4,8),(5,4,8),(6,4,8),(7,4,8),(8,4,8),(8,4,7),(8,4,6),
168:(6,6,6),(7,6,6),(7,6,5),(7,6,4),
169:(4,6,2),(4,6,1),(4,6,0),(4,5,0),(5,5,0),(6,5,0),(7,5,0),(7,4,0),(7,3,0),(7,2,0),(7,1,0),(7,0,0),
170:(5,5,3),(5,5,2),(5,5,1),(4,5,1),(3,5,1),(2,5,1),(2,6,1),(2,6,1),(2,7,1),
171:(8,8,7),(8,7,7),(8,6,7),(7,6,7),(7,5,7),(7,4,7),
172:(4,2,2),(5,2,2),(6,2,2),(6,3,2),(6,3,1),
173:(5,0,8),(5,0,7),(5,0,6),(6,0,6),(6,1,6),(5,1,6),
174:(0,8,4),(0,7,4),(0,6,4),(0,5,4),(0,4,4),(0,4,5),(0,3,5),(0,2,5),(0,1,5),(0,0,5),(0,0,6),
175:(7,7,3),(7,7,4),(6,7,4),(5,7,4),(4,7,4),(3,7,4),(2,7,4),(3,7,4),(2,7,4),(2,7,5),(1,7,5),(1,7,6),(1,7,7),
176:(6,3,4),(6,4,4),(7,4,4),(8,4,4),(8,5,4),(8,6,4),(8,7,4),(8,8,4),
177:(0,5,1),(1,5,1),(1,4,1),(1,3,1),(1,2,1),(1,1,1),
178:(6,5,4),(6,5,5),(5,5,5),(4,5,5),(4,5,6),(4,4,6),(4,3,6),(5,3,6),(5,2,6),(4,2,6),(3,2,6),
179:(3,8,3),(3,7,3),(3,6,3),(3,6,4),(3,5,4),(3,4,4),(3,4,4),(4,4,4),(4,4,5),(4,4,6),(3,4,6),
180:(5,0,2),(6,0,2),(6,1,2),(6,2,2),(6,2,1),
181:(4,4,6),(4,5,6),(4,6,6),(4,7,6),(5,7,6),(4,7,6),(4,7,5),(4,8,5),(4,8,4),(4,8,3),
182:(8,1,7),(8,1,6),(8,1,5),(8,2,5),(8,2,4),(7,2,4),(7,2,3),(7,3,3),(7,4,3),(7,4,2),(7,4,1),(7,5,1),(6,5,1),(5,5,1),(4,5,1),(3,5,1),(3,6,1),(2,6,1),(1,6,1),(1,7,1),(0,7,1),(0,8,1),
183:(8,7,4),(8,7,5),(8,6,5),(8,5,5),(8,4,5),(8,3,5),(8,2,5),(8,1,5),(8,1,6),(8,0,6),
184:(3,2,0),(4,2,0),(4,2,1),(4,2,2),(4,2,3),(4,2,4),(4,2,5),(4,3,5),(4,3,6),(5,3,6),(5,3,7),(5,3,8),(6,3,8),(7,3,8),
185:(5,1,3),(6,1,3),
186:(3,1,0),(3,1,1),(4,1,1),(5,1,1),(6,1,1),(6,1,2),(6,2,2),(6,2,2),(6,2,3),(6,3,3),
187:(2,5,4),(3,5,4),(4,5,4),(5,5,4),(6,5,4),(6,4,4),(6,3,4),(6,2,4),(6,1,4),(6,0,4),(6,0,3),
188:(0,1,3),(1,1,3),(1,1,4),(1,1,5),(1,1,6),(2,1,6),(2,1,7),(2,1,8),(2,0,8),
189:(6,0,5),(5,0,5),(5,0,4),(5,1,4),(5,2,4),(5,2,3),(5,3,3),(5,4,3),(4,4,3),(4,4,2),
190:(0,6,0),(1,6,0),(2,6,0),(2,5,0),(3,5,0),(4,5,0),(5,5,0),(5,5,1),(5,4,1),(5,3,1),
191:(6,7,6),(6,6,6),(6,6,7),(6,5,7),(6,4,7),(6,4,6),(6,3,6),(6,2,6),(6,2,5),(6,1,5),(5,1,5),(4,1,5),(4,0,5),
192:(5,1,2),(5,1,3),(5,1,4),(5,1,5),(5,1,5),(6,1,5),(6,0,5),
193:(1,4,0),(0,4,0),(0,5,0),(0,5,1),(0,5,2),(0,5,3),(0,6,3),
194:(1,7,5),(1,7,4),(1,7,3),(1,7,2),(1,7,1),(1,7,0),(2,7,0),(3,7,0),(4,7,0),(5,7,0),(6,7,0),
195:(4,5,1),(3,5,1),(3,5,2),(3,4,2),(3,3,2),(3,2,2),(3,2,3),(3,2,4),(3,2,5),(3,2,6),(3,2,7),(3,3,7),(3,3,8),
196:(4,8,2),(4,8,3),(3,8,3),(2,8,3),(2,8,4),(2,8,5),(2,8,6),(2,8,7),(2,8,8),
197:(6,5,1),(7,5,1),(7,5,2),(7,5,3),(7,4,3),(7,3,3),(7,3,4),(7,3,5),
198:(3,2,2),(2,2,2),(1,2,2),(1,2,1),(1,2,0),(1,3,0),(1,4,0),(2,4,0),(2,4,0),(1,4,0),
199:(4,0,3),(5,0,3),(6,0,3),(7,0,3),(8,0,3),(8,0,2),(8,0,1),(8,1,1),(8,2,1),
200:(2,5,6),(1,5,6),(1,5,5),(1,6,5),(1,7,5),(1,7,4),
201:(3,5,7),(2,5,7),(1,5,7),(1,5,8),(1,4,8),(1,3,8),
202:(5,1,6),(5,1,6),(5,1,5),(6,1,5),(6,1,4),(6,2,4),(6,2,3),(6,3,3),(6,4,3),(6,5,3),(5,5,3),(5,6,3),
203:(0,8,3),(0,7,3),(0,7,2),(0,7,2),(1,7,2),
204:(2,2,5),(1,2,5),(1,2,4),(1,2,3),(0,2,3),(0,3,3),(0,4,3),
205:(0,4,2),(1,4,2),(1,4,3),(1,4,4),(1,4,5),(2,4,5),(2,4,6),(3,4,6),(3,4,7),(3,4,8),
206:(6,2,0),(5,2,0),(4,2,0),(4,2,1),(4,2,2),(4,2,3),(4,3,3),(4,4,3),(4,4,4),(4,4,4),(4,5,4),(4,6,4),(4,7,4),(4,7,5),(4,7,6),
207:(6,2,8),(6,2,8),(6,2,7),(7,2,7),(7,2,6),(7,2,5),(7,2,4),(7,3,4),(7,3,3),(7,3,2),(7,3,1),(7,3,0),
208:(3,7,7),(2,7,7),(2,6,7),(2,6,6),(2,6,5),(2,5,5),(2,4,5),(2,3,5),
209:(0,2,3),(1,2,3),(1,3,3),(1,3,4),(1,3,5),(1,3,6),(1,3,7),(1,4,7),(1,5,7),
210:(0,8,1),(1,8,1),(1,8,2),(2,8,2),(3,8,2),(4,8,2),(5,8,2),(6,8,2),(7,8,2),(8,8,2),(8,8,3),(8,7,3),(8,7,4),(8,6,4),(8,6,5),(8,6,6),(8,5,6),(8,5,7),(8,4,7),(8,3,7),(8,2,7),
211:(7,2,8),(7,2,7),(7,2,6),(7,2,5),(7,3,5),(7,3,4),(7,4,4),(6,4,4),(6,5,4),(6,5,4),(5,5,4),(5,5,3),
212:(1,0,0),(2,0,0),(2,1,0),(2,2,0),(2,3,0),(2,4,0),(2,5,0),(2,6,0),(2,6,0),(2,6,1),(2,6,1),(2,6,2),(3,6,2),
213:(8,8,4),(7,8,4),(7,7,4),(6,7,4),(6,6,4),(6,5,4),(6,4,4),(6,3,4),(6,2,4),(6,2,3),(6,2,2),(6,1,2),(6,1,1),
214:(6,4,1),(5,4,1),(4,4,1),(3,4,1),(2,4,1),(2,4,2),(2,5,2),(1,5,2),(1,5,2),(1,5,3),(1,5,4),(0,5,4),(0,6,4),(0,7,4),
215:(0,7,0),(1,7,0),(2,7,0),(3,7,0),(4,7,0),(4,7,1),(4,7,2),(4,7,3),(4,7,4),(3,7,4),(4,7,4),(5,7,4),(5,7,5),(5,7,6),
216:(5,7,7),(5,7,6),(5,7,5),(5,8,5),(5,8,4),(5,8,3),(4,8,3),(4,8,2),(4,8,1),(4,8,0),(4,7,0),(4,6,0),
217:(2,5,7),(1,5,7),(1,5,6),(1,4,6),(1,3,6),(1,2,6),(1,2,5),(1,2,4),(0,2,4),(0,2,3),(0,2,2),(0,2,1),(0,2,0),
218:(6,6,7),(6,5,7),(6,4,7),(6,3,7),(6,3,6),(6,2,6),(5,2,6),(4,2,6),(4,1,6),(3,1,6),(2,1,6),(1,1,6),(1,1,5),(1,1,4),(1,1,3),(1,0,3),
219:(6,1,3),(6,1,2),(5,1,2),(5,2,2),(5,2,2),(4,2,2),(4,2,1),(4,3,1),(3,3,1),
220:(6,0,1),(7,0,1),(7,0,2),(6,0,2),(6,0,3),(7,0,3),
221:(0,3,5),(1,3,5),(1,4,5),(1,4,5),(2,4,5),(3,4,5),(3,4,6),(3,5,6),(3,6,6),(3,6,7),
222:(8,1,1),(8,2,1),(7,2,1),(7,3,1),(7,4,1),(7,5,1),(6,5,1),(6,6,1),(5,6,1),(4,6,1),(4,6,1),(3,6,1),(2,6,1),(1,6,1),(1,6,0),(0,6,0),
223:(6,3,6),(6,3,5),(6,3,4),(6,2,4),(6,2,3),(6,2,2),(5,2,2),(5,1,2),(5,0,2),
224:(4,8,6),(5,8,6),(5,7,6),(5,6,6),(6,6,6),(6,5,6),(7,5,6),(7,4,6),(7,3,6),(7,3,7),
225:(8,3,4),(8,4,4),(8,5,4),(8,6,4),(8,7,4),(7,7,4),
226:(1,0,4),(1,1,4),(1,1,5),(1,1,6),(1,1,7),(1,1,8),
227:(2,0,5),(3,0,5),(3,1,5),(3,2,5),(3,3,5),(4,3,5),(4,4,5),(4,4,6),(4,5,6),(4,6,6),
228:(7,3,0),(6,3,0),(5,3,0),(4,3,0),(3,3,0),(2,3,0),(1,3,0),(0,3,0),(0,4,0),(0,5,0),(0,5,1),(0,5,2),(0,5,3),(0,5,4),(0,5,5),(0,5,6),(0,6,6),(0,7,6),(0,8,6),
229:(7,6,0),(6,6,0),(6,5,0),(5,5,0),(5,4,0),(4,4,0),(4,3,0),(4,2,0),(4,2,0),(4,2,0),(3,2,0),
230:(3,8,5),(2,8,5),(1,8,5),(0,8,5),(0,8,4),(0,7,4),(0,6,4),(0,5,4),(0,4,4),(0,3,4),(0,3,3),(0,2,3),(0,2,2),(0,1,2),(0,0,2),
231:(3,3,4),(3,4,4),(2,4,4),(2,4,3),(1,4,3),(1,5,3),(1,5,2),(1,6,2),
232:(8,6,5),(8,6,6),(8,7,6),
233:(1,0,3),(2,0,3),(2,0,3),(2,1,3),(2,2,3),(2,3,3),(2,4,3),(2,4,3),(2,5,3),(2,6,3),(3,6,3),(4,6,3),(4,6,4),(4,7,4),(4,7,5),
234:(6,3,7),(6,3,6),(6,3,6),(6,3,5),(6,3,4),(6,3,3),(7,3,3),(7,4,3),(7,4,2),(7,4,1),(7,5,1),(7,6,1),(7,7,1),(7,7,0),
235:(6,5,0),(6,5,1),(6,5,2),(6,5,2),(5,5,2),(4,5,2),(3,5,2),
236:(5,3,0),(5,3,1),(5,3,2),(5,3,3),(5,3,4),(6,3,4),(6,2,4),(6,1,4),(6,1,5),(6,1,6),(6,2,6),(6,2,7),(6,2,8),(6,3,8),
237:(4,4,3),(3,4,3),(3,4,2),(2,4,2),(2,5,2),(2,5,2),(2,5,1),
238:(0,3,0),(1,3,0),(2,3,0),(3,3,0),(3,3,1),(4,3,1),(5,3,1),(5,2,1),(5,1,1),(6,1,1),(7,1,1),(8,1,1),(8,1,2),
239:(3,0,7),(3,0,6),(4,0,6),(4,0,6),(4,0,5),(4,0,4),(4,1,4),(4,2,4),(4,2,3),
240:(4,0,8),(4,0,8),(4,0,7),(3,0,7),(3,0,6),(3,0,5),(3,0,4),(3,0,3),(3,0,2),(3,1,2),(3,2,2),(4,2,2),
241:(1,0,2),(1,0,3),(1,0,4),(1,1,4),(2,1,4),(2,2,4),(2,3,4),(3,3,4),(3,3,5),(4,3,5),(4,4,5),(5,4,5),(6,4,5),(7,4,5),(7,5,5),
242:(3,0,6),(4,0,6),(4,0,5),(4,0,4),(4,1,4),(4,1,3),(4,2,3),(4,2,2),(4,2,1),(5,2,1),(5,2,0),(6,2,0),(6,3,0),(6,4,0),(7,4,0),(7,4,1),(7,5,1),(7,6,1),(7,7,1),
