soc=2346
lb_soc=1461
makespan=18
lb_makespan=14
comp_time=8310
highLevelExpanded=57
lowLevelExpanded=21853
solution=
0:(3,0,6),(2,0,6),(2,1,6),(2,2,6),(2,3,6),(1,3,6),(1,4,6),(1,4,5),(1,5,5),(1,6,5),(1,6,4),(1,6,4),(1,7,4),(1,7,3),(1,7,2),(2,7,2),(2,8,2),
1:(5,4,2),(4,4,2),(3,4,2),(3,4,1),(3,5,1),
2:(4,7,7),(3,7,7),(3,7,6),(3,6,6),(3,5,6),
3:(1,8,1),(2,8,1),(3,8,1),(4,8,1),(5,8,1),(6,8,1),(7,8,1),(7,7,1),(7,7,2),(7,6,2),(7,5,2),(7,5,3),(7,4,3),(7,4,4),(8,4,4),
4:(2,2,8),(3,2,8),(4,2,8),(5,2,8),(5,2,7),(5,2,6),(5,2,5),(5,2,4),(5,2,3),(5,2,2),(5,3,2),(5,4,2),(5,4,1),(5,5,1),
5:(2,0,5),(3,0,5),(3,0,6),(3,1,6),(3,2,6),(3,3,6),(3,3,7),(3,3,8),(3,4,8),
6:(5,0,3),(4,0,3),(3,0,3),(3,0,4),(3,0,5),(3,0,6),(3,1,6),(3,2,6),(3,3,6),(3,3,6),(2,3,6),(2,4,6),(2,5,6),(2,6,6),(3,6,6),
7:(0,4,5),(1,4,5),(2,4,5),(3,4,5),(4,4,5),(5,4,5),(6,4,5),(7,4,5),(8,4,5),(8,4,4),(8,4,3),(8,4,2),(8,4,1),(8,4,0),(8,3,0),
8:(8,7,6),(7,7,6),(6,7,6),(5,7,6),(4,7,6),(3,7,6),(2,7,6),(2,7,5),(2,7,4),(2,8,4),
9:(8,4,7),(7,4,7),(6,4,7),(5,4,7),(4,4,7),(4,5,7),(4,6,7),(4,7,7),(4,7,6),(3,7,6),(3,8,6),
10:(4,4,4),(5,4,4),
11:(3,2,7),(4,2,7),(5,2,7),(5,2,6),(5,2,5),(5,2,4),(5,2,3),(5,3,3),
12:(2,8,4),(2,8,3),(2,8,2),(2,8,1),(2,8,0),(2,7,0),(2,7,0),(2,6,0),(2,5,0),(2,4,0),(3,4,0),(3,3,0),(3,2,0),(3,1,0),
13:(6,8,4),(5,8,4),(4,8,4),(3,8,4),(2,8,4),(2,8,3),(2,8,2),(2,8,1),(2,8,0),(2,7,0),(2,6,0),(2,5,0),(2,4,0),(2,3,0),
14:(3,5,6),(3,5,5),(3,5,4),(3,5,3),(3,5,2),(3,6,2),(3,6,1),(3,7,1),(3,7,0),(3,8,0),
15:(1,2,4),(2,2,4),(3,2,4),(4,2,4),(5,2,4),(6,2,4),(7,2,4),(7,2,3),(7,3,3),(7,4,3),(7,5,3),(7,6,3),(7,7,3),
16:(6,0,6),(5,0,6),(4,0,6),(4,1,6),(4,1,5),(4,1,4),(4,1,3),(4,1,2),(4,1,1),(4,2,1),(4,3,1),(4,4,1),(4,5,1),(4,5,0),(4,6,0),(4,7,0),(3,7,0),
17:(1,8,8),(2,8,8),(2,8,7),(2,8,6),(2,8,5),(2,8,4),(2,8,3),
18:(2,4,7),(3,4,7),(4,4,7),(4,4,6),(5,4,6),(6,4,6),(7,4,6),(8,4,6),(8,3,6),(8,3,5),(8,3,4),(8,2,4),(8,2,3),(8,1,3),(8,0,3),
19:(1,5,5),(2,5,5),(3,5,5),(4,5,5),(5,5,5),(6,5,5),(6,5,4),(6,4,4),
20:(6,7,3),(5,7,3),(4,7,3),(3,7,3),(2,7,3),(1,7,3),(1,7,4),(1,7,5),(1,7,6),
21:(5,2,8),(6,2,8),(7,2,8),(7,2,7),(7,3,7),(7,4,7),(7,5,7),(7,5,6),(7,5,5),(7,6,5),(7,7,5),(7,8,5),
22:(4,6,1),(3,6,1),(3,6,2),(3,5,2),(3,4,2),(3,3,2),(3,2,2),
23:(3,3,2),(2,3,2),(1,3,2),(0,3,2),(0,3,3),(0,3,4),(0,3,5),(0,4,5),
24:(4,1,6),(5,1,6),(6,1,6),(6,1,5),(6,1,4),(6,1,3),(6,1,2),(6,2,2),(6,3,2),(6,4,2),
25:(3,2,5),(4,2,5),(5,2,5),(6,2,5),(6,2,4),(6,1,4),
26:(4,7,0),(5,7,0),(6,7,0),(7,7,0),(8,7,0),(8,7,1),(8,7,2),(8,7,3),(8,7,4),(8,6,4),(7,6,4),(8,6,4),(8,6,5),(8,6,6),(8,6,7),(8,6,8),
27:(5,6,4),(4,6,4),(3,6,4),(2,6,4),(1,6,4),(1,5,4),(1,4,4),
28:(8,6,1),(7,6,1),(7,6,2),(7,6,3),(7,6,4),(7,6,5),(7,6,6),(7,6,7),(7,7,7),
29:(1,4,0),(2,4,0),(3,4,0),(4,4,0),(5,4,0),(6,4,0),(6,4,1),(6,4,2),(6,4,3),(6,5,3),(6,5,4),(6,5,5),(6,5,6),(6,6,6),(6,7,6),(6,8,6),
30:(1,0,0),(2,0,0),(3,0,0),(4,0,0),(5,0,0),(6,0,0),(7,0,0),(7,0,1),(7,0,2),(7,0,3),(7,0,4),(7,0,5),(7,0,6),(7,1,6),
31:(4,7,1),(5,7,1),(5,7,2),(5,7,3),(5,6,3),(5,5,3),
32:(7,3,3),(8,3,3),(8,3,4),(8,3,5),(8,4,5),(8,5,5),
33:(8,6,8),(7,6,8),(6,6,8),(5,6,8),(4,6,8),(3,6,8),(3,5,8),(3,4,8),(3,4,7),(3,4,6),
34:(8,4,4),(7,4,4),(6,4,4),(6,4,3),(5,4,3),(4,4,3),(3,4,3),(2,4,3),(2,3,3),(2,2,3),
35:(0,2,4),(1,2,4),(2,2,4),(3,2,4),(4,2,4),(4,2,5),(4,2,6),(5,2,6),(6,2,6),(7,2,6),(7,2,7),(7,1,7),
36:(4,1,1),(5,1,1),(6,1,1),(7,1,1),(7,1,2),(7,1,3),(7,2,3),(7,3,3),(7,4,3),(7,5,3),(7,6,3),(7,7,3),(7,8,3),
37:(6,5,2),(5,5,2),(4,5,2),(4,5,3),(3,5,3),(3,5,4),(3,5,5),(3,6,5),(3,7,5),
38:(7,1,3),(6,1,3),(6,1,4),(6,2,4),(6,2,3),(6,2,3),(6,2,4),
39:(3,2,4),(4,2,4),(4,2,3),(4,2,2),(4,3,2),
40:(6,1,8),(5,1,8),(4,1,8),(4,2,8),(4,3,8),(4,3,7),(4,3,6),(4,3,6),(4,3,5),(3,3,5),(3,3,4),(3,3,3),(3,3,2),(3,3,1),(3,4,1),
41:(3,8,2),(2,8,2),(1,8,2),(1,8,3),(1,7,3),(1,6,3),(1,5,3),(1,4,3),(1,3,3),(1,2,3),(1,1,3),(1,0,3),
42:(2,2,6),(3,2,6),(4,2,6),(4,3,6),(5,3,6),(6,3,6),(6,4,6),(6,5,6),(6,6,6),(6,7,6),(6,8,6),(7,8,6),
43:(2,7,7),(1,7,7),(1,6,7),
44:(6,6,5),(5,6,5),(4,6,5),(3,6,5),(2,6,5),(1,6,5),(0,6,5),(0,6,6),(0,5,6),(0,4,6),(0,3,6),
45:(4,3,4),(5,3,4),(6,3,4),(7,3,4),(8,3,4),(8,3,3),(8,3,2),(8,2,2),(8,1,2),
46:(1,4,1),(1,3,1),(1,2,1),(1,2,2),(1,1,2),(1,0,2),
47:(8,2,0),(7,2,0),(6,2,0),(5,2,0),(4,2,0),(4,2,1),(4,2,2),(4,2,3),(4,1,3),(4,0,3),(4,0,4),(4,0,5),(4,0,6),
48:(7,3,4),(8,3,4),(8,3,5),(8,3,6),(8,2,6),(8,1,6),
49:(4,2,2),(5,2,2),(6,2,2),(6,2,3),(6,1,3),(6,0,3),
50:(0,8,7),(1,8,7),(1,8,6),(1,8,5),(1,8,4),(1,7,4),(1,6,4),(1,5,4),(2,5,4),(3,5,4),(3,4,4),
51:(2,1,7),(1,1,7),(1,1,6),(1,1,5),(1,2,5),(1,3,5),(1,4,5),(1,5,5),(1,5,4),
52:(6,7,6),(5,7,6),(5,7,5),(5,7,4),(5,7,3),(5,7,2),(5,7,1),(5,7,0),(5,6,0),
53:(6,3,1),(5,3,1),(4,3,1),(4,2,1),(4,1,1),(4,1,0),
54:(6,6,7),(5,6,7),(4,6,7),(3,6,7),(2,6,7),(2,6,6),(1,6,6),(1,6,5),(1,6,4),(1,6,3),(1,6,2),(0,6,2),(0,6,1),(0,6,0),
55:(2,3,4),(3,3,4),(4,3,4),(5,3,4),(5,3,3),(5,3,2),(5,4,2),(5,5,2),(5,6,2),(5,7,2),
56:(6,2,8),(6,2,7),(6,2,7),(5,2,7),(4,2,7),(3,2,7),
57:(4,5,4),(4,5,5),(4,4,5),(4,3,5),(4,2,5),(4,1,5),(4,0,5),(5,0,5),(6,0,5),(7,0,5),(8,0,5),
58:(8,5,7),(7,5,7),(6,5,7),(6,5,8),(6,4,8),(6,3,8),
59:(0,5,7),(1,5,7),(2,5,7),(3,5,7),(4,5,7),(4,5,6),(4,5,5),(4,5,4),(4,6,4),(4,6,3),(4,7,3),(4,8,3),(4,8,2),
60:(6,4,1),(5,4,1),(4,4,1),(4,3,1),(3,3,1),(2,3,1),(2,3,0),(2,2,0),(2,1,0),
61:(0,6,8),(1,6,8),(2,6,8),(3,6,8),(3,6,7),(4,6,7),(4,6,6),(4,5,6),(4,4,6),
62:(7,0,2),(6,0,2),(6,0,1),(6,0,0),(6,1,0),(6,2,0),(6,3,0),(6,3,0),(6,4,0),(6,5,0),(6,6,0),(6,7,0),(5,7,0),(4,7,0),(3,7,0),(2,7,0),(1,7,0),
63:(2,7,8),(3,7,8),(4,7,8),(4,7,7),(4,6,7),(4,6,6),(4,5,6),(4,4,6),(4,3,6),
64:(0,3,8),(1,3,8),(2,3,8),(2,4,8),(2,4,7),(2,4,6),(2,5,6),(2,6,6),(2,7,6),(2,7,6),(3,7,6),
65:(2,5,1),(1,5,1),(0,5,1),(0,5,2),(0,5,3),(0,5,4),(0,5,5),(0,5,6),(0,5,7),(0,5,8),(0,4,8),
66:(5,3,7),(4,3,7),(3,3,7),(3,3,6),(3,3,5),(2,3,5),(1,3,5),(0,3,5),(0,3,4),(0,4,4),(0,5,4),(0,6,4),(0,7,4),(0,7,3),(0,8,3),(0,8,2),
67:(0,5,3),(1,5,3),(2,5,3),(2,5,2),(2,5,1),
68:(1,4,6),(1,5,6),(1,5,5),(1,6,5),(1,7,5),(1,8,5),
69:(2,1,5),(3,1,5),(4,1,5),(5,1,5),(6,1,5),(6,2,5),
70:(3,8,5),(4,8,5),(5,8,5),(6,8,5),(6,7,5),
71:(7,2,2),(8,2,2),(8,2,1),
72:(1,0,4),(2,0,4),(3,0,4),(4,0,4),(5,0,4),(6,0,4),(7,0,4),(7,0,3),(7,1,3),(7,2,3),(7,2,2),(7,2,1),
73:(4,1,0),(5,1,0),(6,1,0),(6,1,1),(6,2,1),(6,3,1),
74:(2,6,8),(3,6,8),(4,6,8),(4,6,7),(5,6,7),(6,6,7),(6,6,6),(6,6,5),(7,6,5),(7,6,4),(7,5,4),(7,4,4),(8,4,4),(8,3,4),(8,2,4),(8,2,3),
75:(6,1,5),(5,1,5),(5,1,6),(5,1,7),(4,1,7),(4,2,7),(4,3,7),(4,4,7),(4,5,7),(4,6,7),(3,6,7),
76:(1,3,8),(2,3,8),(2,3,7),
77:(2,4,3),(3,4,3),(4,4,3),(5,4,3),(5,5,3),(6,5,3),(7,5,3),(7,5,4),(7,6,4),(7,7,4),(7,7,4),(7,7,5),
78:(5,7,3),(5,7,4),(6,7,4),(7,7,4),(8,7,4),(8,7,5),(8,7,6),(8,6,6),(8,5,6),(8,4,6),
79:(0,0,7),(1,0,7),(2,0,7),(2,0,6),(2,1,6),(2,2,6),(2,3,6),(3,3,6),(3,4,6),(3,4,5),(3,5,5),(3,5,4),(3,5,3),(3,6,3),(3,7,3),(3,8,3),
80:(8,8,0),(7,8,0),(6,8,0),(5,8,0),(4,8,0),(3,8,0),(2,8,0),(2,7,0),(2,6,0),(2,5,0),(2,4,0),(2,3,0),(2,3,1),(2,3,2),
81:(5,1,2),(6,1,2),(7,1,2),(8,1,2),(8,1,3),(8,1,4),(8,1,5),(8,2,5),(8,2,6),(8,2,7),(8,3,7),(8,4,7),
82:(6,6,8),(5,6,8),(5,6,7),(5,6,6),(4,6,6),(3,6,6),(2,6,6),(1,6,6),(1,6,5),(1,6,4),(1,6,3),(1,6,2),(1,6,1),(1,5,1),(1,4,1),(1,3,1),(1,2,1),(1,1,1),
83:(1,4,8),(2,4,8),(3,4,8),(4,4,8),(5,4,8),(5,4,7),(5,4,6),(5,4,5),(5,3,5),(5,2,5),(5,2,4),(5,2,3),(5,1,3),
84:(7,7,4),(6,7,4),(6,7,3),(6,7,2),(5,7,2),(4,7,2),(3,7,2),(2,7,2),(2,6,2),(2,5,2),
85:(8,2,1),(7,2,1),(6,2,1),(5,2,1),(5,2,0),(5,3,0),
86:(2,1,1),(3,1,1),(4,1,1),(5,1,1),(6,1,1),(6,1,2),(6,2,2),(6,2,3),(6,3,3),(6,3,4),(6,3,5),(6,3,6),(6,4,6),(6,5,6),
87:(5,1,5),(5,1,4),(5,1,3),(5,1,2),(5,2,2),(5,2,2),(5,3,2),(5,4,2),(5,5,2),
88:(7,6,1),(7,6,2),(7,5,2),(7,4,2),(7,3,2),(7,2,2),(7,1,2),(6,1,2),
89:(3,6,2),(4,6,2),(5,6,2),(6,6,2),(7,6,2),(7,5,2),(7,4,2),(7,4,3),(7,4,4),(7,4,5),(7,3,5),(7,2,5),(7,1,5),
90:(0,4,3),(1,4,3),(2,4,3),(3,4,3),(4,4,3),(4,4,2),(4,4,1),(5,4,1),(6,4,1),(7,4,1),(7,5,1),(7,6,1),
91:(8,7,1),(7,7,1),(6,7,1),(5,7,1),(4,7,1),(4,6,1),(4,6,2),(4,5,2),(4,4,2),(4,4,3),
92:(6,7,0),(6,6,0),(5,6,0),(5,5,0),
93:(1,2,0),(2,2,0),(3,2,0),(4,2,0),(4,3,0),(4,4,0),(5,4,0),(6,4,0),(7,4,0),(7,4,0),(7,4,1),
94:(8,8,3),(7,8,3),(6,8,3),(5,8,3),(4,8,3),(3,8,3),(3,7,3),(2,7,3),(2,6,3),(2,6,4),(2,5,4),(2,4,4),(2,3,4),(1,3,4),(1,2,4),(1,1,4),(1,0,4),(2,0,4),
95:(0,6,2),(1,6,2),(2,6,2),(2,6,3),(2,5,3),(2,4,3),(2,3,3),(3,3,3),(3,2,3),
96:(4,3,6),(3,3,6),(2,3,6),(1,3,6),(1,3,5),(1,3,4),(1,3,3),(1,3,2),(1,4,2),(1,5,2),(1,5,1),(1,5,0),(1,6,0),(1,7,0),(1,8,0),
97:(8,2,2),(8,2,3),(7,2,3),(7,3,3),(6,3,3),(6,4,3),(6,5,3),(6,6,3),
98:(4,4,6),(4,4,5),(4,4,4),(4,4,3),(4,5,3),
99:(4,5,2),(3,5,2),(2,5,2),(1,5,2),(0,5,2),(0,5,1),(0,4,1),
100:(5,5,5),(6,5,5),(7,5,5),(7,4,5),(7,4,4),(7,4,3),(8,4,3),(8,3,3),
101:(6,3,7),(5,3,7),(4,3,7),(3,3,7),(3,4,7),(2,4,7),(1,4,7),(0,4,7),(0,4,7),(0,5,7),(0,6,7),(0,7,7),(0,8,7),
102:(6,4,5),(5,4,5),(5,5,5),(5,6,5),
103:(3,7,1),(4,7,1),(5,7,1),(5,7,2),(5,6,2),(5,6,3),(5,6,4),(5,5,4),(5,5,5),(5,5,6),(5,4,6),(5,3,6),(6,3,6),(6,2,6),(6,1,6),(5,1,6),
104:(5,7,7),(4,7,7),(4,7,6),(4,7,5),(4,7,4),(4,7,3),(4,7,2),(4,7,1),
105:(2,3,0),(1,3,0),(0,3,0),(0,2,0),
106:(8,6,0),(7,6,0),(6,6,0),(5,6,0),(4,6,0),(4,5,0),(4,5,1),(4,4,1),(3,4,1),(3,4,2),(3,4,3),(2,4,3),(2,4,4),(2,3,4),(1,3,4),(1,3,5),(1,3,6),(1,4,6),
107:(7,5,2),(6,5,2),(5,5,2),(4,5,2),(4,4,2),(3,4,2),(3,3,2),(2,3,2),(1,3,2),(1,3,3),
108:(6,4,0),(6,4,1),(6,4,2),(6,5,2),(6,5,3),(6,6,3),(6,7,3),(6,7,4),(6,8,4),(6,9,4),(6,9,5),(6,9,6),(6,9,7),(6,9,8),(6,8,8),
109:(8,2,3),(7,2,3),(6,2,3),(5,2,3),(4,2,3),(3,2,3),(3,3,3),(3,4,3),(2,4,3),(1,4,3),(1,5,3),(1,6,3),(1,6,4),(1,7,4),
110:(2,4,6),(3,4,6),(3,4,5),(3,3,5),(3,2,5),
111:(4,2,8),(5,2,8),(6,2,8),(7,2,8),(7,2,7),(7,2,6),(7,2,5),(7,2,4),(7,2,3),(7,2,2),(7,2,1),(7,1,1),(7,0,1),(7,0,0),
112:(6,7,1),(6,7,2),(6,6,2),(6,6,3),(6,6,4),(5,6,4),(4,6,4),(4,6,5),(3,6,5),(3,5,5),(2,5,5),(2,5,4),(2,5,4),(2,4,4),(2,3,4),
113:(6,3,2),(5,3,2),(4,3,2),(3,3,2),(2,3,2),(1,3,2),(0,3,2),(0,3,3),(0,2,3),(0,2,4),
114:(0,7,1),(1,7,1),(2,7,1),(3,7,1),(3,7,0),(4,7,0),(5,7,0),(6,7,0),(7,7,0),(8,7,0),(8,8,0),
115:(4,7,6),(4,6,6),(4,5,6),(4,5,6),(4,5,5),(4,4,5),(4,3,5),(4,2,5),
116:(2,7,4),(3,7,4),(3,7,5),(3,7,5),(4,7,5),(5,7,5),(5,7,6),(5,6,6),
117:(5,3,4),(6,3,4),(7,3,4),(7,3,5),(7,3,6),(7,3,7),(7,3,8),(7,2,8),(7,1,8),
118:(3,7,2),(3,6,2),(3,5,2),(3,5,1),(4,5,1),(4,4,1),(4,3,1),(4,2,1),(4,2,2),(4,2,3),(4,1,3),
119:(3,0,3),(3,0,2),(4,0,2),(4,0,1),(5,0,1),(5,1,1),(5,2,1),(5,3,1),(5,4,1),(6,4,1),(6,5,1),(6,6,1),(6,7,1),
120:(7,4,4),(7,5,4),(8,5,4),
121:(5,2,7),(5,2,6),(6,2,6),(7,2,6),(7,2,5),(7,2,4),(7,1,4),(7,1,3),(7,1,2),
122:(8,2,5),(7,2,5),(6,2,5),(6,2,6),(5,2,6),(4,2,6),(3,2,6),(2,2,6),(1,2,6),(1,2,7),(1,3,7),(1,3,8),
123:(6,4,7),(6,4,6),(6,4,5),(6,4,4),(6,4,3),(6,4,2),(6,5,2),(6,5,1),(5,5,1),(5,4,1),(6,4,1),
124:(0,2,1),(1,2,1),(2,2,1),(3,2,1),(4,2,1),(4,2,2),(4,2,3),(4,2,4),(4,3,4),(4,4,4),(4,5,4),
125:(1,1,8),(1,2,8),(1,2,7),(1,2,6),(1,2,6),(1,2,5),(1,2,4),(1,2,3),(1,2,2),(1,3,2),(1,4,2),(1,5,2),(1,6,2),
126:(0,1,5),(1,1,5),(2,1,5),(3,1,5),(3,1,4),(3,2,4),(4,2,4),(4,3,4),(4,4,4),(4,5,4),(5,5,4),(6,5,4),(7,5,4),(7,6,4),(7,7,4),(7,8,4),
127:(3,5,8),(3,5,7),(3,6,7),(3,7,7),(4,7,7),(5,7,7),(6,7,7),(7,7,7),(7,7,6),
128:(8,5,3),(7,5,3),(6,5,3),(5,5,3),(5,5,4),(5,5,5),(5,5,6),(5,5,7),(5,5,8),(5,6,8),
129:(5,5,2),(4,5,2),(4,5,3),(4,5,4),(3,5,4),(2,5,4),(1,5,4),(0,5,4),(0,5,5),(0,5,6),(0,5,7),(0,4,7),(0,3,7),(0,2,7),(0,1,7),
130:(1,4,2),(2,4,2),(2,4,2),(3,4,2),(3,4,3),(3,4,4),(3,5,4),(3,5,5),(4,5,5),(5,5,5),(6,5,5),(6,4,5),
131:(7,6,7),(6,6,7),(6,6,7),(6,5,7),(6,4,7),(6,4,8),(5,4,8),(4,4,8),(4,3,8),(4,2,8),(4,1,8),(4,0,8),(3,0,8),(2,0,8),(1,0,8),
132:(8,8,4),(7,8,4),(6,8,4),(5,8,4),(4,8,4),(3,8,4),(2,8,4),(2,8,5),(2,8,6),(2,8,7),(2,8,8),(2,7,8),(2,6,8),
133:(0,7,0),(1,7,0),(2,7,0),(2,6,0),(2,6,1),(2,6,2),(2,6,3),(2,6,4),(2,6,5),(3,6,5),
134:(7,3,0),(7,4,0),(7,5,0),
135:(3,6,7),(4,6,7),(4,5,7),(4,4,7),(4,4,6),(5,4,6),(5,4,5),(5,3,5),(5,2,5),(5,1,5),(5,0,5),
136:(4,7,5),(3,7,5),(2,7,5),(1,7,5),(0,7,5),(0,7,4),(0,7,3),(0,7,2),
137:(4,2,5),(4,1,5),(4,1,4),(3,1,4),(3,1,3),(3,1,2),(3,1,1),(2,1,1),(2,0,1),
138:(7,2,3),(6,2,3),(5,2,3),(4,2,3),(3,2,3),(2,2,3),(1,2,3),(0,2,3),(0,2,4),(0,2,5),(0,2,6),(0,2,7),(0,2,8),(0,1,8),
139:(6,3,5),(6,4,5),(6,5,5),(6,5,4),(6,5,4),(6,6,4),(6,6,3),(6,6,2),(6,6,1),(6,6,0),(6,7,0),(6,8,0),
140:(4,0,2),(4,1,2),(3,1,2),(2,1,2),(2,1,3),(1,1,3),(1,1,4),(1,1,5),(1,1,6),(1,1,7),
141:(7,4,7),(6,4,7),(5,4,7),(5,4,6),(5,5,6),(5,5,7),(4,5,7),(3,5,7),(2,5,7),(2,5,6),(1,5,6),(0,5,6),(0,5,5),
142:(2,5,0),(1,5,0),(0,5,0),
143:(3,2,2),(4,2,2),(5,2,2),(6,2,2),(7,2,2),(7,2,3),(8,2,3),(8,2,4),(7,2,4),(7,2,5),(7,2,6),(7,2,7),
144:(4,1,3),(3,1,3),(2,1,3),(2,1,4),(2,1,5),(2,1,6),(2,1,7),(2,0,7),
145:(0,7,6),(1,7,6),(2,7,6),(3,7,6),(3,7,5),(4,7,5),(5,7,5),(5,7,4),(6,7,4),(6,7,3),(6,7,2),(6,7,1),(6,8,1),
146:(7,7,1),(6,7,1),(6,6,1),(5,6,1),(4,6,1),(4,6,2),(4,6,3),(4,6,4),(4,6,5),(4,6,6),(3,6,6),(2,6,6),(1,6,6),(0,6,6),(0,6,7),(0,5,7),(0,5,8),
147:(2,4,0),(2,4,1),(1,4,1),(1,4,2),(1,4,3),(1,5,3),(2,5,3),
148:(0,4,4),(1,4,4),(2,4,4),(2,3,4),(2,2,4),(2,1,4),(2,0,4),(3,0,4),(4,0,4),(5,0,4),(5,0,3),
149:(2,0,8),(3,0,8),(4,0,8),(5,0,8),(6,0,8),(7,0,8),(8,0,8),(8,1,8),(8,2,8),(8,3,8),(8,4,8),
150:(3,5,0),(3,5,1),(3,6,1),(3,6,2),(3,6,3),(3,6,4),
151:(5,5,4),(6,5,4),(7,5,4),(7,5,3),(7,5,2),(7,4,2),(7,3,2),
152:(5,1,7),(4,1,7),(4,1,6),(4,2,6),(4,3,6),(4,4,6),(4,4,7),(4,5,7),(4,6,7),(4,7,7),(4,7,6),
153:(4,3,3),(3,3,3),(3,3,4),(3,4,4),(2,4,4),(2,4,5),(2,5,5),(2,6,5),(2,7,5),(2,8,5),(2,8,6),(1,8,6),
154:(0,6,7),(0,6,6),(0,6,5),(0,6,4),(0,6,3),(0,6,2),(1,6,2),(1,6,1),(1,5,1),(1,4,1),(1,3,1),(1,2,1),(1,2,0),
155:(3,3,7),(3,3,8),(4,3,8),(5,3,8),(6,3,8),(7,3,8),(8,3,8),(8,3,7),(8,4,7),(8,5,7),
156:(3,3,3),(3,2,3),(3,1,3),(4,1,3),(5,1,3),(5,1,4),(5,1,5),(6,1,5),(6,1,6),(6,0,6),
157:(4,7,3),(4,7,4),(5,7,4),(6,7,4),(7,7,4),(8,7,4),(8,7,5),
158:(0,4,8),(1,4,8),(2,4,8),(3,4,8),(4,4,8),(5,4,8),(5,4,7),(5,4,6),(5,4,5),(5,3,5),(5,2,5),(5,2,4),(5,2,3),(5,2,2),(5,2,1),(5,1,1),(5,1,0),(5,0,0),
159:(6,1,7),(7,1,7),(8,1,7),(8,1,6),(8,1,5),(8,2,5),(8,2,4),(8,3,4),(8,4,4),(8,4,3),(8,4,2),(8,4,1),(8,4,0),(8,5,0),(8,6,0),
160:(7,2,7),(7,2,6),(7,2,5),(7,2,4),(7,2,3),(7,3,3),(7,4,3),(7,5,3),(7,6,3),(7,7,3),(6,7,3),(5,7,3),(4,7,3),(3,7,3),(2,7,3),(1,7,3),(0,7,3),(0,8,3),
161:(2,2,4),(3,2,4),(4,2,4),(5,2,4),(5,3,4),(6,3,4),(7,3,4),(7,3,4),(8,3,4),(8,3,4),(8,4,4),(8,4,3),
162:(8,6,4),(7,6,4),(6,6,4),(5,6,4),(5,7,4),(5,8,4),(5,8,5),
163:(0,1,2),(1,1,2),(2,1,2),(2,1,1),(2,2,1),
164:(0,6,3),(0,6,4),(0,7,4),(0,7,5),(0,7,6),(1,7,6),(1,7,7),
165:(7,3,7),(6,3,7),(6,3,6),(6,3,5),(6,3,4),(6,3,3),(6,4,3),(6,5,3),(6,5,2),(6,5,1),(6,5,0),
166:(7,1,0),(7,1,1),(7,1,1),(7,1,2),(7,1,3),(7,1,4),(7,1,5),(7,2,5),(7,3,5),(7,3,5),(8,3,5),
167:(6,0,7),(6,1,7),(6,1,7),(6,2,7),(6,3,7),(5,3,7),(5,3,7),(4,3,7),(3,3,7),(3,4,7),
168:(8,6,7),(7,6,7),(7,6,6),(6,6,6),(6,7,6),(6,8,6),(6,8,5),
169:(3,4,2),(3,4,1),(3,5,1),(4,5,1),(5,5,1),(5,5,2),(5,6,2),(5,6,3),(5,7,3),(4,7,3),(4,7,4),(4,7,5),(5,7,5),(5,7,6),
170:(2,5,5),(2,5,4),(2,6,4),(2,7,4),(3,7,4),(4,7,4),(4,7,3),(4,7,2),
171:(7,8,0),(6,8,0),(5,8,0),(4,8,0),(3,8,0),(2,8,0),(1,8,0),(1,8,1),(1,8,2),(1,8,3),(1,8,4),(1,7,4),(1,7,5),(1,6,5),(1,5,5),(1,4,5),(1,3,5),
172:(4,3,8),(5,3,8),(6,3,8),(7,3,8),(7,2,8),(7,2,7),(7,2,6),(7,1,6),(7,1,5),(7,1,4),(7,1,4),(7,0,4),
173:(8,3,3),(8,4,3),(8,4,4),(8,4,5),(8,4,6),(7,4,6),(7,4,7),(7,5,7),(7,6,7),(7,6,7),(6,6,7),
174:(3,8,4),(4,8,4),(4,8,5),(5,8,5),(6,8,5),(7,8,5),(8,8,5),(8,8,6),(8,8,7),(8,7,7),
175:(6,4,3),(5,4,3),(5,5,3),(5,5,4),(4,5,4),(4,5,5),(4,4,5),
176:(2,1,8),(3,1,8),(3,1,7),(4,1,7),(4,1,6),(5,1,6),(5,2,6),(5,2,5),(5,2,4),(5,2,3),(6,2,3),(6,2,2),(6,3,2),
177:(5,8,6),(4,8,6),(3,8,6),(3,8,7),(3,7,7),(3,6,7),(3,6,7),(3,6,8),(2,6,8),(2,6,7),(2,5,7),(2,4,7),
178:(6,2,4),(6,2,5),(6,3,5),(6,4,5),(6,5,5),(6,6,5),(6,6,4),(5,6,4),(5,7,4),
179:(6,5,6),(7,5,6),(7,4,6),(7,4,6),(7,4,5),(7,4,4),(8,4,4),(8,4,3),(8,4,2),(8,4,1),(8,4,0),(8,3,0),(8,2,0),
180:(8,8,6),(7,8,6),(6,8,6),(5,8,6),(4,8,6),(3,8,6),(2,8,6),(1,8,6),(1,8,7),
181:(6,1,0),(6,1,1),(6,1,2),(6,1,2),(5,1,2),(4,1,2),(3,1,2),
182:(1,6,5),(0,6,5),(0,5,5),(0,4,5),(0,3,5),(0,2,5),(0,2,4),(0,1,4),(0,1,3),(0,0,3),
183:(2,2,1),(2,2,2),(2,2,3),(2,2,4),(2,2,5),(2,1,5),(2,0,5),
184:(2,2,5),(3,2,5),(4,2,5),(5,2,5),(5,3,5),(5,3,4),(5,3,3),(5,3,2),(5,3,1),
185:(7,0,3),(6,0,3),(5,0,3),(4,0,3),(4,1,3),(4,2,3),(4,3,3),(4,4,3),(3,4,3),(3,5,3),(3,6,3),(4,6,3),(4,6,3),(4,7,3),
186:(1,1,4),(1,1,3),(1,2,3),(1,3,3),(1,3,2),(1,4,2),(1,5,2),(1,6,2),(1,6,2),(1,6,2),(2,6,2),
187:(7,4,8),(6,4,8),(5,4,8),(5,5,8),(4,5,8),(3,5,8),(2,5,8),(2,5,7),(2,5,6),(2,5,5),(2,6,5),(2,6,4),(2,7,4),
188:(4,4,0),(4,4,1),(4,5,1),(4,6,1),(4,6,2),(4,6,3),(3,6,3),(3,7,3),(3,7,4),(2,7,4),(2,7,5),(2,8,5),
189:(2,6,1),(2,6,2),(2,6,3),(3,6,3),(4,6,3),(4,6,4),(4,6,5),(4,6,6),(4,5,6),(4,5,7),(5,5,7),(6,5,7),(6,4,7),(6,3,7),(6,2,7),
190:(0,6,4),(1,6,4),(1,6,3),(1,6,2),(1,6,1),(1,6,0),(1,5,0),(1,4,0),
191:(7,4,1),(7,5,1),(6,5,1),(5,5,1),(5,6,1),(5,6,0),(4,6,0),(4,6,0),(3,6,0),
192:(8,0,7),(7,0,7),(6,0,7),(5,0,7),(4,0,7),(3,0,7),(2,0,7),(2,0,8),(2,1,8),
193:(0,6,1),(1,6,1),(2,6,1),(3,6,1),(3,6,2),(3,6,3),(3,5,3),(3,5,4),(4,5,4),(5,5,4),(5,5,5),(5,5,6),(5,5,7),(6,5,7),(6,4,7),(6,3,7),(7,3,7),(8,3,7),(8,3,8),
194:(1,2,2),(1,2,3),(1,2,4),(1,2,5),(0,2,5),(0,2,6),(1,2,6),(1,2,7),(2,2,7),(2,2,8),(3,2,8),(4,2,8),(5,2,8),(6,2,8),(7,2,8),
195:(6,7,4),(6,7,5),(6,6,5),(6,5,5),(6,5,6),(5,5,6),(5,5,7),(5,5,8),(5,4,8),(5,3,8),(5,2,8),(5,1,8),(4,1,8),(4,1,9),(3,1,9),(2,1,9),(1,1,9),(1,1,8),
196:(1,2,7),(1,2,6),(1,2,5),(0,2,5),(0,1,5),(1,1,5),(1,2,5),
197:(8,0,4),(7,0,4),(6,0,4),(6,0,3),(6,0,2),(6,0,1),(6,1,1),
198:(7,8,4),(7,8,5),(7,7,5),(7,6,5),(7,5,5),(7,4,5),(7,3,5),(7,3,6),(7,3,7),(7,2,7),(7,1,7),(8,1,7),
199:(5,8,3),(5,8,3),(5,7,3),(5,6,3),(5,6,4),(5,5,4),(5,5,5),(5,5,6),(5,5,7),(5,4,7),(5,3,7),(5,2,7),(5,1,7),
200:(2,5,4),(2,4,4),(2,3,4),(2,3,5),(2,3,5),(2,3,6),(3,3,6),(3,3,7),(3,3,8),(3,2,8),(3,1,8),
201:(2,3,8),(2,3,7),(2,4,7),(3,4,7),(3,4,6),(3,4,5),(3,4,4),(4,4,4),(4,4,3),(5,4,3),(5,4,2),(5,4,1),(5,5,1),(5,6,1),(5,7,1),(5,7,0),(5,8,0),
202:(3,8,6),(3,8,5),(3,8,4),(3,8,3),(3,8,2),(4,8,2),(4,8,1),(4,8,0),(4,7,0),(4,6,0),(4,5,0),(4,4,0),(4,3,0),(4,2,0),(5,2,0),
203:(5,1,1),(5,1,2),(5,1,2),(5,2,2),(5,2,3),(5,1,3),(5,1,4),(5,1,5),(5,1,6),(5,2,6),
204:(4,8,7),(3,8,7),(3,7,7),(2,7,7),(1,7,7),(0,7,7),(0,6,7),(0,5,7),(1,5,7),
205:(8,1,8),(7,1,8),(6,1,8),(5,1,8),(4,1,8),(3,1,8),(2,1,8),(1,1,8),(1,2,8),
206:(2,7,3),(3,7,3),(3,7,4),(3,6,4),(3,6,5),(3,6,5),(3,6,6),(3,6,7),(3,5,7),
207:(6,7,7),(6,7,8),(6,7,8),(6,6,8),(6,5,8),(5,5,8),(4,5,8),(3,5,8),
208:(3,6,1),(3,7,1),(3,7,2),(3,7,2),(3,7,3),(3,7,4),(3,7,5),(3,7,6),(3,7,7),(3,7,8),(4,7,8),(4,6,8),(4,5,8),(4,4,8),(4,3,8),(4,2,8),
209:(5,1,6),(6,1,6),(7,1,6),(7,1,6),(7,2,6),(7,3,6),(7,3,7),(7,4,7),(7,4,6),(7,5,6),(7,5,5),(7,5,4),(7,5,3),
210:(1,2,1),(1,2,2),(0,2,2),(0,2,3),(0,2,4),(0,2,4),(0,3,4),(0,4,4),(0,5,4),(0,5,5),(0,5,6),(0,5,7),(0,5,8),(0,6,8),
211:(4,4,1),(4,5,1),(5,5,1),(5,5,2),(6,5,2),(6,5,2),(7,5,2),(7,5,2),(7,5,3),(7,5,4),(7,4,4),(7,4,5),(7,4,6),(7,3,6),(7,3,7),(7,3,8),
212:(4,0,5),(5,0,5),(5,0,4),(5,0,3),(5,0,2),(5,1,2),(5,2,2),(5,2,2),(5,3,2),(5,4,2),(5,4,1),(5,5,1),(6,5,1),(6,6,1),(6,6,0),(7,6,0),
213:(8,1,0),(7,1,0),(7,2,0),(7,3,0),(7,3,1),(7,3,2),(6,3,2),(6,3,3),(6,3,4),(6,3,5),(5,3,5),(5,4,5),(5,4,6),(5,4,7),(5,5,7),(5,6,7),(5,7,7),(5,7,8),(5,8,8),
214:(5,3,8),(6,3,8),(6,3,7),(6,3,6),(6,3,5),(5,3,5),(5,3,4),
215:(5,8,5),(5,7,5),(4,7,5),(4,7,4),(4,7,3),(3,7,3),(2,7,3),(1,7,3),(0,7,3),(0,6,3),
216:(5,3,3),(6,3,3),(6,4,3),(6,5,3),(6,6,3),(6,7,3),(5,7,3),(4,7,3),(3,7,3),(3,7,4),
217:(5,0,1),(6,0,1),(7,0,1),(7,0,1),(7,1,1),(7,2,1),(7,3,1),(8,3,1),(8,3,2),(8,4,2),(8,5,2),(8,6,2),(8,7,2),(8,7,3),(8,7,4),(8,8,4),(8,8,5),(8,8,6),(8,8,7),
218:(4,3,7),(3,3,7),(3,3,6),(3,4,6),(3,4,5),(3,3,5),(2,3,5),(2,4,5),
219:(8,3,2),(8,4,2),(8,4,3),(8,4,4),(8,4,4),(8,4,5),(8,4,6),(8,4,7),(7,4,7),
220:(1,2,8),(1,2,7),(1,2,6),(1,1,6),(1,1,5),(1,1,4),(2,1,4),(2,1,4),(3,1,4),(4,1,4),(5,1,4),(5,1,3),(5,1,2),
221:(8,1,7),(8,2,7),(7,2,7),(7,1,7),(6,1,7),(5,1,7),(4,1,7),(3,1,7),(2,1,7),(2,2,7),(1,2,7),
222:(4,0,8),(4,0,7),(4,0,7),(4,0,6),(4,0,5),(4,0,4),(4,0,3),(4,0,2),(4,0,1),(4,1,1),(4,2,1),(4,2,0),(4,2,0),(3,2,0),(2,2,0),
223:(4,6,4),(4,6,3),(5,6,3),(5,6,2),(6,6,2),(7,6,2),(8,6,2),(8,6,1),(8,7,1),
224:(1,6,0),(2,6,0),(3,6,0),(3,5,0),
225:(1,5,0),(1,4,0),(2,4,0),(3,4,0),(3,4,1),(3,3,1),(3,2,1),(3,1,1),(3,0,1),(3,0,1),(4,0,1),
226:(5,0,4),(6,0,4),(6,0,3),(7,0,3),(7,0,2),(7,0,1),(7,1,1),(7,2,1),(7,2,0),(7,3,0),(7,4,0),(7,4,-1),(7,5,-1),(7,6,-1),(7,6,0),(7,7,0),
227:(1,0,1),(1,1,1),(1,1,1),(1,2,1),(1,3,1),(1,4,1),(1,5,1),(0,5,1),(0,6,1),(1,6,1),(1,7,1),(1,8,1),
228:(0,5,1),(0,5,2),(1,5,2),(1,5,3),(1,5,4),(1,4,4),(2,4,4),(3,4,4),(3,3,4),(3,2,4),
229:(4,6,8),(4,5,8),(4,4,8),(4,3,8),(3,3,8),(3,2,8),(3,2,8),(3,2,8),(3,2,8),(3,2,9),(3,2,9),(3,2,8),
230:(1,7,0),(2,7,0),(2,6,0),(2,6,1),(2,6,2),(2,6,3),(2,6,4),(2,5,4),(3,5,4),(3,4,4),(3,4,5),(3,3,5),(3,3,6),(3,3,7),(4,3,7),(4,2,7),
231:(2,8,1),(2,7,1),(2,7,2),(2,7,3),(2,7,4),(2,6,4),(2,5,4),(2,4,4),(3,4,4),(3,3,4),(4,3,4),(4,2,4),
232:(4,8,6),(3,8,6),(2,8,6),(2,7,6),(2,6,6),(2,5,6),(1,5,6),(2,5,6),(2,4,6),(2,3,6),(2,3,5),(2,2,5),(2,2,4),
233:(1,6,3),(1,6,3),(1,6,2),(2,6,2),(2,5,2),(2,4,2),
234:(6,1,4),(6,1,4),(5,1,4),(4,1,4),(4,0,4),(3,0,4),(3,0,3),(3,0,2),
235:(1,8,5),(1,8,6),(1,7,6),(1,7,7),(1,7,8),(2,7,8),(2,6,8),(2,5,8),(2,4,8),
236:(5,2,2),(5,2,3),(5,3,3),(4,3,3),(3,3,3),(2,3,3),(2,3,4),(1,3,4),(1,3,5),(1,4,5),(1,5,5),(0,5,5),(0,6,5),(0,7,5),(0,7,6),(0,7,7),
237:(5,6,0),(4,6,0),(4,6,1),(4,6,2),(4,7,2),(3,7,2),(2,7,2),(1,7,2),(1,7,3),(1,7,3),(1,8,3),
238:(6,0,2),(5,0,2),(5,0,1),(6,0,1),(7,0,1),(7,0,0),(7,1,0),
239:(3,3,1),(2,3,1),(2,4,1),
240:(6,5,8),(6,5,7),(6,5,6),(6,4,6),(6,4,5),(6,3,5),(5,3,5),(4,3,5),(3,3,5),(2,3,5),(2,3,4),(2,3,3),(2,3,2),(2,2,2),
241:(0,7,4),(1,7,4),(1,6,4),(1,5,4),(2,5,4),(2,4,4),(2,4,3),(2,3,3),(2,3,4),(2,2,4),(2,1,4),
242:(1,6,7),(2,6,7),(2,6,7),(2,6,8),(2,5,8),(2,4,8),(2,3,8),(2,3,8),(2,3,8),(3,3,8),
