soc=2343
lb_soc=1540
makespan=19
lb_makespan=14
comp_time=8250
highLevelExpanded=55
lowLevelExpanded=18016
solution=
0:(3,5,7),(2,5,7),(1,5,7),(0,5,7),(0,5,6),(0,5,5),(0,5,4),(0,5,3),(0,4,3),(0,3,3),
1:(0,5,0),(1,5,0),(2,5,0),(3,5,0),(3,5,1),(3,4,1),(3,3,1),(3,2,1),(3,1,1),
2:(8,4,1),(7,4,1),(6,4,1),(5,4,1),(4,4,1),(4,4,2),(4,4,3),(4,4,4),(4,4,5),(4,4,6),(4,4,7),
3:(2,3,3),(1,3,3),(0,3,3),(0,3,4),(0,3,5),(0,4,5),(0,5,5),(0,6,5),
4:(0,2,3),(1,2,3),(2,2,3),(2,2,4),(2,3,4),(2,4,4),
5:(3,4,1),(3,4,2),(3,4,3),(3,4,3),(3,4,3),(4,4,3),(5,4,3),(5,5,3),(5,5,3),(5,5,4),(6,5,4),(7,5,4),(7,5,5),(7,6,5),(7,6,6),(7,7,6),
6:(3,6,7),(4,6,7),(5,6,7),(6,6,7),(7,6,7),(7,6,6),(7,6,5),(7,6,4),(7,6,3),(7,6,2),(7,6,1),(7,6,0),(7,7,0),
7:(7,4,5),(6,4,5),(5,4,5),(5,4,6),(5,3,6),
8:(0,0,3),(1,0,3),(2,0,3),(3,0,3),(4,0,3),(5,0,3),(6,0,3),(7,0,3),(8,0,3),(8,0,4),(8,1,4),(8,2,4),(8,3,4),(8,3,5),(8,4,5),(8,5,5),
9:(8,5,3),(7,5,3),(7,5,4),(7,5,5),(7,4,5),(7,4,6),(7,4,7),(7,3,7),(7,2,7),(6,2,7),(5,2,7),(5,1,7),(4,1,7),(3,1,7),(2,1,7),(1,1,7),
10:(2,8,6),(1,8,6),(1,8,7),(1,8,8),(1,7,8),(1,6,8),(1,5,8),
11:(0,5,7),(1,5,7),(1,5,8),(2,5,8),(3,5,8),(4,5,8),(5,5,8),(5,4,8),(5,3,8),(5,2,8),(5,1,8),(6,1,8),(7,1,8),
12:(1,2,3),(2,2,3),(3,2,3),(4,2,3),(4,3,3),(4,3,2),(4,4,2),(4,5,2),(4,5,3),(4,6,3),(4,7,3),(5,7,3),(5,8,3),(6,8,3),(6,8,4),(6,8,5),
13:(8,3,2),(7,3,2),(6,3,2),(5,3,2),(4,3,2),(3,3,2),(2,3,2),(1,3,2),(0,3,2),(0,3,1),(0,4,1),(0,5,1),
14:(6,8,0),(5,8,0),(4,8,0),(3,8,0),(2,8,0),(2,7,0),(2,7,1),(2,6,1),(2,6,2),(2,5,2),(2,5,3),(2,4,3),(2,3,3),(2,3,4),(2,3,5),(2,2,5),(2,1,5),(2,0,5),(1,0,5),(1,0,6),
15:(6,4,3),(5,4,3),(4,4,3),(4,4,4),(4,4,5),(4,4,6),(4,5,6),
16:(7,8,0),(7,8,1),(7,8,2),(7,7,2),(7,7,3),(7,7,4),(7,7,5),(7,6,5),(7,6,6),(7,5,6),(6,5,6),(6,5,7),(6,4,7),(6,3,7),(5,3,7),(5,2,7),(5,1,7),(5,0,7),
17:(7,7,6),(8,7,6),(8,7,5),(8,7,4),(8,6,4),
18:(7,0,6),(6,0,6),(5,0,6),(4,0,6),(3,0,6),(2,0,6),(2,0,7),(2,0,8),(2,1,8),(2,2,8),(2,3,8),(2,4,8),(2,5,8),(2,6,8),(2,7,8),(2,8,8),
19:(3,3,0),(3,3,1),(3,3,2),(3,3,3),(3,2,3),
20:(7,4,1),(6,4,1),(6,4,0),(5,4,0),(4,4,0),(3,4,0),(2,4,0),(1,4,0),(0,4,0),(0,5,0),
21:(5,7,6),(4,7,6),(3,7,6),(3,6,6),(3,5,6),(3,4,6),(3,4,5),(3,3,5),(3,3,4),(3,2,4),
22:(8,6,2),(7,6,2),(7,5,2),(7,4,2),
23:(4,4,5),(5,4,5),(5,4,4),(5,4,3),(5,4,2),
24:(3,7,6),(2,7,6),(2,6,6),(2,5,6),(2,4,6),(2,3,6),(2,2,6),(2,1,6),
25:(0,3,4),(1,3,4),(1,3,3),(1,3,2),(1,3,1),(1,3,0),(1,2,0),(1,1,0),
26:(3,1,3),(2,1,3),(1,1,3),(1,1,4),(1,1,5),(1,1,6),(1,1,7),(1,1,8),(1,2,8),(1,3,8),(1,4,8),
27:(3,5,0),(3,5,1),(3,5,2),(3,5,3),(3,5,4),(3,5,5),(3,5,6),(3,4,6),(3,3,6),(3,2,6),(3,1,6),
28:(4,1,5),(4,2,5),(4,3,5),(4,4,5),(4,5,5),(4,5,5),(3,5,5),(3,6,5),(2,6,5),(2,6,4),(2,7,4),(2,7,3),(2,8,3),(2,8,2),(1,8,2),(1,8,1),
29:(3,6,6),(2,6,6),(2,6,5),(2,6,4),(2,6,3),(2,6,2),(2,6,1),(2,5,1),(2,4,1),(2,3,1),(2,2,1),
30:(0,1,0),(1,1,0),(2,1,0),(2,1,1),(2,1,2),(2,1,3),(2,1,4),(2,1,5),(2,2,5),(2,2,6),(2,3,6),(2,4,6),(2,5,6),(2,6,6),(2,7,6),(2,8,6),
31:(2,8,5),(2,7,5),(2,7,6),(2,6,6),(2,5,6),(3,5,6),(3,4,6),(4,4,6),(4,3,6),(4,2,6),(5,2,6),(5,2,5),(5,1,5),(5,0,5),
32:(6,7,5),(5,7,5),(4,7,5),(3,7,5),(3,7,4),(3,7,3),(2,7,3),(1,7,3),(1,6,3),(1,5,3),(1,4,3),(1,4,2),(1,3,2),(1,2,2),(1,1,2),(1,1,1),
33:(8,6,5),(7,6,5),(6,6,5),(6,6,4),(6,5,4),(6,4,4),
34:(8,4,7),(7,4,7),(6,4,7),(5,4,7),(4,4,7),(3,4,7),(3,5,7),(3,5,6),(3,6,6),(2,6,6),(2,6,5),(2,6,4),(2,7,4),
35:(5,0,0),(6,0,0),(7,0,0),(7,0,1),(7,1,1),(7,2,1),(7,3,1),(7,4,1),(7,5,1),(7,6,1),(7,7,1),(7,8,1),
36:(1,0,7),(2,0,7),(3,0,7),(4,0,7),(5,0,7),(6,0,7),(7,0,7),(8,0,7),(8,1,7),(8,2,7),(8,3,7),
37:(8,4,3),(7,4,3),(6,4,3),(6,4,4),(5,4,4),(5,4,5),(5,4,6),(5,4,7),(5,4,8),(5,3,8),(5,2,8),
38:(5,2,3),(4,2,3),(4,2,4),(4,3,4),(4,4,4),(4,5,4),(4,6,4),(3,6,4),(2,6,4),(2,7,4),(2,8,4),
39:(3,5,5),(2,5,5),(2,5,4),(2,5,3),(2,5,2),(2,5,1),(2,5,0),
40:(3,8,5),(3,7,5),(2,7,5),(2,6,5),(2,5,5),(2,4,5),(2,3,5),(2,3,4),(2,2,4),
41:(8,0,6),(7,0,6),(6,0,6),(5,0,6),(4,0,6),(3,0,6),(3,0,5),(3,0,4),(3,0,3),(3,0,2),(3,0,1),(3,0,0),(3,1,0),(3,2,0),(3,3,0),(3,4,0),(3,5,0),(3,6,0),(3,7,0),(3,8,0),
42:(6,8,1),(5,8,1),(4,8,1),(3,8,1),(3,7,1),(3,6,1),(3,5,1),(3,4,1),(3,3,1),(3,2,1),(3,2,2),(2,2,2),(1,2,2),(1,2,1),
43:(2,3,2),(3,3,2),(4,3,2),(4,3,1),(5,3,1),(6,3,1),(6,4,1),
44:(6,5,5),(6,5,5),(6,4,5),(6,3,5),(6,3,5),(7,3,5),(6,3,5),
45:(6,5,4),(6,5,3),(6,6,3),(6,6,2),(6,6,1),(6,7,1),(5,7,1),(5,8,1),
46:(2,1,0),(3,1,0),(4,1,0),(5,1,0),(5,2,0),(5,3,0),(6,3,0),(6,4,0),(6,5,0),(6,5,1),(6,5,2),(6,6,2),(6,6,3),(6,6,4),(6,7,4),(6,8,4),(6,9,4),(6,9,5),(6,9,6),(6,8,6),
47:(2,8,4),(1,8,4),(1,8,5),(1,7,5),(1,6,5),
48:(0,4,1),(0,4,2),(0,4,3),(0,5,3),(1,5,3),(2,5,3),(2,6,3),(2,7,3),(2,8,3),(2,8,4),(3,8,4),(4,8,4),(4,8,5),(4,8,6),(5,8,6),
49:(6,1,7),(5,1,7),(4,1,7),(3,1,7),(2,1,7),(2,2,7),(1,2,7),(1,3,7),(1,4,7),(2,4,7),(2,5,7),(2,5,6),(2,6,6),(2,6,5),
50:(5,8,1),(5,8,2),(6,8,2),(7,8,2),(7,7,2),(7,6,2),(7,5,2),
51:(3,5,3),(4,5,3),(4,5,2),(4,5,1),(4,5,0),(5,5,0),(6,5,0),(7,5,0),(8,5,0),(8,4,0),(8,3,0),(8,2,0),(8,1,0),(8,0,0),
52:(4,7,2),(4,7,1),(4,6,1),(4,6,1),(4,5,1),(4,4,1),(4,3,1),(4,3,0),(4,2,0),(4,1,0),(4,1,1),(4,0,1),
53:(4,0,2),(4,1,2),(4,2,2),(4,3,2),(4,4,2),(4,5,2),(5,5,2),
54:(7,1,0),(6,1,0),(6,1,1),(6,1,2),
55:(7,6,7),(6,6,7),(6,6,6),(5,6,6),(4,6,6),(4,6,5),(4,5,5),(4,4,5),(4,3,5),
56:(4,2,7),(5,2,7),(6,2,7),(7,2,7),(8,2,7),(8,3,7),(8,4,7),(8,4,6),(8,5,6),(8,6,6),(8,7,6),(8,8,6),
57:(7,2,1),(6,2,1),(5,2,1),(4,2,1),(3,2,1),(2,2,1),(2,2,0),(2,1,0),(2,0,0),
58:(6,0,8),(5,0,8),(5,0,7),(5,1,7),(5,1,6),(5,1,5),(5,1,4),(5,1,3),(5,1,2),(5,1,1),(5,2,1),(5,2,0),(5,3,0),(4,3,0),(4,4,0),(4,5,0),(5,5,0),
59:(1,2,4),(2,2,4),(3,2,4),(4,2,4),(4,2,5),(4,2,6),(4,1,6),(4,0,6),
60:(2,1,8),(3,1,8),(3,1,7),(3,1,6),(3,1,5),(3,1,4),(3,2,4),(3,3,4),(3,3,3),
61:(0,2,7),(1,2,7),(2,2,7),(3,2,7),(4,2,7),(5,2,7),(6,2,7),(6,2,8),(6,1,8),(6,0,8),
62:(4,6,5),(3,6,5),(3,5,5),(2,5,5),(1,5,5),(1,4,5),(1,3,5),(1,2,5),
63:(7,2,8),(7,1,8),(6,1,8),(5,1,8),(5,1,7),(4,1,7),(3,1,7),(2,1,7),(2,0,7),(1,0,7),
64:(6,2,3),(7,2,3),(7,3,3),(7,4,3),(7,5,3),(7,6,3),(7,7,3),(7,7,2),
65:(4,2,6),(5,2,6),(6,2,6),(6,2,5),(6,2,4),
66:(7,3,5),(6,3,5),(5,3,5),(4,3,5),(3,3,5),(3,3,6),(3,3,7),(3,3,8),
67:(5,8,7),(4,8,7),(4,7,7),(4,6,7),(4,5,7),(4,4,7),(4,3,7),(4,2,7),
68:(8,3,7),(7,3,7),(6,3,7),(5,3,7),(4,3,7),(4,3,8),(4,4,8),(4,5,8),(4,6,8),
69:(5,6,1),(4,6,1),(3,6,1),(2,6,1),(1,6,1),(0,6,1),(0,6,2),(0,6,3),(0,5,3),(0,5,4),(0,5,5),(0,4,5),(0,3,5),(0,2,5),(0,2,6),(0,1,6),(0,1,7),
70:(1,3,3),(1,3,2),(2,3,2),(3,3,2),(3,3,1),(4,3,1),(5,3,1),(6,3,1),(6,3,0),(6,2,0),
71:(2,3,4),(3,3,4),(4,3,4),(5,3,4),(5,3,5),
72:(7,6,3),(6,6,3),(5,6,3),(4,6,3),(3,6,3),
73:(5,2,6),(5,2,5),(4,2,5),(3,2,5),(2,2,5),(1,2,5),(0,2,5),(0,2,4),(0,2,3),(0,2,2),(0,2,1),
74:(7,2,2),(6,2,2),(6,2,3),(6,2,4),(5,2,4),(4,2,4),(4,2,5),(3,2,5),(3,2,6),(3,2,7),(3,2,8),(3,2,8),(2,2,8),(1,2,8),(1,3,8),
75:(3,4,8),(4,4,8),(4,4,7),(4,4,6),(4,5,6),(4,6,6),
76:(8,3,8),(8,4,8),(8,5,8),
77:(4,4,0),(4,4,0),(4,4,1),(4,4,2),(4,4,3),(5,4,3),(5,4,4),(5,4,4),(5,4,5),
78:(5,1,2),(6,1,2),(6,1,3),(6,2,3),(6,3,3),(6,4,3),(6,5,3),
79:(7,8,6),(7,8,5),(7,8,4),(7,8,3),(7,8,2),(7,8,1),(7,8,0),(7,7,0),(7,6,0),(7,5,0),
80:(1,8,2),(2,8,2),(3,8,2),(4,8,2),(4,8,3),(4,7,3),(5,7,3),(6,7,3),
81:(3,0,8),(4,0,8),(5,0,8),(6,0,8),(6,1,8),(6,2,8),(6,3,8),(7,3,8),(8,3,8),(8,4,8),
82:(3,8,7),(2,8,7),(2,8,6),(2,8,5),(2,7,5),(2,6,5),(2,5,5),
83:(6,0,4),(5,0,4),(4,0,4),(3,0,4),(2,0,4),(2,0,3),(2,1,3),(2,1,2),(2,2,2),(2,3,2),(2,4,2),(2,4,1),(2,5,1),(2,6,1),(2,7,1),
84:(8,2,7),(7,2,7),(7,2,6),(7,2,5),(7,2,4),(7,2,3),
85:(3,7,3),(4,7,3),(5,7,3),(6,7,3),(6,7,2),(6,6,2),(6,5,2),(6,4,2),(6,3,2),(6,3,1),(6,2,1),(6,1,1),(7,1,1),
86:(4,4,8),(5,4,8),(6,4,8),(7,4,8),(8,4,8),(8,4,7),(8,4,6),(8,4,5),(8,4,4),(8,4,3),(8,5,3),(8,6,3),(8,6,2),(8,7,2),(8,7,1),(8,7,0),(8,8,0),
87:(3,0,7),(4,0,7),(4,0,6),(4,0,5),(5,0,5),(6,0,5),(7,0,5),(7,0,4),(7,0,3),(7,0,2),(8,0,2),
88:(5,4,5),(5,4,4),(6,4,4),(6,3,4),(6,3,4),(6,3,3),(6,2,3),
89:(5,5,3),(5,6,3),(4,6,3),(3,6,3),(3,6,4),(2,6,4),(1,6,4),(0,6,4),
90:(5,7,0),(4,7,0),(3,7,0),(3,7,1),(3,7,2),(3,6,2),(3,5,2),(3,5,3),(3,5,4),(3,5,5),(3,5,6),
91:(4,6,2),(4,6,3),(4,5,3),(4,4,3),(5,4,3),(5,3,3),(6,3,3),
92:(7,3,4),(6,3,4),(5,3,4),(5,3,5),(4,3,5),(3,3,5),(3,3,6),(3,3,7),(3,4,7),
93:(4,1,6),(4,1,5),(4,1,4),(4,1,3),(4,2,3),(4,3,3),(4,3,3),(4,4,3),
94:(5,7,1),(5,7,2),(4,7,2),(3,7,2),(3,6,2),(3,5,2),(3,4,2),(3,3,2),(3,2,2),(3,1,2),(3,1,3),(3,1,4),
95:(5,6,0),(5,6,1),(5,6,2),(5,6,3),(5,6,4),(5,5,4),(5,5,4),(5,5,5),(5,5,6),(5,5,7),(5,4,7),
96:(1,8,3),(1,8,3),(1,8,4),(1,8,5),(1,8,6),(1,8,7),
97:(2,7,7),(1,7,7),(0,7,7),(0,7,6),(0,6,6),(0,5,6),(0,4,6),(0,3,6),
98:(6,8,3),(5,8,3),(4,8,3),(3,8,3),(2,8,3),(1,8,3),(0,8,3),(0,8,2),(0,7,2),(0,6,2),(0,5,2),(0,4,2),(0,3,2),(0,2,2),(0,1,2),
99:(6,7,1),(5,7,1),(4,7,1),(4,7,2),(4,7,2),(3,7,2),(2,7,2),
100:(7,0,7),(6,0,7),(6,1,7),(6,1,6),(6,1,5),(6,2,5),(5,2,5),(4,2,5),(3,2,5),(3,3,5),(3,4,5),(3,4,5),(3,5,5),(3,5,4),(3,6,4),
101:(1,1,6),(2,1,6),(3,1,6),(3,1,5),(3,1,4),(3,2,4),(3,3,4),(3,3,3),(3,4,3),(3,4,2),(3,4,1),(3,5,1),(3,6,1),
102:(7,2,4),(6,2,4),(5,2,4),(5,2,5),(5,1,5),(4,1,5),(3,1,5),(3,1,6),(3,0,6),(2,0,6),(1,0,6),(1,1,6),
103:(2,0,5),(3,0,5),(4,0,5),(5,0,5),(6,0,5),(7,0,5),(7,1,5),(7,2,5),
104:(2,7,1),(3,7,1),(3,7,2),(3,6,2),(4,6,2),(5,6,2),(6,6,2),(6,5,2),(6,4,2),(6,4,3),
105:(2,8,0),(2,8,1),(2,8,2),(2,8,3),(2,8,4),(2,8,5),(2,8,6),(2,8,7),(2,8,8),(1,8,8),
106:(1,4,2),(1,5,2),(1,5,1),(1,5,0),
107:(6,7,2),(6,6,2),(6,5,2),(6,4,2),(6,4,1),(5,4,1),(4,4,1),(4,4,2),
108:(2,6,7),(3,6,7),(4,6,7),(5,6,7),(6,6,7),(6,6,8),(6,5,8),(6,4,8),(6,3,8),(6,2,8),
109:(1,1,0),(1,1,1),(1,1,2),(1,1,3),(1,1,4),(1,1,5),(1,1,6),(1,1,7),(2,1,7),(2,2,7),(2,2,8),(2,3,8),(2,4,8),(3,4,8),(3,5,8),
110:(0,6,8),(1,6,8),(2,6,8),(3,6,8),(4,6,8),(5,6,8),(6,6,8),(7,6,8),(7,6,7),(7,6,6),(7,6,5),(7,6,4),(7,6,3),(7,5,3),
111:(3,2,5),(3,2,4),(3,3,4),(3,3,4),(4,3,4),(5,3,4),(5,3,3),(5,3,2),(5,3,2),(6,3,2),(6,4,2),(6,5,2),(6,5,1),(7,5,1),
112:(7,2,3),(7,2,2),(6,2,2),(5,2,2),(4,2,2),(4,1,2),
113:(7,3,1),(6,3,1),(5,3,1),(5,3,1),(5,4,1),(5,5,1),(4,5,1),(3,5,1),(3,5,2),(3,5,3),(3,5,4),(3,5,5),(3,6,5),(3,6,6),(3,6,7),(3,7,7),(3,7,8),(3,8,8),
114:(7,0,3),(7,1,3),(7,2,3),(7,3,3),(7,4,3),(7,5,3),(7,6,3),(7,7,3),(7,7,4),(7,8,4),
115:(5,1,3),(4,1,3),(3,1,3),(2,1,3),(1,1,3),(0,1,3),(0,1,4),(0,1,5),(0,1,6),(0,1,7),(0,2,7),
116:(5,6,8),(6,6,8),(6,6,7),(6,6,6),(6,6,5),(6,6,4),(6,6,3),(6,6,2),(6,6,1),(6,6,0),(6,5,0),(6,4,0),
117:(0,2,6),(1,2,6),(2,2,6),(3,2,6),(4,2,6),(5,2,6),(6,2,6),(6,3,6),(6,4,6),(7,4,6),
118:(4,4,2),(5,4,2),(6,4,2),(6,4,3),(6,5,3),(6,6,3),(6,7,3),(6,7,4),(6,7,4),(7,7,4),(8,7,4),
119:(1,7,2),(1,7,3),(1,7,4),(1,6,4),(1,5,4),(1,5,5),(1,5,6),
120:(1,0,1),(2,0,1),(2,0,2),(2,0,3),(2,1,3),(2,2,3),(2,3,3),(2,4,3),(2,5,3),(2,6,3),(2,6,4),(2,7,4),(2,7,5),(2,7,6),(2,7,7),(2,8,7),
121:(3,3,8),(4,3,8),(5,3,8),(6,3,8),(7,3,8),(7,3,7),(7,3,6),
122:(3,5,4),(4,5,4),(4,5,4),(4,5,3),(4,6,3),(4,6,2),(4,7,2),
123:(7,3,0),(6,3,0),(6,3,1),(6,4,1),(6,5,1),(6,6,1),(6,7,1),(6,7,2),(5,7,2),(5,7,3),(5,8,3),(5,8,4),(5,8,5),
124:(6,0,3),(7,0,3),(8,0,3),(8,0,4),(8,1,4),(8,2,4),(8,3,4),(8,3,5),(8,4,5),(8,4,6),(8,5,6),(8,5,7),(8,6,7),(8,6,8),
125:(3,5,6),(2,5,6),(1,5,6),(0,5,6),(0,5,5),(0,5,4),(0,4,4),(0,3,4),(0,2,4),(0,1,4),
126:(1,6,3),(1,5,3),(1,4,3),(1,3,3),(1,2,3),(1,1,3),(1,1,4),(2,1,4),(3,1,4),(4,1,4),(5,1,4),(6,1,4),(6,1,5),(7,1,5),(7,1,6),(7,0,6),
127:(3,6,2),(4,6,2),(4,6,2),(5,6,2),(5,6,1),
128:(3,5,2),(3,6,2),(3,6,2),(4,6,2),(5,6,2),(5,7,2),(5,7,2),(5,7,1),
129:(8,8,3),(7,8,3),(6,8,3),(5,8,3),(5,8,4),(4,8,4),(4,8,5),(4,8,6),(4,8,7),(4,7,7),(4,6,7),
130:(6,8,6),(7,8,6),(7,8,5),(7,8,4),(7,7,4),(7,6,4),(7,5,4),(7,5,3),(7,4,3),(7,3,3),(7,3,2),(7,2,2),(7,1,2),(7,0,2),
131:(8,1,1),(7,1,1),(7,1,0),(6,1,0),(6,2,0),(5,2,0),(4,2,0),(3,2,0),(3,3,0),(3,4,0),(3,5,0),(3,6,0),(2,6,0),
132:(2,5,4),(2,4,4),(2,4,5),(2,4,6),(2,4,7),(2,3,7),(2,2,7),(3,2,7),(3,1,7),(3,0,7),
133:(6,8,7),(5,8,7),(4,8,7),(3,8,7),(2,8,7),(2,8,6),(2,7,6),(2,7,5),(2,7,4),(2,7,3),(2,6,3),(2,6,2),(2,5,2),(2,4,2),
134:(2,6,6),(2,6,5),(3,6,5),(4,6,5),(5,6,5),(6,6,5),(6,7,5),(7,7,5),(8,7,5),(8,7,4),(8,7,3),(8,7,2),(8,8,2),
135:(3,1,8),(3,1,7),(2,1,7),(1,1,7),(0,1,7),(0,1,6),(0,0,6),
136:(5,2,8),(6,2,8),(7,2,8),
137:(8,1,5),(8,1,4),(8,1,3),(8,1,2),(8,1,1),(8,2,1),(8,3,1),(8,4,1),(8,5,1),(8,6,1),
138:(0,8,4),(0,8,5),(0,8,6),(1,8,6),(2,8,6),(2,7,6),(2,6,6),(2,5,6),(2,4,6),(2,3,6),(3,3,6),(4,3,6),(4,2,6),(5,2,6),(6,2,6),(6,1,6),(6,0,6),
139:(0,6,7),(1,6,7),(2,6,7),(3,6,7),(3,6,6),(3,6,5),(3,7,5),(3,8,5),
140:(2,0,6),(1,0,6),(1,1,6),(1,2,6),(1,3,6),(1,3,5),(1,3,4),(1,3,3),(1,3,2),(1,3,2),(1,3,1),
141:(3,1,1),(4,1,1),(5,1,1),(6,1,1),(6,2,1),(6,2,0),(7,2,0),(7,3,0),(7,4,0),(7,4,0),(8,4,0),
142:(3,4,7),(4,4,7),(4,3,7),(4,2,7),(5,2,7),(5,1,7),(5,1,6),(5,1,5),(5,1,4),(5,0,4),(5,0,3),
143:(4,0,1),(5,0,1),(5,0,2),
144:(2,8,2),(2,8,3),(1,8,3),(1,8,4),(1,7,4),(1,6,4),(1,5,4),(1,5,5),(1,4,5),(1,3,5),
145:(7,3,8),(7,4,8),(7,4,7),(6,4,7),(5,4,7),(5,4,6),(5,5,6),(5,6,6),(5,6,5),(4,6,5),(4,6,4),(4,7,4),
146:(4,1,3),(3,1,3),(2,1,3),(2,1,4),(2,2,4),(2,2,4),(2,2,4),(1,2,4),
147:(7,5,2),(7,4,2),(7,3,2),(6,3,2),(5,3,2),(5,2,2),(5,2,3),(5,2,3),(5,1,3),
148:(4,5,0),(4,5,1),(4,5,1),(4,4,1),(4,3,1),(4,2,1),
149:(0,3,6),(1,3,6),(2,3,6),(3,3,6),(4,3,6),(4,3,7),(5,3,7),(6,3,7),(6,4,7),(6,5,7),(6,6,7),(6,7,7),
150:(8,4,8),(8,4,7),(8,4,6),(7,4,6),(6,4,6),(6,4,5),(6,5,5),(6,6,5),(6,7,5),(5,7,5),(4,7,5),(3,7,5),(3,7,4),
151:(1,0,6),(1,0,5),(1,1,5),(1,2,5),(1,2,4),(1,3,4),(1,4,4),(1,5,4),(2,5,4),
152:(5,5,4),(5,5,3),(5,5,2),(6,5,2),(7,5,2),(8,5,2),(8,5,1),(8,5,0),(8,6,0),
153:(5,1,4),(5,1,5),(5,1,5),(6,1,5),(6,2,5),(6,3,5),(6,4,5),(6,5,5),(5,5,5),(5,6,5),(5,7,5),
154:(2,6,4),(3,6,4),(4,6,4),(5,6,4),(6,6,4),(6,7,4),(7,7,4),(7,7,4),(7,6,4),(7,6,4),(7,7,4),
155:(8,2,8),(7,2,8),(7,2,7),(7,3,7),(6,3,7),(5,3,7),(5,4,7),(4,4,7),(4,5,7),(3,5,7),(3,6,7),(3,7,7),(3,8,7),
156:(4,2,4),(4,3,4),(4,4,4),(5,4,4),(5,5,4),(5,5,3),(5,6,3),(6,6,3),(6,6,2),(6,6,1),(6,6,0),(6,6,0),(7,6,0),
157:(4,2,2),(4,3,2),(4,4,2),(4,5,2),(4,5,2),(4,5,3),(3,5,3),(3,5,4),(3,5,5),(3,6,5),(3,7,5),(3,7,6),(3,8,6),
158:(1,4,4),(1,4,5),(1,4,6),(1,4,7),(1,4,8),(2,4,8),(3,4,8),(4,4,8),(4,4,8),(5,4,8),(6,4,8),
159:(7,0,0),(7,1,0),(6,1,0),(6,2,0),(6,3,0),(6,4,0),(5,4,0),(4,4,0),(3,4,0),(3,4,1),(3,5,1),(3,5,2),
160:(6,4,7),(6,4,6),(7,4,6),(7,4,5),(8,4,5),(8,3,5),(8,2,5),
161:(0,7,1),(1,7,1),(2,7,1),(2,7,2),(2,7,3),(2,7,4),(3,7,4),(4,7,4),(4,7,5),(4,7,6),(5,7,6),(5,6,6),(5,5,6),(6,5,6),(6,4,6),(6,3,6),(6,2,6),(7,2,6),(7,1,6),
162:(8,2,2),(8,1,2),(7,1,2),(7,1,3),(6,1,3),(5,1,3),(4,1,3),(3,1,3),(2,1,3),
163:(0,7,5),(1,7,5),(1,7,6),(2,7,6),(2,7,7),(2,6,7),
164:(0,2,4),(0,3,4),(0,4,4),(0,5,4),(0,5,4),(0,6,4),(0,6,4),(0,5,4),(0,5,4),(1,5,4),
165:(7,2,5),(6,2,5),(5,2,5),(4,2,5),(3,2,5),(2,2,5),(1,2,5),(0,2,5),(0,3,5),(0,4,5),(1,4,5),(1,5,5),
166:(5,3,4),(5,3,3),(4,3,3),(4,3,3),(3,3,3),(2,3,3),(1,3,3),(1,2,3),(1,1,3),(1,1,4),(1,0,4),
167:(8,6,6),(8,6,7),(8,5,7),(8,4,7),(8,3,7),(8,3,8),(8,2,8),
168:(6,5,8),(7,5,8),(7,5,7),(7,5,6),(7,5,5),(7,5,4),(7,5,3),(7,4,3),(7,3,3),(8,3,3),(7,3,3),(7,3,2),(7,3,1),
169:(6,1,5),(7,1,5),(8,1,5),(8,1,6),(8,1,7),(8,2,7),(8,3,7),(8,4,7),
170:(0,0,0),(0,0,1),(0,0,2),(0,0,3),
171:(7,1,7),(6,1,7),(5,1,7),(5,2,7),(5,3,7),(5,4,7),(4,4,7),(3,4,7),(2,4,7),(2,5,7),(2,5,6),(2,6,6),(2,7,6),(2,8,6),(1,8,6),
172:(8,8,0),(7,8,0),(6,8,0),(5,8,0),(4,8,0),(3,8,0),(2,8,0),(1,8,0),(0,8,0),(0,8,1),(0,8,2),(0,8,3),(0,7,3),(0,6,3),(0,5,3),(0,5,4),(0,4,4),(0,3,4),
173:(0,2,0),(1,2,0),(2,2,0),(3,2,0),(4,2,0),(4,3,0),(4,4,0),(4,5,0),(4,6,0),(4,6,1),(4,6,2),(5,6,2),
174:(8,4,0),(7,4,0),(7,4,1),(7,3,1),(6,3,1),(6,3,2),(5,3,2),(4,3,2),(4,3,3),(4,2,3),(4,1,3),(4,0,3),
175:(2,5,1),(2,5,2),(2,4,2),(3,4,2),(3,3,2),(3,2,2),(4,2,2),(4,2,3),(5,2,3),(5,2,4),(5,2,5),(6,2,5),
176:(0,7,0),(1,7,0),(2,7,0),(2,7,1),(2,7,2),(2,7,3),(2,7,4),(3,7,4),(3,7,3),
177:(0,5,2),(0,5,3),(1,5,3),(1,5,4),(2,5,4),(3,5,4),(4,5,4),(5,5,4),(6,5,4),(6,5,5),(6,6,5),
178:(1,6,0),(2,6,0),(2,6,1),(2,5,1),(2,4,1),(2,3,1),(2,3,1),(3,3,1),(4,3,1),(5,3,1),(6,3,1),(7,3,1),(8,3,1),(8,2,1),
179:(5,1,1),(6,1,1),(7,1,1),(7,1,2),(7,1,3),(7,1,4),(7,2,4),(7,3,4),(7,4,4),
180:(5,7,2),(5,7,3),(5,7,4),
181:(3,5,8),(3,5,7),(3,5,6),(3,4,6),(3,3,6),(3,2,6),(3,2,5),(3,2,4),(4,2,4),(4,2,4),(5,2,4),(5,2,3),(5,2,2),(5,2,1),(5,1,1),
182:(0,6,0),(1,6,0),(2,6,0),(2,7,0),(2,7,1),(2,8,1),
183:(7,3,7),(6,3,7),(6,3,6),(6,4,6),(6,5,6),(6,6,6),
184:(4,8,7),(4,8,6),(5,8,6),(6,8,6),(7,8,6),(7,8,5),(7,8,4),(7,8,3),(7,7,3),(7,6,3),(7,5,3),(7,4,3),(7,3,3),(8,3,3),(8,2,3),(8,1,3),(7,1,3),(7,0,3),
185:(3,7,7),(4,7,7),(5,7,7),(6,7,7),(7,7,7),(7,7,6),(7,7,6),(7,7,6),(7,7,5),
186:(6,7,3),(6,8,3),(5,8,3),(4,8,3),(3,8,3),(2,8,3),(1,8,3),(0,8,3),(0,7,3),(0,6,3),(0,5,3),(0,5,4),(0,4,4),(0,3,4),(0,2,4),
187:(0,1,4),(1,1,4),(2,1,4),(3,1,4),(4,1,4),(5,1,4),(5,1,3),(5,1,2),(5,1,1),(5,2,1),(5,2,0),(5,3,0),(5,4,0),
188:(2,6,8),(3,6,8),(3,6,7),(3,5,7),(3,4,7),(3,3,7),(3,2,7),(3,2,6),(4,2,6),(4,2,5),(4,1,5),(4,0,5),
189:(2,3,7),(2,3,6),(2,3,5),(2,2,5),(2,1,5),(2,1,5),(1,1,5),
190:(2,3,8),(1,3,8),(0,3,8),(0,3,7),(0,4,7),(0,5,7),(0,6,7),(0,6,6),(0,7,6),(0,7,5),(0,8,5),(0,8,4),
191:(2,7,5),(2,7,4),(2,7,3),(2,6,3),(2,6,2),(2,6,1),(3,6,1),(3,6,2),
192:(3,3,3),(3,4,3),(3,4,4),
193:(5,2,2),(4,2,2),(3,2,2),(3,1,2),(3,0,2),(2,0,2),
194:(0,4,3),(1,4,3),(2,4,3),(2,4,4),(2,4,5),(3,4,5),(4,4,5),(4,3,5),(4,3,4),
195:(3,4,2),(2,4,2),(1,4,2),(0,4,2),(0,4,3),(0,4,4),(0,4,5),(0,4,6),(0,4,7),(0,4,8),(0,5,8),(0,6,8),
196:(2,7,6),(2,7,7),(2,7,8),(2,6,8),(2,5,8),(2,5,8),(2,4,8),(2,3,8),(2,2,8),(3,2,8),(4,2,8),(4,1,8),(4,0,8),
197:(5,8,3),(5,8,4),(5,8,5),(5,8,6),(5,7,6),(5,6,6),(5,6,7),(5,5,7),(5,4,7),(4,4,7),(4,3,7),(4,3,7),(4,3,6),
198:(4,7,5),(4,7,5),(3,7,5),(2,7,5),(1,7,5),(0,7,5),(0,7,4),
199:(2,2,3),(3,2,3),(4,2,3),(5,2,3),(5,2,2),(4,2,2),(5,2,2),(5,2,2),(5,2,2),(5,1,2),
200:(8,5,8),(8,5,7),(8,5,6),(8,4,6),(7,4,6),(6,4,6),(6,4,6),(5,4,6),(4,4,6),(3,4,6),(2,4,6),(1,4,6),
201:(1,4,8),(2,4,8),(2,4,7),(2,3,7),(2,3,6),(2,3,5),(2,3,4),(2,3,3),(2,2,3),(2,2,3),(2,2,2),(2,1,2),(2,1,1),
202:(8,5,0),(7,5,0),(6,5,0),(5,5,0),(5,4,0),(4,4,0),(3,4,0),(2,4,0),(1,4,0),(0,4,0),(0,3,0),
203:(7,6,4),(6,6,4),(5,6,4),(5,5,4),(5,5,3),(5,5,2),(5,5,1),(4,5,1),(3,5,1),(2,5,1),(2,4,1),(2,4,0),
204:(0,3,0),(1,3,0),(2,3,0),(3,3,0),(3,4,0),(3,5,0),(4,5,0),(4,6,0),(4,6,1),(4,6,2),(5,6,2),(5,6,3),(5,6,4),(5,6,5),(5,6,6),(5,6,7),(6,6,7),(6,6,8),(6,7,8),(6,8,8),
205:(0,7,4),(1,7,4),(1,7,5),(1,7,6),(2,7,6),(3,7,6),(4,7,6),(5,7,6),(5,7,7),(6,7,7),(7,7,7),
206:(6,6,5),(5,6,5),(5,6,6),(5,5,6),(5,5,7),(5,5,8),(5,4,8),(5,3,8),(4,3,8),(4,2,8),(4,1,8),(3,1,8),(2,1,8),(2,0,8),
207:(8,8,6),(8,8,5),(8,8,4),(8,8,3),(7,8,3),(6,8,3),(5,8,3),(4,8,3),(3,8,3),(2,8,3),(1,8,3),
208:(8,3,4),(8,3,5),(8,4,5),(8,5,5),(8,5,6),(7,5,6),(6,5,6),(5,5,6),(5,5,7),(4,5,7),(3,5,7),(2,5,7),(1,5,7),(0,5,7),(0,5,6),
209:(0,0,4),(0,0,5),(0,0,6),(0,1,6),(0,2,6),(0,3,6),(1,3,6),(1,4,6),(0,4,6),(0,5,6),(0,6,6),
210:(0,2,1),(1,2,1),(2,2,1),(3,2,1),(3,1,1),(4,1,1),(5,1,1),(6,1,1),(7,1,1),(7,2,1),
211:(3,4,6),(4,4,6),(4,5,6),(4,6,6),(4,6,5),(4,6,4),(4,6,3),(4,7,3),(4,8,3),(4,8,2),
212:(8,7,2),(7,7,2),(7,7,3),(7,7,4),(7,7,5),(7,6,5),(7,5,5),(7,5,6),(7,5,7),(7,5,8),(7,4,8),(7,3,8),
213:(2,4,7),(3,4,7),(3,4,6),(3,4,5),(3,4,5),(4,4,5),(5,4,5),(6,4,5),
214:(2,1,6),(3,1,6),(4,1,6),(4,2,6),(5,2,6),(5,2,5),(5,2,4),(5,3,4),(5,3,3),(5,4,3),(5,5,3),(4,5,3),(4,5,2),
215:(2,5,8),(3,5,8),(3,4,8),(3,3,8),(3,3,8),(3,2,8),(3,1,8),(3,0,8),
216:(8,3,0),(7,3,0),(6,3,0),(6,4,0),(6,5,0),(6,6,0),(5,6,0),(5,7,0),(4,7,0),(3,7,0),(2,7,0),(1,7,0),(1,8,0),
217:(1,2,2),(2,2,2),(2,1,2),(2,1,2),(3,1,2),(3,1,1),(4,1,1),(5,1,1),(5,1,0),
218:(5,7,4),(6,7,4),(7,7,4),(7,7,5),(7,6,5),(7,5,5),(7,5,6),(7,5,7),(7,4,7),(7,3,7),(7,2,7),(8,2,7),
219:(1,1,8),(2,1,8),(3,1,8),(4,1,8),(5,1,8),(6,1,8),(6,1,7),(6,1,6),(6,2,6),(6,3,6),(6,4,6),(6,5,6),(7,5,6),(7,5,5),(7,6,5),
220:(1,3,0),(2,3,0),(3,3,0),(3,3,1),(3,4,1),(3,4,2),(3,4,3),(3,4,3),(3,5,3),(4,5,3),(4,5,4),
221:(4,7,4),(5,7,4),(6,7,4),(6,7,5),(6,7,6),
222:(4,3,1),(4,3,0),(4,4,0),(4,5,0),(4,6,0),(4,6,1),(4,6,2),(4,6,3),(4,6,3),(4,6,4),(3,6,4),(3,6,5),(3,6,6),(3,6,7),(3,6,8),
223:(2,1,1),(2,2,1),(2,3,1),(1,3,1),(1,4,1),(1,5,1),
224:(7,1,1),(7,2,1),(6,2,1),(5,2,1),(5,2,1),(5,3,1),(5,4,1),(5,5,1),
225:(5,4,6),(5,4,7),(5,3,7),(4,3,7),(3,3,7),(3,3,8),(2,3,8),(2,3,7),
226:(5,6,5),(5,6,4),(5,5,4),(6,5,4),(7,5,4),(7,4,4),(7,4,3),(7,3,3),(7,3,2),(7,2,2),(7,1,2),(7,1,2),(7,1,3),(7,1,2),
227:(4,8,4),(4,8,3),(4,8,2),(5,8,2),(6,8,2),(7,8,2),(8,8,2),(8,7,2),(8,6,2),(8,5,2),(8,5,2),(8,4,2),(8,3,2),
228:(4,0,0),(5,0,0),(5,1,0),(5,2,0),(5,3,0),(6,3,0),(6,4,0),(6,5,0),(6,6,0),(6,7,0),(7,7,0),(7,7,1),
229:(1,5,5),(1,5,4),(1,5,4),(2,5,4),(2,5,3),(2,5,4),(3,5,4),(4,5,4),(5,5,4),(5,4,4),(5,3,4),
230:(7,7,7),(6,7,7),(6,7,6),(5,7,6),(4,7,6),(4,7,5),(4,7,4),(4,8,4),(3,8,4),(3,8,3),(3,8,2),(3,8,1),(3,8,0),(2,8,0),
231:(3,0,5),(3,0,4),(3,0,3),(3,0,2),(2,0,2),(2,1,2),(2,2,2),(2,3,2),(2,4,2),(1,4,2),(1,5,2),(1,5,3),(1,6,3),(1,7,3),(1,7,2),
232:(0,7,7),(0,6,7),(1,6,7),(2,6,7),(2,5,7),(2,4,7),(2,3,7),(2,2,7),(3,2,7),(3,1,7),(4,1,7),(4,1,6),(4,1,5),(4,1,4),
233:(7,7,5),(6,7,5),(5,7,5),(4,7,5),(3,7,5),(2,7,5),(2,6,5),(2,6,6),(2,5,6),(2,4,6),(2,4,7),(2,4,7),(2,4,7),(2,4,8),
234:(2,3,6),(3,3,6),(4,3,6),(5,3,6),(6,3,6),(7,3,6),(7,2,6),(7,1,6),(7,1,5),(7,1,4),
235:(8,6,1),(7,6,1),(6,6,1),(5,6,1),(4,6,1),(4,5,1),(4,5,2),(3,5,2),(2,5,2),(1,5,2),(1,5,3),(0,5,3),(0,5,4),(0,5,5),
236:(0,4,0),(1,4,0),(2,4,0),(2,4,1),(2,3,1),(3,3,1),(3,2,1),(3,2,2),(3,1,2),(3,1,3),(3,1,4),(4,1,4),(5,1,4),(5,1,5),(5,1,6),(5,1,7),(5,1,8),
237:(1,5,6),(1,5,5),(1,6,5),(1,6,5),(1,6,4),(1,6,3),(1,6,2),
238:(8,7,6),(8,6,6),(8,6,6),(8,5,6),(8,4,6),(8,3,6),
239:(0,5,4),(0,4,4),(1,4,4),(1,4,3),(2,4,3),(2,4,2),(2,4,2),(3,4,2),(3,3,2),(3,2,2),(4,2,2),(5,2,2),(5,3,2),
240:(5,0,6),(5,0,5),(6,0,5),(7,0,5),(7,1,5),(7,2,5),(7,2,5),(7,2,4),
241:(8,2,1),(8,1,1),(8,0,1),(8,0,1),(7,0,1),(6,0,1),(5,0,1),(4,0,1),(4,0,2),(4,0,2),(4,0,2),(3,0,2),
242:(6,2,1),(6,2,0),(6,2,0),(6,3,0),(6,4,0),(6,4,1),(6,4,2),(6,4,3),(5,4,3),(5,5,3),(5,6,3),(5,6,4),(5,6,5),(5,6,6),(5,7,6),
