soc=2264
lb_soc=1429
makespan=20
lb_makespan=13
comp_time=7895
highLevelExpanded=48
lowLevelExpanded=16877
solution=
0:(0,8,8),(0,8,7),(0,8,6),(0,7,6),(0,6,6),(0,5,6),(0,4,6),(0,4,6),(0,3,6),(0,2,6),(0,2,5),(0,2,4),(0,2,3),(0,2,2),(0,1,2),(1,1,2),(1,0,2),
1:(0,6,2),(1,6,2),(2,6,2),(3,6,2),(4,6,2),(4,6,3),(4,6,4),(5,6,4),(5,6,5),(5,6,6),(6,6,6),(7,6,6),(7,5,6),(7,4,6),(7,3,6),(7,2,6),(7,2,7),(7,2,8),
2:(8,3,7),(7,3,7),(6,3,7),(5,3,7),(4,3,7),(3,3,7),(3,3,6),(3,3,5),(3,3,4),(3,3,3),(3,3,2),(3,3,1),(3,3,0),
3:(2,6,5),(1,6,5),(0,6,5),(0,6,6),(0,6,7),(0,7,7),(0,8,7),
4:(7,5,8),(6,5,8),(5,5,8),(4,5,8),(3,5,8),(2,5,8),(1,5,8),(0,5,8),(0,5,7),(0,5,6),(0,6,6),(0,7,6),
5:(1,1,0),(1,2,0),(1,3,0),(1,4,0),(1,5,0),(1,5,1),(1,5,2),(1,5,3),(1,5,4),(1,5,4),(1,6,4),(1,6,5),(1,6,6),(2,6,6),(3,6,6),(3,6,7),(3,7,7),(3,7,8),
6:(1,5,2),(2,5,2),(3,5,2),(4,5,2),(5,5,2),(6,5,2),(6,4,2),(6,3,2),(6,3,1),(6,2,1),(6,1,1),(7,1,1),(8,1,1),
7:(2,3,8),(3,3,8),(4,3,8),(5,3,8),(6,3,8),(6,2,8),(6,1,8),(6,1,7),(6,1,6),(6,1,5),(6,1,4),(6,1,3),(6,0,3),(7,0,3),(8,0,3),(8,1,3),
8:(1,7,7),(2,7,7),(3,7,7),(4,7,7),(5,7,7),(5,7,6),(5,7,5),
9:(8,7,1),(8,7,2),(8,7,3),(8,7,4),(8,7,5),(8,6,5),(8,5,5),(8,4,5),(8,3,5),
10:(5,5,6),(6,5,6),(7,5,6),(7,5,5),(7,5,4),(7,5,3),
11:(2,1,4),(3,1,4),(4,1,4),(4,1,3),(4,1,2),(4,1,1),(4,2,1),(4,3,1),(4,4,1),(4,5,1),
12:(4,6,3),(5,6,3),(6,6,3),(7,6,3),(7,5,3),(7,4,3),(7,3,3),(8,3,3),(8,2,3),(8,1,3),(7,1,3),
13:(2,5,6),(3,5,6),(4,5,6),(5,5,6),(6,5,6),(7,5,6),(7,5,7),(7,5,8),(7,6,8),
14:(0,2,5),(0,2,6),(1,2,6),(1,2,7),(1,3,7),(1,4,7),(2,4,7),(3,4,7),(4,4,7),(4,5,7),(5,5,7),(6,5,7),(7,5,7),(8,5,7),(8,6,7),(8,7,7),
15:(7,6,5),(6,6,5),(5,6,5),(5,6,6),(5,6,6),(5,5,6),(5,5,6),(5,4,6),(5,4,6),(4,4,6),(4,3,6),(4,2,6),(4,1,6),(3,1,6),(3,0,6),
16:(8,4,2),(7,4,2),(6,4,2),(6,4,3),(6,4,4),(6,4,5),(6,5,5),(6,6,5),
17:(5,3,8),(4,3,8),(4,3,7),(3,3,7),(2,3,7),(1,3,7),(0,3,7),(0,3,6),(0,3,5),(0,3,4),(1,3,4),(1,3,3),(1,3,2),(0,3,2),
18:(5,4,0),(4,4,0),(3,4,0),(2,4,0),(2,5,0),(2,6,0),(2,7,0),
19:(7,0,2),(6,0,2),(5,0,2),(5,0,3),(5,0,4),(5,1,4),
20:(4,2,0),(5,2,0),(5,2,1),(5,2,2),(5,1,2),(5,0,2),
21:(0,3,3),(1,3,3),(2,3,3),(3,3,3),(4,3,3),(5,3,3),(6,3,3),(7,3,3),(7,3,3),(7,4,3),(7,4,4),(7,5,4),(7,5,4),(7,6,4),(7,6,3),(7,7,3),
22:(3,2,8),(3,2,7),(3,2,6),(3,1,6),(3,0,6),(3,0,5),(3,0,4),(3,0,3),
23:(0,7,3),(0,7,3),(0,6,3),(0,5,3),(0,4,3),(0,3,3),(0,2,3),(0,2,4),(0,1,4),(0,0,4),(1,0,4),(2,0,4),(3,0,4),(3,1,4),
24:(1,0,8),(1,0,7),(1,0,6),(1,0,5),(1,0,4),(1,1,4),(1,2,4),(1,3,4),(1,4,4),
25:(1,3,1),(0,3,1),(0,3,2),(0,3,3),(0,3,4),(0,4,4),
26:(1,8,8),(1,7,8),(1,6,8),(1,5,8),(1,4,8),(1,3,8),(1,2,8),(1,1,8),(0,1,8),(0,1,7),(0,1,6),(0,1,5),(0,1,4),(0,1,3),(0,1,3),(0,1,2),(0,1,1),
27:(7,8,8),(7,8,8),(7,7,8),(7,6,8),(7,5,8),(7,4,8),(7,3,8),(7,2,8),(7,2,7),(7,1,7),(6,1,7),
28:(8,3,8),(7,3,8),(6,3,8),(6,3,7),(5,3,7),(4,3,7),(3,3,7),(3,3,6),(3,3,5),(3,3,4),(3,3,3),(3,3,2),(3,4,2),(3,5,2),(3,6,2),(3,7,2),
29:(2,2,1),(1,2,1),(1,3,1),(1,4,1),
30:(7,8,6),(6,8,6),(5,8,6),(4,8,6),(4,8,5),(4,8,4),(4,7,4),(4,6,4),(4,6,4),(4,5,4),(4,4,4),(4,3,4),(4,2,4),(4,1,4),(4,0,4),(3,0,4),(2,0,4),
31:(5,8,6),(5,8,5),(6,8,5),(6,8,4),(6,8,3),(6,7,3),(6,7,2),(6,7,1),(6,7,0),(6,6,0),(6,5,0),(6,4,0),(7,4,0),(7,3,0),(7,2,0),
32:(1,2,2),(2,2,2),(2,2,3),(2,2,4),(2,3,4),(2,4,4),(2,5,4),(2,6,4),
33:(6,2,1),(5,2,1),(4,2,1),(3,2,1),(2,2,1),(1,2,1),(1,2,2),(1,3,2),(1,4,2),
34:(7,2,4),(6,2,4),(5,2,4),(4,2,4),(3,2,4),(3,3,4),(3,4,4),(3,5,4),(3,6,4),
35:(1,7,3),(1,7,4),(1,7,5),(1,7,6),(1,8,6),
36:(1,6,1),(2,6,1),(3,6,1),(4,6,1),(5,6,1),(5,6,0),(5,5,0),(5,4,0),
37:(3,4,8),(4,4,8),(5,4,8),(5,4,7),(5,4,6),(5,4,5),(5,4,4),(5,3,4),
38:(4,5,7),(5,5,7),(6,5,7),(7,5,7),(8,5,7),(8,5,8),(8,4,8),(8,3,8),(8,2,8),
39:(0,2,6),(1,2,6),(2,2,6),(3,2,6),(4,2,6),(5,2,6),(5,2,7),(5,2,8),(6,2,8),(6,3,8),(6,4,8),(6,5,8),
40:(0,1,0),(1,1,0),(2,1,0),(2,2,0),(2,3,0),(2,4,0),(2,5,0),(2,6,0),
41:(6,6,8),(5,6,8),(4,6,8),(4,6,7),(4,6,6),(4,6,5),(4,5,5),(3,5,5),(3,4,5),(3,3,5),(3,3,4),
42:(2,0,6),(3,0,6),(3,0,5),(3,1,5),
43:(1,8,0),(2,8,0),(3,8,0),(4,8,0),(5,8,0),(6,8,0),(6,8,1),(6,8,2),(7,8,2),(7,8,3),(7,8,4),(7,8,5),(7,8,6),(7,7,6),(7,6,6),(7,6,7),(7,5,7),(7,5,8),(7,4,8),
44:(7,8,1),(8,8,1),(8,7,1),(8,6,1),(8,5,1),(8,4,1),
45:(5,3,0),(6,3,0),(7,3,0),(8,3,0),(8,2,0),
46:(4,7,7),(5,7,7),(6,7,7),(7,7,7),(8,7,7),(8,7,6),(8,7,5),(8,7,4),(8,7,3),(8,6,3),(8,5,3),(8,4,3),(8,3,3),(8,2,3),
47:(4,3,8),(4,3,7),(3,3,7),(2,3,7),(2,3,6),(2,3,5),(2,3,4),(2,2,4),(2,1,4),
48:(2,3,7),(3,3,7),(3,3,6),(4,3,6),(4,3,5),(4,3,4),(5,3,4),(5,3,3),(5,3,2),(5,4,2),(5,4,1),(5,5,1),(5,5,0),(5,6,0),
49:(7,3,2),(6,3,2),(5,3,2),(4,3,2),(3,3,2),(3,3,1),(3,3,0),(3,2,0),(3,1,0),
50:(3,0,1),(2,0,1),(1,0,1),(1,0,0),(1,1,0),(1,2,0),(1,3,0),(1,4,0),(1,5,0),(1,6,0),(1,7,0),(1,8,0),
51:(7,3,5),(6,3,5),(5,3,5),(4,3,5),(3,3,5),(3,2,5),(2,2,5),(2,1,5),(2,0,5),(2,0,4),(2,0,3),(1,0,3),(1,0,2),(1,0,1),(1,0,0),
52:(2,0,0),(3,0,0),(4,0,0),(5,0,0),(6,0,0),(7,0,0),(7,0,1),(7,0,2),(7,0,3),(7,0,4),(7,0,5),(7,1,5),(7,2,5),(7,3,5),(7,4,5),(7,4,6),(7,4,7),(7,5,7),(7,5,7),(7,5,8),
53:(6,0,8),(7,0,8),(8,0,8),(8,0,7),(8,1,7),(8,2,7),(8,3,7),(8,4,7),(8,5,7),(8,6,7),(8,6,6),(8,7,6),
54:(3,0,6),(4,0,6),(5,0,6),(6,0,6),(7,0,6),(7,0,7),(7,0,8),
55:(2,1,6),(3,1,6),(4,1,6),(5,1,6),(6,1,6),(6,1,5),(6,1,4),(6,1,3),(6,2,3),(6,3,3),
56:(0,3,5),(1,3,5),(1,3,6),(1,4,6),
57:(4,0,5),(3,0,5),(2,0,5),(2,0,5),(1,0,5),
58:(4,1,6),(4,1,7),(3,1,7),(2,1,7),(1,1,7),(0,1,7),(0,1,8),(0,2,8),(0,3,8),
59:(4,8,1),(5,8,1),(6,8,1),(7,8,1),(7,8,2),(7,7,2),(7,7,3),(7,7,4),(7,7,5),(7,7,6),(7,7,7),
60:(7,0,7),(8,0,7),(8,0,6),(8,1,6),(8,2,6),(8,2,5),
61:(4,4,0),(3,4,0),(3,4,1),(3,4,2),(3,4,3),(3,3,3),(3,2,3),(3,2,4),(3,2,5),(3,2,5),(3,2,6),
62:(6,3,3),(6,4,3),(6,5,3),(6,6,3),
63:(8,0,6),(8,1,6),(8,2,6),(7,2,6),(7,3,6),(7,4,6),(7,5,6),(7,6,6),(6,6,6),(6,7,6),(5,7,6),(4,7,6),(3,7,6),
64:(0,2,2),(1,2,2),(2,2,2),(3,2,2),(4,2,2),(5,2,2),(6,2,2),(6,2,3),(6,3,3),(6,4,3),
65:(4,3,4),(5,3,4),(6,3,4),(7,3,4),(8,3,4),(8,3,3),(8,3,2),(8,4,2),(8,5,2),(8,5,1),
66:(0,1,7),(1,1,7),(1,1,6),(1,1,5),(1,1,4),(1,2,4),(1,2,3),(1,2,2),
67:(5,3,5),(5,3,6),(6,3,6),(7,3,6),(8,3,6),(8,4,6),(8,5,6),
68:(1,1,4),(1,2,4),(1,3,4),(1,4,4),(1,5,4),(1,6,4),(1,7,4),(1,8,4),
69:(6,0,3),(7,0,3),(7,0,2),(7,1,2),(7,2,2),(7,3,2),(7,4,2),(7,5,2),(7,5,2),(8,5,2),
70:(2,3,6),(1,3,6),(1,4,6),(1,4,5),(1,5,5),(1,6,5),(1,7,5),
71:(4,8,7),(5,8,7),(5,7,7),(5,7,6),(6,7,6),(7,7,6),(8,7,6),(8,7,5),(8,7,4),(8,7,3),(8,6,3),(8,5,3),(8,4,3),
72:(1,6,2),(1,6,3),(1,5,3),(1,4,3),(1,3,3),(1,3,4),(1,3,5),(1,3,6),(1,2,6),(1,1,6),(1,0,6),
73:(3,7,3),(4,7,3),(5,7,3),(5,6,3),
74:(5,1,5),(4,1,5),(3,1,5),(2,1,5),(2,2,5),(2,2,5),(2,3,5),(2,3,5),(2,3,4),
75:(3,4,1),(2,4,1),(1,4,1),(0,4,1),(0,5,1),(0,6,1),
76:(8,3,0),(7,3,0),(7,3,1),(6,3,1),(6,3,2),(6,3,3),(6,3,4),(6,4,4),(6,5,4),(6,6,4),(6,7,4),(6,7,5),(6,8,5),
77:(5,1,2),(4,1,2),(3,1,2),(2,1,2),(1,1,2),(0,1,2),(0,1,1),(0,2,1),
78:(6,5,4),(7,5,4),(8,5,4),(8,5,3),(8,5,2),(8,5,1),(8,6,1),
79:(3,8,3),(4,8,3),(5,8,3),(5,8,4),(5,8,5),(5,7,5),(5,6,5),(5,6,6),(5,5,6),(6,5,6),(7,5,6),(7,5,6),(7,4,6),(7,3,6),(7,2,6),(8,2,6),(8,2,7),
80:(6,4,5),(5,4,5),(4,4,5),(4,4,6),(4,4,7),(4,5,7),(4,6,7),(4,7,7),
81:(6,2,2),(6,2,3),(6,2,4),(6,2,5),(6,3,5),(6,3,5),(6,3,6),
82:(4,6,5),(5,6,5),(5,6,4),(5,7,4),
83:(6,4,1),(5,4,1),(4,4,1),(3,4,1),(2,4,1),(2,3,1),(1,3,1),(1,2,1),(1,1,1),(0,1,1),(0,1,2),(0,1,3),(0,0,3),
84:(1,4,4),(1,4,5),(1,3,5),(1,3,6),(1,2,6),(2,2,6),(2,1,6),
85:(8,1,7),(7,1,7),(6,1,7),(5,1,7),(4,1,7),(3,1,7),(3,2,7),
86:(5,1,1),(4,1,1),(4,1,0),(4,2,0),(3,2,0),(3,3,0),(3,4,0),(3,5,0),(3,6,0),(3,7,0),
87:(3,3,4),(2,3,4),(2,4,4),(2,4,3),(1,4,3),
88:(8,7,8),(7,7,8),(6,7,8),(5,7,8),(4,7,8),(3,7,8),(2,7,8),(1,7,8),(1,7,7),(0,7,7),(0,7,6),(0,7,5),(0,7,4),(0,7,3),(0,8,3),
89:(2,3,5),(3,3,5),(3,3,4),(3,4,4),(3,4,4),(3,4,3),
90:(4,1,0),(3,1,0),(3,1,1),(2,1,1),(1,1,1),(0,1,1),(0,2,1),(0,2,2),(0,3,2),(0,4,2),
91:(3,1,7),(2,1,7),(2,1,6),(2,1,6),(2,1,5),(2,1,4),(2,1,3),(2,1,2),(2,1,1),(2,2,1),(2,3,1),(2,4,1),
92:(1,2,4),(2,2,4),(3,2,4),(3,2,4),(3,2,5),(3,2,6),(3,1,6),(3,1,7),(3,1,8),
93:(5,0,2),(5,0,3),(5,0,4),(5,0,5),(5,0,6),(5,1,6),(5,2,6),
94:(0,5,0),(1,5,0),(2,5,0),(3,5,0),(4,5,0),(5,5,0),(6,5,0),(6,5,1),(6,5,2),(6,5,3),(5,5,3),(5,5,4),(5,5,5),(6,5,5),(7,5,5),(7,6,5),
95:(4,6,7),(3,6,7),(2,6,7),(2,6,6),(2,6,5),(2,6,4),(2,6,3),(2,6,2),(2,7,2),(2,8,2),
96:(0,3,4),(1,3,4),(2,3,4),(3,3,4),(4,3,4),(5,3,4),(5,3,3),(5,3,2),(5,4,2),(5,5,2),(5,6,2),(5,7,2),
97:(4,0,0),(4,0,1),(4,0,2),(4,0,3),(4,1,3),(4,2,3),(4,2,4),(5,2,4),(6,2,4),(6,3,4),(6,4,4),(5,4,4),(5,4,5),(5,4,6),(5,5,6),(5,6,6),(5,7,6),(5,8,6),
98:(7,4,2),(6,4,2),(6,4,3),(6,4,4),(6,4,5),(6,4,6),(5,4,6),(5,3,6),
99:(2,8,4),(2,8,3),(2,8,2),(2,8,1),(2,7,1),(2,6,1),(2,5,1),(2,5,0),(2,4,0),
100:(3,6,6),(4,6,6),(5,6,6),(6,6,6),(6,6,6),(6,6,7),
101:(5,6,7),(4,6,7),(3,6,7),(2,6,7),(2,6,6),(2,6,5),(2,5,5),
102:(2,7,4),(3,7,4),(4,7,4),(4,7,5),(5,7,5),(6,7,5),(6,7,6),(6,6,6),(6,5,6),(6,5,7),(6,4,7),(6,3,7),(6,3,8),(6,2,8),
103:(0,5,3),(1,5,3),(1,5,2),(1,6,2),(1,7,2),(1,8,2),
104:(2,6,7),(2,6,6),(2,6,5),(2,6,4),(2,6,3),(2,5,3),(2,4,3),(2,3,3),(2,2,3),
105:(4,6,6),(4,5,6),(4,5,7),(3,5,7),(2,5,7),(1,5,7),(1,4,7),(1,4,8),(1,3,8),(1,2,8),
106:(3,7,8),(4,7,8),(5,7,8),(5,7,7),(6,7,7),(6,7,6),(6,6,6),(6,5,6),(6,5,5),(6,5,4),(6,5,3),(6,5,2),(6,5,1),(6,4,1),(6,3,1),(6,2,1),
107:(3,2,7),(4,2,7),(5,2,7),(6,2,7),(7,2,7),(7,2,6),(7,2,6),(8,2,6),(8,2,6),(8,3,6),
108:(4,2,8),(3,2,8),(2,2,8),(2,3,8),(2,4,8),(2,4,8),(2,5,8),(2,6,8),(2,7,8),(2,8,8),
109:(0,0,6),(1,0,6),(2,0,6),(3,0,6),(4,0,6),(4,0,5),(4,0,4),(5,0,4),(6,0,4),(6,1,4),(7,1,4),(8,1,4),(8,1,3),(8,1,2),(8,2,2),(8,2,1),(8,3,1),(8,3,0),(8,4,0),
110:(3,1,4),(3,1,3),(3,2,3),(3,2,3),(3,2,2),(3,2,1),(3,3,1),(3,4,1),(3,5,1),
111:(8,1,0),(7,1,0),(6,1,0),(5,1,0),(5,2,0),
112:(3,5,7),(4,5,7),(5,5,7),(6,5,7),(7,5,7),(7,4,7),(7,4,6),(7,4,5),(7,4,4),(7,3,4),(7,2,4),(8,2,4),(8,1,4),(8,0,4),
113:(1,7,5),(2,7,5),(2,7,6),(2,7,7),(2,6,7),(2,5,7),(2,5,7),(2,5,8),
114:(8,5,5),(7,5,5),(6,5,5),(5,5,5),(4,5,5),(4,4,5),
115:(5,2,5),(4,2,5),(4,2,4),(4,2,3),(4,2,3),(4,2,2),(4,2,2),(4,2,1),(4,2,0),
116:(1,1,2),(1,1,3),
117:(2,4,0),(2,3,0),(3,3,0),(4,3,0),(5,3,0),(6,3,0),(7,3,0),(7,3,1),(7,3,2),(7,3,3),(7,3,4),(7,2,4),(7,1,4),(7,0,4),
118:(0,0,0),(1,0,0),(2,0,0),(3,0,0),(4,0,0),(5,0,0),(5,0,1),(5,1,1),(5,1,2),(5,2,2),(5,3,2),(5,4,2),(5,5,2),(5,5,3),(5,5,4),(5,5,5),(6,5,5),(6,5,6),(6,6,6),
119:(3,6,0),(3,6,1),(3,6,2),(3,6,3),(3,6,4),(3,6,5),(3,6,6),(3,7,6),(3,8,6),
120:(0,7,6),(1,7,6),(1,6,6),(1,5,6),
121:(8,3,3),(7,3,3),(6,3,3),(5,3,3),(5,3,4),(5,4,4),(4,4,4),(3,4,4),
122:(4,3,2),(3,3,2),(2,3,2),(2,4,2),
123:(2,1,8),(3,1,8),(3,2,8),(3,3,8),(3,3,8),(4,3,8),(4,4,8),(5,4,8),(5,5,8),(5,5,7),(5,5,6),(5,5,5),(5,6,5),(5,6,4),(6,6,4),
124:(2,8,5),(2,8,6),(2,8,7),(2,8,8),(1,8,8),(0,8,8),(0,7,8),
125:(4,1,1),(4,2,1),(4,2,2),(4,2,2),(4,3,2),(4,4,2),(4,5,2),(4,6,2),(4,6,3),(4,7,3),(4,7,3),(4,7,4),(4,7,5),(4,7,6),(4,7,6),(5,7,6),(5,7,7),(5,7,8),
126:(7,6,8),(7,6,7),(7,6,6),(7,6,5),(7,6,4),(7,5,4),(7,5,4),(7,4,4),(7,4,3),(7,4,2),(6,4,2),(6,3,2),
127:(8,5,0),(8,5,1),(8,5,2),(8,6,2),(8,6,3),(8,6,4),(8,6,5),(8,6,6),(8,6,7),(8,7,7),(8,8,7),
128:(5,0,3),(6,0,3),(6,0,4),(6,0,5),(6,0,6),
129:(2,3,2),(2,3,1),(3,3,1),(4,3,1),(4,3,0),
130:(7,0,1),(6,0,1),(5,0,1),(4,0,1),(3,0,1),(2,0,1),(1,0,1),(0,0,1),(0,0,2),(0,0,3),(0,0,4),(0,0,5),(0,0,6),(0,1,6),(0,2,6),(0,3,6),(0,3,7),(0,4,7),(0,4,8),(0,5,8),(0,6,8),
131:(6,0,6),(6,0,5),(7,0,5),(7,0,4),(7,0,3),(7,0,2),(7,1,2),
132:(3,7,4),(4,7,4),(4,7,3),(4,7,2),(4,7,1),
133:(2,4,8),(3,4,8),(3,4,7),(3,4,6),(3,5,6),
134:(5,3,3),(5,3,3),(5,3,4),(6,3,4),(7,3,4),(7,3,5),(7,3,6),(7,3,7),(8,3,7),
135:(0,8,0),(1,8,0),(2,8,0),(3,8,0),(3,8,1),(3,8,2),(3,8,3),(3,8,4),
136:(4,4,4),(5,4,4),(5,4,3),
137:(8,7,3),(7,7,3),(6,7,3),(5,7,3),(4,7,3),(3,7,3),(2,7,3),(1,7,3),(1,7,4),(1,6,4),(1,6,5),(1,6,6),(1,6,7),(1,6,8),(1,5,8),(1,4,8),
138:(6,0,0),(6,1,0),(6,1,1),(6,1,2),(6,1,3),(6,1,4),(6,2,4),(6,3,4),(6,4,4),(5,4,4),(5,4,5),(5,4,6),(5,5,6),(5,5,7),(5,6,7),(5,7,7),(5,8,7),
139:(5,4,8),(6,4,8),(7,4,8),(7,4,7),(7,4,6),(7,4,5),(7,4,4),(7,4,3),(7,4,2),(7,4,1),(7,5,1),(7,6,1),(7,6,0),(7,7,0),(7,8,0),
140:(8,2,2),(8,2,1),(8,3,1),(8,4,1),(8,4,0),(8,5,0),(8,6,0),(8,7,0),(8,8,0),
141:(6,8,1),(6,8,2),(5,8,2),(4,8,2),(3,8,2),(3,8,3),(3,8,4),(3,8,5),(3,7,5),(3,7,6),(3,7,7),(3,6,7),(3,5,7),(3,4,7),(3,3,7),(3,3,8),
142:(4,1,3),(5,1,3),(6,1,3),(6,1,4),(6,1,5),(6,2,5),(6,3,5),(6,4,5),
143:(7,7,2),(6,7,2),(6,6,2),(6,5,2),(6,4,2),(6,3,2),(5,3,2),(4,3,2),(4,2,2),
144:(5,1,7),(5,1,6),(5,1,5),(4,1,5),(4,1,4),(4,1,3),(4,1,2),(4,1,1),(4,1,0),(4,0,0),
145:(1,4,5),(2,4,5),(3,4,5),(4,4,5),(4,4,6),(4,4,7),(5,4,7),(5,3,7),(5,2,7),
146:(8,8,5),(8,7,5),(8,6,5),(8,5,5),(7,5,5),(6,5,5),(5,5,5),(5,5,4),(5,5,3),(4,5,3),(4,4,3),(4,3,3),(5,3,3),
147:(2,3,4),(2,3,3),(3,3,3),(4,3,3),(5,3,3),(5,3,2),(5,3,1),(6,3,1),(6,4,1),(6,5,1),(6,6,1),(6,7,1),(7,7,1),(8,7,1),(8,7,0),
148:(6,3,4),(6,4,4),(5,4,4),(4,4,4),(4,4,3),(4,5,3),(4,6,3),(4,7,3),(4,8,3),
149:(1,5,8),(2,5,8),(3,5,8),(3,4,8),(4,4,8),(5,4,8),(6,4,8),(6,4,7),(6,4,6),(7,4,6),(7,4,5),(7,4,4),(6,4,4),(6,3,4),(6,2,4),(6,2,3),
150:(1,7,8),(1,7,7),(1,7,6),(1,6,6),(1,6,5),(0,6,5),(1,6,5),(1,5,5),
151:(1,6,7),(2,6,7),(2,6,6),(3,6,6),(3,7,6),(4,7,6),(4,7,5),(4,8,5),
152:(8,3,1),(7,3,1),(7,3,2),(7,3,3),(7,2,3),
153:(1,4,2),(1,3,2),(1,2,2),(2,2,2),(2,1,2),(3,1,2),(3,1,1),
154:(6,4,2),(6,5,2),(6,5,2),(6,5,3),(6,5,4),(6,5,4),(6,5,4),(6,5,4),(5,5,4),(5,5,4),(6,5,4),
155:(8,0,7),(8,0,6),(8,0,5),(8,0,4),(8,0,3),(8,0,2),(8,1,2),(8,2,2),(7,2,2),
156:(6,6,6),(6,6,6),(6,6,5),(5,6,5),(4,6,5),(4,6,4),(4,5,4),(4,5,3),(4,4,3),(4,4,3),(4,3,3),(4,3,2),
157:(7,1,6),(6,1,6),(5,1,6),(5,1,5),(4,1,5),(4,1,4),(4,1,3),(3,1,3),(2,1,3),(2,1,2),(2,1,1),(2,2,1),
158:(1,7,6),(1,6,6),(1,6,7),(1,5,7),(1,4,7),(2,4,7),(2,3,7),(2,2,7),(2,1,7),
159:(3,0,4),(4,0,4),(4,0,5),(4,0,6),(4,0,7),(4,1,7),(4,2,7),(4,3,7),(4,3,7),(4,4,7),(4,5,7),(4,5,8),
160:(6,0,5),(6,1,5),(6,2,5),(5,2,5),(5,3,5),
161:(5,2,1),(5,2,2),(5,2,3),(5,2,4),(4,2,4),(3,2,4),(2,2,4),(2,2,5),(2,2,6),(2,3,6),(2,4,6),(2,5,6),(2,6,6),(2,7,6),
162:(7,7,1),(6,7,1),(5,7,1),(4,7,1),(3,7,1),(2,7,1),(2,6,1),(2,5,1),(2,4,1),(2,3,1),(2,3,0),(2,2,0),(2,1,0),
163:(3,3,0),(3,3,1),(3,3,2),(2,3,2),(1,3,2),(1,3,3),(1,3,4),(1,3,5),(1,3,6),(1,3,7),(1,2,7),(1,1,7),(1,1,8),(1,0,8),
164:(6,3,6),(6,3,7),(5,3,7),(4,3,7),(3,3,7),(2,3,7),(2,3,8),(2,2,8),(2,1,8),(2,0,8),
165:(6,5,8),(6,5,7),(6,4,7),(6,4,7),(6,3,7),(6,2,7),
166:(6,8,7),(6,8,7),(5,8,7),(4,8,7),(3,8,7),(2,8,7),(2,8,6),(2,8,5),(2,8,4),(2,8,3),
167:(4,0,7),(3,0,7),(3,0,6),(3,0,5),(3,0,4),(3,0,3),(3,0,2),(3,1,2),(3,2,2),(3,3,2),(3,4,2),(3,5,2),(2,5,2),(1,5,2),(1,5,1),(1,6,1),(1,7,1),
168:(7,2,7),(6,2,7),(6,2,8),(5,2,8),(5,3,8),
169:(8,0,2),(7,0,2),(7,0,1),(7,1,1),(7,2,1),(7,3,1),(7,4,1),(6,4,1),(5,4,1),(4,4,1),(4,4,0),(4,5,0),(4,6,0),(4,7,0),(4,8,0),
170:(8,7,5),(7,7,5),(6,7,5),(6,7,4),(6,7,3),(6,7,2),(6,7,1),(6,7,0),(6,6,0),(6,5,0),(6,4,0),(6,3,0),(6,2,0),(6,1,0),(5,1,0),(5,0,0),
171:(8,1,5),(7,1,5),(7,1,6),(7,1,7),(6,1,7),(5,1,7),(4,1,7),(4,1,8),(4,2,8),
172:(1,2,5),(0,2,5),(0,2,6),(0,2,7),
173:(1,0,4),(2,0,4),(3,0,4),(4,0,4),(4,0,5),(5,0,5),(6,0,5),(7,0,5),(7,1,5),(7,2,5),(7,3,5),(7,4,5),(8,4,5),(8,5,5),
174:(5,4,5),(4,4,5),(4,4,4),(4,4,3),(4,4,2),(3,4,2),(3,3,2),(2,3,2),
175:(7,4,3),(7,5,3),(7,5,2),(7,5,1),(6,5,1),(5,5,1),(4,5,1),(3,5,1),(2,5,1),(1,5,1),(1,5,0),(1,6,0),(1,7,0),
176:(3,6,4),(2,6,4),(1,6,4),(0,6,4),(0,6,5),(0,6,6),(0,6,7),
177:(7,1,3),(6,1,3),(6,0,3),(6,1,3),(5,1,3),(5,0,3),(4,0,3),
178:(2,0,8),(1,0,8),(1,0,7),(1,0,6),(1,1,6),(1,2,6),(1,3,6),(2,3,6),(2,4,6),(2,5,6),(2,6,6),(2,6,5),(1,6,5),(1,6,4),(1,7,4),
179:(6,3,0),(6,3,1),(5,3,1),(5,4,1),(4,4,1),(3,4,1),(3,5,1),(3,6,1),(3,7,1),
180:(2,7,2),(3,7,2),(3,7,3),(3,7,4),(4,7,4),(4,7,5),(4,6,5),(4,6,6),(4,5,6),
181:(5,2,4),(5,2,5),(5,2,6),(4,2,6),(4,2,7),(3,2,7),(2,2,7),(1,2,7),(1,3,7),(0,3,7),(0,4,7),(0,5,7),
182:(6,8,2),(5,8,2),(4,8,2),(3,8,2),(2,8,2),(2,7,2),(2,6,2),(2,5,2),(2,5,3),(2,5,3),(2,4,3),(2,3,3),(1,3,3),
183:(1,7,2),(2,7,2),(2,7,1),(2,6,1),(2,5,1),(2,4,1),(2,3,1),(3,3,1),(3,3,1),(4,3,1),
184:(6,6,0),(5,6,0),(4,6,0),(3,6,0),(3,6,1),(3,6,2),(3,6,3),(3,6,4),(3,6,5),(3,6,6),(3,6,7),(2,6,7),(2,5,7),(1,5,7),(1,4,7),(1,3,7),(1,3,7),(1,3,8),
185:(1,5,0),(1,5,1),(1,5,1),(1,5,2),(1,5,3),(1,5,4),(1,5,5),(1,4,5),(1,3,5),(1,3,6),
186:(4,8,0),(5,8,0),(6,8,0),(7,8,0),(7,7,0),(7,6,0),(7,6,0),(8,6,0),
187:(5,3,1),(4,3,1),(4,3,2),(3,3,2),(2,3,2),(1,3,2),(0,3,2),(0,3,3),
188:(8,6,0),(8,6,1),(8,6,2),(8,7,2),
189:(3,7,0),(3,6,0),(3,5,0),(4,5,0),(4,5,1),(4,5,2),(4,5,3),(4,4,3),(4,4,4),(4,3,4),(4,3,5),(4,3,6),(4,3,7),
190:(1,0,1),(1,0,2),(1,1,2),(1,2,2),(2,2,2),(3,2,2),(3,2,2),(3,3,2),(3,4,2),(3,5,2),(4,5,2),(4,6,2),(4,7,2),(4,8,2),
191:(3,5,1),(4,5,1),(5,5,1),(6,5,1),(6,5,2),(6,4,2),(6,3,2),(7,3,2),(8,3,2),
192:(6,5,6),(6,5,5),(5,5,5),(4,5,5),(3,5,5),(2,5,5),(2,5,6),(2,6,6),(2,6,5),(2,7,5),(2,8,5),(1,8,5),(0,8,5),
193:(1,3,8),(2,3,8),(3,3,8),(4,3,8),(4,2,8),(5,2,8),(6,2,8),(6,1,8),(6,1,7),(6,1,6),(6,1,5),(6,1,4),(6,1,3),(6,1,2),(6,1,1),(6,1,0),
194:(8,0,5),(8,1,5),
195:(3,0,8),(4,0,8),(5,0,8),(6,0,8),(7,0,8),(7,1,8),(7,1,7),(7,1,6),(7,2,6),(7,3,6),(7,4,6),(7,4,6),(7,4,5),(7,4,4),(7,4,3),
196:(4,4,7),(3,4,7),(3,4,6),(3,4,5),(3,4,5),(3,3,5),(3,2,5),(3,2,5),(2,2,5),(2,1,5),
197:(5,8,3),(6,8,3),(7,8,3),(7,8,4),(7,7,4),(7,7,5),(7,7,6),(7,7,7),(7,6,7),(7,5,7),(7,5,8),(7,4,8),(7,3,8),
198:(7,1,7),(6,1,7),(5,1,7),(4,1,7),(4,1,6),(4,1,5),(4,1,4),(3,1,4),(3,2,4),
199:(3,7,6),(3,7,5),(3,6,5),(2,6,5),(2,5,5),(1,5,5),(0,5,5),(0,4,5),(0,4,5),(0,3,5),
200:(8,7,4),(7,7,4),(7,7,5),(7,7,6),(7,7,7),(6,7,7),
201:(2,6,2),(2,6,3),(2,5,3),(2,5,3),(2,4,3),(2,3,3),(3,3,3),(4,3,3),(5,3,3),(5,2,3),(5,1,3),(5,0,3),(5,0,4),
202:(4,3,7),(4,4,7),(4,4,8),(4,4,8),(4,5,8),(3,5,8),(3,6,8),
203:(7,8,3),(7,8,2),(7,7,2),(7,6,2),
204:(3,5,4),(4,5,4),(4,5,5),(4,5,6),(5,5,6),(5,5,7),(5,5,7),(5,4,7),
205:(7,0,4),(6,0,4),(6,0,5),(6,1,5),(5,1,5),(5,1,5),(5,1,6),
206:(1,2,8),(2,2,8),(2,2,7),(3,2,7),(3,2,6),(4,2,6),(4,2,5),
207:(0,3,0),(1,3,0),(2,3,0),(3,3,0),(3,3,1),(4,3,1),(4,3,2),(4,4,2),
208:(4,0,4),(5,0,4),(5,1,4),(5,1,4),(6,1,4),(7,1,4),(7,2,4),(7,3,4),(8,3,4),(8,4,4),(8,5,4),(8,6,4),(8,7,4),(7,7,4),
209:(6,4,4),(7,4,4),(7,4,3),(7,4,2),(7,4,1),(6,4,1),(5,4,1),(5,3,1),
210:(1,4,6),(2,4,6),(2,4,7),(3,4,7),(3,4,8),(3,3,8),(3,2,8),(3,1,8),(4,1,8),(5,1,8),
211:(3,4,3),(4,4,3),(4,5,3),(5,5,3),(6,5,3),(6,5,3),(6,5,2),(6,6,2),
212:(6,8,8),(6,7,8),(6,6,8),
213:(1,3,0),(1,3,1),(2,3,1),(3,3,1),(4,3,1),(4,3,2),(4,3,3),(4,3,4),(4,2,4),(4,1,4),(4,1,5),(5,1,5),(5,1,5),(6,1,5),(7,1,5),(7,1,6),(7,1,7),
214:(8,8,7),(7,8,7),(7,8,6),(6,8,6),(5,8,6),(4,8,6),(3,8,6),(2,8,6),(2,8,5),(1,8,5),(0,8,5),(0,8,5),(0,7,5),
215:(7,8,4),(7,8,3),(7,8,2),(7,7,2),(7,7,1),(7,6,1),(7,6,1),(7,6,0),(7,6,0),(7,5,0),
216:(1,0,5),(2,0,5),(2,1,5),(2,2,5),(2,3,5),(2,4,5),(3,4,5),(3,4,5),(3,4,6),(3,4,7),(4,4,7),(4,5,7),(4,6,7),(4,6,8),
217:(0,0,5),(1,0,5),(1,0,4),(2,0,4),(2,0,3),(2,0,2),(2,0,2),(3,0,2),
218:(1,8,6),(1,8,5),(1,8,4),(1,8,3),(1,7,3),(1,6,3),(1,5,3),(2,5,3),(2,4,3),(2,3,3),(2,3,3),(3,3,3),(3,2,3),(3,1,3),(2,1,3),(2,0,3),
219:(8,5,7),(7,5,7),(7,6,7),(7,6,6),(7,6,5),(6,6,5),(6,6,4),(6,7,4),(6,7,3),
220:(6,3,8),(5,3,8),(5,3,8),(5,4,8),(5,4,7),(5,4,6),(4,4,6),(4,5,6),(4,5,5),(3,5,5),(3,5,4),(2,5,4),(1,5,4),(0,5,4),(0,5,3),(0,5,2),(0,6,2),(0,7,2),(0,7,1),(0,8,1),
221:(5,7,1),(4,7,1),(3,7,1),(2,7,1),(2,6,1),(2,5,1),(2,4,1),(2,4,0),(2,3,0),(1,3,0),
222:(6,0,1),(6,1,1),(6,1,2),(6,2,2),(6,2,3),(5,2,3),(4,2,3),(4,2,3),(4,3,3),(4,3,3),(4,3,4),(4,3,5),
223:(6,8,3),(6,7,3),(6,7,2),(6,7,1),(6,6,1),(6,5,1),(7,5,1),(7,4,1),(7,4,1),(7,3,1),(7,2,1),
224:(4,7,1),(4,6,1),(5,6,1),(5,5,1),(5,4,1),(5,3,1),(6,3,1),(6,2,1),(7,2,1),(8,2,1),(8,1,1),(8,0,1),
225:(0,0,4),(1,0,4),(2,0,4),(2,0,3),(2,0,2),(2,1,2),(2,2,2),
226:(5,8,1),(6,8,1),(7,8,1),(7,8,2),(7,7,2),(7,7,3),(7,7,4),(7,7,5),(7,7,6),(7,7,7),(7,6,7),(7,5,7),(7,4,7),(7,3,7),
227:(0,5,6),(0,5,5),(0,4,5),(0,3,5),(1,3,5),(1,2,5),(1,1,5),(1,1,4),
228:(5,4,3),(5,4,3),(4,4,3),(3,4,3),(3,3,3),(3,2,3),(2,2,3),(2,2,3),(2,2,4),(2,2,5),(2,2,6),(2,2,7),(2,2,8),
229:(2,6,0),(1,6,0),(1,6,1),(1,5,1),(1,5,2),(1,5,3),(1,5,4),(1,4,4),(1,4,5),(1,3,5),(1,2,5),(1,2,6),(1,2,7),(1,1,7),(1,1,8),
230:(3,6,2),(2,6,2),(2,6,3),(2,7,3),(2,7,4),(2,7,5),(2,7,6),(1,7,6),
231:(3,6,3),(4,6,3),(5,6,3),(5,6,2),(5,6,2),(5,5,2),(5,4,2),(6,4,2),(6,3,2),(7,3,2),
232:(7,7,5),(7,6,5),(7,5,5),(7,4,5),(7,3,5),(7,2,5),(7,1,5),(7,1,5),(6,1,5),(5,1,5),(5,0,5),
233:(5,5,1),(6,5,1),(6,6,1),(6,6,2),(6,7,2),(6,8,2),(6,8,3),(7,8,3),(8,8,3),(8,8,4),
234:(4,8,5),(4,8,6),(4,7,6),(4,6,6),(4,5,6),(4,4,6),(3,4,6),(2,4,6),(2,4,7),(2,3,7),(2,3,7),(2,3,6),
235:(6,6,2),(7,6,2),(7,6,1),(7,7,1),(8,7,1),(7,7,1),(7,7,2),
236:(5,6,0),(4,6,0),(3,6,0),(2,6,0),(1,6,0),(1,6,1),(1,6,2),(0,6,2),(0,6,3),(0,6,4),
237:(6,1,4),(5,1,4),(5,1,3),(5,2,3),(5,2,4),(4,2,4),(4,3,4),(4,4,4),(4,5,4),(3,5,4),(3,5,3),(3,6,3),(3,7,3),
238:(2,6,4),(1,6,4),(0,6,4),(0,6,3),(0,6,2),(0,5,2),(0,5,1),(0,5,0),(0,4,0),(0,3,0),(0,2,0),(0,1,0),(0,0,0),
239:(0,4,4),(1,4,4),(1,4,5),(2,4,5),(2,4,6),(3,4,6),(3,4,7),(4,4,7),(4,4,8),
240:(1,6,3),(0,6,3),(1,6,3),(2,6,3),(2,6,2),(2,5,2),(3,5,2),(4,5,2),(5,5,2),(6,5,2),(7,5,2),(7,5,1),(7,4,1),(7,4,0),(7,3,0),
241:(8,5,8),(7,5,8),(6,5,8),(5,5,8),(5,5,7),(5,6,7),(5,6,6),(5,7,6),(5,8,6),(5,8,5),(5,8,4),(5,8,3),(5,8,2),(5,8,1),(4,8,1),(3,8,1),
242:(8,2,4),(8,3,4),(8,4,4),(8,5,4),(8,6,4),(7,6,4),(7,6,4),(6,6,4),(5,6,4),(4,6,4),(4,7,4),(3,7,4),
