soc=2240
lb_soc=1416
makespan=22
lb_makespan=15
comp_time=8891
highLevelExpanded=51
lowLevelExpanded=15233
solution=
0:(3,7,1),(3,7,2),(3,7,3),(3,7,4),(3,7,5),
1:(2,2,2),(2,3,2),(2,4,2),(2,5,2),(2,6,2),(2,7,2),(2,8,2),
2:(1,0,6),(0,0,6),(0,1,6),(0,2,6),(0,3,6),(0,4,6),(0,5,6),(0,6,6),(0,7,6),(0,7,5),
3:(1,1,3),(1,1,4),(1,1,5),(1,2,5),(1,3,5),(1,3,5),(0,3,5),
4:(6,1,7),(5,1,7),(4,1,7),(3,1,7),(2,1,7),(1,1,7),(1,2,7),
5:(0,2,3),(1,2,3),(1,2,4),
6:(0,4,1),(0,5,1),(0,6,1),(0,7,1),
7:(6,4,8),(7,4,8),(7,4,7),(7,5,7),(7,5,6),(7,5,5),(7,5,4),(7,5,3),(7,6,3),(7,7,3),(7,8,3),
8:(3,0,0),(4,0,0),(4,0,1),(4,0,2),(4,0,3),(4,0,4),(4,0,5),(4,0,6),(4,0,7),(4,1,7),(4,2,7),(4,3,7),(4,4,7),
9:(1,6,4),(2,6,4),(3,6,4),(4,6,4),
10:(1,1,0),(2,1,0),(3,1,0),(4,1,0),(5,1,0),(6,1,0),(7,1,0),(7,1,1),(7,1,2),(7,1,3),(7,2,3),(7,3,3),
11:(4,0,0),(4,0,1),(4,0,2),(4,0,3),(4,0,4),(4,0,5),(4,0,6),(4,0,7),(4,0,8),(4,1,8),(4,2,8),(4,3,8),(4,4,8),(4,5,8),(4,6,8),(4,7,8),
12:(5,4,6),(4,4,6),(3,4,6),(3,4,7),(3,4,8),
13:(3,6,6),(4,6,6),(5,6,6),(6,6,6),(7,6,6),(8,6,6),(8,6,5),(8,5,5),
14:(4,1,7),(3,1,7),(3,1,6),(3,1,5),(3,2,5),(3,3,5),
15:(2,4,7),(2,5,7),(2,5,7),(2,6,7),(3,6,7),(3,7,7),(3,8,7),(4,8,7),(5,8,7),(5,8,6),
16:(2,7,8),(1,7,8),(1,7,7),(1,7,6),(1,7,5),(1,7,4),(1,7,3),(1,7,2),(1,7,1),(1,7,0),(1,6,0),(1,5,0),(1,4,0),(0,4,0),(0,3,0),(0,2,0),(1,2,0),(1,1,0),
17:(7,6,2),(8,6,2),(8,6,1),(8,5,1),(8,4,1),(8,3,1),(8,2,1),
18:(8,6,0),(7,6,0),(6,6,0),(5,6,0),(4,6,0),(3,6,0),
19:(0,6,7),(1,6,7),(2,6,7),(3,6,7),(4,6,7),(5,6,7),(5,5,7),
20:(4,4,3),(4,4,2),(4,4,1),(3,4,1),(3,4,0),(3,5,0),
21:(1,4,4),(2,4,4),(2,4,3),(2,4,2),(2,4,1),(2,4,0),(2,3,0),(2,2,0),(2,1,0),(2,0,0),
22:(0,5,3),(0,6,3),(0,7,3),(0,8,3),
23:(5,0,5),(6,0,5),(7,0,5),(7,0,6),(7,1,6),(7,2,6),
24:(8,3,6),(7,3,6),(6,3,6),(5,3,6),(5,3,7),(5,2,7),(5,1,7),(5,0,7),(5,0,7),(4,0,7),
25:(5,5,6),(4,5,6),(3,5,6),(3,5,5),(3,5,4),(3,5,3),(3,5,2),(3,5,1),(3,4,1),(3,4,0),(3,3,0),(3,2,0),
26:(6,1,3),(7,1,3),(8,1,3),(8,2,3),
27:(1,7,5),(2,7,5),(3,7,5),(4,7,5),(5,7,5),(6,7,5),(6,7,6),(6,6,6),(6,5,6),(6,5,7),(6,5,8),(6,4,8),(7,4,8),(7,3,8),(7,2,8),
28:(1,2,6),(2,2,6),(3,2,6),(4,2,6),(5,2,6),(6,2,6),(6,2,5),(7,2,5),(7,2,4),(7,2,3),(7,2,2),(7,2,1),(7,1,1),
29:(4,2,6),(4,2,5),(4,3,5),(4,4,5),(4,5,5),(4,6,5),(4,7,5),(4,7,4),(4,8,4),(4,8,3),(4,8,2),(4,8,1),(4,8,0),
30:(0,5,0),(0,5,0),(0,5,1),(0,5,2),(0,5,3),(0,5,4),(0,5,5),(0,5,6),(0,5,7),(0,5,8),(1,5,8),(2,5,8),(3,5,8),
31:(6,7,0),(5,7,0),(5,7,1),(5,7,2),(5,7,3),(5,7,4),(5,7,5),(5,6,5),(5,5,5),(5,4,5),(5,3,5),
32:(3,0,5),(2,0,5),(1,0,5),(0,0,5),(0,0,4),(0,0,3),(0,1,3),(0,2,3),
33:(1,7,7),(2,7,7),(3,7,7),(4,7,7),(4,7,6),(4,7,5),(4,7,4),(4,7,3),(4,7,2),(4,6,2),(4,5,2),
34:(3,2,4),(2,2,4),(2,3,4),(2,4,4),(2,5,4),(2,6,4),(2,6,3),(2,7,3),(2,8,3),
35:(1,3,1),(2,3,1),(3,3,1),(3,3,2),
36:(8,1,6),(8,2,6),(7,2,6),(6,2,6),(6,2,5),(6,3,5),(6,4,5),(6,5,5),(6,5,5),(5,5,5),
37:(3,2,8),(4,2,8),(5,2,8),(5,2,7),(5,2,7),(5,2,6),(5,2,5),
38:(3,4,3),(2,4,3),(1,4,3),(1,3,3),(1,2,3),(1,1,3),(1,1,4),(1,1,5),(1,0,5),
39:(6,7,2),(5,7,2),(4,7,2),(3,7,2),(2,7,2),(2,7,3),(2,7,4),(2,7,5),(2,6,5),(2,6,6),(1,6,6),(1,5,6),(1,4,6),(1,3,6),(1,2,6),
40:(7,3,7),(8,3,7),(8,3,6),(8,3,5),(8,3,4),(8,3,3),(8,4,3),(8,5,3),(8,6,3),(8,7,3),
41:(6,2,8),(5,2,8),(5,2,7),(4,2,7),(3,2,7),(2,2,7),(2,1,7),(1,1,7),
42:(8,2,3),(7,2,3),(7,2,4),(7,2,5),(7,1,5),
43:(3,5,1),(4,5,1),(5,5,1),(6,5,1),(6,5,2),(6,5,3),(6,6,3),
44:(7,4,4),(6,4,4),(5,4,4),(4,4,4),(3,4,4),(2,4,4),(2,4,3),(2,4,2),(2,4,1),(2,3,1),(2,2,1),(2,1,1),
45:(3,8,3),(2,8,3),(1,8,3),(1,8,4),(1,8,5),(1,8,6),(1,7,6),(1,7,7),(1,6,7),(1,5,7),(1,4,7),(1,3,7),
46:(6,4,4),(5,4,4),(4,4,4),(3,4,4),(2,4,4),(1,4,4),(0,4,4),(0,4,5),(0,4,6),(0,5,6),(0,6,6),
47:(5,7,4),(6,7,4),(6,7,5),(6,7,6),(6,7,7),(6,6,7),
48:(3,7,4),(4,7,4),(5,7,4),(6,7,4),(7,7,4),(7,7,5),(7,7,6),(7,7,7),(7,6,7),(7,5,7),
49:(0,1,2),(0,1,3),(0,1,4),(0,2,4),(0,3,4),(0,4,4),(0,5,4),(0,6,4),(-1,6,4),(-1,6,5),(-1,6,6),(-1,6,7),(0,6,7),(0,7,7),(0,7,8),
50:(6,1,2),(5,1,2),(4,1,2),(3,1,2),(2,1,2),(1,1,2),(0,1,2),(0,1,3),(0,1,4),(0,1,5),(0,1,6),(0,1,7),
51:(4,4,8),(3,4,8),(3,4,7),(3,5,7),(3,5,6),(3,5,5),(3,5,4),(3,6,4),(3,7,4),
52:(4,1,8),(4,1,7),(4,1,6),(4,1,5),(4,0,5),(3,0,5),(3,0,5),(4,0,5),
53:(7,6,7),(6,6,7),(5,6,7),(5,5,7),(5,5,8),(5,4,8),(5,3,8),(5,2,8),(5,1,8),(5,0,8),(4,0,8),
54:(5,8,1),(4,8,1),(3,8,1),(2,8,1),(2,8,2),(2,8,3),(2,8,4),(2,7,4),(2,6,4),(2,5,4),
55:(2,6,5),(3,6,5),(4,6,5),(5,6,5),(5,6,4),(5,6,4),(5,7,4),
56:(2,5,5),(3,5,5),(3,4,5),(3,4,6),(3,4,7),(3,3,7),(3,2,7),(3,1,7),
57:(1,4,7),(2,4,7),(2,4,6),(2,4,5),(3,4,5),(4,4,5),(5,4,5),(6,4,5),(7,4,5),(7,4,4),(7,5,4),(7,6,4),(7,7,4),
58:(1,2,2),(1,2,1),(1,2,0),(1,3,0),(1,4,0),(1,5,0),(2,5,0),
59:(6,4,2),(7,4,2),(7,5,2),(7,6,2),
60:(0,5,5),(1,5,5),(2,5,5),(2,5,6),(2,5,6),(3,5,6),(4,5,6),(5,5,6),
61:(0,4,5),(0,4,4),(0,4,3),(0,3,3),
62:(1,7,0),(2,7,0),(3,7,0),(4,7,0),(4,7,1),(4,7,2),(4,7,3),(4,6,3),(4,5,3),(4,5,4),(4,5,5),(4,5,6),(4,4,6),(5,4,6),(5,4,7),(5,3,7),(4,3,7),(4,2,7),
63:(8,8,4),(7,8,4),(7,7,4),(7,6,4),(6,6,4),(6,5,4),(5,5,4),(5,4,4),(5,3,4),
64:(3,2,6),(4,2,6),(4,2,7),(4,2,8),(5,2,8),(6,2,8),(7,2,8),(8,2,8),(8,3,8),
65:(2,3,7),(1,3,7),(1,3,6),(1,3,5),(1,3,4),(1,3,3),(1,3,2),(1,3,1),(1,4,1),
66:(2,1,8),(3,1,8),(4,1,8),(4,1,7),(4,2,7),(4,3,7),(4,4,7),(4,4,7),(4,4,6),(4,4,5),
67:(6,6,5),(5,6,5),(5,6,4),(5,6,3),(4,6,3),(3,6,3),(3,6,2),(2,6,2),(2,5,2),(1,5,2),(0,5,2),(0,5,1),
68:(4,4,4),(4,4,3),(5,4,3),(6,4,3),(7,4,3),(8,4,3),(8,5,3),(8,6,3),(8,7,3),(8,8,3),
69:(7,3,3),(6,3,3),(5,3,3),(4,3,3),(4,3,4),(4,3,5),(4,3,6),(4,4,6),(4,5,6),(4,6,6),
70:(4,3,3),(5,3,3),(5,3,2),(6,3,2),(7,3,2),(7,3,1),(7,3,0),(7,4,0),(7,5,0),(7,6,0),(7,7,0),
71:(0,5,6),(1,5,6),(2,5,6),(3,5,6),(4,5,6),(5,5,6),(5,5,5),(5,5,4),(6,5,4),(6,5,3),(6,5,2),(6,5,1),(7,5,1),(7,5,0),(8,5,0),(8,6,0),
72:(0,6,6),(1,6,6),(2,6,6),(3,6,6),(3,6,5),(3,6,4),(3,6,3),(3,5,3),(3,4,3),(3,3,3),
73:(7,5,6),(7,4,6),
74:(6,4,5),(6,5,5),(6,5,4),(6,5,3),(6,6,3),(6,6,2),(6,7,2),
75:(7,7,8),(6,7,8),(5,7,8),(4,7,8),(3,7,8),(2,7,8),(2,7,7),(2,6,7),(2,6,6),(1,6,6),(1,5,6),(1,4,6),(1,3,6),(1,2,6),(1,2,5),(0,2,5),(0,1,5),
76:(4,8,2),(4,7,2),(4,7,1),(4,6,1),(4,6,1),(4,6,0),
77:(7,3,5),(6,3,5),(5,3,5),(5,3,4),(5,3,3),(4,3,3),
78:(4,5,8),(4,5,7),(4,5,6),(4,5,5),(3,5,5),(3,5,4),(3,5,3),(3,5,2),
79:(7,1,5),(6,1,5),(5,1,5),(5,2,5),(4,2,5),(3,2,5),(2,2,5),(2,3,5),(2,4,5),(2,5,5),
80:(7,0,1),(6,0,1),(5,0,1),(4,0,1),(4,0,2),(4,0,3),(4,0,4),(4,1,4),(4,1,5),(4,1,6),(4,1,7),(4,1,8),(4,2,8),
81:(0,6,2),(0,5,2),(0,4,2),(0,3,2),(1,3,2),(2,3,2),(2,3,3),(3,3,3),(3,3,4),(3,2,4),(3,1,4),(3,1,5),(4,1,5),(4,1,6),
82:(1,0,5),(1,0,4),(2,0,4),(2,0,3),(2,0,2),(2,0,1),(2,1,1),(2,2,1),(2,3,1),(3,3,1),(4,3,1),(5,3,1),(6,3,1),(7,3,1),(7,4,1),(7,5,1),(7,6,1),(8,6,1),
83:(1,2,5),(2,2,5),(3,2,5),(3,2,4),(3,2,3),(3,2,2),(3,2,1),(3,1,1),
84:(7,7,3),(6,7,3),(6,7,4),(6,7,5),(6,7,6),(6,8,6),
85:(6,8,6),(6,8,5),(6,8,4),(6,8,3),(6,8,2),(6,8,1),(6,7,1),(6,6,1),(6,5,1),(6,4,1),(6,3,1),(6,2,1),(6,1,1),(6,0,1),
86:(0,1,7),(0,1,6),(0,1,5),(0,1,4),(0,1,3),(0,1,2),(0,1,1),(0,2,1),
87:(5,1,2),(4,1,2),(3,1,2),(2,1,2),(2,1,3),(2,1,4),(2,1,5),(2,1,6),(2,1,7),(2,1,8),(2,2,8),(2,3,8),(2,4,8),(2,5,8),(2,6,8),(2,7,8),
88:(3,3,8),(2,3,8),(1,3,8),(0,3,8),(0,4,8),(0,5,8),(0,6,8),
89:(7,0,2),(6,0,2),(5,0,2),(5,1,2),(4,1,2),(3,1,2),(2,1,2),(1,1,2),(0,1,2),(0,2,2),(0,3,2),(0,4,2),(0,5,2),(0,6,2),(0,7,2),
90:(3,6,8),(3,6,7),(3,6,6),(3,6,5),(3,6,4),(3,7,4),(3,7,3),
91:(2,0,0),(2,0,1),(2,1,1),(1,1,1),(1,1,1),(1,2,1),(1,3,1),(1,4,1),(1,4,2),(1,4,3),(2,4,3),(2,5,3),(2,6,3),(2,6,4),(2,7,4),(2,7,5),(2,8,5),(2,8,6),
92:(3,8,1),(3,7,1),(3,6,1),(3,5,1),(4,5,1),(4,5,2),(4,4,2),(4,4,3),(4,4,4),(4,3,4),
93:(2,1,4),(2,1,3),(2,1,2),(2,1,1),(2,2,1),(2,3,1),(2,4,1),(2,5,1),(2,6,1),(2,6,0),
94:(1,3,8),(1,4,8),(2,4,8),(3,4,8),(4,4,8),(4,4,7),(4,5,7),(4,5,6),(4,6,6),(5,6,6),(5,6,5),(5,7,5),(5,8,5),(5,8,4),
95:(0,4,8),(0,4,7),(1,4,7),(2,4,7),(2,4,6),(2,5,6),(2,6,6),(2,7,6),
96:(6,3,1),(5,3,1),(4,3,1),(3,3,1),(2,3,1),(1,3,1),(1,3,0),
97:(8,4,2),(8,4,3),(7,4,3),(7,4,4),(6,4,4),(5,4,4),(5,3,4),(5,3,5),(5,3,6),(5,2,6),(5,1,6),
98:(7,1,2),(7,2,2),(7,2,3),(7,2,4),(8,2,4),(8,2,5),(8,2,6),(8,3,6),(8,4,6),(8,5,6),(8,6,6),
99:(2,2,8),(3,2,8),(4,2,8),(5,2,8),(6,2,8),(6,3,8),(6,4,8),(6,5,8),(6,6,8),(6,7,8),(6,7,7),
100:(4,8,5),(3,8,5),(2,8,5),(2,7,5),(2,6,5),(2,5,5),(2,5,5),(1,5,5),(1,5,4),(1,4,4),(1,4,3),(1,3,3),(1,2,3),
101:(3,1,2),(3,1,1),(4,1,1),(4,2,1),(4,3,1),(4,4,1),(4,5,1),(4,6,1),(4,7,1),
102:(1,4,3),(1,4,2),(1,3,2),(2,3,2),(2,3,2),(2,2,2),(3,2,2),(4,2,2),(5,2,2),(5,1,2),(5,0,2),
103:(0,2,5),(1,2,5),(2,2,5),(3,2,5),(3,3,5),(3,4,5),(3,5,5),(3,5,4),(4,5,4),(5,5,4),(5,5,4),(6,5,4),(7,5,4),(7,6,4),(8,6,4),(8,6,3),(8,6,2),(8,7,2),
104:(6,6,8),(7,6,8),(8,6,8),(8,6,7),(8,6,6),(8,6,5),(8,6,4),(8,5,4),(8,4,4),(8,3,4),(8,2,4),(8,1,4),(8,1,3),(8,1,2),(8,0,2),
105:(6,8,0),(5,8,0),(5,7,0),(5,7,0),(5,6,0),(5,5,0),(5,4,0),(5,3,0),
106:(3,6,1),(3,6,2),(3,6,3),(3,5,3),(3,4,3),(3,4,4),(3,4,5),(3,4,5),(3,4,5),(2,4,5),(2,3,5),(2,3,6),
107:(7,8,1),(8,8,1),(8,7,1),(8,6,1),(8,5,1),
108:(6,8,7),(6,8,8),
109:(6,1,1),(5,1,1),(5,1,2),(4,1,2),(3,1,2),(2,1,2),(2,2,2),(2,3,2),(2,4,2),(2,5,2),(2,6,2),
110:(2,8,5),(2,8,6),(3,8,6),(4,8,6),(5,8,6),(5,7,6),
111:(2,4,3),(1,4,3),(1,4,2),(0,4,2),(0,5,2),(0,6,2),(0,7,2),(0,8,2),
112:(6,4,1),(6,4,2),(6,5,2),(5,5,2),(4,5,2),(4,5,3),(4,5,4),(4,5,5),(4,6,5),(3,6,5),(2,6,5),
113:(0,5,1),(1,5,1),(1,5,2),(1,5,3),(1,5,4),(1,5,5),(1,6,5),
114:(7,8,2),(6,8,2),(5,8,2),(4,8,2),(4,7,2),(4,7,3),(4,6,3),(3,6,3),(3,5,3),(3,4,3),(3,4,4),(2,4,4),(2,4,5),(2,3,5),(2,2,5),(2,2,6),(2,2,7),(2,3,7),
115:(0,0,5),(0,1,5),(0,2,5),(0,3,5),(0,4,5),(0,5,5),(0,6,5),
116:(7,0,8),(6,0,8),(6,1,8),(6,2,8),(6,3,8),(6,4,8),(6,5,8),(5,5,8),(5,6,8),(5,6,7),(5,6,6),(5,6,5),(4,6,5),(4,6,5),(3,6,5),
117:(6,4,7),(5,4,7),(5,4,6),(4,4,6),(4,3,6),(4,2,6),(4,2,6),(4,2,5),(4,2,4),(4,2,3),(3,2,3),(3,2,2),(3,1,2),
118:(4,3,7),(5,3,7),(6,3,7),(7,3,7),(7,3,6),(7,3,5),(7,3,4),(7,4,4),(7,5,4),(8,5,4),
119:(1,7,4),(1,7,5),(1,6,5),(1,5,5),(1,4,5),(1,4,6),(2,4,6),(2,3,6),(3,3,6),(4,3,6),(4,2,6),(4,2,5),
120:(8,8,8),(7,8,8),(7,8,7),(7,7,7),(7,6,7),(7,5,7),(7,4,7),(6,4,7),(6,3,7),(6,2,7),(6,2,6),(6,2,5),(6,2,4),(6,2,3),(6,1,3),
121:(4,3,4),(3,3,4),(3,3,5),(2,3,5),(2,3,6),(2,3,7),(2,4,7),(2,5,7),
122:(0,7,0),(1,7,0),(2,7,0),(3,7,0),(4,7,0),(5,7,0),(6,7,0),(6,6,0),(6,6,1),(6,5,1),(6,4,1),(6,3,1),(7,3,1),(7,3,2),(7,2,2),(7,1,2),(8,1,2),(8,1,3),(8,1,4),(8,0,4),(8,0,5),(8,0,6),(8,0,7),
123:(7,5,2),(6,5,2),(5,5,2),(5,5,3),(5,4,3),(5,3,3),(5,2,3),
124:(6,4,6),(5,4,6),(4,4,6),(4,3,6),(3,3,6),(2,3,6),(2,2,6),(2,2,6),(2,1,6),
125:(5,0,8),(5,0,7),(6,0,7),(6,1,7),(6,2,7),(6,3,7),(6,3,6),(6,3,5),(6,3,4),(6,3,3),(6,4,3),(6,4,2),(6,5,2),
126:(6,3,2),(7,3,2),(8,3,2),(8,3,1),(8,3,0),(8,2,0),
127:(2,2,3),(3,2,3),(4,2,3),(5,2,3),(6,2,3),(7,2,3),(7,3,3),(7,4,3),(7,5,3),
128:(2,5,3),(2,5,4),(2,6,4),(2,6,4),(2,7,4),(2,7,5),(2,7,6),(3,7,6),(3,7,7),(3,8,7),(4,8,7),
129:(5,3,5),(5,4,5),(5,4,5),(5,4,4),(5,5,4),(5,5,3),(5,5,2),(4,5,2),(4,5,1),(3,5,1),(2,5,1),
130:(3,0,8),(3,0,7),(3,0,6),(3,0,5),(3,0,4),(3,1,4),(3,2,4),(3,3,4),(3,4,4),(3,5,4),(3,5,3),(3,6,3),(3,6,2),(3,7,2),(3,8,2),
131:(2,7,0),(2,7,1),(2,6,1),(2,6,1),(2,5,1),(2,5,2),(2,5,3),(2,5,4),(2,4,4),(2,4,4),(2,4,5),(2,3,5),(2,2,5),(2,2,6),(3,2,6),(3,2,7),
132:(1,8,3),(1,8,4),(1,8,5),(1,8,6),(1,8,7),
133:(6,2,2),(5,2,2),(5,2,3),(5,2,4),(5,1,4),(5,0,4),(5,0,4),(4,0,4),(3,0,4),(2,0,4),(2,0,5),
134:(2,1,7),(2,2,7),(2,3,7),(2,3,7),(2,4,7),(2,4,6),(2,5,6),
135:(4,6,4),(5,6,4),(6,6,4),(6,6,5),(6,6,6),(6,7,6),(6,7,7),(6,8,7),
136:(0,5,2),(1,5,2),(2,5,2),(3,5,2),(3,5,1),(4,5,1),(5,5,1),(6,5,1),(7,5,1),(7,5,2),(8,5,2),
137:(5,2,5),(5,2,4),(5,3,4),(4,3,4),(3,3,4),(2,3,4),(1,3,4),(0,3,4),(0,4,4),(0,4,3),(0,5,3),(0,6,3),
138:(3,0,1),(3,0,2),(3,0,3),(3,1,3),(4,1,3),(4,1,4),(4,1,5),(4,1,6),(4,1,7),(4,2,7),(4,3,7),(4,4,7),(4,5,7),(4,6,7),
139:(4,5,6),(3,5,6),(3,5,5),(3,4,5),(3,4,6),
140:(5,7,7),(4,7,7),(4,6,7),(4,5,7),(4,4,7),(4,4,6),(4,4,5),(4,4,4),(4,3,4),(4,2,4),(4,1,4),
141:(5,8,4),(6,8,4),(7,8,4),(7,8,3),(7,7,3),(7,6,3),(7,5,3),(7,5,2),(7,4,2),(7,4,1),(7,4,0),
142:(0,4,2),(0,4,3),(-1,4,3),(0,4,3),(0,4,4),(0,4,5),(1,4,5),(2,4,5),(2,4,6),(2,4,7),
143:(0,7,2),(1,7,2),(1,6,2),(1,5,2),(1,4,2),(1,3,2),(1,2,2),(1,2,2),(2,2,2),
144:(2,6,8),(3,6,8),(4,6,8),(5,6,8),(6,6,8),(6,5,8),(6,5,7),(6,5,6),(6,4,6),(6,4,5),
145:(4,1,4),(5,1,4),(6,1,4),(7,1,4),(7,2,4),(7,2,5),(7,3,5),(7,4,5),(7,5,5),(7,6,5),(8,6,5),(8,7,5),(8,8,5),
146:(8,3,0),(7,3,0),(6,3,0),(5,3,0),(4,3,0),(3,3,0),(3,3,1),(2,3,1),(1,3,1),(1,3,2),(1,2,2),(0,2,2),(0,1,2),(0,1,3),(0,0,3),
147:(0,8,0),(1,8,0),(2,8,0),(3,8,0),(4,8,0),(5,8,0),(5,7,0),(5,6,0),(5,5,0),(5,4,0),
148:(5,5,3),(5,5,4),(5,5,5),(5,5,6),(5,6,6),(4,6,6),(3,6,6),(3,5,6),
149:(7,2,5),(6,2,5),(5,2,5),(4,2,5),(4,2,6),(3,2,6),(3,2,5),
150:(2,2,6),(2,1,6),(2,1,5),(2,1,4),(2,0,4),(2,0,3),(2,0,3),(2,0,2),
151:(1,7,2),(2,7,2),(3,7,2),(3,7,1),(3,7,0),(4,7,0),(4,8,0),(5,8,0),(6,8,0),(7,8,0),
152:(7,6,4),(8,6,4),(8,6,5),(8,5,5),(8,4,5),(8,3,5),
153:(4,8,7),(3,8,7),(2,8,7),(1,8,7),(0,8,7),(0,8,6),(0,8,5),(0,8,4),(0,7,4),(0,7,3),(0,7,2),(0,6,2),(0,6,1),(0,6,0),(0,5,0),(0,4,0),
154:(4,1,3),(4,2,3),(4,2,2),(5,2,2),(5,3,2),(5,4,2),
155:(4,3,0),(4,3,1),(4,3,2),(4,3,2),(4,3,3),(4,3,4),(4,3,5),
156:(7,3,8),(6,3,8),(5,3,8),(4,3,8),(3,3,8),(2,3,8),(1,3,8),(1,2,8),(1,1,8),(1,0,8),(1,0,7),(1,0,6),
157:(2,8,7),(1,8,7),(0,8,7),(0,8,6),(0,8,5),(0,8,4),(0,7,4),(0,7,3),(0,6,3),(0,6,3),(0,6,2),(0,6,1),(0,6,0),(0,5,0),(0,4,0),(0,3,0),(0,2,0),
158:(1,6,0),(2,6,0),(3,6,0),(4,6,0),(3,6,0),(3,7,0),(4,7,0),(5,7,0),(6,7,0),(7,7,0),(8,7,0),
159:(4,2,0),(5,2,0),(6,2,0),(6,2,1),(6,2,2),(6,2,3),(6,3,3),(6,4,3),(6,4,4),(6,5,4),(6,5,5),(6,6,5),(6,7,5),(7,7,5),(7,7,6),(7,7,7),(7,8,7),
160:(4,5,2),(3,5,2),(3,6,2),(2,6,2),(1,6,2),
161:(6,0,5),(6,0,4),(5,0,4),(5,1,4),(5,1,3),(5,2,3),(4,2,3),(3,2,3),(2,2,3),(2,3,3),(2,3,2),(1,3,2),
162:(1,8,5),(2,8,5),(2,8,6),(3,8,6),(4,8,6),(5,8,6),(5,8,7),(5,7,7),(6,7,7),(7,7,7),(8,7,7),(8,6,7),(8,5,7),(8,4,7),(8,3,7),
163:(4,5,1),(4,5,2),(4,4,2),(4,4,3),(4,4,4),(4,4,4),(4,3,4),(5,3,4),(5,3,5),(5,3,6),(4,3,6),
164:(6,7,5),(5,7,5),(4,7,5),(4,7,4),(3,7,4),(2,7,4),(1,7,4),(1,7,3),(1,7,2),(1,7,1),
165:(7,1,1),(7,1,2),(7,1,3),(7,2,3),(7,2,3),(7,2,4),(7,2,5),(7,3,5),(7,2,5),(7,2,4),(7,3,4),
166:(5,4,3),(6,4,3),(6,4,2),(6,4,1),(6,3,1),(6,3,1),(6,2,1),(6,1,1),(6,1,1),(7,1,1),(8,1,1),
167:(2,8,4),(3,8,4),(4,8,4),(5,8,4),(6,8,4),(6,8,5),(6,7,5),(6,7,6),(6,6,6),(6,5,6),(6,4,6),(6,4,7),(6,3,7),(6,2,7),(6,1,7),(6,0,7),(6,0,6),
168:(6,8,3),(7,8,3),(7,7,3),(7,6,3),(7,5,3),(7,5,2),(7,4,2),(7,3,2),(7,2,2),(7,1,2),(7,0,2),
169:(1,5,6),(1,4,6),(1,4,5),(1,4,4),(1,4,3),(2,4,3),(2,4,2),(2,4,1),(2,4,0),(2,4,-1),(3,4,-1),(4,4,-1),(5,4,-1),(6,4,-1),(7,4,-1),(8,4,-1),(8,4,0),
170:(8,5,4),(7,5,4),(7,6,4),(6,6,4),(6,7,4),(6,7,3),(5,7,3),(5,7,2),
171:(1,5,0),(1,4,0),(1,4,1),(1,3,1),(1,2,1),(1,2,2),(1,2,3),(1,1,3),(2,1,3),(3,1,3),(3,0,3),(3,0,4),(3,0,5),
172:(3,7,0),(3,6,0),(3,5,0),(2,5,0),(1,5,0),(1,5,1),(1,5,2),(1,5,3),(1,4,3),(1,3,3),(1,3,3),(1,3,4),(1,3,5),
173:(0,6,8),(1,6,8),(2,6,8),(3,6,8),(4,6,8),(5,6,8),(6,6,8),(7,6,8),(7,6,8),(7,6,7),(7,6,6),(7,5,6),
174:(2,1,1),(2,2,1),(2,3,1),(2,4,1),(3,4,1),(3,5,1),(3,6,1),(3,7,1),(3,7,0),
175:(5,2,1),(4,2,1),(4,2,0),(4,2,0),(4,1,0),(4,0,0),
176:(7,1,7),(6,1,7),(6,1,7),(6,1,6),
177:(5,5,0),(5,5,1),(5,4,1),(5,4,2),(5,4,2),(5,4,3),(5,4,4),(5,4,5),(5,4,6),(5,4,6),(5,4,6),(6,4,6),
178:(8,5,3),(7,5,3),(6,5,3),(6,5,2),(5,5,2),(5,5,1),(5,4,1),(4,4,1),(4,3,1),(4,2,1),(4,1,1),(4,0,1),(3,0,1),(2,0,1),
179:(5,8,8),(4,8,8),(3,8,8),(3,8,7),(3,8,6),(3,7,6),(3,7,6),(3,6,6),(3,6,5),(3,6,4),(3,5,4),(3,4,4),(2,4,4),
180:(7,8,4),(7,7,4),(8,7,4),(8,6,4),(8,5,4),(8,4,4),(8,3,4),(8,2,4),(8,1,4),(8,1,3),(7,1,3),(6,1,3),(6,0,3),
181:(2,1,2),(3,1,2),(3,1,3),(4,1,3),(4,1,4),(5,1,4),(6,1,4),(6,1,3),(7,1,3),(7,0,3),
182:(7,0,6),(6,0,6),(5,0,6),(5,0,5),(5,0,4),(5,0,3),(4,0,3),(4,1,3),
183:(6,1,5),(5,1,5),(4,1,5),(4,1,4),(3,1,4),(3,1,3),(2,1,3),(2,2,3),(2,3,3),(2,4,3),(2,5,3),(2,6,3),(2,7,3),(2,7,2),
184:(5,2,8),(5,2,7),(5,3,7),(5,3,7),(5,4,7),(5,4,6),(5,5,6),(5,5,5),(5,5,4),(5,5,3),(5,5,2),(5,5,1),(5,5,0),(5,6,0),(5,7,0),(4,7,0),
185:(1,5,3),(2,5,3),(3,5,3),(4,5,3),(4,5,4),(5,5,4),(5,6,4),(6,6,4),
186:(4,7,7),(4,7,6),(5,7,6),(5,7,5),(6,7,5),(6,6,5),(6,6,4),(6,5,4),(6,5,3),(6,5,2),(7,5,2),
187:(8,6,3),(7,6,3),(7,6,2),(7,6,1),(7,5,1),(7,4,1),(7,3,1),(7,2,1),(7,1,1),(7,0,1),
188:(6,4,3),(7,4,3),(7,4,4),(8,4,4),(8,4,4),(8,3,4),(8,2,4),(8,2,5),(8,2,6),(8,1,6),(8,1,7),(8,1,8),
189:(6,0,6),(6,0,7),(7,0,7),(8,0,7),(8,1,7),(8,2,7),
190:(2,7,7),(2,7,6),(2,7,5),(2,6,5),(2,5,5),(2,4,5),(2,4,4),(2,3,4),(2,3,4),(2,3,4),(2,3,3),(2,3,2),
191:(2,4,6),(3,4,6),(3,3,6),(3,3,5),(4,3,5),(5,3,5),(6,3,5),(6,3,4),(6,3,3),(7,3,3),(8,3,3),(8,3,2),
192:(2,5,2),(2,5,2),(2,5,3),(2,4,3),(2,3,3),(2,3,3),(2,2,3),(1,2,3),(1,2,3),(2,2,3),
193:(6,8,2),(6,8,3),(7,8,3),(7,7,3),(7,6,3),(7,5,3),(7,5,2),(7,4,2),(7,3,2),(7,2,2),(7,1,2),(7,1,3),(7,2,3),
194:(8,2,5),(8,1,5),(8,1,4),(8,1,4),(7,1,4),
195:(4,0,4),(5,0,4),(5,0,3),(6,0,3),(7,0,3),(7,0,2),(7,1,2),(7,2,2),(7,2,1),(7,3,1),(7,4,1),(7,5,1),(7,6,1),(8,6,1),(8,7,1),
196:(1,8,1),(2,8,1),(2,8,2),(3,8,2),(3,8,3),(4,8,3),(4,8,4),(4,8,5),(4,8,6),
197:(0,2,7),(1,2,7),(2,2,7),(3,2,7),(3,2,6),(3,1,6),(3,1,5),(3,1,4),(3,1,3),(3,1,2),(4,1,2),(4,1,1),
198:(3,1,3),(4,1,3),(5,1,3),(6,1,3),(6,1,4),(6,2,4),(6,3,4),(6,4,4),(6,4,5),(6,5,5),(7,5,5),(7,6,5),
199:(0,7,5),(0,7,4),(1,7,4),(1,6,4),
200:(5,4,7),(5,4,8),(6,4,8),(7,4,8),(7,5,8),
201:(2,5,8),(1,5,8),(0,5,8),(0,5,7),(0,6,7),(0,7,7),(0,8,7),
202:(3,4,0),(3,4,1),(3,4,2),
203:(6,7,8),(5,7,8),(5,7,7),(5,7,7),(4,7,7),
204:(4,4,0),(3,4,0),(2,4,0),(1,4,0),(1,4,1),(1,4,2),(1,4,3),(1,4,4),(1,4,5),
205:(5,4,1),(5,4,2),(5,4,2),(5,4,3),(4,4,3),(3,4,3),(3,4,4),(2,4,4),(1,4,4),(0,4,4),(0,4,5),(0,4,6),(0,4,7),
206:(3,8,0),(4,8,0),(5,8,0),(6,8,0),(7,8,0),(8,8,0),(8,8,1),(8,8,2),(8,7,2),(8,6,2),(8,6,3),(8,5,3),(8,4,3),
207:(5,5,1),(6,5,1),(6,4,1),(5,4,1),(5,3,1),(5,2,1),(4,2,1),(3,2,1),(2,2,1),(1,2,1),(1,1,1),
208:(7,8,5),(7,8,5),(6,8,5),(5,8,5),(5,8,4),(5,8,3),(5,8,3),(4,8,3),(4,7,3),
209:(3,8,5),(3,7,5),(3,7,4),(2,7,4),(2,7,3),(2,6,3),(2,6,2),(2,5,2),(2,5,1),(2,4,1),(2,4,2),
210:(1,1,7),(2,1,7),(3,1,7),(3,1,6),(3,0,6),(4,0,6),(5,0,6),
211:(0,0,3),(0,0,3),(0,1,3),(0,2,3),(0,2,4),
212:(5,6,6),(5,6,7),(5,6,8),(5,5,8),(4,5,8),(3,5,8),(2,5,8),(1,5,8),(1,4,8),(1,3,8),(1,3,8),(0,3,8),
213:(2,1,0),(3,1,0),(4,1,0),(5,1,0),(5,1,1),(5,1,2),(5,2,2),(5,3,2),(5,3,3),(5,4,3),(5,4,3),(5,4,3),(6,4,3),
214:(3,7,3),(2,7,3),(2,6,3),(2,5,3),(1,5,3),(1,5,4),(1,5,5),(1,5,6),(1,5,7),(1,4,7),(1,3,7),(2,3,7),(2,2,7),(2,1,7),
215:(8,2,8),(8,2,7),(8,2,6),(8,3,6),(8,4,6),(8,5,6),(7,5,6),(7,6,6),(7,6,6),(6,6,6),
216:(5,5,8),(4,5,8),(3,5,8),(2,5,8),(1,5,8),(1,5,7),(0,5,7),(0,4,7),(0,3,7),(0,3,6),(0,2,6),
217:(6,2,0),(6,2,1),(6,2,2),(6,2,3),(6,3,3),(6,4,3),(5,4,3),(5,5,3),(5,6,3),(4,6,3),(3,6,3),(3,6,4),(3,6,5),(3,6,6),(2,6,6),(2,6,7),
218:(8,5,2),(7,5,2),(7,5,3),(7,5,4),(6,5,4),(6,5,5),(6,5,6),(6,4,6),(6,3,6),
219:(8,4,4),(8,3,4),(8,3,3),(8,3,2),(8,2,2),
220:(6,1,6),(7,1,6),(7,1,7),
221:(8,8,2),(7,8,2),(6,8,2),(5,8,2),(5,8,1),
222:(4,7,2),(4,7,1),(4,6,1),(5,6,1),(6,6,1),(7,6,1),(7,5,1),(7,4,1),(8,4,1),
223:(8,0,3),(7,0,3),(6,0,3),(6,0,4),(6,0,5),(5,0,5),(5,1,5),(4,1,5),(3,1,5),(3,1,6),(3,2,6),(3,2,7),(3,3,7),(3,4,7),(3,5,7),(3,6,7),(3,6,8),
224:(3,0,2),(4,0,2),(4,0,3),(5,0,3),(6,0,3),(6,1,3),(6,2,3),(6,3,3),(6,4,3),(6,4,4),(6,5,4),(6,5,5),(6,5,6),(6,5,7),(6,5,8),(6,6,8),(7,6,8),(7,7,8),(7,8,8),
225:(8,0,0),(7,0,0),(6,0,0),(5,0,0),(5,0,1),(5,1,1),
226:(5,7,0),(5,7,1),(5,6,1),(5,5,1),(5,4,1),(5,3,1),(4,3,1),(3,3,1),(3,2,1),(3,2,2),(3,1,2),(3,1,3),(3,1,4),(3,0,4),
227:(1,6,8),(2,6,8),(3,6,8),(4,6,8),(5,6,8),(6,6,8),(7,6,8),(7,7,8),(7,8,8),(7,8,7),(7,8,6),(7,8,5),(7,8,4),
228:(3,7,6),(3,7,7),(4,7,7),(4,6,7),(5,6,7),(5,5,7),(5,5,8),(5,4,8),(6,4,8),(7,4,8),(7,3,8),(7,2,8),(7,1,8),(7,0,8),
229:(3,4,5),(2,4,5),(2,4,4),(2,5,4),(2,6,4),(2,6,5),(2,7,5),(1,7,5),(1,7,4),(1,8,4),
230:(1,0,0),(2,0,0),(3,0,0),(3,0,1),(3,0,2),
231:(4,0,5),(4,0,4),(4,1,4),(4,2,4),(4,2,3),(4,2,2),(4,3,2),(4,3,1),(5,3,1),(6,3,1),(6,3,0),(6,4,0),(6,5,0),
232:(1,3,0),(2,3,0),(3,3,0),(4,3,0),(4,2,0),(5,2,0),(5,2,1),(5,2,2),(5,1,2),(5,1,3),(5,1,4),(5,1,4),(6,1,4),
233:(4,0,7),(4,0,6),(4,0,6),(3,0,6),(2,0,6),(1,0,6),(1,1,6),(1,2,6),(1,2,5),(1,3,5),(1,3,4),(0,3,4),
234:(8,1,3),(8,1,2),(7,1,2),(6,1,2),(6,1,1),(6,2,1),(6,2,0),(5,2,0),
235:(8,7,7),(8,7,6),(8,7,5),(8,7,4),(8,7,3),(7,7,3),(6,7,3),(5,7,3),(5,7,3),(5,6,3),(4,6,3),(4,5,3),(3,5,3),(2,5,3),(1,5,3),
236:(8,7,8),(7,7,8),(6,7,8),(6,7,7),(6,6,7),(6,5,7),(6,4,7),(5,4,7),(5,3,7),(5,3,7),(5,3,6),
237:(6,3,8),(5,3,8),(4,3,8),(3,3,8),(2,3,8),(1,3,8),(1,3,7),(1,3,6),(1,2,6),(1,1,6),
238:(6,5,0),(6,6,0),(6,6,1),(6,6,2),(5,6,2),(5,7,2),(5,8,2),(5,8,3),(5,8,3),(5,7,3),
239:(5,7,5),(5,7,6),(6,7,6),(7,7,6),(7,7,7),(7,6,7),(7,5,7),(7,4,7),(7,3,7),
240:(6,3,6),(6,4,6),(6,4,5),(6,4,4),(6,4,3),(6,4,2),(6,4,1),(5,4,1),(4,4,1),(4,4,0),(4,3,0),
241:(5,0,0),(5,0,1),(5,1,1),(4,1,1),(3,1,1),(2,1,1),(2,2,1),(2,2,2),(2,3,2),(2,4,2),(1,4,2),(1,4,3),(1,4,4),(1,5,4),(1,5,5),(1,5,6),(1,5,7),(1,5,8),
242:(5,8,6),(6,8,6),(7,8,6),(7,8,5),(7,7,5),(7,6,5),(7,5,5),(7,5,4),(8,5,4),(8,4,4),(8,3,4),(8,2,4),(8,2,5),(8,1,5),
