soc=2358
lb_soc=1511
makespan=21
lb_makespan=14
comp_time=9411
highLevelExpanded=58
lowLevelExpanded=16535
solution=
0:(3,3,1),(2,3,1),(2,3,2),(2,3,3),(2,2,3),(2,2,3),(2,1,3),(2,1,4),(2,0,4),(2,0,5),(2,0,6),(2,0,7),
1:(6,6,4),(5,6,4),(4,6,4),(3,6,4),(2,6,4),(2,6,3),(2,5,3),
2:(7,5,6),(6,5,6),(6,5,5),(6,5,4),(6,5,3),(6,5,2),(6,6,2),
3:(0,5,1),(1,5,1),(2,5,1),(2,5,0),(2,4,0),(2,3,0),(2,2,0),(2,1,0),
4:(6,5,3),(5,5,3),(4,5,3),(4,5,2),(4,5,1),(4,5,0),(4,6,0),(4,7,0),(4,8,0),
5:(6,3,1),(7,3,1),(7,3,2),(7,3,3),(7,4,3),(7,5,3),
6:(6,5,5),(6,5,4),(6,5,3),(6,5,2),(6,5,1),(6,4,1),
7:(1,3,8),(2,3,8),(3,3,8),(4,3,8),(5,3,8),(6,3,8),(7,3,8),(8,3,8),(8,3,7),(8,3,6),(8,3,5),(8,3,4),
8:(0,8,5),(1,8,5),(2,8,5),(3,8,5),(4,8,5),(5,8,5),(6,8,5),(7,8,5),(7,8,4),(7,8,3),(7,8,2),(7,8,1),(7,7,1),
9:(4,5,7),(5,5,7),(5,4,7),
10:(1,3,3),(2,3,3),(3,3,3),(4,3,3),(4,3,4),(4,2,4),(4,1,4),
11:(6,6,8),(5,6,8),(5,6,7),(5,6,6),(5,6,5),(6,6,5),(6,6,4),(6,5,4),(5,5,4),
12:(2,7,4),(3,7,4),(4,7,4),(5,7,4),(6,7,4),(6,7,3),(6,7,2),(6,8,2),
13:(4,8,0),(4,8,1),(4,8,2),(4,8,3),(4,8,4),(3,8,4),(3,8,5),(2,8,5),(2,8,6),
14:(4,5,3),(4,6,3),(4,7,3),(4,7,4),
15:(6,7,3),(5,7,3),(5,7,2),(4,7,2),(3,7,2),(3,7,1),(3,6,1),(3,5,1),(3,4,1),(3,3,1),(3,2,1),
16:(6,7,4),(6,7,3),(6,6,3),(6,5,3),(6,5,2),(5,5,2),(5,4,2),(4,4,2),(4,4,1),(4,4,0),(4,3,0),(4,2,0),(4,1,0),
17:(1,7,7),(2,7,7),(3,7,7),(4,7,7),(5,7,7),(6,7,7),(7,7,7),(8,7,7),(8,6,7),(8,5,7),(8,4,7),(8,3,7),(8,2,7),(8,1,7),(8,0,7),
18:(0,4,3),(1,4,3),(2,4,3),(3,4,3),(4,4,3),(5,4,3),(6,4,3),(7,4,3),(7,4,4),(7,3,4),(7,2,4),(7,1,4),(7,0,4),
19:(4,3,8),(3,3,8),(3,3,7),(2,3,7),(2,4,7),(2,5,7),(2,5,6),(2,6,6),(2,6,5),(2,6,4),(2,6,3),(2,6,2),(1,6,2),
20:(3,7,7),(3,7,6),(2,7,6),(2,7,5),(2,7,4),(2,8,4),
21:(4,3,4),(4,3,5),(4,4,5),(4,5,5),(4,6,5),(4,7,5),(4,7,5),(4,7,6),(5,7,6),(6,7,6),(6,7,7),
22:(4,7,8),(3,7,8),(2,7,8),(1,7,8),(1,7,7),(1,7,6),(1,6,6),(1,5,6),(1,4,6),(1,3,6),
23:(4,1,6),(5,1,6),(6,1,6),(7,1,6),(7,1,5),(7,1,4),(7,2,4),(7,2,3),(7,2,2),(7,3,2),(7,4,2),
24:(4,6,8),(3,6,8),(2,6,8),(2,5,8),(2,4,8),(1,4,8),(1,3,8),(1,2,8),(1,2,7),(1,1,7),(1,0,7),(1,0,6),(1,0,5),(1,0,4),(1,0,3),(1,0,2),
25:(2,3,3),(3,3,3),(4,3,3),(5,3,3),(6,3,3),(7,3,3),(8,3,3),(8,2,3),(8,1,3),
26:(6,8,8),(5,8,8),(4,8,8),(3,8,8),(2,8,8),(1,8,8),(1,8,7),(1,8,6),(1,8,5),(1,8,4),(1,8,3),(1,8,2),(1,7,2),(1,7,1),(1,6,1),(1,5,1),(1,4,1),(1,3,1),(1,3,0),
27:(0,5,6),(1,5,6),(2,5,6),(3,5,6),(4,5,6),(4,5,5),(4,5,4),(5,5,4),(5,4,4),(6,4,4),(7,4,4),(7,4,3),(8,4,3),(8,4,2),
28:(3,8,4),(2,8,4),(1,8,4),(0,8,4),(0,7,4),(0,6,4),(0,5,4),(0,4,4),(0,4,5),(0,3,5),(0,3,6),(0,2,6),(0,2,7),(0,2,8),(0,1,8),
29:(3,1,4),(4,1,4),(5,1,4),(5,1,3),(5,1,2),(5,2,2),(5,3,2),(5,4,2),(5,5,2),(6,5,2),(5,5,2),
30:(5,0,0),(4,0,0),(3,0,0),(3,0,1),(3,0,2),(3,0,3),(3,0,4),(3,0,5),(3,1,5),(3,1,5),(3,1,6),(3,1,7),
31:(1,0,3),(0,0,3),(0,0,4),(0,0,5),(0,0,6),(0,1,6),(0,2,6),(0,3,6),(0,4,6),(0,5,6),(0,6,6),(0,7,6),(0,8,6),
32:(7,5,4),(7,4,4),(7,3,4),(7,2,4),(7,2,3),(7,1,3),
33:(0,0,1),(1,0,1),(2,0,1),(2,0,2),(2,0,3),(2,1,3),(3,1,3),(4,1,3),(5,1,3),(5,2,3),(5,3,3),
34:(4,4,5),(3,4,5),(2,4,5),(2,4,4),(2,4,3),(2,4,2),(2,4,1),(2,4,0),(2,5,0),(2,6,0),(2,7,0),(2,8,0),
35:(0,6,4),(1,6,4),(2,6,4),(2,6,3),(3,6,3),(4,6,3),(5,6,3),(6,6,3),(6,5,3),(6,4,3),(6,3,3),(6,2,3),(6,1,3),(6,0,3),
36:(7,1,0),(6,1,0),(5,1,0),(4,1,0),(3,1,0),(2,1,0),(2,1,1),(2,1,2),(2,1,3),(2,1,4),(2,1,5),(2,1,6),(2,2,6),(2,3,6),(2,3,7),(2,3,8),(2,4,8),
37:(5,2,6),(5,3,6),(5,4,6),(5,4,5),(5,5,5),(5,6,5),(6,6,5),(7,6,5),(8,6,5),(8,7,5),(8,7,6),
38:(8,4,2),(7,4,2),(6,4,2),(5,4,2),(5,4,3),(5,4,4),(5,4,5),(5,4,6),(5,5,6),(5,5,7),(5,6,7),(5,6,8),(5,7,8),(5,8,8),(5,8,7),
39:(4,2,3),(4,2,2),(4,2,1),(4,3,1),
40:(8,2,5),(7,2,5),(7,2,4),(7,2,3),(7,2,2),(7,3,2),(7,4,2),(7,5,2),(7,6,2),(7,6,1),(6,6,1),(5,6,1),(5,6,0),(4,6,0),(3,6,0),(3,7,0),(3,8,0),
41:(0,8,0),(1,8,0),(1,8,1),(1,8,2),(1,8,3),(1,8,4),(1,8,5),(1,7,5),(1,7,6),(1,7,7),(2,7,7),(3,7,7),
42:(6,4,4),(5,4,4),(4,4,4),(3,4,4),(2,4,4),(2,4,5),(2,5,5),
43:(4,6,6),(5,6,6),(6,6,6),(7,6,6),(7,5,6),(7,4,6),(7,4,6),(8,4,6),
44:(3,5,4),(4,5,4),(5,5,4),(5,5,3),(5,5,2),(5,6,2),(5,7,2),(6,7,2),(7,7,2),(8,7,2),
45:(2,7,1),(2,6,1),(2,6,1),(2,5,1),(2,4,1),(2,3,1),
46:(1,4,7),(2,4,7),(2,4,6),
47:(1,2,2),(1,2,3),(1,2,4),(1,2,5),(1,3,5),(1,4,5),(1,5,5),(1,6,5),(1,6,6),(2,6,6),(3,6,6),(3,6,5),
48:(7,8,5),(6,8,5),(6,8,4),(6,8,3),(6,7,3),(6,6,3),(6,5,3),(6,4,3),(6,3,3),(6,2,3),(6,1,3),(6,0,3),(6,0,2),
49:(4,7,2),(3,7,2),(3,7,3),(3,7,4),(3,6,4),(3,5,4),(3,4,4),(3,4,4),(3,4,5),(3,3,5),(3,3,5),(3,2,5),(3,1,5),(3,0,5),
50:(4,8,8),(4,8,7),(5,8,7),(5,8,6),(5,8,5),(5,7,5),(5,6,5),(5,5,5),(5,4,5),(5,4,4),(5,3,4),(5,2,4),(5,2,3),(5,1,3),(5,0,3),
51:(8,8,5),(7,8,5),(6,8,5),(5,8,5),(5,8,4),(4,8,4),(3,8,4),(3,8,3),(2,8,3),(1,8,3),(0,8,3),(0,8,2),
52:(1,1,7),(1,1,6),(1,1,5),(1,1,5),(1,2,5),(1,3,5),(1,4,5),(1,4,4),(2,4,4),(3,4,4),(4,4,4),(5,4,4),(5,4,3),(5,5,3),(5,6,3),(6,6,3),(6,7,3),
53:(5,4,5),(4,4,5),(4,4,6),(4,4,7),
54:(5,5,1),(4,5,1),(3,5,1),(3,4,1),(3,3,1),(3,2,1),(2,2,1),(1,2,1),(0,2,1),(0,1,1),(0,0,1),
55:(0,5,0),(1,5,0),(2,5,0),(3,5,0),(4,5,0),(5,5,0),(6,5,0),(6,5,1),(6,5,2),(6,5,3),(6,5,4),(7,5,4),(7,4,4),
56:(1,0,5),(2,0,5),(3,0,5),(4,0,5),(5,0,5),(6,0,5),(7,0,5),(7,0,4),(7,0,3),(7,0,2),(7,0,1),(7,1,1),(7,2,1),
57:(1,4,4),(2,4,4),(2,4,4),(2,4,3),(3,4,3),(4,4,3),
58:(0,6,1),(1,6,1),(1,5,1),(1,5,1),(2,5,1),(3,5,1),(4,5,1),(5,5,1),(6,5,1),(7,5,1),(7,5,2),
59:(1,5,3),(2,5,3),(3,5,3),(3,5,2),(3,5,1),(3,5,0),(3,4,0),
60:(2,0,1),(3,0,1),(3,0,2),(3,0,3),(3,0,4),(3,0,5),(3,0,6),(3,0,7),
61:(5,8,3),(4,8,3),(3,8,3),(2,8,3),(2,7,3),(1,7,3),(1,7,2),(1,7,1),(1,7,0),(1,6,0),(1,5,0),(1,4,0),(1,3,0),(1,2,0),
62:(1,5,2),(2,5,2),(3,5,2),(3,5,1),(3,6,1),(4,6,1),
63:(5,0,1),(5,0,2),(5,0,3),(5,0,4),(5,1,4),(5,1,5),(5,2,5),(5,3,5),(5,3,6),(5,3,7),(5,3,8),(5,2,8),
64:(5,3,8),(4,3,8),(4,3,7),(3,3,7),(2,3,7),(1,3,7),(0,3,7),(0,2,7),(0,2,6),(0,2,5),(0,2,4),(0,2,3),(0,2,2),(0,2,1),
65:(7,1,1),(6,1,1),(6,1,2),(6,1,3),(6,1,4),(6,1,5),(5,1,5),(5,2,5),(5,3,5),(5,4,5),(4,4,5),(3,4,5),(2,4,5),
66:(4,1,7),(3,1,7),(3,1,8),(3,2,8),(3,3,8),(3,4,8),(3,5,8),(3,6,8),(3,7,8),
67:(3,6,3),(2,6,3),(1,6,3),(1,5,3),(1,4,3),(1,3,3),
68:(8,2,8),(7,2,8),(6,2,8),(5,2,8),(4,2,8),(4,2,7),(4,2,6),(4,2,5),(4,2,4),(4,2,3),(4,2,2),(4,2,1),(4,2,0),(4,3,0),(4,4,0),(4,5,0),
69:(5,2,7),(5,2,6),(5,3,6),(5,4,6),(5,5,6),(5,6,6),
70:(1,0,7),(1,1,7),(1,2,7),(1,3,7),(1,4,7),(2,4,7),(3,4,7),(3,4,6),(3,5,6),(4,5,6),(5,5,6),(6,5,6),(6,5,5),(7,5,5),(8,5,5),(8,6,5),(8,7,5),
71:(3,6,4),(4,6,4),(4,6,5),(4,6,6),(4,6,7),(4,7,7),(4,8,7),
72:(1,4,1),(2,4,1),(3,4,1),(3,4,2),
73:(5,1,2),(4,1,2),(3,1,2),(3,1,3),(3,1,4),(3,1,5),(3,1,6),(3,1,7),(3,2,7),(3,3,7),(3,4,7),(3,5,7),
74:(4,8,5),(5,8,5),(5,7,5),(5,6,5),(6,6,5),(6,6,4),(6,5,4),(6,5,3),(6,4,3),(6,3,3),(6,2,3),(6,2,4),(6,1,4),(6,0,4),
75:(5,2,2),(5,2,3),(5,3,3),(5,4,3),(5,5,3),(4,5,3),(3,5,3),(3,6,3),(2,6,3),(1,6,3),(1,7,3),(1,8,3),
76:(7,1,7),(6,1,7),(5,1,7),(5,1,6),(5,2,6),
77:(6,0,3),(5,0,3),(4,0,3),(4,0,2),(4,1,2),(4,1,1),(3,1,1),(2,1,1),(1,1,1),(1,1,2),(1,2,2),
78:(8,2,7),(7,2,7),(7,2,6),(7,2,5),(6,2,5),(6,2,4),(6,3,4),(6,4,4),(6,5,4),(6,6,4),(6,6,3),(6,7,3),(6,7,2),(6,7,1),(6,8,1),
79:(2,8,6),(1,8,6),(0,8,6),(0,8,5),(0,7,5),(0,7,4),(0,6,4),(0,5,4),(0,4,4),(0,3,4),(0,3,4),(0,2,4),
80:(2,8,7),(2,8,6),(2,8,6),(2,8,5),(2,8,4),(2,8,3),(2,8,2),(2,7,2),(2,6,2),(2,5,2),(2,4,2),(2,4,1),(2,4,0),(2,3,0),
81:(8,3,4),(8,4,4),(8,5,4),(8,6,4),
82:(0,0,6),(1,0,6),(2,0,6),(2,0,7),(2,1,7),
83:(3,5,0),(4,5,0),(5,5,0),(5,4,0),(5,3,0),
84:(4,4,4),(3,4,4),(3,4,5),(2,4,5),(1,4,5),(1,4,6),(1,3,6),(1,2,6),
85:(7,5,3),(7,5,4),(7,5,5),(8,5,5),(8,5,6),(8,5,7),(8,5,8),(8,6,8),
86:(0,7,1),(1,7,1),(2,7,1),(3,7,1),(4,7,1),(5,7,1),(5,6,1),(5,6,2),(5,6,3),(6,6,3),(6,5,3),(6,5,4),(6,4,4),
87:(7,0,4),(6,0,4),(5,0,4),(4,0,4),(4,0,3),(4,1,3),(4,2,3),(4,3,3),(3,3,3),(3,4,3),(3,4,3),(3,4,4),(3,5,4),(2,5,4),(2,6,4),(2,6,3),(2,7,3),
88:(3,4,8),(4,4,8),(5,4,8),(6,4,8),(6,4,7),
89:(0,2,7),(1,2,7),(2,2,7),(3,2,7),(4,2,7),(5,2,7),(5,3,7),(5,3,6),(5,4,6),(5,5,6),(6,5,6),(6,6,6),(7,6,6),(7,7,6),(7,8,6),
90:(1,6,1),(1,6,2),(2,6,2),(3,6,2),(4,6,2),(4,7,2),
91:(3,4,7),(3,4,6),(3,5,6),(3,5,5),(2,5,5),(1,5,5),(1,5,4),
92:(7,7,7),(6,7,7),(5,7,7),(5,7,6),(4,7,6),(3,7,6),(3,6,6),(3,5,6),(2,5,6),(1,5,6),(1,4,6),(0,4,6),(0,4,5),(0,3,5),(0,2,5),(-1,2,5),(-1,1,5),(-1,0,5),(0,0,5),
93:(7,2,8),(7,1,8),(8,1,8),(8,1,7),(8,1,6),(8,0,6),
94:(7,1,2),(6,1,2),(5,1,2),(4,1,2),(3,1,2),(3,1,3),(3,1,4),(3,1,5),(3,2,5),(3,2,6),(2,2,6),(2,3,6),(2,3,7),(2,3,8),(2,4,8),(1,4,8),(0,4,8),(0,5,8),(0,6,8),
95:(8,7,5),(7,7,5),(6,7,5),(6,6,5),(6,5,5),(6,4,5),
96:(1,1,4),(2,1,4),(3,1,4),(4,1,4),(4,0,4),(4,0,4),(4,0,3),
97:(3,1,2),(3,1,3),(4,1,3),(4,2,3),(4,2,4),(4,2,5),(4,3,5),(4,3,6),(4,3,7),(4,3,8),(4,4,8),(4,5,8),(4,6,8),(4,7,8),(4,8,8),
98:(2,5,2),(2,4,2),(2,4,2),(2,3,2),
99:(3,3,0),(2,3,0),(1,3,0),(0,3,0),(0,3,1),(0,3,2),(0,3,3),(0,3,4),(0,3,5),(0,3,6),(0,3,7),(0,4,7),(0,5,7),(0,5,8),(0,6,8),(0,7,8),(0,8,8),
100:(7,5,0),(6,5,0),(6,5,1),(6,6,1),(6,6,2),(6,7,2),(6,8,2),(5,8,2),(5,8,3),(5,8,4),(5,8,5),(5,8,6),
101:(2,0,0),(3,0,0),(3,0,1),(3,0,2),(3,0,3),(3,0,4),(3,0,5),(4,0,5),(4,0,6),(4,0,7),(4,1,7),
102:(2,4,2),(2,3,2),(2,2,2),(2,1,2),(2,0,2),(3,0,2),
103:(5,3,0),(4,3,0),(4,3,1),(4,3,2),(4,2,2),(4,1,2),(4,1,2),(4,1,2),(4,1,3),
104:(8,8,0),(7,8,0),(7,8,1),(7,8,2),(7,8,3),(7,8,4),(7,8,5),(7,7,5),
105:(4,0,6),(3,0,6),(3,1,6),(3,1,5),(3,2,5),(3,2,4),(3,3,4),
106:(1,5,7),(2,5,7),(3,5,7),(4,5,7),(5,5,7),(6,5,7),(7,5,7),(7,4,7),(7,4,6),(7,4,5),(8,4,5),
107:(8,0,2),(7,0,2),(6,0,2),(5,0,2),(5,0,3),(5,0,4),(5,0,5),(5,1,5),(5,2,5),(5,3,5),(5,3,6),
108:(5,4,3),(5,4,2),(5,4,1),(5,3,1),(5,2,1),(4,2,1),(4,1,1),(4,0,1),
109:(7,8,0),(7,8,1),(7,7,1),(7,6,1),(7,5,1),(7,4,1),(7,3,1),(7,2,1),(6,2,1),(5,2,1),(5,2,2),(5,1,2),
110:(2,5,3),(3,5,3),(3,5,4),(4,5,4),(5,5,4),(6,5,4),(6,5,5),(6,5,6),(6,4,6),(6,3,6),(6,3,7),(6,2,7),(6,1,7),
111:(3,8,7),(2,8,7),(1,8,7),(0,8,7),(0,8,6),(0,7,6),(0,7,5),(0,6,5),
112:(4,4,6),(5,4,6),(6,4,6),(7,4,6),(8,4,6),(8,5,6),(8,6,6),
113:(5,6,2),(5,6,3),(5,6,4),
114:(3,8,5),(4,8,5),(5,8,5),(5,7,5),(5,7,6),(6,7,6),(6,7,7),(6,7,8),(6,6,8),(6,5,8),(6,4,8),
115:(0,3,0),(1,3,0),(1,3,1),(1,3,2),(1,3,3),(1,3,4),(1,2,4),(1,2,5),(1,1,5),(1,1,6),(1,1,7),
116:(8,0,5),(7,0,5),(6,0,5),(5,0,5),(5,0,4),(5,1,4),(5,2,4),(4,2,4),(3,2,4),(2,2,4),(1,2,4),
117:(5,6,8),(4,6,8),(3,6,8),(2,6,8),(1,6,8),(1,6,7),(1,5,7),(1,4,7),(1,3,7),
118:(3,6,2),(4,6,2),(5,6,2),(6,6,2),(6,7,2),(6,7,1),(6,7,0),
119:(8,7,4),(7,7,4),(7,7,3),(7,7,2),(7,6,2),(7,5,2),(7,5,1),(7,4,1),(7,3,1),(7,2,1),(7,2,0),(7,1,0),(7,0,0),
120:(2,0,7),(3,0,7),(4,0,7),(5,0,7),(5,0,6),(5,1,6),
121:(4,7,6),(4,7,5),(3,7,5),(3,6,5),(2,6,5),(1,6,5),(0,6,5),(0,6,4),(0,6,3),(0,5,3),(0,4,3),(0,3,3),(0,2,3),
122:(3,6,0),(4,6,0),(5,6,0),(6,6,0),(7,6,0),(7,6,1),(7,6,2),(7,6,3),(7,6,4),(7,6,5),(7,5,5),(7,4,5),
123:(5,1,6),(6,1,6),(7,1,6),(8,1,6),(8,2,6),(8,3,6),(8,4,6),(8,5,6),
124:(6,0,7),(5,0,7),(5,0,6),(4,0,6),(3,0,6),(2,0,6),(1,0,6),(0,0,6),(0,0,5),(0,0,4),(0,0,3),(0,0,2),(0,1,2),(0,2,2),(0,3,2),(0,3,1),(0,4,1),(0,4,0),(0,5,0),(0,6,0),(0,7,0),(0,8,0),
125:(1,6,4),(2,6,4),(3,6,4),(3,6,3),(3,6,2),(3,6,1),(3,5,1),(3,4,1),(3,3,1),(3,2,1),(4,2,1),(5,2,1),(5,1,1),(5,1,0),
126:(6,6,6),(7,6,6),(7,6,5),(7,6,4),(7,5,4),(7,4,4),(7,4,3),(7,3,3),(7,2,3),
127:(5,6,0),(5,6,1),(5,5,1),(5,5,2),(5,4,2),(5,3,2),(5,3,3),(5,3,4),(5,2,4),(5,1,4),(5,1,5),
128:(4,4,0),(5,4,0),(6,4,0),(6,4,1),(6,4,2),(6,4,3),(6,3,3),(6,2,3),(6,2,4),(6,2,5),(6,1,5),(6,1,6),(6,0,6),(6,0,7),(6,0,8),
129:(8,7,1),(7,7,1),(6,7,1),(5,7,1),(5,7,2),(5,7,3),(4,7,3),(3,7,3),(2,7,3),(1,7,3),(0,7,3),(0,6,3),(0,5,3),(0,4,3),
130:(1,8,2),(2,8,2),(3,8,2),(4,8,2),(4,8,3),(4,7,3),(4,6,3),(4,6,4),(4,6,5),(4,6,6),(4,5,6),
131:(6,4,2),(6,4,3),(6,4,4),(6,4,5),(6,4,6),(6,5,6),(6,5,7),(6,6,7),(6,7,7),(6,7,8),
132:(0,5,8),(1,5,8),(2,5,8),(3,5,8),(3,5,7),(3,5,6),(3,5,5),(3,5,4),(3,5,3),(3,5,2),(3,6,2),
133:(0,2,6),(0,2,5),(0,2,4),(0,2,3),(0,1,3),
134:(4,4,2),(3,4,2),(3,4,2),(2,4,2),(2,5,2),(2,5,1),(2,6,1),
135:(2,0,3),(1,0,3),(1,0,2),(1,1,2),(1,2,2),(1,3,2),(1,4,2),
136:(4,1,2),(4,1,1),(4,1,0),(4,2,0),(5,2,0),(6,2,0),(7,2,0),(8,2,0),(8,2,1),(8,3,1),
137:(1,2,0),(2,2,0),(3,2,0),(3,2,1),(4,2,1),(4,2,2),(5,2,2),(5,2,3),(5,3,3),(5,3,4),(5,3,5),(5,4,5),(5,4,6),(5,5,6),(5,5,7),
138:(5,5,7),(6,5,7),(6,5,6),(6,5,5),(6,5,4),(6,5,3),(6,5,2),(6,4,2),(6,3,2),(6,2,2),(6,1,2),
139:(7,2,5),(6,2,5),(5,2,5),(4,2,5),(4,3,5),(3,3,5),(2,3,5),(2,4,5),(2,4,5),(2,4,4),(2,4,3),(2,4,2),(2,5,2),(2,6,2),
140:(5,2,0),(4,2,0),(4,3,0),(3,3,0),(2,3,0),(1,3,0),(1,3,1),(1,4,1),(1,5,1),(1,5,2),(1,5,3),(1,6,3),(1,6,4),(1,6,5),(1,6,6),(1,6,7),(1,7,7),
141:(8,4,6),(7,4,6),(7,4,7),(6,4,7),(6,3,7),(5,3,7),(4,3,7),(3,3,7),(2,3,7),(2,3,8),(1,3,8),(0,3,8),
142:(1,1,1),(2,1,1),(3,1,1),(3,1,2),(3,1,3),(3,2,3),
143:(4,7,0),(5,7,0),(6,7,0),(7,7,0),(7,7,0),(7,6,0),(7,5,0),(7,4,0),(7,3,0),
144:(4,8,6),(3,8,6),(3,8,5),(3,8,4),(3,8,3),(3,8,2),(3,8,1),(3,7,1),
145:(0,7,5),(1,7,5),(2,7,5),(3,7,5),
146:(4,0,3),(3,0,3),(2,0,3),(2,1,3),(2,1,4),(2,1,5),(2,2,5),(2,3,5),(1,3,5),(1,4,5),(1,5,5),(1,6,5),(1,7,5),
147:(0,8,6),(0,7,6),(1,7,6),(2,7,6),(3,7,6),(3,6,6),(4,6,6),(4,6,5),(5,6,5),(6,6,5),(6,6,4),
148:(8,5,2),(7,5,2),(7,5,3),(7,6,3),(7,7,3),(7,8,3),(6,8,3),(5,8,3),(4,8,3),(3,8,3),
149:(7,0,1),(7,1,1),(7,1,2),(7,1,3),(7,1,4),(7,2,4),(7,2,5),(7,2,6),(8,2,6),(7,2,6),(7,2,7),(7,2,8),(7,3,8),(7,4,8),(7,5,8),
150:(7,6,7),(7,5,7),(7,5,7),(7,4,7),(7,3,7),(7,3,7),(6,3,7),(5,3,7),(5,2,7),(4,2,7),(3,2,7),
151:(6,8,4),(6,7,4),(6,7,4),(6,7,5),
152:(0,0,3),(0,0,4),(0,0,5),(0,1,5),(0,2,5),(0,3,5),(0,3,6),(1,3,6),(2,3,6),(2,3,5),
153:(4,0,0),(4,1,0),(4,2,0),(4,3,0),(4,4,0),(5,4,0),(5,5,0),(5,6,0),(5,6,1),(5,6,2),(5,6,3),(5,7,3),(5,8,3),
154:(8,1,4),(7,1,4),(6,1,4),(5,1,4),(4,1,4),(3,1,4),(2,1,4),(2,1,5),(2,1,6),(2,2,6),(2,2,7),
155:(3,5,5),(4,5,5),(5,5,5),(5,5,6),(6,5,6),(6,6,6),(6,6,7),(6,7,7),(6,8,7),
156:(8,6,5),(8,6,4),(8,6,3),(8,6,2),(8,6,1),(8,6,0),(8,5,0),(8,4,0),(8,3,0),(8,2,0),(8,1,0),
157:(7,5,8),(6,5,8),(6,4,8),(6,3,8),(6,2,8),(5,2,8),(5,1,8),(5,0,8),(5,0,7),(5,0,6),
158:(0,5,2),(1,5,2),(2,5,2),(2,5,3),(2,5,4),(2,4,4),(2,3,4),(2,2,4),(2,2,5),(2,2,5),(3,2,5),(4,2,5),(5,2,5),(6,2,5),(6,1,5),
159:(6,6,0),(7,6,0),(7,6,1),(7,6,2),(7,6,3),(7,6,4),(7,6,5),(7,6,6),(7,6,7),(8,6,7),(8,5,7),(8,4,7),(8,3,7),(8,2,7),
160:(4,8,3),(4,8,4),(4,8,5),(4,8,6),(3,8,6),(3,8,7),(3,7,7),(3,6,7),(3,5,7),(3,5,8),(3,4,8),(3,3,8),
161:(6,5,8),(6,4,8),(6,4,7),(6,4,6),(5,4,6),(4,4,6),(4,4,5),(4,4,4),(4,3,4),(4,3,3),(3,3,3),
162:(7,6,1),(6,6,1),(5,6,1),(4,6,1),(4,6,0),(3,6,0),(2,6,0),(2,5,0),(2,5,1),
163:(6,0,6),(5,0,6),(4,0,6),(3,0,6),(2,0,6),(1,0,6),(1,0,5),(1,0,4),(1,1,4),(1,2,4),(1,3,4),(1,4,4),(1,4,3),(1,5,3),(1,6,3),
164:(5,1,4),(5,2,4),(4,2,4),(3,2,4),(3,3,4),(3,4,4),(3,4,5),(3,5,5),
165:(6,3,7),(6,3,6),(6,3,5),(5,3,5),(5,3,4),(4,3,4),(4,3,3),(3,3,3),(3,3,2),(3,2,2),(2,2,2),(2,2,1),(1,2,1),(1,3,1),(0,3,1),(0,3,0),
166:(1,6,5),(2,6,5),(3,6,5),(4,6,5),(4,6,4),(4,5,4),(4,5,3),(5,5,3),(5,5,3),(5,5,3),(5,5,3),(6,5,3),
167:(1,6,7),(2,6,7),(3,6,7),(4,6,7),(5,6,7),(6,6,7),(7,6,7),(7,5,7),(7,4,7),(7,4,7),(7,3,7),
168:(0,1,5),(1,1,5),(2,1,5),(2,1,6),(2,2,6),(2,2,7),(2,2,8),(2,3,8),(2,4,8),(2,5,8),(2,6,8),(2,7,8),(2,8,8),(3,8,8),
169:(1,7,2),(2,7,2),(3,7,2),(3,7,3),(3,7,4),(3,6,4),(3,6,5),(3,6,6),(4,6,6),(4,6,7),(4,5,7),(5,5,7),(6,5,7),(7,5,7),
170:(2,8,3),(2,7,3),(2,7,4),(2,6,4),(1,6,4),(2,6,4),(2,5,4),(2,4,4),(2,3,4),(2,3,4),(2,2,4),
171:(2,6,6),(3,6,6),(4,6,6),(4,5,6),(4,5,5),(5,5,5),(5,5,4),(5,4,4),(5,4,3),(5,4,2),(5,3,2),(5,2,2),(5,2,1),(5,1,1),(5,0,1),
172:(1,6,3),(1,5,3),(2,5,3),(3,5,3),(3,5,4),(3,5,5),(4,5,5),(4,5,6),(4,4,6),(5,4,6),(6,4,6),(6,3,6),(6,3,7),(6,2,7),(7,2,7),(7,2,6),
173:(7,6,6),(7,5,6),(7,4,6),(7,3,6),
174:(0,0,0),(0,0,1),(0,0,2),(0,1,2),(0,2,2),(0,2,2),(0,3,2),(0,4,2),(0,5,2),(0,6,2),(0,6,3),(0,6,4),
175:(8,6,1),(8,6,2),(8,5,2),(8,5,3),(8,5,4),(8,4,4),
176:(8,2,0),(7,2,0),(6,2,0),(6,2,1),(6,2,1),(5,2,1),(4,2,1),(3,2,1),(2,2,1),(2,2,2),(2,2,3),(1,2,3),
177:(8,1,6),(7,1,6),(7,1,5),(7,1,4),(7,2,4),(7,3,4),(7,4,4),(7,5,4),(7,5,4),(7,5,4),(7,6,4),
178:(3,3,8),(3,3,7),(2,3,7),(2,4,7),(2,5,7),(2,5,6),(2,6,6),(2,6,5),(2,6,4),(2,6,3),(2,6,2),(1,6,2),(1,6,1),(1,6,0),(2,6,0),
179:(7,1,6),(7,2,6),(6,2,6),
180:(4,3,0),(3,3,0),(2,3,0),(1,3,0),(0,3,0),(0,3,1),(-1,3,1),(-1,3,2),(-1,3,3),(-1,3,4),(-1,3,5),(0,3,5),(0,3,6),
181:(4,7,3),(4,7,2),(4,7,1),(4,7,0),(4,7,-1),(5,7,-1),(6,7,-1),(7,7,-1),(8,7,-1),(8,7,0),
182:(2,8,1),(1,8,1),(0,8,1),
183:(0,0,7),(1,0,7),(2,0,7),(3,0,7),(4,0,7),(5,0,7),(6,0,7),(7,0,7),(7,1,7),
184:(4,5,4),(4,4,4),(3,4,4),(3,4,5),(3,4,6),(3,3,6),
185:(2,4,4),(2,4,5),(1,4,5),(0,4,5),(0,5,5),
186:(2,8,0),(2,8,1),(2,8,2),(2,7,2),(2,7,2),(2,7,3),(2,7,4),(2,7,5),(2,7,6),(2,7,7),(2,6,7),(2,6,7),(2,6,8),
187:(8,0,0),(7,0,0),(6,0,0),(6,1,0),(6,2,0),(6,3,0),(6,4,0),(5,4,0),(5,5,0),(5,5,1),(5,6,1),(5,6,2),(5,7,2),(5,8,2),(4,8,2),(3,8,2),(3,7,2),
188:(1,3,7),(1,3,8),(1,4,8),(1,5,8),(1,5,8),(1,6,8),
189:(5,6,1),(5,7,1),(5,7,0),
190:(1,6,6),(1,6,6),(1,5,6),(1,4,6),(1,3,6),(2,3,6),(2,2,6),(3,2,6),(4,2,6),(4,2,5),(4,2,4),(4,2,3),(4,2,2),(5,2,2),(6,2,2),(7,2,2),(7,1,2),
191:(5,2,3),(5,3,3),(5,4,3),(4,4,3),(4,5,3),(3,5,3),(3,5,4),(3,6,4),(3,6,5),(2,6,5),(2,7,5),
192:(4,1,4),(4,1,5),(3,1,5),(2,1,5),(2,1,6),(1,1,6),(0,1,6),(0,1,7),
193:(0,1,3),(1,1,3),(2,1,3),(2,2,3),(3,2,3),(4,2,3),(4,2,2),(4,2,1),(5,2,1),(5,2,0),
194:(5,4,7),(6,4,7),(6,5,7),(7,5,7),(8,5,7),(8,6,7),(8,7,7),(8,7,6),(8,7,5),(8,7,4),(8,7,3),(8,8,3),(8,8,2),
195:(7,2,3),(6,2,3),(6,2,4),(6,1,4),(6,0,4),(6,0,4),(5,0,4),(4,0,4),(3,0,4),(2,0,4),(1,0,4),(0,0,4),(0,0,5),(0,0,6),
196:(4,2,4),(4,2,3),(4,2,2),(4,2,2),(3,2,2),(3,1,2),
197:(8,6,6),(8,6,5),(8,6,4),(8,6,3),(8,6,2),(7,6,2),(7,5,2),(7,5,1),(7,5,0),(6,5,0),(5,5,0),(4,5,0),(3,5,0),(2,5,0),
198:(2,2,4),(3,2,4),(3,2,3),(3,3,3),(3,3,3),(3,4,3),(3,4,3),(3,5,3),(3,6,3),
199:(4,2,6),(4,3,6),(4,3,6),(4,3,5),(5,3,5),(5,3,6),(5,4,6),(5,5,6),(6,5,6),(6,6,6),(6,7,6),
200:(0,2,5),(1,2,5),(2,2,5),(3,2,5),(4,2,5),(4,3,5),(5,3,5),(6,3,5),(7,3,5),(8,3,5),(8,3,4),(9,3,4),(9,3,3),(9,4,3),(9,5,3),(9,6,3),(9,7,3),(8,7,3),
201:(8,7,0),(8,7,1),(8,7,2),(8,7,3),(8,7,3),(7,7,3),(6,7,3),(5,7,3),(5,7,3),(5,6,3),(4,6,3),(4,5,3),
202:(2,5,1),(3,5,1),(3,5,0),(4,5,0),(5,5,0),(6,5,0),(6,5,-1),(7,5,-1),(8,5,-1),(8,5,0),
203:(3,2,3),(3,2,2),(3,3,2),(3,3,2),(4,3,2),(4,4,2),(4,5,2),
204:(1,8,8),(2,8,8),(3,8,8),(3,8,7),(4,8,7),(5,8,7),(5,8,6),(5,8,5),(5,8,4),(5,7,4),(5,7,3),(5,7,2),(5,7,1),(5,7,1),(6,7,1),
205:(2,3,4),(3,3,4),(4,3,4),(5,3,4),(6,3,4),(6,3,3),(6,3,2),(6,3,1),(6,3,0),(6,4,0),
206:(2,7,5),(3,7,5),(3,7,6),(4,7,6),(4,6,6),(4,5,6),(4,4,6),(4,4,5),(4,4,4),(4,3,4),(4,3,3),(4,3,2),(5,3,2),(6,3,2),(7,3,2),(8,3,2),(8,2,2),
207:(7,7,8),(6,7,8),(5,7,8),(4,7,8),(4,6,8),(4,5,8),(4,4,8),(3,4,8),(3,3,8),(3,2,8),(2,2,8),(1,2,8),
208:(6,4,0),(7,4,0),(8,4,0),(8,4,1),(8,5,1),
209:(6,0,4),(6,0,3),(7,0,3),(8,0,3),(8,1,3),(8,2,3),(9,2,3),(9,3,3),(8,3,3),(8,4,3),(8,5,3),(8,6,3),
210:(8,3,8),(7,3,8),(6,3,8),(5,3,8),(5,3,7),(4,3,7),(3,3,7),(3,4,7),(3,4,6),(3,4,5),(2,4,5),(2,4,4),(2,4,3),(2,4,2),(2,4,1),(1,4,1),(1,4,0),
211:(3,1,3),(4,1,3),(5,1,3),(5,1,2),(5,1,1),(5,1,1),(5,2,1),(5,3,1),
212:(6,3,0),(5,3,0),(5,3,1),(5,3,2),(5,3,3),(4,3,3),(3,3,3),(3,4,3),(3,4,4),(3,5,4),(3,5,4),(3,5,3),
213:(8,0,3),(7,0,3),(7,0,4),(6,0,4),(6,0,5),(6,0,6),(5,0,6),(4,0,6),(4,1,6),(4,2,6),(4,3,6),(4,4,6),(3,4,6),(3,5,6),(2,5,6),(1,5,6),(1,6,6),
214:(8,7,2),(7,7,2),(6,7,2),(5,7,2),(4,7,2),(3,7,2),(2,7,2),(1,7,2),(0,7,2),(0,7,3),(0,7,4),(0,7,5),(0,7,6),(0,6,6),(0,5,6),(0,4,6),
215:(8,0,1),(7,0,1),(6,0,1),(6,0,0),(6,1,0),
216:(4,6,3),(3,6,3),(4,6,3),(5,6,3),(6,6,3),(6,6,2),(6,6,1),(7,6,1),(7,5,1),(7,4,1),(7,3,1),(7,2,1),(7,2,0),(7,1,0),
217:(6,4,3),(5,4,3),(4,4,3),(4,5,3),(3,5,3),(2,5,3),(2,4,3),(2,3,3),
218:(7,2,6),(7,3,6),(7,3,5),(7,4,5),(6,4,5),(5,4,5),(5,5,5),(4,5,5),(4,5,6),(4,5,5),(4,5,4),(3,5,4),(3,6,4),
219:(2,2,8),(3,2,8),(4,2,8),(4,2,7),(4,2,6),(4,1,6),(4,1,5),(4,1,5),(4,0,5),
220:(6,4,1),(6,5,1),(6,6,1),(5,6,1),(5,6,2),(5,7,2),(5,7,3),(5,7,4),(5,7,5),(5,7,6),(5,7,7),
221:(3,2,2),(3,1,2),(2,1,2),(2,1,1),(2,1,2),(2,0,2),
222:(7,3,8),(6,3,8),(5,3,8),(5,3,7),(4,3,7),(3,3,7),(2,3,7),(1,3,7),(0,3,7),(0,2,7),(0,2,6),(0,2,5),(0,1,5),
223:(0,0,8),(1,0,8),(2,0,8),(3,0,8),(4,0,8),(4,0,7),(4,0,6),(4,1,6),(4,1,5),(5,1,5),(5,2,5),(5,3,5),(5,3,4),(5,4,4),(5,4,3),(5,5,3),(5,6,3),(5,6,2),(5,7,2),(5,8,2),
224:(3,8,2),(4,8,2),(5,8,2),(6,8,2),(7,8,2),(8,8,2),(8,7,2),(8,6,2),(8,5,2),(8,4,2),(8,3,2),(8,3,3),(8,2,3),(8,2,4),(8,1,4),(8,0,4),
225:(0,8,7),(0,8,6),(0,7,6),(0,6,6),(0,5,6),(0,4,6),(0,4,5),(0,3,5),(0,2,5),(1,2,5),(1,2,5),(2,2,5),(3,2,5),(4,2,5),
226:(8,4,0),(8,3,0),(7,3,0),(7,2,0),(7,1,0),(7,1,-1),(6,1,-1),(5,1,-1),(4,1,-1),(3,1,-1),(2,1,-1),(1,1,-1),(1,1,0),
227:(7,4,5),(6,4,5),(5,4,5),(4,4,5),(3,4,5),(3,4,5),(2,4,5),(1,4,5),(1,5,5),(1,6,5),(1,6,4),(1,7,4),
228:(8,6,7),(7,6,7),(6,6,7),(5,6,7),(5,6,6),(4,6,6),(4,7,6),(3,7,6),(3,7,6),(2,7,6),(1,7,6),
229:(1,4,3),(1,4,2),(1,5,2),(2,5,2),(3,5,2),(4,5,2),(4,6,2),(4,6,3),(4,7,3),
230:(6,8,0),(6,7,0),(7,7,0),(7,7,1),(7,6,1),(7,5,1),(7,4,1),(7,3,1),(7,2,1),(7,1,1),(7,1,2),(7,0,2),(7,0,3),
231:(4,2,8),(4,2,8),(4,3,8),(4,4,8),(3,4,8),(2,4,8),(1,4,8),(1,5,8),
232:(1,0,2),(1,1,2),(1,1,3),(1,1,4),(1,1,5),(1,2,5),(1,2,5),(1,1,5),(2,1,5),(1,1,5),(1,1,5),(1,2,5),
233:(2,2,2),(2,2,3),(2,2,4),(2,2,5),(2,2,5),(2,2,6),(3,2,6),(4,2,6),(4,2,7),(4,1,7),(5,1,7),(6,1,7),(6,1,6),(7,1,6),(8,1,6),
234:(5,2,8),(5,3,8),(5,3,9),(5,4,9),(5,4,8),
235:(8,5,5),(7,5,5),(7,4,5),(7,4,4),(6,4,4),(6,4,4),(5,4,4),(5,4,3),(5,4,2),(5,5,2),(5,5,1),
236:(6,4,6),(6,4,6),(6,3,6),(5,3,6),(4,3,6),(4,2,6),(4,1,6),(3,1,6),(3,1,6),(3,0,6),
237:(6,4,8),(5,4,8),(5,5,8),(4,5,8),(4,5,7),(4,5,7),(4,5,6),(4,4,6),(4,4,5),(4,3,5),
238:(5,4,2),(6,4,2),(6,4,3),(7,4,3),(7,4,4),(7,4,5),(7,5,5),(7,5,5),(7,5,6),
239:(0,4,8),(1,4,8),(2,4,8),(3,4,8),(3,5,8),(3,6,8),(4,6,8),(5,6,8),(5,6,8),(6,6,8),(7,6,8),
240:(6,1,2),(5,1,2),(5,2,2),(5,2,3),(5,2,4),(5,2,5),(4,2,5),(3,2,5),(3,2,6),(3,2,7),(3,2,8),(2,2,8),(2,3,8),(1,3,8),
241:(1,4,8),(1,4,7),(1,4,6),(1,4,5),(1,4,4),(1,4,3),(1,5,3),(1,5,2),(1,6,2),(1,6,1),(1,7,1),(1,8,1),
242:(2,3,8),(2,3,7),(2,3,6),(2,3,6),(2,3,5),(2,2,5),(2,2,4),(2,2,3),(2,2,2),(2,1,2),(2,1,1),(2,0,1),
