soc=2200
lb_soc=1375
makespan=22
lb_makespan=15
comp_time=10698
highLevelExpanded=61
lowLevelExpanded=19115
solution=
0:(1,1,2),(1,2,2),(1,2,1),(1,2,0),(1,3,0),(1,4,0),(1,5,0),(0,5,0),(0,6,0),(0,7,0),(0,8,0),
1:(7,7,2),(8,7,2),(8,7,3),(8,7,4),(8,7,5),(8,6,5),(8,5,5),
2:(7,2,1),(6,2,1),(5,2,1),(5,2,2),(5,2,3),(5,2,4),(5,3,4),(5,4,4),(5,5,4),(5,6,4),(5,7,4),
3:(8,3,2),(7,3,2),(6,3,2),(5,3,2),(4,3,2),(4,3,3),(4,3,4),(4,3,5),(3,3,5),(2,3,5),
4:(2,7,3),(1,7,3),(1,7,4),(1,7,5),(1,7,6),(1,7,7),(1,6,7),(1,5,7),(1,4,7),(1,3,7),
5:(5,5,4),(6,5,4),(7,5,4),(8,5,4),(8,6,4),(8,7,4),
6:(6,2,3),(7,2,3),(7,2,4),(7,1,4),(7,0,4),
7:(3,6,2),(2,6,2),(2,6,3),(2,5,3),(2,4,3),(2,3,3),
8:(1,7,7),(2,7,7),(3,7,7),(4,7,7),(4,7,6),(4,7,5),(4,6,5),
9:(0,6,4),(1,6,4),(1,6,3),(1,7,3),
10:(2,6,4),(3,6,4),(3,6,5),(3,7,5),
11:(0,7,1),(1,7,1),(1,7,2),(1,6,2),(1,6,3),(1,6,4),(1,6,5),(1,6,6),(1,6,7),(2,6,7),
12:(1,4,6),(2,4,6),(3,4,6),(4,4,6),(5,4,6),(6,4,6),(6,4,5),(6,4,4),(6,4,3),(6,4,2),(6,4,1),(6,4,0),(6,5,0),
13:(4,4,5),(4,4,4),(4,5,4),(4,6,4),(4,7,4),(4,8,4),
14:(3,2,2),(2,2,2),(1,2,2),(1,3,2),(1,4,2),(1,5,2),
15:(6,5,1),(5,5,1),(5,5,2),(5,4,2),(5,3,2),(5,3,2),(6,3,2),(6,2,2),(6,2,3),(6,2,4),(6,1,4),(5,1,4),(5,0,4),
16:(6,4,6),(7,4,6),(8,4,6),(8,5,6),(8,6,6),
17:(5,1,6),(4,1,6),(3,1,6),(2,1,6),(1,1,6),(1,1,5),(1,1,4),(1,1,3),(1,0,3),
18:(7,0,5),(7,1,5),(7,2,5),(7,3,5),(7,4,5),(7,5,5),(7,6,5),(8,6,5),
19:(7,0,6),(6,0,6),(5,0,6),(4,0,6),(3,0,6),(3,1,6),(3,2,6),(3,3,6),(2,3,6),(2,4,6),(1,4,6),(1,4,7),(1,5,7),(1,6,7),(1,6,8),
20:(1,1,1),(1,1,2),(1,1,3),(1,1,4),(1,1,5),(1,2,5),(2,2,5),(2,2,6),(3,2,6),(4,2,6),(5,2,6),(6,2,6),(7,2,6),
21:(2,8,2),(2,7,2),(2,6,2),(2,5,2),(2,4,2),(2,3,2),(1,3,2),(1,2,2),
22:(3,7,8),(4,7,8),(5,7,8),(6,7,8),(7,7,8),(7,7,7),(7,6,7),(7,5,7),(7,4,7),(7,3,7),(7,2,7),(8,2,7),(8,2,6),
23:(4,8,3),(5,8,3),(6,8,3),(6,8,2),(6,8,1),(6,8,0),(6,7,0),(6,6,0),(6,5,0),(6,4,0),(6,3,0),
24:(7,5,3),(8,5,3),(8,5,2),(8,5,1),(8,5,0),(8,4,0),(8,3,0),(8,2,0),
25:(2,0,3),(2,0,2),(2,0,1),(2,1,1),(2,1,0),(3,1,0),(4,1,0),(5,1,0),(5,1,1),(5,2,1),(5,3,1),(6,3,1),
26:(1,1,8),(2,1,8),(3,1,8),(4,1,8),(5,1,8),(6,1,8),(7,1,8),(7,1,7),(7,1,6),(7,2,6),(7,2,5),(7,2,4),(7,2,3),(7,2,2),(7,2,1),
27:(8,1,8),(8,1,7),(8,1,6),(8,1,5),(8,1,4),(8,1,3),(8,2,3),(8,3,3),(8,4,3),(9,4,3),(9,5,3),(9,6,3),(8,6,3),(8,7,3),
28:(0,4,7),(1,4,7),(2,4,7),(3,4,7),(4,4,7),(5,4,7),(6,4,7),(7,4,7),(7,4,6),(7,4,5),(6,4,5),(6,4,4),
29:(8,0,8),(7,0,8),(6,0,8),(5,0,8),(4,0,8),(3,0,8),(2,0,8),(1,0,8),(1,1,8),(1,1,7),(1,2,7),(1,2,6),(1,2,5),(1,3,5),(1,4,5),(1,4,4),(1,4,3),(1,5,3),(1,6,3),(1,6,2),(1,7,2),(1,7,1),(1,8,1),
30:(0,6,5),(1,6,5),(2,6,5),(3,6,5),(3,6,6),(3,6,7),(4,6,7),(4,6,8),(4,5,8),(4,4,8),(4,3,8),(4,2,8),(5,2,8),(5,1,8),(6,1,8),(6,0,8),(7,0,8),
31:(1,2,3),(2,2,3),(3,2,3),(4,2,3),(4,2,2),(5,2,2),(6,2,2),(6,2,1),(6,3,1),(6,4,1),(6,5,1),(6,6,1),
32:(2,3,7),(1,3,7),(1,3,6),(1,3,5),(1,3,4),(1,4,4),(1,5,4),
33:(8,6,2),(8,5,2),(8,5,1),(8,4,1),(8,3,1),(8,2,1),(7,2,1),(7,1,1),(6,1,1),(6,0,1),
34:(4,5,4),(5,5,4),(6,5,4),(7,5,4),(8,5,4),(8,4,4),(8,3,4),(8,2,4),(8,1,4),
35:(4,3,2),(3,3,2),(3,3,3),(3,3,4),(3,3,5),(3,3,6),(3,4,6),(3,5,6),(3,6,6),
36:(5,5,7),(5,5,6),(5,5,5),(5,5,4),(5,5,3),(5,5,2),(5,4,2),(5,3,2),
37:(5,2,0),(4,2,0),(4,3,0),(4,3,1),(4,4,1),(4,5,1),(4,6,1),(4,6,2),(3,6,2),(3,6,3),(3,7,3),(3,7,4),(3,8,4),(3,8,5),(3,8,6),(2,8,6),(1,8,6),(1,8,7),
38:(5,8,3),(6,8,3),(7,8,3),(8,8,3),(8,8,2),(8,7,2),
39:(0,2,6),(0,2,7),(0,2,8),(0,1,8),
40:(6,1,7),(7,1,7),(8,1,7),(8,1,6),(8,1,5),(8,1,4),(8,1,3),(8,1,2),(8,1,1),(8,1,0),
41:(0,0,2),(1,0,2),(2,0,2),(3,0,2),
42:(7,7,7),(8,7,7),(8,8,7),
43:(7,0,1),(6,0,1),(6,0,2),(6,0,3),(5,0,3),(5,0,3),(5,0,4),(5,1,4),(5,2,4),(5,3,4),(5,3,5),(4,3,5),(4,3,6),(4,4,6),(4,5,6),(4,6,6),(4,6,7),(3,6,7),(3,7,7),
44:(8,4,7),(8,3,7),(8,2,7),(7,2,7),(7,1,7),(6,1,7),(5,1,7),(4,1,7),(3,1,7),(2,1,7),(1,1,7),(1,1,8),
45:(3,3,0),(2,3,0),(1,3,0),(1,3,1),(1,3,2),(0,3,2),(0,3,3),(0,3,4),(0,3,5),(0,3,6),(0,3,7),(0,2,7),
46:(3,4,7),(2,4,7),(2,4,6),(1,4,6),(1,3,6),
47:(8,6,0),(8,6,1),(8,6,2),(8,5,2),(8,4,2),(8,4,3),(8,4,4),(8,4,5),(8,4,6),(8,4,7),(8,4,8),(8,3,8),(8,2,8),(8,1,8),
48:(1,4,2),(0,4,2),(0,4,1),(0,3,1),
49:(1,3,3),(2,3,3),(2,3,4),(2,3,5),(2,2,5),(3,2,5),(4,2,5),(5,2,5),
50:(7,4,7),(6,4,7),(5,4,7),(4,4,7),(4,4,6),(3,4,6),(2,4,6),(1,4,6),(1,5,6),(1,6,6),(1,7,6),
51:(8,3,8),(7,3,8),(7,3,7),(7,3,6),(7,4,6),(7,4,6),(6,4,6),
52:(1,7,2),(1,6,2),(1,5,2),(1,4,2),(0,4,2),(1,4,2),(1,4,2),(1,3,2),
53:(7,1,8),(7,2,8),(7,2,7),(7,2,6),(7,2,5),(7,2,4),(7,3,4),(7,4,4),
54:(0,3,8),(1,3,8),(1,4,8),(1,5,8),
55:(3,3,1),(4,3,1),(5,3,1),(6,3,1),(6,4,1),(7,4,1),(7,5,1),(7,5,2),(7,5,3),(7,5,4),(8,5,4),(8,6,4),(9,6,4),(9,6,5),(9,6,6),(9,7,6),(8,7,6),
56:(4,8,0),(3,8,0),(2,8,0),(1,8,0),(1,8,1),(1,7,1),(1,6,1),
57:(0,5,5),(1,5,5),(2,5,5),(3,5,5),(4,5,5),(5,5,5),(6,5,5),(7,5,5),(7,6,5),(7,6,6),(7,6,7),(7,7,7),
58:(0,3,4),(1,3,4),(1,4,4),(1,5,4),(1,5,3),(2,5,3),(2,6,3),(3,6,3),(4,6,3),(4,6,2),(4,6,1),(5,6,1),(5,6,0),(6,6,0),(7,6,0),(8,6,0),
59:(7,1,3),(6,1,3),(5,1,3),(4,1,3),(3,1,3),(3,1,4),(3,2,4),(3,3,4),(3,4,4),(2,4,4),(2,5,4),(2,6,4),(1,6,4),(1,7,4),(1,8,4),
60:(2,7,5),(3,7,5),(3,7,6),(3,7,7),(3,6,7),(3,5,7),
61:(2,0,1),(1,0,1),(0,0,1),(0,0,2),(0,0,3),(0,0,4),(0,0,5),(0,0,6),(0,1,6),
62:(7,6,2),(6,6,2),(5,6,2),(4,6,2),(4,6,3),(4,6,4),(4,5,4),(4,5,5),(4,5,6),(4,5,7),
63:(2,3,1),(1,3,1),(1,4,1),(1,5,1),
64:(8,2,4),(7,2,4),(7,1,4),(7,1,3),(7,1,2),
65:(2,0,7),(2,0,8),(2,1,8),(2,2,8),(2,3,8),(2,4,8),(2,5,8),(3,5,8),(3,6,8),(3,7,8),(3,8,8),
66:(5,3,6),(5,2,6),(5,1,6),(5,0,6),(5,0,5),(5,-1,5),(5,-1,4),(5,-1,3),(5,-1,2),(5,-1,1),(5,0,1),
67:(5,0,7),(4,0,7),(3,0,7),(2,0,7),(2,1,7),(2,1,6),(2,2,6),(1,2,6),(1,2,5),(1,3,5),(1,4,5),(1,4,4),(1,4,3),(1,4,2),
68:(4,4,6),(5,4,6),(6,4,6),(7,4,6),(8,4,6),(8,4,5),(8,3,5),(8,3,4),(8,3,3),(8,2,3),(8,1,3),
69:(8,8,6),(7,8,6),(7,8,5),(7,8,4),(7,8,3),(7,7,3),(7,6,3),(7,5,3),(6,5,3),(6,4,3),(6,3,3),(6,2,3),(5,2,3),(5,2,2),(5,1,2),(4,1,2),(3,1,2),(2,1,2),(2,1,3),
70:(2,2,6),(3,2,6),(4,2,6),(5,2,6),(5,2,7),(5,2,8),(5,3,8),
71:(7,4,6),(7,4,5),(6,4,5),(6,4,4),(6,4,3),(6,4,2),(6,5,2),
72:(5,5,0),(4,5,0),(3,5,0),(2,5,0),(1,5,0),(1,6,0),(1,7,0),(1,7,1),(1,7,2),(1,8,2),(1,8,3),(1,8,4),(1,8,5),
73:(1,2,2),(1,2,3),(1,2,4),(1,2,5),(1,2,6),(1,1,6),
74:(5,7,6),(5,7,5),(5,7,4),(5,7,3),(5,7,2),(5,6,2),
75:(3,5,0),(3,4,0),(3,3,0),(3,3,1),(3,2,1),(3,2,2),(3,2,3),(3,2,4),(4,2,4),(4,2,5),(4,1,5),(4,1,6),(5,1,6),(5,1,7),(5,0,7),
76:(4,7,8),(5,7,8),(6,7,8),(6,6,8),(6,5,8),(6,4,8),(6,3,8),(6,2,8),(6,1,8),(6,0,8),(6,0,7),(6,0,6),(6,0,5),(6,0,4),(6,0,3),
77:(5,1,7),(4,1,7),(4,1,6),(4,1,5),(4,1,4),(4,1,3),(4,1,2),(4,1,1),(4,1,0),(4,1,-1),(4,2,-1),(4,3,-1),(4,3,0),
78:(6,5,7),(6,5,6),(6,5,5),(6,5,4),(6,5,3),(6,4,3),(6,4,3),(5,4,3),
79:(4,4,7),(4,4,6),(4,4,5),(3,4,5),(3,4,4),(3,4,3),(3,3,3),
80:(3,7,6),(4,7,6),(5,7,6),(5,7,7),(5,6,7),(5,5,7),(5,4,7),(5,3,7),(5,2,7),(5,2,8),(5,1,8),(5,0,8),
81:(8,6,8),(7,6,8),(6,6,8),(5,6,8),(4,6,8),(3,6,8),(2,6,8),(2,6,7),(2,6,6),
82:(4,1,3),(4,1,2),(4,0,2),(4,0,2),(4,0,1),(4,0,1),(3,0,1),
83:(7,2,4),(7,3,4),(7,4,4),(7,4,3),(7,5,3),(6,5,3),(6,6,3),(6,6,2),(6,6,1),(5,6,1),(5,7,1),
84:(4,7,1),(3,7,1),(3,7,2),(3,6,2),(3,5,2),
85:(5,7,2),(6,7,2),(7,7,2),(7,7,3),(7,7,4),(7,7,5),(7,7,6),(8,7,6),(8,7,7),(8,6,7),
86:(2,5,8),(1,5,8),(0,5,8),(0,5,7),(0,5,6),(0,5,5),(0,5,4),(0,5,3),(0,4,3),
87:(5,1,8),(6,1,8),(7,1,8),(7,1,7),(7,1,6),(7,1,5),(7,1,4),(7,1,3),(7,2,3),(7,2,2),(7,3,2),(7,4,2),(7,4,1),
88:(0,8,4),(1,8,4),(2,8,4),(3,8,4),(4,8,4),(5,8,4),(5,8,3),
89:(8,4,5),(8,4,4),(8,4,3),(8,5,3),
90:(1,4,1),(2,4,1),(3,4,1),(4,4,1),(5,4,1),(6,4,1),(7,4,1),(8,4,1),(8,4,2),(8,4,3),(8,4,4),(8,4,5),(8,3,5),
91:(1,3,7),(1,3,6),(1,3,5),(1,3,4),(2,3,4),(2,2,4),(2,2,3),(3,2,3),(3,2,2),
92:(3,1,5),(3,1,4),(3,1,3),(3,1,2),(3,1,1),(3,2,1),
93:(6,8,6),(5,8,6),(5,8,7),(5,8,7),(5,7,7),
94:(1,2,1),(2,2,1),(3,2,1),(4,2,1),(5,2,1),(6,2,1),(6,1,1),(6,0,1),(6,0,2),(7,0,2),(8,0,2),(8,0,3),(8,0,4),
95:(4,6,2),(5,6,2),(5,6,1),(6,6,1),(7,6,1),(7,6,0),(7,7,0),(7,8,0),
96:(1,0,4),(2,0,4),(2,0,5),(2,1,5),(2,1,6),(2,2,6),(2,3,6),(2,4,6),(2,5,6),(3,5,6),(4,5,6),(4,6,6),(5,6,6),(6,6,6),(6,7,6),(6,8,6),(6,8,7),
97:(8,8,0),(7,8,0),(6,8,0),(5,8,0),(5,7,0),(5,6,0),(5,5,0),(5,4,0),(5,3,0),(5,2,0),(5,1,0),(5,0,0),
98:(7,3,4),(6,3,4),(6,3,3),(6,3,2),(6,4,2),(6,5,2),(6,6,2),(6,7,2),(5,7,2),(5,8,2),(4,8,2),
99:(8,4,0),(7,4,0),(6,4,0),(5,4,0),(4,4,0),(3,4,0),(2,4,0),(1,4,0),(1,5,0),(0,5,0),(0,5,1),(0,6,1),
100:(4,0,2),(4,0,3),
101:(3,4,1),(3,4,2),(2,4,2),(2,4,3),(2,4,4),(2,4,5),(2,3,5),(2,3,6),(2,2,6),(2,2,7),(2,1,7),(2,1,8),(2,0,8),
102:(0,6,7),(1,6,7),(2,6,7),(3,6,7),(4,6,7),(4,6,6),(4,7,6),(4,7,5),(4,7,4),(4,7,3),
103:(6,4,2),(6,5,2),(6,6,2),(5,6,2),(5,6,3),(5,6,4),(5,6,5),(5,5,5),
104:(5,7,0),(4,7,0),(3,7,0),(2,7,0),(1,7,0),(0,7,0),(0,7,1),(0,6,1),(0,6,2),(0,6,3),(0,6,4),(0,5,4),(0,5,5),
105:(5,3,8),(5,3,7),(5,3,6),(5,3,5),(5,2,5),(5,1,5),(5,0,5),
106:(0,6,8),(1,6,8),(2,6,8),(2,7,8),(2,8,8),
107:(3,2,6),(4,2,6),(5,2,6),(6,2,6),(6,2,7),(6,3,7),(6,3,7),(6,4,7),(6,5,7),(6,6,7),(6,7,7),
108:(8,6,3),(7,6,3),(6,6,3),(5,6,3),(5,6,4),(5,5,4),(5,4,4),(4,4,4),(4,4,5),(4,4,6),(4,3,6),(4,2,6),(4,2,7),
109:(1,1,3),(2,1,3),(2,1,4),(3,1,4),(3,2,4),(3,3,4),(3,4,4),(3,5,4),(3,6,4),(3,7,4),(3,8,4),(3,8,5),(3,8,6),(3,8,7),
110:(0,1,5),(1,1,5),(2,1,5),(2,2,5),(2,2,6),(2,2,7),(2,2,8),
111:(6,2,1),(5,2,1),(5,2,2),(5,1,2),(5,0,2),
112:(3,4,0),(2,4,0),(1,4,0),(0,4,0),(0,5,0),(0,5,1),(0,5,2),(0,6,2),(0,6,3),(0,6,4),(0,7,4),(0,7,5),
113:(1,0,1),(1,1,1),(2,1,1),(3,1,1),(4,1,1),(5,1,1),(5,1,2),(5,1,3),(5,2,3),(6,2,3),(7,2,3),(8,2,3),(8,2,4),(8,3,4),(8,4,4),(8,5,4),
114:(3,8,0),(3,8,1),(3,8,2),(3,8,3),(3,7,3),(3,6,3),(3,5,3),
115:(5,1,1),(4,1,1),(4,1,0),(4,2,0),
116:(6,6,5),(5,6,5),(4,6,5),(4,5,5),(4,5,4),(3,5,4),(2,5,4),(2,4,4),(2,3,4),(2,2,4),(2,2,3),(2,2,2),(2,1,2),(1,1,2),(1,1,1),
117:(7,3,2),(7,3,3),(7,3,4),(7,3,4),(7,3,5),(7,3,5),(7,2,5),(7,1,5),
118:(4,3,5),(5,3,5),(5,4,5),(5,5,5),(5,5,4),(5,5,3),(6,5,3),(6,6,3),
119:(7,8,8),(6,8,8),(5,8,8),(5,7,8),
120:(5,4,4),(5,4,5),(5,4,6),(5,3,6),(4,3,6),(4,3,7),(3,3,7),(3,3,8),(3,2,8),(3,1,8),
121:(8,3,1),(7,3,1),(7,3,2),(7,3,3),(7,3,4),(7,4,4),(7,5,4),(7,6,4),(7,7,4),
122:(3,8,8),(3,8,7),(3,8,6),(3,7,6),(3,7,6),(4,7,6),(5,7,6),(5,7,5),(5,7,4),(5,7,3),(5,6,3),(5,5,3),(5,5,2),(5,5,1),
123:(5,7,4),(4,7,4),(4,7,5),(4,8,5),
124:(6,5,5),(5,5,5),(4,5,5),(4,5,6),(4,5,7),(4,4,7),(3,4,7),(3,3,7),(3,2,7),(3,1,7),
125:(2,3,4),(2,3,5),(2,3,6),(2,3,7),(2,4,7),(2,5,7),(2,6,7),(2,7,7),
126:(2,4,1),(2,4,2),(1,4,2),(1,4,3),(1,3,3),(1,2,3),
127:(5,6,6),(4,6,6),(4,6,7),(4,6,8),(3,6,8),(3,5,8),(3,5,8),(3,4,8),(3,3,8),(3,2,8),
128:(6,7,8),(7,7,8),(8,7,8),(8,7,7),(8,7,6),(8,7,5),
129:(8,7,3),(7,7,3),(6,7,3),(6,7,4),(5,7,4),(4,7,4),(4,6,4),(4,5,4),(4,4,4),(4,3,4),
130:(0,1,0),(1,1,0),(2,1,0),(3,1,0),(3,2,0),(3,3,0),(3,3,1),(3,3,2),(3,4,2),(3,4,3),(3,4,4),(3,5,4),(3,6,4),(3,7,4),(3,8,4),(3,9,4),(4,9,4),(5,9,4),(5,8,4),
131:(1,8,2),(2,8,2),(2,8,3),(2,8,4),(3,8,4),(3,7,4),(4,7,4),(5,7,4),(5,6,4),(6,6,4),(6,6,5),(6,5,5),(6,4,5),(7,4,5),(7,3,5),(7,2,5),(6,2,5),
132:(7,0,8),(6,0,8),(5,0,8),(4,0,8),(3,0,8),(2,0,8),(1,0,8),(0,0,8),(0,0,7),(0,0,6),(0,0,5),(0,0,4),(0,0,3),(0,0,2),
133:(2,2,4),(3,2,4),(4,2,4),(4,3,4),(4,3,5),(4,3,6),(4,3,7),(4,3,7),(4,3,7),(5,3,7),
134:(3,5,4),(3,4,4),(3,4,4),(4,4,4),(5,4,4),(6,4,4),(7,4,4),(7,4,3),
135:(5,2,6),(5,2,5),(5,3,5),(5,4,5),
136:(0,8,7),(1,8,7),(2,8,7),(3,8,7),(4,8,7),(5,8,7),(6,8,7),(6,8,8),(6,7,8),(6,6,8),(6,5,8),(6,4,8),(6,3,8),(6,2,8),
137:(6,4,4),(5,4,4),(4,4,4),(4,4,5),(3,4,5),(3,3,5),(3,2,5),(2,2,5),(2,1,5),
138:(2,2,7),(3,2,7),(3,2,6),(3,3,6),(3,4,6),(3,4,5),(3,5,5),(3,6,5),(3,6,5),(3,6,4),(3,6,3),(3,6,2),(3,7,2),
139:(7,4,1),(6,4,1),(5,4,1),(5,3,1),(4,3,1),(3,3,1),(2,3,1),(1,3,1),(1,3,0),(1,2,0),(1,1,0),(0,1,0),
140:(6,1,1),(7,1,1),(7,2,1),(7,3,1),
141:(2,8,6),(2,7,6),(2,6,6),(2,5,6),(2,4,6),(2,3,6),(2,3,7),
142:(7,2,5),(6,2,5),(6,2,4),(6,2,3),(6,2,2),(6,1,2),
143:(4,8,5),(3,8,5),(2,8,5),(1,8,5),(0,8,5),(0,8,6),(0,8,7),(0,8,8),(0,7,8),(0,6,8),(0,5,8),(0,4,8),(0,3,8),
144:(7,0,3),(6,0,3),(5,0,3),(5,0,2),(4,0,2),(4,1,2),(4,1,1),(3,1,1),(2,1,1),(2,1,0),(2,2,0),(2,3,0),(2,4,0),(2,5,0),(2,6,0),
145:(8,4,4),(7,4,4),(6,4,4),(6,3,4),(5,3,4),(4,3,4),(3,3,4),(2,3,4),(1,3,4),
146:(3,5,7),(4,5,7),(5,5,7),(6,5,7),(6,5,6),(6,5,5),(6,5,4),(6,6,4),(6,7,4),(6,8,4),
147:(4,1,4),(4,1,4),(3,1,4),(3,2,4),(2,2,4),(1,2,4),(1,3,4),(1,4,4),(0,4,4),
148:(0,6,0),(1,6,0),(2,6,0),(3,6,0),(4,6,0),(4,6,1),(5,6,1),(5,5,1),(5,5,2),(5,5,3),(6,5,3),(6,5,4),(6,5,5),(6,5,6),(6,5,7),
149:(4,6,0),(3,6,0),(3,6,1),(2,6,1),(2,5,1),(2,4,1),(1,4,1),
150:(1,8,4),(2,8,4),(2,7,4),(2,6,4),(2,5,4),(2,4,4),(2,3,4),(2,2,4),(3,2,4),(4,2,4),(5,2,4),(6,2,4),
151:(7,6,4),(6,6,4),(6,6,5),(6,5,5),(6,4,5),(6,3,5),(6,2,5),(6,1,5),(5,1,5),
152:(0,2,7),(1,2,7),(2,2,7),(3,2,7),(4,2,7),(5,2,7),(6,2,7),(7,2,7),(7,2,6),(7,2,5),(7,2,4),(7,2,3),(7,2,2),(7,3,2),(7,4,2),(7,5,2),(7,5,1),(7,6,1),
153:(6,2,8),(5,2,8),(4,2,8),(3,2,8),(2,2,8),(2,1,8),(2,1,7),(2,1,6),(2,0,6),(2,0,5),(2,0,4),(2,0,3),(2,0,2),(2,0,1),(2,0,0),
154:(8,8,2),(7,8,2),(6,8,2),(5,8,2),(4,8,2),(4,8,3),(4,7,3),(4,7,4),(4,6,4),(4,5,4),(3,5,4),(3,5,5),(3,4,5),
155:(8,0,2),(7,0,2),(7,0,1),(7,0,0),(7,1,0),(7,2,0),(7,3,0),(7,4,0),
156:(1,7,5),(1,7,5),(1,6,5),(1,5,5),(1,4,5),(1,3,5),(1,2,5),(1,1,5),
157:(5,1,0),(6,1,0),(6,1,1),(6,1,2),(6,1,3),
158:(3,0,4),(4,0,4),(5,0,4),(6,0,4),(6,0,4),(6,0,3),(7,0,3),(7,0,2),(7,0,1),(7,1,1),
159:(3,0,0),(4,0,0),(5,0,0),(6,0,0),(6,1,0),(6,2,0),(6,3,0),(6,3,1),(6,3,2),(7,3,2),(7,4,2),(7,5,2),(7,5,3),(7,5,4),(7,6,4),(7,6,5),(7,7,5),(7,8,5),(8,8,5),(8,8,6),
160:(5,0,4),(6,0,4),(6,1,4),(6,2,4),(6,3,4),(6,3,4),(6,4,4),(6,5,4),(7,5,4),(7,5,5),
161:(5,4,6),(5,4,7),(4,4,7),(4,4,8),(4,5,8),(4,6,8),(3,6,8),(2,6,8),(1,6,8),(1,7,8),(1,8,8),
162:(4,1,2),(4,2,2),(4,2,3),(4,2,4),(5,2,4),(5,2,5),(5,2,6),(5,3,6),(5,4,6),(5,5,6),(6,5,6),(6,6,6),(6,7,6),(6,7,6),(7,7,6),
163:(5,2,7),(6,2,7),(6,2,6),(6,2,5),(6,2,4),(6,2,3),(7,2,3),(8,2,3),(8,2,2),(8,2,1),(8,3,1),(8,3,0),
164:(7,4,4),(6,4,4),(6,4,3),(6,4,2),(5,4,2),(4,4,2),(3,4,2),(3,4,1),(3,4,0),(3,5,0),
165:(0,8,8),(0,8,7),(0,8,6),(0,8,5),(0,7,5),(0,6,5),
166:(2,4,5),(3,4,5),(3,3,5),(3,2,5),(3,1,5),(2,1,5),(2,1,4),(2,0,4),(2,0,4),(1,0,4),
167:(0,8,6),(1,8,6),(2,8,6),(3,8,6),(3,8,5),(3,8,4),(3,8,3),(3,8,2),
168:(7,8,0),(6,8,0),(6,8,1),(6,7,1),(6,7,2),(6,7,3),(6,7,4),(6,7,5),(6,6,5),(5,6,5),(5,6,6),(5,5,6),(5,4,6),(5,4,6),(5,3,6),(6,3,6),
169:(8,0,6),(8,1,6),(8,2,6),(8,3,6),
170:(1,5,5),(2,5,5),(2,5,6),(2,4,6),(2,3,6),(2,3,7),(2,2,7),(3,2,7),(4,2,7),(5,2,7),(5,2,8),(6,2,8),(7,2,8),(7,1,8),
171:(1,6,0),(2,6,0),(2,5,0),(2,4,0),(2,3,0),(2,3,0),(3,3,0),
172:(2,4,2),(1,4,2),(0,4,2),(0,4,1),(0,4,0),
173:(3,2,4),(4,2,4),(4,2,5),(5,2,5),(6,2,5),(7,2,5),(7,2,6),(7,3,6),
174:(3,8,2),(3,8,3),(3,8,4),(3,8,5),(2,8,5),
175:(0,7,8),(0,7,7),(0,7,6),(0,7,5),(0,7,4),(0,7,3),(0,7,2),
176:(5,0,3),(5,0,2),(5,1,2),(4,1,2),(4,1,2),(4,1,1),(4,2,1),(4,3,1),
177:(8,6,4),(7,6,4),(6,6,4),(5,6,4),(4,6,4),(3,6,4),(2,6,4),(2,5,4),(2,4,4),(2,3,4),(2,2,4),(1,2,4),(0,2,4),(0,1,4),
178:(7,5,4),(7,5,3),(6,5,3),(5,5,3),(4,5,3),(3,5,3),(2,5,3),(1,5,3),(1,4,3),(1,4,2),(0,4,2),(0,3,2),(0,2,2),(0,2,1),(0,1,1),(0,0,1),
179:(8,0,1),(7,0,1),(6,0,1),(5,0,1),(5,1,1),(5,1,2),(5,1,3),(4,1,3),(3,1,3),(2,1,3),(2,1,4),(2,2,4),(1,2,4),(1,2,5),(1,3,5),(1,4,5),(1,4,6),(1,4,7),(1,5,7),(1,6,7),
180:(1,0,3),(1,0,4),(1,1,4),(1,2,4),(1,2,4),(1,3,4),(1,3,5),(1,4,5),(2,4,5),(3,4,5),(3,4,6),(3,5,6),
181:(2,1,8),(3,1,8),(3,0,8),(3,0,8),(3,0,9),(3,0,9),(3,0,8),
182:(2,6,8),(2,6,7),(2,7,7),(1,7,7),(0,7,7),(0,7,6),(0,7,5),(0,7,4),(-1,7,4),(-1,7,3),(0,7,3),
183:(0,0,6),(1,0,6),(2,0,6),(2,0,5),(2,0,4),(2,0,3),(2,0,2),(2,1,2),(2,2,2),(2,2,1),
184:(6,2,5),(6,3,5),(6,3,4),(5,3,4),(4,3,4),(4,2,4),(4,2,3),
185:(4,2,4),(5,2,4),(5,2,3),(5,3,3),
186:(7,7,8),(7,7,7),(6,7,7),(6,7,6),(5,7,6),(5,7,5),(5,7,4),(5,7,3),(4,7,3),(4,6,3),(4,6,2),(4,5,2),(4,4,2),
187:(5,8,5),(4,8,5),(4,8,4),(4,8,3),(4,7,3),(4,7,2),
188:(3,8,4),(3,7,4),(3,7,5),(2,7,5),(2,6,5),(2,5,5),
189:(3,5,8),(4,5,8),(5,5,8),(6,5,8),(7,5,8),(7,5,7),(7,4,7),(7,4,6),(7,4,5),(8,4,5),(8,3,5),(8,3,4),(8,3,3),(8,3,2),
190:(5,0,5),(5,1,5),(5,1,5),(5,1,6),(5,2,6),(5,3,6),(5,4,6),(5,5,6),(6,5,6),(6,6,6),(7,6,6),(7,6,5),(7,7,5),(7,8,5),(7,8,4),
191:(6,1,2),(6,1,2),(6,1,3),(5,1,3),(5,1,4),(5,0,4),(4,0,4),(4,0,5),(4,0,6),(4,0,7),(4,0,8),
192:(2,7,1),(2,7,1),(3,7,1),(4,7,1),(4,7,2),(4,6,2),(4,5,2),(4,4,2),(4,4,3),(4,4,4),(5,4,4),(5,3,4),(5,3,5),(5,3,6),(5,2,6),(6,2,6),(6,2,7),(7,2,7),
193:(1,8,3),(2,8,3),(2,7,3),(2,6,3),(2,6,2),(2,6,1),(2,5,1),
194:(6,6,1),(7,6,1),(7,7,1),(7,7,2),(7,8,2),(7,8,2),(8,8,2),
195:(6,0,2),(6,0,2),(6,0,3),(6,1,3),(5,1,3),(5,1,4),(4,1,4),(3,1,4),(2,1,4),(1,1,4),
196:(7,1,0),(7,2,0),(6,2,0),(5,2,0),(5,3,0),(4,3,0),(4,3,1),(4,3,2),(4,3,3),(4,4,3),(4,4,4),(4,4,5),(4,4,6),(3,4,6),(2,4,6),(2,4,7),
197:(4,2,1),(4,2,1),(4,2,2),(4,3,2),(4,3,3),(4,4,3),(4,4,3),(4,5,3),(5,5,3),(5,5,4),(6,5,4),(6,6,4),(6,7,4),
198:(0,8,1),(0,7,1),(0,6,1),(0,6,1),(1,6,1),(1,6,1),(2,6,1),(3,6,1),(3,5,1),(3,4,1),(3,3,1),
199:(0,5,0),(1,5,0),(1,5,1),(1,6,1),(1,6,2),(1,6,3),(1,6,4),(1,6,5),(1,7,5),(1,7,5),(2,7,5),
200:(2,4,8),(1,4,8),(0,4,8),(0,3,8),(0,2,8),
201:(2,0,5),(3,0,5),(4,0,5),(5,0,5),(6,0,5),(7,0,5),(7,1,5),(7,1,4),(7,2,4),(7,2,3),(7,2,2),(7,2,1),(7,2,0),
202:(0,2,4),(1,2,4),(2,2,4),(2,3,4),(3,3,4),(3,4,4),(3,5,4),(3,6,4),(3,7,4),(4,7,4),
203:(6,3,6),(6,2,6),(6,2,5),(7,2,5),(7,2,4),(6,2,4),(6,2,3),(5,2,3),(5,2,2),(4,2,2),
204:(7,8,2),(6,8,2),(5,8,2),(4,8,2),(3,8,2),(2,8,2),(2,7,2),(2,6,2),(2,5,2),(2,4,2),(2,4,1),(2,3,1),(2,3,1),(1,3,1),(1,2,1),
205:(8,6,6),(7,6,6),(7,5,6),
206:(0,4,5),(1,4,5),(2,4,5),(2,5,5),(3,5,5),(4,5,5),(4,5,6),(4,6,6),(5,6,6),(5,7,6),
207:(7,3,8),(6,3,8),(5,3,8),(4,3,8),(3,3,8),(2,3,8),(2,4,8),(2,4,7),(2,4,6),(2,4,5),(2,4,4),(2,4,3),(2,5,3),(2,6,3),(2,7,3),(2,8,3),
208:(7,8,4),(8,8,4),(8,8,5),(8,7,5),(8,6,5),(8,5,5),(8,5,6),(8,5,7),(8,4,7),(8,3,7),
209:(5,7,8),(6,7,8),(6,8,8),(6,8,7),(6,8,6),(6,8,5),(6,8,4),(6,8,3),(6,8,2),(6,8,1),(6,8,0),
210:(2,5,2),(2,5,1),(2,6,1),(2,7,1),
211:(8,7,7),(8,6,7),(7,6,7),(7,5,7),(7,4,7),(7,3,7),(7,3,6),(6,3,6),(6,3,5),
212:(3,4,4),(2,4,4),(2,5,4),(3,5,4),(3,6,4),(3,6,5),(3,6,6),(3,6,7),(4,6,7),(4,7,7),(4,8,7),(5,8,7),
213:(5,8,7),(4,8,7),(4,8,6),(4,9,6),(4,9,5),(4,9,4),(4,9,3),(4,9,2),(4,9,1),(4,8,1),
214:(3,4,3),(3,3,3),(3,3,4),(3,3,5),(3,3,6),(3,3,7),(3,3,6),(4,3,6),(4,3,6),(4,3,7),
215:(7,2,3),(7,2,2),(6,2,2),(6,2,2),(6,3,2),(6,3,2),(6,4,2),(6,4,3),(6,4,2),(5,4,2),(4,4,2),(3,4,2),(2,4,2),(2,5,2),
216:(7,5,0),(7,5,1),(7,5,2),(7,5,3),(7,5,4),(6,5,4),(5,5,4),(5,5,4),(4,5,4),(3,5,4),(3,5,5),(3,4,5),(2,4,5),(2,4,6),(2,5,6),
217:(2,1,1),(3,1,1),(4,1,1),(5,1,1),(5,1,2),(5,1,3),(5,1,4),(6,1,4),(6,1,5),(6,1,6),(7,1,6),(7,1,7),(7,2,7),(7,3,7),
218:(4,7,4),(4,7,3),(3,7,3),(3,7,2),(3,7,1),(3,7,0),(3,6,0),
219:(1,4,8),(0,4,8),(0,4,7),(0,3,7),(0,2,7),(0,1,7),
220:(0,3,5),(0,2,5),
221:(6,5,3),(5,5,3),(4,5,3),(3,5,3),(3,5,4),(3,5,5),(3,5,6),(2,5,6),(2,5,7),(1,5,7),(0,5,7),
222:(0,3,1),(0,3,2),(1,3,2),(2,3,2),(3,3,2),(3,3,3),(4,3,3),(4,3,4),(4,3,5),(4,3,6),(4,2,6),(5,2,6),(6,2,6),(6,1,6),(7,1,6),(8,1,6),(8,0,6),
223:(7,8,5),(6,8,5),(5,8,5),(5,7,5),(4,7,5),(4,6,5),(4,5,5),(4,4,5),(3,4,5),(3,3,5),(3,2,5),(3,2,6),(3,1,6),(3,0,6),
224:(3,5,1),(4,5,1),(5,5,1),(5,4,1),(5,3,1),(5,2,1),(5,2,2),(5,1,2),(5,1,3),
225:(5,4,3),(5,3,3),(5,3,3),(6,3,3),(6,2,3),(6,3,3),(6,3,4),(6,3,5),(6,2,5),(6,2,6),(6,1,6),(6,1,7),(6,0,7),
226:(6,7,4),(7,7,4),(8,7,4),(8,6,4),(8,6,3),(8,6,2),(8,6,1),
227:(2,1,6),(2,1,7),(2,1,7),(2,2,7),(2,3,7),(2,4,7),(2,4,7),(3,4,7),(4,4,7),
228:(0,4,4),(0,4,5),
229:(3,7,4),(3,7,3),(3,8,3),(2,8,3),(1,8,3),(0,8,3),(0,8,2),
230:(3,8,6),(3,7,6),(3,6,6),(3,5,6),(3,5,6),(4,5,6),(5,5,6),(4,5,6),(3,5,6),(3,5,5),(3,6,5),(3,6,5),(3,5,5),
231:(0,4,8),(0,4,7),(1,4,7),(1,3,7),(1,2,7),(1,1,7),(1,0,7),(2,0,7),(3,0,7),(3,0,6),(3,0,5),(3,0,4),(3,0,3),
232:(3,6,4),(3,6,3),(3,5,3),(3,4,3),(3,4,3),(3,4,2),(3,3,2),(3,2,2),(3,1,2),(3,1,3),
233:(0,5,1),(0,4,1),(0,3,1),(0,2,1),(0,2,1),(0,2,0),
234:(7,2,6),(7,2,5),(7,3,5),(6,3,5),(5,3,5),(4,3,5),(3,3,5),(2,3,5),(1,3,5),(0,3,5),(0,3,4),(0,3,3),(0,3,2),(0,4,2),(0,4,1),(0,5,1),(0,5,0),(0,6,0),(0,7,0),
235:(6,5,0),(5,5,0),(4,5,0),(3,5,0),(2,5,0),(1,5,0),(0,5,0),(0,5,1),(0,5,2),(0,5,3),(0,5,4),(0,5,5),(0,5,6),(0,4,6),(0,4,7),(0,4,8),
236:(1,7,0),(1,8,0),(1,8,1),(2,8,1),(3,8,1),(4,8,1),(5,8,1),(6,8,1),(7,8,1),
237:(4,0,6),(4,0,5),(4,0,4),(4,1,4),(4,1,3),(4,2,3),(4,2,2),(4,2,2),(4,3,2),(3,3,2),(3,4,2),(3,4,1),(3,5,1),(3,6,1),(3,7,1),(3,7,0),(3,8,0),
238:(8,4,8),(8,5,8),
239:(5,4,1),(4,4,1),(4,4,2),(4,4,3),(4,4,4),(4,4,5),(4,4,6),(5,4,6),(5,4,7),
240:(5,2,2),(5,3,2),(4,3,2),(4,3,3),(4,4,3),(4,4,4),(4,4,5),(3,4,5),(3,4,6),(3,3,6),
241:(8,6,5),(7,6,5),(7,6,4),(7,6,3),(7,6,2),(7,5,2),(7,4,2),(7,3,2),(7,2,2),(6,2,2),(6,2,1),(6,2,0),(6,1,0),(6,0,0),
242:(5,0,6),(4,0,6),(4,0,6),(4,1,6),(4,2,6),(4,2,6),(4,3,6),(4,4,6),(4,4,6),(4,5,6),(4,6,6),(4,7,6),
