soc=2167
lb_soc=1394
makespan=19
lb_makespan=15
comp_time=6608
highLevelExpanded=43
lowLevelExpanded=14349
solution=
0:(2,3,1),(1,3,1),(1,3,2),(1,3,3),(1,4,3),(1,5,3),(1,5,4),(1,5,5),(1,5,6),(0,5,6),(0,5,7),(0,5,8),
1:(6,8,2),(6,8,1),(6,7,1),(6,6,1),(6,5,1),(6,4,1),(6,3,1),(6,2,1),
2:(8,0,8),(7,0,8),(6,0,8),(5,0,8),(4,0,8),(3,0,8),(2,0,8),(1,0,8),(1,0,7),
3:(7,1,8),(6,1,8),(5,1,8),(5,1,7),(5,1,6),(5,1,5),(5,1,4),(5,1,3),(5,1,2),(5,1,1),(5,2,1),(5,2,0),(5,3,0),(5,4,0),(5,5,0),
4:(3,6,5),(4,6,5),(5,6,5),(6,6,5),(7,6,5),(7,6,4),(7,5,4),(7,5,3),(7,5,2),
5:(3,4,3),(3,4,4),(3,4,5),(3,4,6),(3,3,6),(3,2,6),
6:(1,8,2),(2,8,2),(3,8,2),(3,8,3),
7:(5,5,8),(4,5,8),(3,5,8),(2,5,8),(1,5,8),(1,5,7),(1,5,6),(1,6,6),(1,6,5),(1,6,5),(1,6,4),(1,6,3),(0,6,3),(0,7,3),(0,7,2),(0,7,1),(0,7,0),
8:(6,7,5),(5,7,5),(4,7,5),(4,7,4),(4,7,3),(4,7,2),(4,8,2),
9:(5,4,1),(6,4,1),(6,4,2),(6,4,3),(6,5,3),
10:(5,8,4),(4,8,4),(3,8,4),(2,8,4),
11:(7,5,3),(7,5,4),(7,5,5),(7,5,6),(7,5,7),(7,5,8),(7,4,8),(7,3,8),(7,2,8),
12:(0,1,4),(1,1,4),(2,1,4),(3,1,4),(3,1,5),(3,1,6),(3,1,7),(3,1,8),(3,2,8),
13:(0,8,3),(0,7,3),(0,6,3),(0,5,3),(-1,5,3),(-1,4,3),(-1,3,3),(0,3,3),(0,2,3),(0,1,3),
14:(8,3,4),(7,3,4),(6,3,4),(5,3,4),(4,3,4),(4,3,3),(4,3,2),(3,3,2),(3,3,1),(2,3,1),(1,3,1),
15:(3,4,5),(3,5,5),(2,5,5),(2,6,5),(2,6,6),(3,6,6),(4,6,6),(5,6,6),(5,6,7),(5,7,7),
16:(0,7,1),(1,7,1),(2,7,1),(3,7,1),(4,7,1),(5,7,1),(5,7,2),(5,7,3),(6,7,3),(6,7,4),(6,7,5),(6,7,6),
17:(4,2,8),(5,2,8),(6,2,8),(7,2,8),(8,2,8),(8,2,7),(8,2,6),(8,2,5),(8,2,4),(8,2,3),(8,3,3),(8,4,3),(8,5,3),(8,6,3),
18:(0,6,7),(1,6,7),(2,6,7),(3,6,7),(4,6,7),(5,6,7),(6,6,7),(6,6,8),(6,5,8),
19:(6,0,0),(5,0,0),(4,0,0),(3,0,0),(2,0,0),(1,0,0),(1,0,1),(1,0,2),(1,0,3),(1,0,4),(1,1,4),
20:(3,3,6),(4,3,6),(4,2,6),(4,1,6),(4,0,6),
21:(2,2,5),(3,2,5),(4,2,5),(5,2,5),(6,2,5),(7,2,5),(7,3,5),
22:(0,0,6),(1,0,6),(2,0,6),(3,0,6),(3,0,5),(3,0,4),(3,0,3),(3,0,2),(3,1,2),(3,2,2),(3,3,2),(3,4,2),
23:(8,5,1),(8,5,2),(8,5,3),(8,5,4),(8,5,5),(8,5,6),(8,5,7),(8,4,7),
24:(8,1,3),(7,1,3),(6,1,3),(6,1,4),(6,1,5),(6,0,5),
25:(7,8,1),(7,8,2),(6,8,2),(5,8,2),(4,8,2),(3,8,2),(2,8,2),(1,8,2),(1,8,3),(1,7,3),(1,6,3),(1,5,3),(1,4,3),(1,3,3),
26:(2,6,0),(3,6,0),(4,6,0),(5,6,0),(6,6,0),(6,5,0),(6,4,0),(6,3,0),(6,3,1),(6,3,2),(6,2,2),(6,1,2),(6,1,3),(6,1,4),(6,1,5),(6,1,6),
27:(6,6,3),(5,6,3),(5,6,4),(5,5,4),(5,4,4),(5,3,4),
28:(8,7,0),(7,7,0),(6,7,0),(5,7,0),(4,7,0),(3,7,0),(2,7,0),(1,7,0),(0,7,0),(0,7,1),(0,7,2),(0,7,3),(0,7,4),(0,7,5),(0,7,6),(0,7,7),(0,7,8),
29:(0,7,0),(1,7,0),(2,7,0),(3,7,0),(3,7,1),(3,7,2),
30:(4,8,2),(3,8,2),(3,8,3),(2,8,3),(2,7,3),(2,6,3),(2,5,3),(2,4,3),(2,3,3),
31:(4,8,5),(3,8,5),(2,8,5),(1,8,5),(0,8,5),(0,8,6),(0,8,7),
32:(0,4,3),(1,4,3),(2,4,3),(3,4,3),(4,4,3),(5,4,3),(6,4,3),(7,4,3),(7,4,4),(7,4,5),(7,4,6),(7,4,7),(7,4,8),(8,4,8),
33:(1,1,4),(1,1,5),(1,2,5),
34:(6,7,6),(7,7,6),(8,7,6),(8,7,5),(8,7,4),(8,7,3),(8,7,2),(8,7,1),(8,7,0),(8,6,0),
35:(5,1,8),(5,1,7),(6,1,7),(7,1,7),(8,1,7),(8,0,7),
36:(1,3,1),(1,3,2),(2,3,2),(3,3,2),(4,3,2),(5,3,2),(6,3,2),(6,3,1),(7,3,1),(7,4,1),(7,4,2),
37:(6,2,7),(5,2,7),(4,2,7),(4,1,7),(4,0,7),
38:(1,7,0),(2,7,0),(3,7,0),(4,7,0),(3,7,0),(3,7,1),(4,7,1),(5,7,1),(6,7,1),(7,7,1),(8,7,1),
39:(6,7,0),(5,7,0),(5,7,1),(5,7,2),(5,7,3),(5,7,4),(5,7,5),(5,6,5),(5,5,5),(5,4,5),(6,4,5),(6,3,5),(6,2,5),(5,2,5),
40:(1,1,6),(2,1,6),(2,1,5),(2,1,4),(2,1,3),(2,1,2),(2,1,1),
41:(7,5,7),(7,5,6),(7,6,6),(7,6,5),(7,6,4),(7,6,3),
42:(4,6,6),(3,6,6),(3,6,5),(3,6,4),(3,7,4),
43:(6,0,1),(6,0,2),(6,0,3),(6,0,4),(6,1,4),(6,2,4),(6,2,5),(6,3,5),(6,4,5),(6,4,5),(7,4,5),(7,5,5),(7,6,5),(7,7,5),(6,7,5),
44:(0,1,7),(1,1,7),(2,1,7),(3,1,7),(4,1,7),(5,1,7),(6,1,7),(7,1,7),(7,1,6),(8,1,6),(8,1,5),(8,1,4),(8,1,3),
45:(3,2,7),(2,2,7),(2,2,6),(2,2,5),(2,2,4),(2,2,3),(2,2,2),(2,2,1),
46:(4,1,4),(3,1,4),(3,1,5),(2,1,5),(2,1,6),(2,2,6),(2,3,6),(2,4,6),(2,5,6),
47:(6,4,8),(7,4,8),(7,4,7),(7,4,6),(7,4,5),(7,4,4),(7,4,3),(7,4,2),(7,4,1),(7,4,0),(7,3,0),
48:(6,5,1),(5,5,1),(5,4,1),(5,3,1),(4,3,1),(4,3,2),(4,2,2),(4,2,3),(4,1,3),(3,1,3),
49:(3,6,2),(4,6,2),(4,6,1),(4,6,0),(4,5,0),
50:(3,1,6),(4,1,6),(4,1,5),(4,1,4),
51:(6,7,2),(6,6,2),(6,5,2),(6,4,2),(6,3,2),(6,2,2),(5,2,2),
52:(1,2,8),(0,2,8),(0,2,7),(0,2,6),(0,1,6),
53:(2,8,4),(2,7,4),(2,6,4),(2,5,4),(3,5,4),(3,5,4),(3,4,4),(3,3,4),(4,3,4),(4,2,4),(5,2,4),(6,2,4),(6,1,4),(6,0,4),
54:(8,3,8),(7,3,8),(6,3,8),(5,3,8),(4,3,8),(3,3,8),(2,3,8),(2,4,8),(2,5,8),(2,6,8),(2,7,8),(2,7,8),(2,7,7),(2,7,6),(2,7,5),(2,7,4),
55:(8,1,5),(7,1,5),(6,1,5),(5,1,5),(4,1,5),(3,1,5),(2,1,5),(2,1,6),(2,1,7),
56:(1,6,7),(1,5,7),(1,4,7),
57:(2,6,3),(2,6,4),(2,5,4),(2,4,4),(2,3,4),
58:(3,6,1),(3,5,1),
59:(3,1,3),(4,1,3),(5,1,3),(6,1,3),(7,1,3),(8,1,3),(8,1,2),(8,1,1),
60:(5,5,2),(6,5,2),(7,5,2),(8,5,2),(8,4,2),(8,3,2),
61:(5,8,6),(4,8,6),(3,8,6),(2,8,6),
62:(4,7,5),(4,7,4),(5,7,4),(5,6,4),(5,5,4),
63:(8,0,0),(7,0,0),(6,0,0),(5,0,0),(4,0,0),(3,0,0),(2,0,0),(2,1,0),(2,2,0),(2,3,0),(2,4,0),
64:(0,2,7),(0,2,6),(0,2,5),(0,2,4),(0,2,3),(0,2,2),(0,2,1),(1,2,1),(1,2,0),(2,2,0),(2,3,0),(2,3,-1),(3,3,-1),(4,3,-1),(5,3,-1),(6,3,-1),(7,3,-1),(7,4,-1),(7,4,0),
65:(7,6,0),(6,6,0),(5,6,0),(5,6,1),(4,6,1),(4,6,2),(4,6,3),(4,5,3),(4,4,3),(4,3,3),
66:(0,3,7),(1,3,7),(2,3,7),(3,3,7),(4,3,7),(4,3,6),(4,3,5),(4,3,4),(4,3,3),(4,3,2),(4,3,1),(4,2,1),(5,2,1),
67:(7,3,2),(8,3,2),(8,3,3),(8,3,4),(8,3,5),(8,4,5),(8,5,5),(8,6,5),(8,6,6),
68:(3,1,0),(2,1,0),(1,1,0),(0,1,0),(0,1,1),(0,1,2),(0,1,3),(0,2,3),(0,2,4),(0,3,4),(0,4,4),(0,4,5),(0,5,5),(0,6,5),(0,7,5),(0,7,6),(0,8,6),
69:(5,1,6),(6,1,6),(7,1,6),(7,1,5),(7,1,4),(7,1,3),(7,0,3),
70:(5,0,0),(5,0,1),(6,0,1),(7,0,1),(8,0,1),(8,0,2),(8,0,3),(8,0,4),(8,0,5),(8,1,5),(8,2,5),(8,3,5),
71:(0,1,5),(0,2,5),(0,3,5),(0,4,5),(0,5,5),(0,6,5),(0,7,5),(0,8,5),(1,8,5),(2,8,5),(3,8,5),(3,8,6),
72:(8,4,5),(7,4,5),(6,4,5),(5,4,5),(4,4,5),(3,4,5),(2,4,5),(2,4,4),(2,4,3),(2,5,3),(2,6,3),(2,6,3),(1,6,3),
73:(6,1,6),(6,2,6),(6,3,6),
74:(1,3,2),(0,3,2),(0,3,3),(0,4,3),
75:(8,5,6),(8,5,5),(8,5,4),(8,4,4),(8,3,4),(8,2,4),(8,2,3),(7,2,3),(6,2,3),
76:(3,2,6),(4,2,6),(5,2,6),(6,2,6),(7,2,6),(8,2,6),(8,1,6),(8,1,7),
77:(5,1,2),(4,1,2),(4,1,1),(4,1,0),(4,2,0),
78:(8,1,4),(7,1,4),(6,1,4),(5,1,4),(5,1,5),(4,1,5),(4,1,6),(4,1,7),(4,2,7),(4,3,7),(4,4,7),(4,5,7),
79:(3,6,6),(3,6,5),(4,6,5),(5,6,5),(5,6,4),(5,6,3),(5,5,3),(5,4,3),(5,3,3),(5,2,3),
80:(3,1,8),(3,1,7),(3,1,6),(3,1,5),(3,2,5),(3,2,4),(3,2,3),
81:(2,8,3),(3,8,3),(4,8,3),(5,8,3),(6,8,3),(7,8,3),(8,8,3),(8,8,4),(8,8,5),(8,7,5),(8,6,5),(8,5,5),(8,4,5),(8,4,6),(8,3,6),(8,3,7),(8,3,8),(8,2,8),
82:(3,6,3),(4,6,3),(5,6,3),(6,6,3),(6,6,4),(6,6,5),(6,6,6),(6,6,7),(6,5,7),(6,4,7),(6,3,7),(6,2,7),(6,1,7),(6,0,7),
83:(7,3,7),(6,3,7),(5,3,7),(4,3,7),(4,4,7),(3,4,7),(2,4,7),(2,5,7),(1,5,7),
84:(2,4,2),(3,4,2),(4,4,2),(5,4,2),(6,4,2),(7,4,2),(8,4,2),(8,4,1),(8,3,1),(8,2,1),
85:(1,6,5),(2,6,5),(2,6,6),(3,6,6),(3,6,7),(3,5,7),(4,5,7),(4,5,8),(4,4,8),(5,4,8),(5,3,8),(5,2,8),
86:(3,5,3),(4,5,3),(4,5,4),(4,4,4),
87:(5,7,2),(6,7,2),(7,7,2),(7,7,3),(7,7,4),(7,7,4),(7,6,4),
88:(0,2,2),(1,2,2),(2,2,2),(3,2,2),(3,2,3),(3,3,3),
89:(7,1,6),(7,2,6),(6,2,6),(6,2,5),(6,3,5),(6,4,5),(6,5,5),
90:(0,5,0),(1,5,0),(1,5,1),(1,5,2),(1,4,2),(1,3,2),(1,2,2),(1,1,2),(1,0,2),
91:(2,0,3),(3,0,3),(4,0,3),(5,0,3),(5,0,2),(5,0,1),(5,0,0),(5,1,0),(5,2,0),(5,3,0),(5,4,0),(5,5,0),(5,6,0),(5,7,0),
92:(3,4,4),(3,5,4),(3,6,4),(4,6,4),(4,7,4),(4,8,4),(5,8,4),
93:(1,0,6),(2,0,6),(3,0,6),(3,0,7),
94:(5,2,5),(4,2,5),(4,2,4),(3,2,4),(3,3,4),(3,4,4),(2,4,4),(1,4,4),(1,5,4),(1,6,4),(0,6,4),
95:(4,5,3),(4,5,4),(4,4,4),(4,3,4),(4,2,4),(5,2,4),(5,2,4),(5,1,4),
96:(5,1,0),(4,1,0),(3,1,0),(3,1,1),(3,1,2),(3,2,2),(3,3,2),(3,4,2),(3,4,3),
97:(6,6,7),(5,6,7),(4,6,7),(4,6,6),(4,6,5),(3,6,5),(3,7,5),(3,8,5),(3,8,4),(3,9,4),(3,9,3),(3,9,2),(3,8,2),
98:(0,0,2),(1,0,2),(2,0,2),(3,0,2),(4,0,2),(5,0,2),(6,0,2),(7,0,2),(7,1,2),(7,1,3),(7,2,3),(7,3,3),(7,3,4),(7,4,4),(7,4,5),(8,4,5),(8,5,5),(8,6,5),(8,7,5),
99:(7,1,4),(7,2,4),(7,2,3),(7,2,2),(7,3,2),
100:(0,1,2),(0,1,3),(0,1,4),(0,1,5),(0,2,5),(0,2,6),(0,2,7),(0,3,7),
101:(3,6,8),(4,6,8),(5,6,8),(5,6,7),(5,6,6),(5,6,5),(5,6,4),(5,6,3),(5,6,2),(5,7,2),
102:(2,4,7),(3,4,7),(4,4,7),(5,4,7),(6,4,7),(7,4,7),(7,5,7),(7,6,7),
103:(0,1,3),(1,1,3),(2,1,3),(3,1,3),(4,1,3),(5,1,3),(6,1,3),(6,1,4),(6,1,5),(6,1,6),(6,1,7),(6,1,8),(6,0,8),
104:(4,7,4),(3,7,4),(3,7,3),(3,7,2),(3,6,2),(3,6,1),(3,6,0),(3,5,0),(3,4,0),(3,3,0),(3,3,0),(2,3,0),
105:(1,5,4),(0,5,4),(0,5,3),(0,5,2),(0,4,2),(0,3,2),(0,2,2),
106:(6,2,4),(6,2,5),(7,2,5),(7,2,6),(7,2,7),(7,2,8),(8,2,8),(8,3,8),(8,4,8),(8,5,8),
107:(0,0,4),(1,0,4),(2,0,4),(3,0,4),(4,0,4),(5,0,4),(6,0,4),(7,0,4),(7,0,5),(7,0,6),(7,0,7),(7,0,8),
108:(4,0,3),(4,0,2),(3,0,2),(3,0,1),(3,1,1),(3,2,1),(3,3,1),(3,4,1),
109:(7,8,3),(6,8,3),(6,7,3),(6,7,2),
110:(2,5,3),(3,5,3),(4,5,3),(4,5,4),(4,5,5),(4,6,5),(4,7,5),
111:(6,7,8),(6,7,7),(6,7,6),(6,7,5),(6,7,4),(6,7,3),(6,8,3),(6,8,2),(5,8,2),(5,8,1),(4,8,1),(3,8,1),(3,8,0),
112:(1,5,2),(0,5,2),(0,5,1),(0,6,1),
113:(3,6,7),(4,6,7),(4,6,6),(5,6,6),(6,6,6),(6,5,6),(6,4,6),(7,4,6),(8,4,6),(8,3,6),(8,2,6),(8,1,6),(8,1,5),(8,1,4),
114:(8,5,0),(7,5,0),(7,5,1),(7,4,1),(7,3,1),(7,2,1),
115:(7,4,8),(7,4,7),(6,4,7),(6,4,6),(5,4,6),(4,4,6),(4,3,6),(4,2,6),(4,1,6),(3,1,6),(2,1,6),(1,1,6),(1,0,6),
116:(5,3,0),(5,3,1),(5,3,2),(5,2,2),(5,1,2),(5,1,2),(5,1,3),(5,0,3),
117:(0,3,4),(0,4,4),(0,5,4),
118:(0,5,6),(1,5,6),(2,5,6),(3,5,6),(4,5,6),(5,5,6),(5,5,5),(5,4,5),(5,4,4),(6,4,4),(6,4,3),(6,4,2),(6,3,2),(6,2,2),
119:(6,6,6),(5,6,6),(5,7,6),(4,7,6),(3,7,6),(2,7,6),(2,6,6),
120:(2,5,2),(3,5,2),(4,5,2),(5,5,2),(6,5,2),(7,5,2),(7,6,2),(7,7,2),(7,8,2),
121:(6,8,0),(5,8,0),(5,8,1),(5,7,1),(5,7,2),(5,7,3),(4,7,3),
122:(6,0,3),(5,0,3),(5,0,2),(4,0,2),(4,1,2),(3,1,2),(2,1,2),(2,2,2),(2,3,2),(2,4,2),(2,5,2),(1,5,2),(0,5,2),(0,6,2),
123:(6,8,1),(7,8,1),(8,8,1),(8,7,1),(8,6,1),(8,5,1),(8,4,1),(8,3,1),(8,2,1),(8,2,2),
124:(3,8,0),(4,8,0),(5,8,0),(6,8,0),(7,8,0),(8,8,0),
125:(4,5,4),(4,5,5),(4,5,6),(4,5,7),(4,5,8),(4,4,8),(4,3,8),(4,2,8),
126:(2,5,5),(2,5,4),(2,5,3),(2,5,2),(2,5,1),(2,5,0),(2,6,0),
127:(8,1,7),(7,1,7),(7,2,7),(6,2,7),(5,2,7),(4,2,7),(4,2,6),(4,2,5),(3,2,5),(3,2,4),(2,2,4),(2,2,3),(2,2,2),(1,2,2),(1,2,1),(0,2,1),
128:(1,5,7),(2,5,7),(3,5,7),(3,5,8),(3,6,8),
129:(0,0,0),(1,0,0),(2,0,0),(2,0,1),(3,0,1),(4,0,1),(5,0,1),(5,0,2),(5,0,2),(5,1,2),
130:(7,6,3),(6,6,3),(6,6,4),(6,5,4),(6,5,5),(5,5,5),(4,5,5),(3,5,5),(2,5,5),(1,5,5),(1,5,6),(1,4,6),(1,3,6),(1,3,7),(1,2,7),(1,1,7),
131:(4,1,5),(3,1,5),(3,2,5),(3,3,5),(2,3,5),(2,4,5),(2,5,5),(2,5,4),(2,6,4),
132:(5,8,5),(4,8,5),(3,8,5),(3,7,5),(3,6,5),(3,6,4),(3,6,3),(3,6,2),(3,6,1),(3,6,0),
133:(1,6,4),(1,6,5),(2,6,5),(3,6,5),(3,6,6),(3,5,6),(3,4,6),(4,4,6),(4,3,6),(4,2,6),(4,2,7),
134:(1,6,8),(1,7,8),(1,8,8),
135:(1,1,7),(2,1,7),(2,1,6),(2,2,6),(2,3,6),(2,4,6),(2,5,6),(3,5,6),(3,5,5),(3,6,5),(4,6,5),(5,6,5),(5,6,4),(5,7,4),
136:(1,2,1),(2,2,1),(3,2,1),(4,2,1),(5,2,1),(6,2,1),(6,2,0),(7,2,0),(8,2,0),(8,3,0),
137:(0,6,2),(1,6,2),(2,6,2),(3,6,2),(4,6,2),(5,6,2),(5,6,1),(5,5,1),
138:(8,2,3),(7,2,3),(6,2,3),(6,3,3),(6,4,3),(6,4,2),(6,5,2),(6,6,2),(6,6,2),(5,6,2),
139:(3,1,2),(3,2,2),(4,2,2),(4,3,2),(5,3,2),(6,3,2),(6,4,2),(6,4,1),(6,5,1),(7,5,1),(8,5,1),
140:(7,3,3),(6,3,3),(5,3,3),(4,3,3),(3,3,3),(2,3,3),(2,2,3),(2,2,4),(2,2,5),(2,2,6),(2,2,7),(2,2,8),(2,1,8),(2,0,8),
141:(6,2,2),(5,2,2),(5,2,1),(5,2,0),(5,3,0),(5,4,0),(5,5,0),(5,6,0),(4,6,0),(4,7,0),
142:(4,3,4),(4,3,5),(4,3,6),(4,4,6),(4,4,6),(4,5,6),
143:(2,2,7),(2,2,6),(3,2,6),(3,2,5),(3,2,4),(3,2,3),(3,2,2),(3,2,1),
144:(2,5,4),(2,4,4),(3,4,4),(3,4,5),(3,4,6),(3,3,6),(3,3,7),(4,3,7),(5,3,7),(6,3,7),(6,3,8),
145:(0,6,5),(0,7,5),(1,7,5),(2,7,5),(3,7,5),(4,7,5),(4,7,4),(5,7,4),(6,7,4),(7,7,4),(8,7,4),(8,7,5),(8,7,6),
146:(1,0,0),(1,0,1),(1,0,2),(1,0,3),(1,0,4),(1,0,5),(1,0,6),(1,0,7),(1,1,7),(1,1,8),(1,2,8),(1,3,8),(2,3,8),(2,4,8),(2,5,8),(2,6,8),(2,7,8),(3,7,8),
147:(8,2,2),(7,2,2),(6,2,2),(6,2,3),(6,2,4),(6,2,5),(6,3,5),(6,4,5),(6,4,6),(6,5,6),
148:(3,3,3),(3,3,2),(3,4,2),(2,4,2),(2,5,2),(2,6,2),(2,7,2),(2,8,2),
149:(1,4,6),(1,4,5),(1,4,4),(1,4,3),(1,5,3),(1,5,2),(1,5,1),(1,5,0),(1,6,0),(1,7,0),(2,7,0),
150:(5,7,8),(4,7,8),(3,7,8),(2,7,8),(1,7,8),(1,7,7),(1,7,6),(1,7,5),(1,7,4),(1,7,4),(1,7,3),
151:(3,3,7),(3,3,6),(3,3,5),(3,3,4),(3,4,4),(3,4,3),(3,4,2),(4,4,2),(4,4,1),(4,4,0),(3,4,0),
152:(1,0,5),(2,0,5),(3,0,5),(4,0,5),(5,0,5),(5,0,5),(5,0,4),(6,0,4),(6,0,3),(6,0,2),(6,0,1),(6,1,1),
153:(0,4,0),(1,4,0),(2,4,0),(2,5,0),(2,6,0),(2,6,1),(2,7,1),
154:(5,4,6),(5,4,7),(5,5,7),
155:(6,0,2),(5,0,2),(4,0,2),(4,0,3),(3,0,3),(2,0,3),(1,0,3),(0,0,3),(0,0,4),(0,0,5),(0,0,6),(0,0,7),(0,0,8),(0,1,8),(0,2,8),
156:(7,3,8),(6,3,8),(5,3,8),(4,3,8),(3,3,8),(2,3,8),(1,3,8),(1,3,7),(1,3,6),(0,3,6),(0,3,5),(0,3,4),(0,3,3),(0,3,2),(0,3,1),(0,3,0),(0,4,0),
157:(3,8,5),(2,8,5),(1,8,5),(1,8,4),(1,8,3),(1,7,3),(1,6,3),(1,5,3),(1,4,3),(1,3,3),(1,2,3),
158:(1,6,2),(2,6,2),(3,6,2),(4,6,2),(5,6,2),(5,5,2),(5,4,2),(6,4,2),(6,3,2),(6,2,2),(6,1,2),(6,1,3),(6,0,3),
159:(1,5,8),(2,5,8),(2,5,7),(3,5,7),(4,5,7),(4,6,7),(4,7,7),(4,8,7),(5,8,7),
160:(6,7,7),(7,7,7),(8,7,7),(8,7,6),(8,7,5),(8,7,4),(8,7,3),(8,7,2),(8,7,1),(8,6,1),
161:(6,2,8),(6,2,7),(5,2,7),(4,2,7),(4,2,6),(4,2,5),(3,2,5),(2,2,5),(2,3,5),(1,3,5),(1,4,5),
162:(3,0,2),(3,1,2),(3,1,3),(3,2,3),(4,2,3),(4,2,4),(3,2,4),(3,2,5),(3,3,5),(3,4,5),(3,5,5),(3,6,5),(3,7,5),
163:(7,3,5),(6,3,5),(5,3,5),(5,3,6),(5,3,7),(5,4,7),(4,4,7),(3,4,7),(2,4,7),(2,5,7),(2,6,7),(2,7,7),(2,8,7),
164:(1,7,6),(1,6,6),(1,5,6),(2,5,6),(3,5,6),(3,4,6),(4,4,6),(4,3,6),(4,2,6),(5,2,6),(6,2,6),(7,2,6),(8,2,6),(8,1,6),
165:(0,0,7),(1,0,7),(2,0,7),(2,0,8),(3,0,8),(3,1,8),(3,2,8),(3,3,8),(3,4,8),(3,5,8),
166:(5,4,2),(4,4,2),(4,4,1),(4,5,1),(4,5,1),(4,6,1),(3,6,1),(3,7,1),(3,8,1),(2,8,1),
167:(7,4,5),(6,4,5),(5,4,5),(4,4,5),(4,3,5),(4,3,4),(4,3,3),(4,3,2),(4,2,2),(4,1,2),(3,1,2),(2,1,2),(1,1,2),(0,1,2),
168:(8,8,3),(7,8,3),(6,8,3),(6,8,4),(5,8,4),(5,8,5),(4,8,5),(4,8,6),(3,8,6),(3,7,6),
169:(2,4,4),(2,4,3),(3,4,3),(4,4,3),(4,4,2),(4,5,2),
170:(4,6,1),(5,6,1),(5,6,2),(5,6,3),(5,5,3),(4,5,3),(4,5,4),(4,5,5),(4,4,5),(4,4,6),(5,4,6),(5,3,6),
171:(1,3,6),(2,3,6),(2,3,5),(2,3,4),(2,3,3),(2,3,2),(2,4,2),(2,5,2),(2,6,2),
172:(6,6,4),(5,6,4),(4,6,4),(4,6,3),(3,6,3),(3,6,2),(2,6,2),(1,6,2),(1,6,1),(1,5,1),
173:(5,7,1),(5,7,1),(5,6,1),(5,5,1),(5,4,1),(4,4,1),(4,3,1),(4,2,1),(4,1,1),(3,1,1),(3,0,1),(2,0,1),
174:(1,3,4),(1,4,4),(1,5,4),(1,6,4),(1,7,4),(1,8,4),
175:(8,7,7),(8,7,6),(8,7,5),(7,7,5),(6,7,5),(5,7,5),(5,6,5),(4,6,5),(3,6,5),(2,6,5),(1,6,5),(1,6,4),(1,5,4),(1,5,3),
176:(2,7,8),(3,7,8),(3,6,8),(4,6,8),(5,6,8),(6,6,8),(7,6,8),(7,5,8),(7,5,7),(7,4,7),(7,3,7),(7,3,6),
177:(7,2,1),(7,2,0),(7,3,0),(7,4,0),(7,5,0),(7,6,0),(7,7,0),
178:(7,4,1),(7,4,2),(7,4,3),(7,5,3),(7,6,3),(6,6,3),(5,6,3),(4,6,3),(3,6,3),(2,6,3),(2,7,3),
179:(5,2,2),(4,2,2),(4,2,3),(4,2,4),(4,2,5),(4,3,5),(4,4,5),(4,4,5),(4,4,6),(4,4,7),(4,4,8),
180:(3,0,3),(3,0,4),(3,0,4),(3,0,5),(2,0,5),(2,0,6),(2,0,7),(2,1,7),(2,2,7),(2,3,7),
181:(4,3,2),(5,3,2),(6,3,2),(7,3,2),(8,3,2),(8,3,3),(8,3,4),(8,4,4),
182:(6,4,1),(6,4,2),(6,4,3),(6,4,4),(6,4,5),(5,4,5),(5,4,6),(5,5,6),(5,5,6),(5,5,5),
183:(8,4,2),(8,4,1),(7,4,1),(6,4,1),(6,4,0),(6,3,0),(5,3,0),(4,3,0),(3,3,0),(3,2,0),(2,2,0),(1,2,0),
184:(1,7,4),(1,7,3),(2,7,3),(3,7,3),(3,7,3),(4,7,3),(4,8,3),(5,8,3),
185:(0,6,6),(0,6,5),(1,6,5),(1,5,5),(1,5,4),(1,4,4),(1,3,4),(1,2,4),
186:(4,0,5),(4,0,4),(4,1,4),(4,1,3),(5,1,3),(6,1,3),(6,1,2),(5,1,2),(5,1,1),(5,1,0),
187:(3,5,7),(3,5,6),(3,4,6),(3,3,6),(3,3,5),(3,2,5),(3,1,5),(3,0,5),(4,0,5),(5,0,5),(5,0,4),
188:(7,0,8),(6,0,8),(5,0,8),(4,0,8),(4,1,8),(4,1,7),(4,2,7),(3,2,7),(3,3,7),(3,3,6),(2,3,6),(1,3,6),(0,3,6),(0,3,5),(0,4,5),(0,5,5),(0,6,5),(0,7,5),(0,7,4),(0,8,4),
189:(2,4,5),(3,4,5),(3,5,5),(3,5,4),(3,6,4),(4,6,4),(4,6,4),(5,6,4),(5,6,3),(6,6,3),
190:(4,4,8),(5,4,8),(6,4,8),(7,4,8),(7,4,7),(7,4,6),(7,4,5),(7,4,4),(7,3,4),(7,3,3),(7,3,3),(8,3,3),(8,3,3),(8,2,3),
191:(7,7,6),(7,6,6),(6,6,6),(6,6,7),(6,5,7),(6,4,7),(5,4,7),(4,4,7),(3,4,7),(3,3,7),(3,2,7),(2,2,7),
192:(3,5,2),(4,5,2),(5,5,2),(5,5,3),(5,4,3),(5,4,2),(5,4,1),(5,3,1),
193:(5,3,2),(5,3,3),(5,2,3),(5,1,3),(5,0,3),(4,0,3),
194:(5,6,8),(6,6,8),(7,6,8),(8,6,8),(8,6,7),(8,6,6),(8,7,6),(8,8,6),
195:(5,3,7),(5,3,6),(5,4,6),(5,5,6),(6,5,6),(7,5,6),(7,6,6),(7,7,6),
196:(5,8,0),(5,8,1),(4,8,1),(3,8,1),(2,8,1),(2,8,2),(2,8,3),(2,7,3),(2,7,4),(2,7,5),(1,7,5),(1,7,6),(1,6,6),
197:(4,8,1),(3,8,1),(2,8,1),(1,8,1),(1,8,2),(1,7,2),(1,6,2),(1,5,2),(1,4,2),
198:(5,0,1),(5,1,1),(5,1,2),(4,1,2),(4,2,2),(4,2,3),(4,2,4),(3,2,4),(2,2,4),(2,2,5),(2,2,6),(1,2,6),(1,2,7),(1,2,8),(1,3,8),(1,4,8),
199:(1,6,0),(2,6,0),(2,6,1),(2,6,2),(2,6,3),(2,6,4),(2,6,5),(3,6,5),(3,6,6),(4,6,6),(5,6,6),(6,6,6),(6,6,7),(6,7,7),(6,8,7),
200:(2,0,1),(3,0,1),(4,0,1),(5,0,1),(5,1,1),(5,2,1),(5,3,1),(5,3,2),(5,4,2),(6,4,2),(6,5,2),(6,6,2),
201:(5,0,8),(5,1,8),(5,2,8),(5,2,8),(5,3,8),(5,3,7),(5,3,6),(5,4,6),(5,4,7),(5,4,6),(5,5,6),
202:(6,4,2),(5,4,2),(5,4,3),(5,3,3),(5,3,4),(5,3,5),
203:(8,6,5),(7,6,5),(7,6,4),(7,6,3),(7,6,2),(7,6,1),(7,6,1),(6,6,1),
204:(7,5,0),(6,5,0),(6,5,1),(6,5,2),(6,6,2),(6,6,2),(6,6,3),(6,6,4),(6,6,5),(6,6,6),(6,6,7),(6,6,8),
205:(1,3,7),(1,3,6),(1,3,5),(1,3,4),(1,3,3),(1,2,3),(1,2,3),(1,2,2),(1,2,1),(0,2,1),(0,2,0),
206:(1,8,5),(1,8,6),(2,8,6),(2,8,7),(3,8,7),(3,7,7),(3,6,7),(4,6,7),
207:(1,7,8),(2,7,8),(2,7,7),(3,7,7),(4,7,7),(5,7,7),(6,7,7),(6,7,6),(6,7,5),(7,7,5),(7,7,4),(7,7,3),(7,7,2),(7,7,1),(7,6,1),(7,5,1),(7,4,1),
208:(8,8,5),(8,8,4),(8,8,3),(8,7,3),(8,6,3),(8,5,3),(8,4,3),(8,3,3),(7,3,3),(7,2,3),(7,2,2),(7,1,2),(7,1,1),(7,1,0),(6,1,0),
209:(6,2,3),(6,2,4),(7,2,4),(7,3,4),(7,4,4),(7,5,4),(6,5,4),
210:(0,8,7),(1,8,7),(2,8,7),(3,8,7),(4,8,7),(4,8,6),(4,7,6),(4,6,6),(4,6,5),(4,5,5),(4,5,4),(4,5,3),(4,4,3),(4,4,2),(4,4,1),(4,3,1),(4,2,1),
211:(7,4,6),(6,4,6),(6,4,6),(6,4,5),(5,4,5),(4,4,5),(3,4,5),(2,4,5),(1,4,5),(1,4,4),(1,3,4),
212:(0,0,3),(1,0,3),(2,0,3),(2,0,4),(2,1,4),(2,1,5),(2,2,5),(2,3,5),(2,4,5),(2,4,6),
213:(5,5,4),(5,4,4),(5,3,4),(5,3,5),(5,2,5),(5,2,5),(4,2,5),(4,1,5),(4,1,5),(3,1,5),(2,1,5),
214:(4,3,6),(4,4,6),(4,4,5),(4,3,5),(5,3,5),(6,3,5),(6,3,4),
215:(4,0,4),(4,1,4),(4,1,3),(4,2,3),(4,3,3),(4,4,3),(4,5,3),(4,5,4),(4,6,4),
216:(5,5,0),(5,6,0),(5,7,0),(5,8,0),(6,8,0),(7,8,0),(7,8,1),(8,8,1),(8,8,2),(8,8,3),(8,8,4),(8,8,5),
217:(7,0,5),(6,0,5),(6,0,6),(6,0,7),(6,1,7),(6,2,7),(6,3,7),(6,4,7),(6,4,7),(5,4,7),(5,4,7),(4,4,7),(3,4,7),(3,5,7),(3,6,7),(3,7,7),
218:(6,1,1),(6,1,2),(6,1,2),(6,2,2),(6,2,3),(6,2,3),(6,2,4),(6,2,5),(6,2,6),(6,2,7),(5,2,7),(5,3,7),(5,3,8),(5,4,8),
219:(4,8,3),(4,7,3),(4,6,3),(4,5,3),(4,5,2),(4,5,1),(4,4,1),(4,3,1),(4,2,1),(4,1,1),(4,0,1),
220:(7,8,7),(7,8,6),(7,7,6),(7,6,6),(7,5,6),(7,5,5),(7,5,5),(7,4,5),(8,4,5),(8,3,5),(8,3,4),(8,3,4),(8,3,4),(8,3,3),
221:(8,0,1),(7,0,1),(7,0,2),(7,0,3),(7,0,4),(7,1,4),(7,2,4),
222:(0,1,1),(1,1,1),(2,1,1),(2,2,1),(2,3,1),(2,4,1),(2,5,1),
223:(2,3,7),(3,3,7),(4,3,7),(4,4,7),(4,4,8),(5,4,8),(5,5,8),
224:(8,3,3),(7,3,3),(7,3,4),(7,4,4),(6,4,4),(5,4,4),(5,4,3),(4,4,3),(4,4,2),(3,4,2),(2,4,2),(2,4,3),(2,4,4),
225:(6,5,3),(5,5,3),(5,5,4),(5,5,5),(5,5,5),(4,5,5),(3,5,5),(3,4,5),(3,4,5),(4,4,5),
226:(3,4,6),(3,4,6),(3,4,7),(3,4,8),(3,5,8),(4,5,8),(4,6,8),(5,6,8),(5,7,8),(5,8,8),
227:(3,2,4),(4,2,4),(5,2,4),(6,2,4),(7,2,4),(7,2,3),(7,3,3),(7,3,3),(7,4,3),
228:(3,8,6),(2,8,6),(2,7,6),(1,7,6),(0,7,6),(0,6,6),(0,5,6),(0,4,6),
229:(8,4,6),(8,3,6),(8,2,6),(8,1,6),(7,1,6),(6,1,6),(5,1,6),(4,1,6),(3,1,6),(3,1,7),(3,1,7),(3,2,7),
230:(1,0,2),(1,1,2),(0,1,2),(0,1,3),(0,1,4),
231:(1,8,7),(1,7,7),(0,7,7),(0,6,7),(0,5,7),(0,4,7),(0,3,7),(-1,3,7),(-1,2,7),(0,2,7),
232:(2,4,0),(2,4,1),(1,4,1),(1,3,1),(1,3,2),(1,2,2),(1,1,2),(1,1,3),(1,1,4),(1,1,5),(0,1,5),
233:(7,4,4),(6,4,4),(6,5,4),(6,5,5),(6,6,5),(6,7,5),(6,7,4),(6,8,4),
234:(7,0,7),(8,0,7),(8,1,7),(8,2,7),(8,3,7),(8,3,8),(8,4,8),(8,5,8),(8,6,8),(7,6,8),(7,7,8),
235:(4,1,0),(3,1,0),(2,1,0),(1,1,0),(1,1,1),(1,2,1),(1,3,1),(1,3,2),
236:(8,8,7),(7,8,7),(6,8,7),(5,8,7),(5,8,6),(5,8,6),(4,8,6),(3,8,6),(3,7,6),(2,7,6),(1,7,6),(0,7,6),(0,6,6),
237:(6,6,0),(6,6,1),(6,6,1),(6,5,1),(6,4,1),(6,3,1),(6,2,1),(5,2,1),(5,2,1),(4,2,1),(4,2,2),(3,2,2),
238:(1,6,1),(2,6,1),(3,6,1),(4,6,1),(4,6,0),(5,6,0),(6,6,0),(6,5,0),(6,4,0),(6,3,0),(6,2,0),
239:(5,0,6),(4,0,6),(4,0,5),(4,0,4),(4,0,3),(4,0,2),(3,0,2),(2,0,2),(2,1,2),(2,2,2),(2,3,2),(2,3,1),(2,4,1),(1,4,1),(1,4,0),(1,5,0),
240:(7,7,4),(8,7,4),(8,6,4),(8,6,5),(8,6,5),(8,5,5),(8,5,6),
241:(4,8,8),(3,8,8),(3,8,7),(3,8,6),(3,8,5),(2,8,5),(2,7,5),(2,6,5),(2,6,5),(2,5,5),(2,4,5),(2,3,5),(2,2,5),(2,2,4),(2,2,3),(2,1,3),(1,1,3),
242:(3,3,1),(4,3,1),(5,3,1),(5,3,2),(5,4,2),(5,4,1),(5,5,1),(5,5,2),(5,5,3),(5,6,3),(5,6,4),(6,6,4),(6,6,5),
