soc=2363
lb_soc=1485
makespan=19
lb_makespan=14
comp_time=7650
highLevelExpanded=52
lowLevelExpanded=14484
solution=
0:(1,0,6),(2,0,6),(3,0,6),(4,0,6),(4,0,5),(4,1,5),(4,2,5),(4,3,5),(4,4,5),(4,5,5),(5,5,5),(5,6,5),(5,7,5),(4,7,5),
1:(6,7,5),(7,7,5),(8,7,5),(8,6,5),(8,5,5),(8,4,5),(8,3,5),(8,2,5),(8,1,5),
2:(5,6,0),(4,6,0),(3,6,0),(2,6,0),(2,6,1),(2,6,2),(2,6,3),(2,5,3),(2,4,3),(2,3,3),(2,2,3),(2,1,3),(2,0,3),
3:(8,3,8),(7,3,8),(6,3,8),(6,3,7),(6,3,6),(6,3,5),(6,3,4),(6,3,3),(6,4,3),(6,5,3),(6,6,3),
4:(6,4,5),(5,4,5),(5,4,6),(5,4,7),(5,3,7),(5,2,7),(5,1,7),
5:(5,2,2),(4,2,2),(3,2,2),(3,2,3),(3,2,4),(3,2,5),(3,2,6),(3,2,7),(3,2,8),(3,1,8),(3,0,8),
6:(3,7,6),(2,7,6),(1,7,6),(0,7,6),(0,7,5),(0,6,5),(0,5,5),(0,4,5),(0,3,5),(0,2,5),(0,1,5),(0,0,5),
7:(5,7,3),(6,7,3),(7,7,3),(8,7,3),(8,7,4),(8,7,5),(8,6,5),(8,5,5),(8,4,5),(8,3,5),
8:(7,5,1),(6,5,1),(5,5,1),(4,5,1),(4,5,0),(4,4,0),(4,3,0),
9:(8,0,5),(8,0,6),(8,0,7),(8,0,8),(8,1,8),(8,2,8),(8,3,8),
10:(8,0,7),(8,1,7),(8,2,7),(8,1,7),(7,1,7),(7,2,7),(6,2,7),(6,3,7),(5,3,7),(5,4,7),(5,4,6),
11:(2,2,3),(3,2,3),(4,2,3),(5,2,3),(6,2,3),(7,2,3),(8,2,3),(8,2,4),(8,3,4),(8,4,4),(8,4,5),
12:(2,5,2),(3,5,2),(4,5,2),(5,5,2),(5,5,3),(5,4,3),
13:(8,3,0),(7,3,0),(6,3,0),(5,3,0),(4,3,0),(3,3,0),(2,3,0),(2,2,0),(2,1,0),
14:(0,6,6),(1,6,6),(1,6,5),(1,6,4),(1,6,3),(1,6,2),(1,6,1),(1,5,1),(1,4,1),(1,3,1),(1,2,1),(1,1,1),
15:(1,1,6),(2,1,6),(3,1,6),(4,1,6),(5,1,6),(5,1,7),(5,1,8),(5,2,8),(5,3,8),(5,4,8),(5,5,8),(5,6,8),(5,7,8),(5,8,8),
16:(8,8,5),(7,8,5),(6,8,5),(5,8,5),(5,8,4),(5,8,3),(5,8,2),(5,8,1),(5,7,1),(5,6,1),
17:(8,0,4),(7,0,4),(6,0,4),(6,0,3),(6,0,2),(6,0,1),(5,0,1),(5,1,1),(5,2,1),(5,3,1),(5,4,1),(4,4,1),(4,5,1),(4,6,1),(3,6,1),(3,7,1),(3,8,1),(2,8,1),
18:(5,7,4),(4,7,4),(3,7,4),(2,7,4),(1,7,4),(1,7,3),(1,6,3),(1,5,3),(1,4,3),(1,3,3),(1,2,3),(1,1,3),
19:(7,6,3),(6,6,3),(5,6,3),(4,6,3),(3,6,3),(3,6,4),(3,6,5),(3,7,5),(3,8,5),(3,8,6),
20:(3,4,2),(4,4,2),(5,4,2),(6,4,2),(7,4,2),(7,4,3),(7,4,4),(7,4,5),(7,4,6),
21:(5,8,7),(6,8,7),(6,8,6),(6,8,5),(6,8,4),(6,8,3),(6,7,3),
22:(4,5,1),(5,5,1),(5,5,2),(5,5,3),(5,4,3),(5,3,3),(5,2,3),(5,1,3),(5,0,3),
23:(6,8,2),(5,8,2),(4,8,2),(3,8,2),(2,8,2),(2,8,1),(2,8,0),(2,7,0),(2,6,0),(2,5,0),(2,4,0),(2,3,0),(2,2,0),
24:(6,7,3),(6,7,2),(5,7,2),(4,7,2),
25:(0,2,5),(1,2,5),(1,2,4),(1,3,4),(1,4,4),(1,5,4),(1,6,4),(1,7,4),(1,7,3),(1,8,3),
26:(8,4,0),(7,4,0),(6,4,0),(5,4,0),(5,4,1),(5,4,2),(5,3,2),(5,3,3),(5,3,4),(5,2,4),(5,1,4),
27:(5,2,0),(4,2,0),(3,2,0),(2,2,0),(1,2,0),(1,2,1),(1,2,2),(1,2,3),(1,1,3),(1,0,3),
28:(7,0,3),(7,0,3),(7,1,3),(7,2,3),(7,3,3),(6,3,3),(6,3,3),(6,4,3),(6,5,3),(6,6,3),(6,6,4),(5,6,4),(5,6,5),(5,6,6),(5,7,6),(5,7,7),
29:(8,1,6),(7,1,6),(6,1,6),(6,1,5),(6,1,4),(6,1,3),(6,1,2),(6,1,1),(6,2,1),(6,3,1),
30:(3,8,4),(2,8,4),(1,8,4),(1,7,4),(1,7,3),(1,7,2),(1,7,1),(1,7,0),(1,6,0),(1,5,0),(1,4,0),(1,3,0),(1,2,0),(0,2,0),(0,1,0),
31:(4,2,1),(3,2,1),(2,2,1),(2,1,1),
32:(1,4,6),(2,4,6),(3,4,6),(4,4,6),(4,4,5),(4,4,4),(4,4,3),(4,4,2),(4,4,1),(4,4,0),(3,4,0),(3,3,0),(3,2,0),(4,2,0),(4,1,0),
33:(4,3,5),(4,3,4),(5,3,4),(5,3,3),(5,3,2),(5,3,1),(5,3,0),(5,2,0),(5,1,0),
34:(7,5,5),(6,5,5),(5,5,5),(4,5,5),(3,5,5),(3,5,4),(3,5,3),(3,5,2),(3,6,2),
35:(5,3,1),(4,3,1),(4,3,2),(4,3,3),(4,3,4),(4,2,4),(4,2,4),(4,2,5),
36:(7,8,8),(6,8,8),(5,8,8),(4,8,8),(3,8,8),(3,8,7),(3,8,6),(3,8,5),(3,8,4),(3,8,3),(3,8,2),(3,8,1),(3,8,0),
37:(2,5,3),(1,5,3),(0,5,3),(0,6,3),(0,7,3),
38:(3,5,7),(2,5,7),(2,6,7),
39:(5,4,1),(4,4,1),(3,4,1),(2,4,1),(1,4,1),(0,4,1),(0,4,2),(0,4,3),(0,4,4),
40:(7,1,1),(6,1,1),(5,1,1),(4,1,1),(3,1,1),(3,2,1),(2,2,1),(1,2,1),(0,2,1),
41:(8,3,5),(7,3,5),(7,4,5),(7,5,5),(6,5,5),(6,5,4),(6,6,4),(5,6,4),(5,6,3),(4,6,3),(3,6,3),
42:(5,5,6),(6,5,6),(7,5,6),(7,5,7),(7,4,7),(7,3,7),(7,2,7),
43:(3,3,2),(4,3,2),(5,3,2),(6,3,2),(7,3,2),(8,3,2),(8,3,3),(8,3,4),(8,3,5),(8,3,6),(8,4,6),(8,5,6),(8,6,6),(8,7,6),(8,7,7),(8,8,7),
44:(0,6,2),(1,6,2),(2,6,2),(3,6,2),(4,6,2),(5,6,2),(5,6,3),(5,5,3),(5,5,3),(5,5,4),(5,5,4),(6,5,4),(7,5,4),
45:(5,8,0),(4,8,0),(3,8,0),(2,8,0),(1,8,0),(1,8,1),(1,8,2),(1,8,3),(1,8,4),(1,8,5),(1,8,6),(1,7,6),(1,6,6),(1,5,6),(1,4,6),(1,4,7),
46:(0,5,2),(1,5,2),(2,5,2),(3,5,2),(4,5,2),(5,5,2),(5,5,1),(5,5,0),(6,5,0),(7,5,0),
47:(7,2,4),(6,2,4),(6,2,5),(6,2,6),(6,2,7),(6,2,7),(5,2,7),
48:(7,7,3),(7,7,2),(6,7,2),(5,7,2),(5,7,1),(4,7,1),(3,7,1),(2,7,1),(1,7,1),(1,7,0),(1,8,0),
49:(6,1,1),(6,2,1),(7,2,1),(7,3,1),(7,4,1),(7,5,1),(7,6,1),(7,7,1),(7,7,2),(7,7,3),
50:(0,3,8),(0,3,7),(0,3,6),(1,3,6),(1,2,6),(2,2,6),(2,2,5),(2,2,4),(2,2,3),(3,2,3),(3,2,2),(4,2,2),(5,2,2),(6,2,2),(6,2,1),(7,2,1),(7,2,0),(7,3,0),
51:(1,0,2),(2,0,2),(3,0,2),(4,0,2),(5,0,2),(6,0,2),(7,0,2),(8,0,2),(8,0,3),(8,0,4),(8,0,5),(8,0,6),(8,1,6),(8,2,6),
52:(2,6,5),(3,6,5),(4,6,5),(5,6,5),(6,6,5),(7,6,5),(7,6,6),(7,6,7),(7,6,8),(7,7,8),(7,8,8),
53:(1,2,5),(2,2,5),(3,2,5),(4,2,5),(4,2,6),(4,2,7),(4,2,8),(4,3,8),(4,3,8),(5,3,8),
54:(7,4,7),(8,4,7),(8,3,7),(8,2,7),(8,1,7),
55:(4,2,5),(4,2,5),(4,2,4),(4,2,3),(4,2,2),(4,2,1),(4,3,1),
56:(3,8,6),(4,8,6),(5,8,6),(6,8,6),(7,8,6),(8,8,6),(8,8,5),(8,8,4),(8,8,3),(8,8,2),(8,8,1),
57:(5,4,8),(6,4,8),(6,4,7),(6,4,6),(6,4,5),(6,4,4),(6,4,3),(6,4,2),(6,5,2),(6,6,2),(6,7,2),(6,8,2),
58:(6,6,5),(5,6,5),(5,6,4),(4,6,4),(4,6,3),(4,6,2),(3,6,2),(2,6,2),(2,5,2),(1,5,2),(1,5,1),(1,5,0),
59:(2,6,0),(1,6,0),(0,6,0),(0,6,1),(0,6,2),(0,6,3),(0,6,4),(0,6,5),(0,5,5),(0,5,6),(0,5,7),(0,5,8),(0,4,8),(0,3,8),
60:(2,7,2),(3,7,2),(3,7,3),(3,7,4),(3,7,5),(3,6,5),(3,5,5),(3,4,5),(2,4,5),(2,4,6),(3,4,6),(3,4,7),(3,3,7),
61:(7,1,5),(8,1,5),(8,1,6),(8,2,6),(8,3,6),(8,3,7),(8,4,7),(8,5,7),(8,6,7),
62:(4,0,6),(5,0,6),(6,0,6),(7,0,6),(8,0,6),(8,0,5),(8,0,4),(8,0,3),(8,1,3),(8,1,2),(8,1,1),(8,1,0),
63:(2,7,8),(3,7,8),(4,7,8),(5,7,8),(6,7,8),(7,7,8),(7,6,8),(7,5,8),(7,5,7),(7,4,7),(7,3,7),(7,3,6),(7,2,6),(7,2,5),(7,2,5),(7,2,4),(7,2,3),(7,2,2),(7,1,2),(8,1,2),
64:(7,8,1),(6,8,1),(6,8,2),(6,8,3),(6,7,3),(6,7,4),(6,7,5),(6,7,6),(6,7,7),(6,7,8),(6,6,8),(6,5,8),(6,4,8),(6,3,8),(6,2,8),
65:(1,5,3),(1,5,4),(2,5,4),(3,5,4),(4,5,4),(5,5,4),(6,5,4),(7,5,4),(7,5,5),(7,5,6),(7,5,7),
66:(0,4,5),(1,4,5),(2,4,5),(3,4,5),(3,4,4),(3,4,3),(3,4,2),(3,4,2),(4,4,2),(5,4,2),(6,4,2),(7,4,2),
67:(2,0,3),(3,0,3),(4,0,3),(4,0,4),(4,1,4),(5,1,4),(5,1,5),(5,2,5),(5,3,5),(5,3,5),(5,4,5),(5,5,5),(6,5,5),(6,6,5),(6,6,6),(6,6,7),(7,6,7),
68:(2,0,7),(3,0,7),(4,0,7),(4,1,7),(5,1,7),(6,1,7),(7,1,7),(7,1,6),(8,1,6),(8,2,6),(8,2,5),(8,2,4),(8,3,4),(8,3,3),(8,4,3),(8,5,3),(8,5,2),(8,5,1),(8,5,0),(8,6,0),
69:(0,6,1),(1,6,1),(1,6,2),(1,5,2),(1,4,2),
70:(2,3,2),(2,3,3),(2,3,4),(2,3,5),(1,3,5),(1,3,6),(1,3,7),(1,4,7),(1,5,7),(1,6,7),
71:(2,2,8),(1,2,8),(0,2,8),(0,2,7),(0,2,6),(0,2,5),(0,2,4),(0,2,3),(0,2,2),(0,3,2),(0,4,2),(0,5,2),(0,6,2),
72:(0,4,0),(0,4,1),(0,4,2),(0,4,3),(0,4,4),(0,4,5),(1,4,5),(1,4,6),(2,4,6),(3,4,6),(4,4,6),(4,4,5),(4,3,5),
73:(0,7,2),(0,7,3),(0,7,4),(0,7,5),(0,6,5),(0,5,5),(0,4,5),(0,3,5),(0,3,6),(0,3,7),
74:(0,4,1),(1,4,1),(2,4,1),(2,4,2),(2,4,3),(2,4,4),(2,4,5),(2,4,6),(2,5,6),(2,6,6),(2,7,6),
75:(3,2,0),(2,2,0),(1,2,0),(1,2,1),(1,2,2),(1,2,3),(1,2,4),(1,2,5),(1,2,6),(1,2,7),(1,2,8),(1,3,8),(1,4,8),(1,5,8),(1,6,8),(1,7,8),(1,8,8),
76:(2,1,0),(3,1,0),(4,1,0),(5,1,0),(6,1,0),(7,1,0),(7,2,0),(7,3,0),(7,4,0),(7,4,1),(7,5,1),(7,6,1),(7,6,2),(7,7,2),(7,8,2),
77:(4,4,3),(4,5,3),(4,6,3),(4,6,2),(4,6,1),(4,6,1),(4,7,1),
78:(0,8,0),(1,8,0),(2,8,0),(2,8,1),(2,7,1),(2,6,1),(2,5,1),(2,4,1),(2,3,1),(3,3,1),(3,2,1),(4,2,1),
79:(1,8,5),(2,8,5),(3,8,5),(4,8,5),(5,8,5),(5,8,4),(5,8,3),(5,8,2),(5,7,2),(5,6,2),(5,5,2),(5,4,2),(5,3,2),(5,2,2),
80:(8,3,1),(7,3,1),(6,3,1),(6,4,1),(6,4,2),(6,4,3),(6,5,3),(6,5,4),(6,5,5),(6,5,6),(6,5,7),(6,6,7),(6,6,8),(6,7,8),
81:(8,2,1),(7,2,1),(7,2,2),(6,2,2),(5,2,2),(4,2,2),(3,2,2),(2,2,2),(2,3,2),(2,4,2),(2,5,2),(2,6,2),
82:(4,8,1),(3,8,1),(3,8,2),(3,8,3),(3,8,4),(3,8,5),(3,7,5),(3,7,6),
83:(3,8,3),(3,8,2),(3,7,2),(3,7,1),(3,6,1),(3,5,1),
84:(3,5,6),(4,5,6),(5,5,6),(5,5,5),(5,5,4),(5,5,3),(5,5,2),(5,5,1),(5,5,0),(5,6,0),(5,7,0),
85:(0,5,4),(0,5,5),(1,5,5),(2,5,5),
86:(3,0,0),(2,0,0),(2,0,1),(2,0,2),(2,0,3),(2,0,4),(2,0,5),(2,0,6),(2,0,7),
87:(8,4,3),(7,4,3),(6,4,3),(5,4,3),(4,4,3),(4,4,2),(4,5,2),(4,6,2),
88:(1,2,3),(2,2,3),(3,2,3),(3,1,3),(4,1,3),(5,1,3),(5,1,2),(5,0,2),
89:(4,3,0),(4,3,0),(4,3,1),(4,3,2),(4,3,3),(4,3,4),(5,3,4),(5,3,5),(6,3,5),(6,3,6),
90:(6,1,0),(5,1,0),(5,2,0),(4,2,0),(3,2,0),(2,2,0),(2,2,0),(2,2,1),(2,2,2),(2,2,3),(2,2,4),(1,2,4),(1,2,5),(1,2,6),
91:(7,6,7),(7,6,6),(7,6,5),(7,6,4),(7,6,3),(7,6,2),(7,7,2),(7,8,2),(7,8,1),(7,8,0),
92:(1,7,6),(1,7,5),(2,7,5),(3,7,5),(3,6,5),(3,5,5),(3,5,4),(3,5,3),
93:(5,7,8),(6,7,8),(6,7,7),(6,7,6),(6,6,6),(6,6,5),(7,6,5),(7,5,5),(7,4,5),(7,3,5),
94:(8,5,6),(7,5,6),(7,5,7),(6,5,7),(5,5,7),(4,5,7),(3,5,7),(2,5,7),(2,5,8),(1,5,8),(1,6,8),(1,7,8),(0,7,8),
95:(5,7,2),(5,6,2),(6,6,2),(7,6,2),(7,5,2),
96:(7,3,8),(6,3,8),(5,3,8),(4,3,8),(4,3,7),(3,3,7),(3,3,6),(3,3,5),(3,3,4),
97:(4,3,2),(5,3,2),(6,3,2),(6,3,3),(6,4,3),(6,5,3),(7,5,3),
98:(2,5,1),(3,5,1),(4,5,1),(4,5,2),(5,5,2),(6,5,2),(6,4,2),(7,4,2),(7,4,3),
99:(6,7,1),(6,6,1),(6,5,1),(6,5,1),(6,4,1),(6,3,1),(7,3,1),
100:(2,8,8),(2,8,8),(2,7,8),(2,6,8),(3,6,8),(3,5,8),(3,4,8),(3,4,7),(3,3,7),(4,3,7),(4,2,7),(4,2,6),(4,1,6),(4,0,6),
101:(0,4,3),(1,4,3),(2,4,3),(3,4,3),(3,5,3),(4,5,3),(5,5,3),(5,5,2),(5,5,1),(5,5,0),
102:(6,7,6),(5,7,6),(4,7,6),(4,7,5),(4,7,5),(4,7,5),(4,6,5),(3,6,5),
103:(5,1,6),(4,1,6),(4,2,6),(4,3,6),(4,4,6),(4,5,6),(4,5,6),(3,5,6),(3,5,5),(3,5,4),(3,6,4),(3,7,4),(3,7,3),(3,7,2),(3,7,1),(2,7,1),
104:(4,1,4),(4,2,4),(3,2,4),(3,2,5),(3,2,5),(4,2,5),(4,3,5),(4,3,4),
105:(2,3,8),(2,3,7),(1,3,7),(0,3,7),(0,3,6),(0,3,5),(0,3,4),(0,4,4),(0,5,4),
106:(3,3,4),(2,3,4),(1,3,4),(0,3,4),(0,3,3),(0,3,2),(0,3,1),(0,4,1),
107:(6,7,7),(5,7,7),(4,7,7),(3,7,7),(3,6,7),(3,5,7),(3,5,6),(3,5,5),(3,5,4),(3,4,4),
108:(2,3,7),(3,3,7),(4,3,7),(5,3,7),(6,3,7),(6,4,7),(7,4,7),(8,4,7),(8,5,7),
109:(5,3,7),(6,3,7),(7,3,7),(8,3,7),(8,2,7),(8,2,6),(8,2,5),(8,1,5),(8,1,4),(8,1,3),(8,0,3),
110:(7,0,0),(6,0,0),(5,0,0),(5,0,1),(5,1,1),(5,1,2),(5,2,2),(5,3,2),(5,3,3),(5,3,4),(5,3,5),(5,4,5),(5,4,5),(4,4,5),(4,4,6),(3,4,6),
111:(7,4,4),(6,4,4),(5,4,4),(5,4,5),(5,4,6),(4,4,6),(4,3,6),
112:(4,4,2),(4,4,3),(3,4,3),(3,4,4),(2,4,4),(1,4,4),(1,3,4),(1,2,4),(0,2,4),(0,1,4),
113:(2,2,1),(2,2,2),(2,2,3),(2,2,4),(2,3,4),(3,3,4),(4,3,4),(5,3,4),(6,3,4),(6,4,4),(6,5,4),(6,6,4),(6,7,4),(7,7,4),
114:(6,1,6),(6,2,6),(6,3,6),(6,3,5),(6,3,5),(6,4,5),(6,5,5),(6,6,5),(6,7,5),(6,8,5),
115:(2,1,1),(3,1,1),(3,1,2),(3,2,2),(3,2,3),(3,2,4),(3,2,5),(3,2,6),(3,2,7),(3,3,7),(3,4,7),(3,4,8),(3,5,8),
116:(2,0,2),(2,1,2),(2,2,2),(2,3,2),(3,3,2),(3,4,2),(3,5,2),(4,5,2),(5,5,2),(5,5,3),(5,6,3),(5,6,2),(5,7,2),
117:(0,1,6),(1,1,6),(2,1,6),(2,2,6),(2,3,6),(2,4,6),(2,5,6),(2,6,6),(2,6,5),(2,7,5),(3,7,5),(3,8,5),
118:(6,4,7),(5,4,7),(4,4,7),(3,4,7),(3,4,6),(3,4,5),(3,3,5),(3,3,4),(3,3,3),(3,3,2),(2,3,2),(2,3,1),
119:(6,6,3),(6,6,2),(6,6,1),(6,6,1),(6,5,1),
120:(2,7,0),(2,7,1),(2,7,2),
121:(3,8,8),(4,8,8),(4,8,7),(5,8,7),(5,7,7),(5,6,7),
122:(7,2,1),(7,2,2),(6,2,2),(5,2,2),(5,2,3),(4,2,3),(4,3,3),(4,4,3),(4,4,3),(3,4,3),(2,4,3),(1,4,3),
123:(5,3,3),(4,3,3),(3,3,3),(2,3,3),(1,3,3),(0,3,3),(0,3,2),(0,3,1),(0,3,0),
124:(1,7,8),(2,7,8),(3,7,8),(4,7,8),(5,7,8),(5,7,7),(5,7,6),(5,7,5),(5,7,4),(5,7,3),(5,7,2),(6,7,2),(6,7,1),(6,7,0),(6,8,0),
125:(4,1,8),(5,1,8),(6,1,8),(6,1,7),(6,1,6),(6,1,5),(6,1,4),(6,1,3),(6,1,2),(6,1,1),
126:(5,7,6),(5,6,6),(6,6,6),(7,6,6),(7,6,6),(7,5,6),(7,4,6),(7,3,6),(7,3,5),(7,2,5),(7,2,4),(7,2,3),(7,1,3),(7,1,2),(7,1,1),(7,0,1),
127:(1,2,6),(2,2,6),(3,2,6),(4,2,6),(5,2,6),(6,2,6),(7,2,6),(8,2,6),(8,2,5),(8,2,4),(8,3,4),(8,3,3),(8,3,2),
128:(2,1,5),(1,1,5),(0,1,5),(0,1,4),(0,1,3),(0,1,2),(0,1,1),(0,0,1),
129:(4,5,6),(5,5,6),(6,5,6),(7,5,6),(8,5,6),(8,5,5),(8,5,4),(8,5,3),(8,5,2),(8,5,1),(8,6,1),(8,7,1),
130:(1,4,7),(2,4,7),(3,4,7),(3,4,6),(3,3,6),(3,2,6),(3,1,6),(3,1,5),(3,1,4),
131:(0,3,3),(1,3,3),(2,3,3),(2,3,4),(2,3,5),(2,3,6),(2,2,6),(2,2,6),(3,2,6),
132:(7,1,2),(6,1,2),(6,1,3),(6,1,4),(6,2,4),(6,3,4),(6,4,4),(5,4,4),(5,5,4),(4,5,4),(4,6,4),
133:(6,2,4),(5,2,4),(5,2,5),(5,2,6),(5,3,6),(4,3,6),(4,3,7),(3,3,7),(2,3,7),(1,3,7),(1,3,8),(0,3,8),(1,3,8),(1,4,8),(0,4,8),
134:(2,0,1),(1,0,1),(0,0,1),(0,0,2),(0,0,3),(0,1,3),(0,2,3),(0,3,3),(0,4,3),(0,5,3),(0,6,3),(0,6,4),(0,6,5),
135:(8,5,5),(7,5,5),(6,5,5),(6,4,5),(5,4,5),(4,4,5),(3,4,5),(2,4,5),(2,3,5),(2,2,5),
136:(7,0,2),(6,0,2),(5,0,2),(5,1,2),(4,1,2),(3,1,2),(2,1,2),(2,1,3),(2,1,4),(2,1,5),(2,1,6),(2,2,6),(2,3,6),(2,4,6),(2,4,7),
137:(6,8,1),(5,8,1),(4,8,1),(3,8,1),(3,7,1),(2,7,1),(2,6,1),(2,5,1),
138:(0,7,1),(0,6,1),(0,5,1),(0,4,1),(0,3,1),(1,3,1),(1,3,2),(1,2,2),(1,2,3),(1,2,4),(1,2,5),(1,1,5),(2,1,5),
139:(3,1,8),(3,1,7),(3,1,7),(3,1,6),(3,1,5),(3,1,4),(3,1,3),
140:(4,1,7),(5,1,7),(6,1,7),(7,1,7),(7,1,6),(8,1,6),(8,1,5),(8,1,4),(8,2,4),(8,2,3),
141:(3,4,5),(4,4,5),(5,4,5),(5,4,6),(6,4,6),(5,4,6),(5,3,6),
142:(7,3,6),(7,2,6),(7,1,6),(6,1,6),(6,0,6),(5,0,6),
143:(4,1,6),(4,1,5),(5,1,5),(5,1,4),(5,2,4),(6,2,4),(6,2,3),(6,2,2),(6,2,2),(6,2,1),(6,2,0),(6,3,0),(6,4,0),(6,5,0),(6,6,0),(6,7,0),(7,7,0),
144:(7,4,5),(7,4,4),(7,4,3),(7,5,3),(7,5,3),(7,6,3),(7,6,2),(7,6,1),(7,6,0),
145:(3,7,1),(4,7,1),(5,7,1),(6,7,1),(7,7,1),(7,7,2),(7,7,3),(7,7,4),(7,6,4),
146:(0,0,5),(1,0,5),(2,0,5),(3,0,5),(3,0,4),(3,0,3),(4,0,3),(5,0,3),(6,0,3),(6,0,2),(6,0,1),(6,0,0),(6,1,0),(6,2,0),
147:(6,6,8),(5,6,8),(5,6,7),(5,6,6),(5,6,5),(5,6,4),(4,6,4),(4,7,4),
148:(1,2,4),(1,2,3),(1,2,2),(2,2,2),(2,3,2),(2,4,2),(2,5,2),(2,5,2),(3,5,2),(4,5,2),(4,5,1),(5,5,1),
149:(7,6,4),(6,6,4),(6,6,3),(5,6,3),(5,7,3),(5,7,3),(5,7,3),(5,8,3),
150:(7,3,1),(6,3,1),(5,3,1),(4,3,1),(4,2,1),(4,2,0),(3,2,0),(3,1,0),(3,0,0),(2,0,0),
151:(2,4,7),(3,4,7),(3,5,7),(4,5,7),(4,5,6),(5,5,6),(6,5,6),(7,5,6),(8,5,6),(8,5,5),(8,5,4),(8,6,4),(8,7,4),
152:(0,0,2),(1,0,2),(2,0,2),(3,0,2),(4,0,2),(5,0,2),(6,0,2),(7,0,2),(7,0,3),(7,0,4),(7,0,5),(7,0,6),(7,1,6),(7,2,6),(7,3,6),
153:(2,8,7),(3,8,7),(3,8,6),(4,8,6),(5,8,6),(5,8,5),(5,8,4),(5,7,4),(5,7,3),(5,7,2),(5,6,2),(5,5,2),(5,4,2),(5,4,1),(5,3,1),(5,2,1),(5,1,1),(5,0,1),(5,0,0),
154:(1,6,4),(2,6,4),(3,6,4),(3,6,5),(4,6,5),(5,6,5),(5,5,5),(5,4,5),(6,4,5),(6,3,5),(6,2,5),(7,2,5),(7,1,5),(7,0,5),
155:(0,1,8),(1,1,8),(2,1,8),(3,1,8),(4,1,8),(5,1,8),(6,1,8),(7,1,8),(7,1,7),(7,1,6),(7,1,5),(7,0,5),(8,0,5),
156:(8,3,6),(7,3,6),(7,2,6),(7,2,7),(7,2,8),(6,2,8),(5,2,8),(4,2,8),(4,2,8),(4,2,8),(3,2,8),(2,2,8),(1,2,8),
157:(4,1,3),(3,1,3),(2,1,3),(1,1,3),(1,2,3),(1,3,3),(1,4,3),(1,4,4),(1,5,4),(1,5,5),(0,5,5),(0,6,5),(0,7,5),
158:(8,5,8),(7,5,8),(6,5,8),(5,5,8),(4,5,8),(4,5,8),(4,5,7),(4,5,6),(3,5,6),(2,5,6),(2,6,6),
159:(0,3,7),(1,3,7),(1,3,6),(2,3,6),(2,4,6),(3,4,6),(4,4,6),(5,4,6),(6,4,6),(6,4,5),(6,4,4),
160:(3,5,3),(3,5,4),(3,5,5),(3,5,6),(3,6,6),
161:(3,4,3),(3,4,4),(4,4,4),(5,4,4),(6,4,4),(7,4,4),(8,4,4),(8,5,4),(8,6,4),(8,6,5),(8,7,5),(8,8,5),
162:(1,5,4),(2,5,4),(3,5,4),(4,5,4),(4,5,3),(4,5,2),(4,5,1),(4,5,0),(4,4,0),(5,4,0),(6,4,0),(7,4,0),(8,4,0),(8,3,0),(8,2,0),
163:(7,4,1),(7,4,2),(7,3,2),(7,3,3),(7,3,4),(7,3,5),(6,3,5),(6,3,6),(6,3,7),(6,2,7),(6,1,7),(6,0,7),(5,0,7),
164:(8,6,6),(8,6,7),(7,6,7),(6,6,7),(6,7,7),(6,8,7),
165:(3,2,1),(2,2,1),(1,2,1),(0,2,1),(0,2,2),(0,2,3),(0,3,3),(0,3,4),(0,3,4),(0,3,5),(0,4,5),(0,5,5),
166:(7,8,6),(7,7,6),
167:(1,4,8),(2,4,8),(3,4,8),(4,4,8),(5,4,8),(6,4,8),(6,4,7),(6,4,6),(6,3,6),(6,2,6),(6,1,6),
168:(0,3,2),(0,2,2),(0,1,2),(1,1,2),(2,1,2),(2,0,2),
169:(5,8,2),(4,8,2),(4,7,2),(3,7,2),(3,6,2),(3,6,1),(3,6,0),(3,5,0),(3,4,0),(3,3,0),(3,2,0),(3,1,0),
170:(4,1,5),(3,1,5),(2,1,5),(1,1,5),(1,1,6),(1,1,7),(1,1,8),
171:(3,1,6),(3,2,6),(3,3,6),(3,3,5),(3,3,4),(3,3,3),(3,3,2),(3,3,2),(4,3,2),
172:(0,8,7),(0,7,7),(0,6,7),(0,5,7),(0,4,7),
173:(5,8,4),(4,8,4),(3,8,4),(2,8,4),(1,8,4),(1,8,3),(1,7,3),(1,7,2),(1,6,2),(1,6,1),(1,6,1),(1,5,1),(1,4,1),(1,3,1),(0,3,1),
174:(6,1,8),(6,1,7),(6,2,7),(5,2,7),(4,2,7),(3,2,7),(2,2,7),(1,2,7),(1,3,7),(1,3,6),(1,4,6),(1,5,6),(1,5,5),(1,5,4),(1,5,3),
175:(7,5,6),(7,4,6),(6,4,6),(6,3,6),(6,2,6),(6,2,5),(6,2,4),(6,2,3),(6,1,3),
176:(8,6,0),(7,6,0),(6,6,0),(5,6,0),(4,6,0),(3,6,0),(2,6,0),(1,6,0),(0,6,0),(0,6,1),(0,5,1),(0,5,1),(0,5,2),
177:(1,3,7),(1,3,6),(1,3,5),(1,3,5),(1,3,4),(2,3,4),(2,3,3),(2,3,2),(3,3,2),(3,4,2),
178:(8,0,6),(7,0,6),(7,0,5),(7,1,5),(7,1,4),(7,1,3),(7,2,3),(7,3,3),(6,3,3),(6,4,3),(6,5,3),(5,5,3),(4,5,3),(4,6,3),(4,7,3),(3,7,3),
179:(0,2,4),(1,2,4),(2,2,4),(3,2,4),(4,2,4),(5,2,4),(5,1,4),(6,1,4),(6,2,4),(7,2,4),(8,2,4),(8,1,4),
180:(5,6,4),(5,6,3),(5,6,2),(5,6,1),(5,6,0),(4,6,0),(4,6,0),(3,6,0),(3,6,0),(2,6,0),(1,6,0),(0,6,0),
181:(4,3,7),(4,3,6),(4,3,5),(4,4,5),(4,4,4),(4,4,3),(3,4,3),(3,4,3),(3,4,2),(4,4,2),(4,4,1),(4,4,0),
182:(8,1,4),(8,1,3),(8,1,2),(8,1,1),(8,1,0),(8,0,0),
183:(8,7,3),(7,7,3),(7,7,4),(6,7,4),(6,7,5),(6,7,6),(6,7,7),(6,7,8),(6,6,8),(6,5,8),(6,4,8),(6,3,8),(6,2,8),(6,1,8),
184:(3,6,5),(3,6,6),(3,6,7),(3,6,8),(3,5,8),(3,4,8),(3,3,8),
185:(4,6,5),(4,5,5),(4,5,6),(4,5,6),(3,5,6),(3,5,6),(3,4,6),(3,3,6),
186:(1,5,0),(2,5,0),(3,5,0),(3,5,1),(3,4,1),
187:(6,7,2),(5,7,2),(5,7,3),(4,7,3),(3,7,3),(3,6,3),(3,6,3),(2,6,3),(2,5,3),(1,5,3),(1,4,3),(1,3,3),(1,2,3),(1,2,4),(1,2,5),(1,1,5),(1,1,6),
188:(3,2,8),(2,2,8),(2,2,7),(2,3,7),(2,4,7),(2,5,7),(2,5,7),(2,5,6),(2,6,6),(2,6,5),(2,7,5),(2,8,5),
189:(2,8,2),(1,8,2),(1,8,3),(1,8,4),(1,8,5),(0,8,5),(0,8,6),(0,8,7),(0,8,8),
190:(3,1,5),(3,1,4),(4,1,4),(4,1,3),(5,1,3),(5,2,3),(4,2,3),(5,2,3),(6,2,3),(6,3,3),
191:(6,4,0),(5,4,0),(4,4,0),(4,4,1),(4,4,2),(4,3,2),(4,2,2),(4,2,3),
192:(8,2,6),(8,2,7),(7,2,7),(6,2,7),(5,2,7),(5,2,6),(4,2,6),(4,1,6),(3,1,6),
193:(4,6,1),(4,5,1),(4,4,1),(4,4,2),(4,3,2),(4,3,3),(3,3,3),(3,2,3),(3,2,4),(4,2,4),
194:(6,5,0),(5,5,0),(4,5,0),(3,5,0),(2,5,0),(1,5,0),(1,5,1),(1,4,1),(1,3,1),(1,3,2),(1,3,3),(1,2,3),(1,2,4),(1,1,4),(1,0,4),(1,0,5),(1,0,6),
195:(0,1,2),(1,1,2),(2,1,2),(3,1,2),(3,1,3),(4,1,3),(5,1,3),(5,1,4),(6,1,4),(6,1,5),(6,0,5),(6,0,6),(6,0,7),(6,0,8),(7,0,8),
196:(2,7,5),(2,7,4),(2,6,4),
197:(3,2,5),(3,2,5),(3,1,5),(2,1,5),(2,1,6),(2,1,7),(2,1,8),
198:(6,2,8),(5,2,8),(4,2,8),(4,2,7),(4,1,7),(4,1,6),(4,1,5),(4,1,5),(3,1,5),
199:(4,5,5),(5,5,5),(5,6,5),(6,6,5),(7,6,5),(7,6,6),(7,6,7),(7,7,7),(7,8,7),
200:(2,4,3),(3,4,3),(3,4,4),(4,4,4),(5,4,4),(5,4,5),(6,4,5),(6,3,5),(6,2,5),(6,2,5),(6,1,5),
201:(6,7,0),(5,7,0),(4,7,0),(3,7,0),(2,7,0),(1,7,0),(0,7,0),(0,7,1),(0,7,2),(0,6,2),(0,5,2),(0,5,3),(0,4,3),(0,3,3),(0,3,4),(0,3,5),(0,3,6),(0,2,6),(0,1,6),
202:(8,7,8),(7,7,8),(7,6,8),(6,6,8),(5,6,8),(5,5,8),(4,5,8),(3,5,8),(3,4,8),(2,4,8),(2,4,7),(2,3,7),
203:(1,8,4),(1,8,5),(2,8,5),(3,8,5),(4,8,5),(4,8,6),(4,8,7),(4,8,8),(4,7,8),(4,6,8),(4,5,8),(4,4,8),(4,3,8),(4,2,8),(5,2,8),(5,1,8),(5,0,8),
204:(0,0,8),(1,0,8),(1,0,7),(1,1,7),(1,2,7),(1,2,6),(1,3,6),(1,3,6),(1,4,6),(1,4,5),(1,4,4),(1,5,4),(1,5,3),(1,5,2),(1,5,1),(1,6,1),(2,6,1),
205:(4,8,7),(4,7,7),(3,7,7),(3,6,7),(3,5,7),(3,4,7),(3,4,7),(3,4,6),(3,4,5),(3,3,5),(3,2,5),(3,2,4),(3,2,3),(3,2,2),(3,1,2),
206:(1,4,3),(2,4,3),(2,4,4),(2,5,4),(3,5,4),(4,5,4),(5,5,4),(5,5,5),(5,5,6),(5,5,6),(6,5,6),(7,5,6),
207:(5,1,4),(5,1,4),(5,2,4),(5,3,4),(5,3,4),(5,4,4),(4,4,4),(4,5,4),(4,6,4),(3,6,4),(3,7,4),(2,7,4),(1,7,4),
208:(7,6,2),(7,6,2),(7,7,2),(6,7,2),(5,7,2),(5,8,2),(4,8,2),(3,8,2),(2,8,2),(1,8,2),(1,7,2),
209:(7,4,0),(7,4,1),(7,4,2),(7,4,3),(7,4,4),(7,4,5),(7,5,5),(6,5,5),(5,5,5),(5,4,5),(4,4,5),(3,4,5),(2,4,5),(1,4,5),(0,4,5),
210:(5,2,1),(5,2,2),(5,2,3),(6,2,3),(7,2,3),(7,2,4),(7,1,4),
211:(5,6,6),(4,6,6),
212:(8,7,2),(8,6,2),(7,6,2),(7,5,2),(6,5,2),(6,4,2),(6,3,2),
213:(3,3,1),(3,3,2),(3,3,2),(3,3,3),(2,3,3),(2,4,3),(2,4,4),(3,4,4),(4,4,4),(5,4,4),
214:(8,4,5),(7,4,5),(6,4,5),(6,4,4),(6,3,4),(5,3,4),(5,2,4),(4,2,4),(4,1,4),(4,0,4),(3,0,4),(2,0,4),(2,1,4),(2,2,4),
215:(6,1,3),(7,1,3),(7,1,4),(7,2,4),(7,2,4),(7,3,4),
216:(5,0,6),(5,0,5),(4,0,5),(4,1,5),(4,2,5),(4,3,5),(4,4,5),(4,5,5),(4,6,5),
217:(4,6,4),(5,6,4),(6,6,4),(6,5,4),(7,5,4),(7,5,5),(7,5,6),(7,4,6),(7,3,6),(7,2,6),(7,1,6),(7,1,7),(7,0,7),
218:(6,2,3),(6,1,3),(6,1,4),(6,0,4),(5,0,4),(4,0,4),(3,0,4),(2,0,4),(2,0,5),(2,0,6),(2,0,6),(2,1,6),
219:(4,0,2),(3,0,2),(3,0,3),(2,0,3),(2,1,3),(2,2,3),(2,2,4),(2,3,4),(2,4,4),(2,5,4),(1,5,4),(1,6,4),(1,6,5),(2,6,5),
220:(6,0,7),(5,0,7),(5,0,7),(4,0,7),(4,0,7),(4,1,7),(4,2,7),(4,3,7),(4,4,7),(4,5,7),(4,6,7),
221:(1,7,4),(0,7,4),(0,6,4),(0,5,4),(0,5,3),(0,4,3),(-1,4,3),(-1,3,3),(0,3,3),(0,2,3),(0,1,3),(0,0,3),
222:(5,3,6),(6,3,6),(7,3,6),(7,4,6),(7,5,6),(6,5,6),(6,6,6),(7,6,6),
223:(4,0,4),(3,0,4),(2,0,4),(2,0,5),(2,0,6),(2,0,7),(2,1,7),(2,2,7),(2,2,8),(2,3,8),(2,4,8),(2,5,8),(2,6,8),(2,7,8),(2,8,8),
224:(0,7,5),(0,7,6),(0,6,6),
225:(3,8,1),(3,7,1),(4,7,1),(5,7,1),(5,6,1),(5,5,1),(5,4,1),(5,3,1),(5,3,2),(5,2,2),(6,2,2),(6,2,2),(7,2,2),(7,2,2),(7,2,2),(8,2,2),
226:(4,5,8),(3,5,8),(3,6,8),(3,7,8),(3,7,7),
227:(7,1,8),(7,1,7),(7,1,7),(7,1,6),(7,1,5),(7,1,5),(6,1,5),(5,1,5),(4,1,5),(4,1,4),
228:(1,1,7),(1,2,7),(1,2,6),(1,2,5),(1,2,4),(1,3,4),(1,3,3),(1,3,2),(1,2,2),(2,2,2),(2,2,2),(2,3,2),(2,4,2),
229:(2,8,6),(3,8,6),(4,8,6),(5,8,6),(5,7,6),(5,6,6),(5,5,6),(6,5,6),(6,5,6),(6,4,6),(6,4,5),(6,3,5),(6,3,4),(6,2,4),(7,2,4),(7,2,3),(7,2,2),(7,1,2),(7,0,2),(8,0,2),
230:(5,0,4),(5,0,4),(5,0,5),(5,1,5),(5,2,5),(5,3,5),(5,4,5),(6,4,5),(6,4,4),(6,5,4),(6,5,5),(6,5,6),
231:(8,6,7),(7,6,7),(6,6,7),(5,6,7),(4,6,7),(3,6,7),(3,6,7),(3,5,7),(2,5,7),(1,5,7),
232:(3,6,2),(2,6,2),(2,6,3),(1,6,3),(1,5,3),(1,4,3),(1,4,4),(1,4,5),(1,3,5),
233:(5,1,0),(5,1,1),(5,2,1),(5,3,1),(5,3,1),(4,3,1),(4,3,2),(4,3,3),
234:(0,8,4),(0,8,3),(0,8,2),(0,8,1),(0,8,0),(0,8,0),(1,8,0),(2,8,0),(3,8,0),(4,8,0),(5,8,0),
235:(6,3,4),(5,3,4),(5,3,5),(4,3,5),(3,3,5),(2,3,5),(1,3,5),(1,3,4),
236:(2,6,7),(2,6,8),(2,5,8),(3,5,8),(3,4,8),(4,4,8),(5,4,8),(6,4,8),(7,4,8),(7,3,8),
237:(0,1,0),(1,1,0),(1,1,1),(1,1,1),(1,1,2),(1,1,3),(1,1,4),(2,1,4),(2,2,4),(2,3,4),(2,3,5),(3,3,5),(3,3,5),(3,4,5),
238:(4,6,8),(3,6,8),(2,6,8),(1,6,8),(1,6,7),(1,6,6),(1,6,5),(1,6,4),(1,6,3),
239:(0,7,4),(0,8,4),(0,8,3),(1,8,3),(2,8,3),(3,8,3),(4,8,3),(4,8,4),(5,8,4),(6,8,4),(6,8,3),
240:(8,1,2),(8,2,2),(8,2,3),(8,2,4),(8,2,5),(9,2,5),(9,2,6),(9,2,7),(8,2,7),
241:(3,4,4),(2,4,4),(1,4,4),(0,4,4),(0,4,5),(0,4,6),
242:(0,5,1),(1,5,1),(1,5,2),(1,4,2),(1,3,2),(1,2,2),(2,2,2),(2,1,2),(3,1,2),(4,1,2),
