soc=2389
lb_soc=1520
makespan=20
lb_makespan=14
comp_time=8644
highLevelExpanded=54
lowLevelExpanded=20359
solution=
0:(7,5,3),(6,5,3),(6,5,4),(6,4,4),(6,3,4),(6,2,4),
1:(6,2,6),(7,2,6),(7,3,6),(7,4,6),(7,5,6),(7,6,6),(7,7,6),
2:(8,5,2),(7,5,2),(6,5,2),(5,5,2),(4,5,2),(3,5,2),(3,5,1),(3,5,0),(2,5,0),(1,5,0),(1,4,0),(1,3,0),(1,2,0),(1,1,0),
3:(4,3,0),(3,3,0),(2,3,0),(1,3,0),(0,3,0),(0,3,1),(0,3,2),(0,4,2),(0,5,2),(0,5,3),(-1,5,3),(-1,5,4),(-1,5,5),(0,5,5),(0,5,6),(0,5,7),
4:(8,4,6),(7,4,6),(6,4,6),(5,4,6),(4,4,6),(4,4,5),(4,4,4),(4,4,3),(4,4,2),(4,5,2),(4,6,2),(4,7,2),(4,8,2),
5:(3,3,8),(4,3,8),(5,3,8),(6,3,8),(7,3,8),(7,3,7),(7,4,7),(7,5,7),(7,6,7),(7,7,7),
6:(4,7,8),(3,7,8),(3,7,7),(3,7,6),(3,7,5),(3,7,4),(3,7,3),(3,7,2),(3,7,1),(3,8,1),
7:(6,7,0),(5,7,0),(4,7,0),(3,7,0),(2,7,0),(1,7,0),(0,7,0),(0,7,1),(0,7,2),(0,7,3),(0,7,4),
8:(7,6,4),(7,5,4),(7,5,5),(7,4,5),(7,3,5),(7,3,6),(6,3,6),(6,2,6),(5,2,6),(5,1,6),(4,1,6),(4,2,6),(3,2,6),(2,2,6),(1,2,6),(0,2,6),(0,1,6),
9:(4,4,0),(3,4,0),
10:(5,6,8),(4,6,8),(3,6,8),(3,6,7),(3,6,6),(3,6,5),(3,6,4),(3,6,3),(3,6,2),(3,7,2),
11:(4,4,2),(5,4,2),(5,4,3),(5,4,4),(5,4,5),(5,3,5),
12:(7,8,0),(6,8,0),(5,8,0),(4,8,0),(3,8,0),(2,8,0),(1,8,0),(0,8,0),(0,8,1),(0,8,2),(0,7,2),(0,6,2),(0,5,2),(0,4,2),(0,3,2),(0,2,2),(0,1,2),
13:(8,7,2),(8,6,2),(8,5,2),(8,4,2),(7,4,2),(7,4,1),(6,4,1),(5,4,1),(4,4,1),(4,3,1),(3,3,1),(3,3,1),(2,3,1),(1,3,1),(0,3,1),
14:(1,4,6),(2,4,6),(2,4,5),(2,5,5),(2,6,5),(2,6,5),(3,6,5),
15:(2,6,2),(2,6,1),(2,6,0),
16:(4,7,5),(5,7,5),(6,7,5),(7,7,5),(7,6,5),(7,6,5),(7,5,5),(7,4,5),(7,3,5),(7,2,5),(8,2,5),(8,1,5),(8,1,4),(8,0,4),(8,0,3),
17:(7,2,1),(6,2,1),(5,2,1),(4,2,1),(4,2,2),(4,2,3),(4,2,4),(4,3,4),(4,4,4),(4,5,4),
18:(7,6,6),(8,6,6),(8,6,5),(8,5,5),(8,4,5),(8,3,5),
19:(2,2,0),(3,2,0),(4,2,0),(4,2,0),(4,2,1),(5,2,1),(5,2,2),(5,2,3),(6,2,3),(7,2,3),(7,2,4),(8,2,4),(8,2,5),(8,2,6),(8,2,7),(8,2,8),(8,3,8),(8,4,8),
20:(8,3,7),(8,3,6),(8,3,5),(7,3,5),(7,3,4),(7,3,3),(7,3,2),(7,3,1),(7,4,1),(7,5,1),(7,6,1),
21:(4,8,7),(5,8,7),(5,8,6),(5,7,6),(5,6,6),(5,6,6),(5,5,6),(5,5,5),(5,4,5),(5,4,5),(5,4,4),(5,3,4),(5,3,3),(5,2,3),(5,1,3),(5,1,2),(5,1,1),(5,0,1),
22:(3,1,0),(2,1,0),(2,1,1),(2,1,2),(2,1,3),(2,1,4),(2,1,5),(2,1,6),(2,2,6),(2,3,6),(2,4,6),(2,5,6),
23:(5,5,7),(4,5,7),(3,5,7),(2,5,7),(1,5,7),(0,5,7),(0,5,8),(0,4,8),(0,3,8),(0,2,8),(0,1,8),
24:(8,0,7),(7,0,7),(6,0,7),(5,0,7),(5,0,6),(5,0,5),(5,0,4),(5,0,3),(5,0,2),(5,0,1),(5,0,0),(5,1,0),(5,2,0),
25:(7,1,2),(6,1,2),(5,1,2),(4,1,2),(3,1,2),(2,1,2),(1,1,2),(1,1,3),(1,1,4),(1,1,5),(1,1,6),(1,2,6),(1,2,7),(1,3,7),(1,4,7),(1,5,7),(1,6,7),(1,7,7),(1,8,7),
26:(2,3,3),(3,3,3),(4,3,3),(5,3,3),(6,3,3),(6,3,4),(6,4,4),(6,5,4),(6,6,4),
27:(3,5,5),(4,5,5),(5,5,5),(6,5,5),(6,4,5),(6,3,5),(6,2,5),(6,1,5),(6,1,4),(6,0,4),
28:(7,1,7),(6,1,7),(5,1,7),(4,1,7),(3,1,7),(2,1,7),(1,1,7),(0,1,7),(0,1,6),(0,1,5),(0,1,4),(0,1,3),(0,1,2),(0,1,1),(0,0,1),
29:(2,5,5),(3,5,5),(4,5,5),(5,5,5),(6,5,5),(7,5,5),(7,5,4),(7,5,3),(7,4,3),(7,3,3),(7,2,3),(7,2,3),(7,1,3),(8,1,3),(8,1,2),
30:(1,7,6),(2,7,6),(3,7,6),(4,7,6),(5,7,6),(5,7,5),(5,7,4),(5,7,3),(5,7,2),
31:(3,5,4),(4,5,4),(5,5,4),(6,5,4),(7,5,4),(7,4,4),(7,4,5),(7,3,5),(7,2,5),(7,1,5),(7,0,5),
32:(2,8,6),(3,8,6),(3,8,5),(3,8,4),(3,7,4),(3,6,4),(3,5,4),(3,4,4),(3,3,4),(3,2,4),
33:(6,2,3),(5,2,3),(5,2,2),(5,2,1),(5,2,0),(5,3,0),
34:(6,0,6),(5,0,6),(5,0,5),(5,0,4),(5,0,3),(5,1,3),(5,2,3),(5,3,3),(5,4,3),
35:(8,3,3),(7,3,3),(6,3,3),(6,3,4),(5,3,4),(5,4,4),(5,5,4),(5,6,4),(5,7,4),(5,8,4),
36:(4,0,3),(4,0,4),(4,0,5),(4,1,5),(4,2,5),(4,3,5),(4,4,5),(4,5,5),(4,6,5),(4,7,5),(4,8,5),
37:(1,6,2),(2,6,2),(3,6,2),(4,6,2),(4,6,3),(4,6,4),(4,6,5),(4,6,6),(4,6,7),(4,5,7),(4,4,7),(4,3,7),
38:(3,6,5),(2,6,5),(1,6,5),(1,6,4),(1,6,3),(1,6,2),(1,6,1),(1,5,1),
39:(2,0,8),(1,0,8),(1,0,7),(1,0,6),(1,0,5),(1,0,4),(1,0,3),(1,0,2),(1,1,2),(1,2,2),
40:(5,8,1),(5,7,1),(5,6,1),(5,5,1),(6,5,1),(6,4,1),(6,3,1),(6,2,1),(7,2,1),(7,1,1),(7,1,2),(7,1,3),(7,1,4),(8,1,4),(8,0,4),
41:(5,3,2),(6,3,2),(6,4,2),(6,4,3),(6,4,4),(6,4,5),(6,4,6),(7,4,6),
42:(1,3,4),(2,3,4),(3,3,4),(4,3,4),(4,3,3),(5,3,3),(6,3,3),(7,3,3),(8,3,3),(8,3,2),(8,3,1),(8,3,0),(8,2,0),(8,1,0),(8,0,0),
43:(5,7,3),(4,7,3),(4,7,2),(4,7,1),(4,6,1),(4,5,1),(4,4,1),(4,3,1),(4,2,1),
44:(5,3,7),(5,3,6),(5,3,5),(5,3,4),(5,3,3),(6,3,3),(6,3,2),(6,3,1),
45:(4,4,4),(3,4,4),(2,4,4),(1,4,4),(0,4,4),(0,4,5),(0,3,5),(0,3,6),(0,3,7),(0,3,8),(0,2,8),
46:(7,3,0),(8,3,0),(8,3,1),(8,4,1),(8,5,1),(8,6,1),
47:(0,3,6),(1,3,6),(2,3,6),(3,3,6),(3,3,5),(3,3,4),(3,3,3),(3,3,2),(3,3,1),(3,4,1),(3,5,1),(3,5,0),(3,6,0),(3,7,0),
48:(8,8,7),(7,8,7),(7,8,6),(7,8,5),(7,8,4),(7,8,3),(7,7,3),(7,6,3),(7,5,3),(7,4,3),(7,3,3),
49:(7,1,0),(6,1,0),(5,1,0),(4,1,0),(4,2,0),(4,3,0),(4,3,1),(4,3,2),(4,3,2),(4,4,2),(4,5,2),(4,6,2),
50:(0,8,5),(1,8,5),(2,8,5),(3,8,5),(4,8,5),(4,8,6),(5,8,6),(5,7,6),(5,6,6),(5,5,6),
51:(8,0,8),(7,0,8),(7,0,7),(7,0,6),(7,0,5),(7,0,4),(7,0,3),(7,0,2),(7,0,1),(7,0,0),(7,1,0),(7,2,0),(7,3,0),
52:(1,8,2),(2,8,2),(2,8,3),(2,8,4),(2,7,4),(2,7,5),(2,6,5),(2,5,5),(3,5,5),(4,5,5),(5,5,5),
53:(5,1,8),(6,1,8),(7,1,8),(8,1,8),(8,1,7),(8,1,6),(8,2,6),(8,3,6),(8,4,6),(8,5,6),(8,6,6),(8,7,6),(8,7,5),(8,7,4),
54:(5,8,5),(5,8,4),(5,8,3),(5,8,2),(5,7,2),(5,6,2),(5,5,2),(5,4,2),(5,3,2),(5,2,2),(5,1,2),(5,0,2),
55:(6,7,3),(5,7,3),(4,7,3),(3,7,3),(2,7,3),(2,7,4),(2,7,5),(2,7,6),(2,7,7),(2,7,8),(2,8,8),
56:(2,1,7),(2,1,6),(2,1,5),(2,1,4),(2,2,4),(2,2,3),(2,3,3),
57:(5,0,6),(5,0,5),(6,0,5),(7,0,5),(7,0,4),(7,0,3),(7,1,3),(7,2,3),(7,3,3),(7,3,2),(7,4,2),(7,5,2),(7,6,2),(7,7,2),(7,7,1),(7,8,1),(7,8,0),
58:(8,1,8),(7,1,8),(7,1,7),(6,1,7),(5,1,7),(4,1,7),(4,1,6),(4,1,5),(4,1,4),(4,1,3),(4,1,2),(4,2,2),(4,3,2),(4,3,1),(4,4,1),(4,5,1),(4,5,0),
59:(0,5,1),(1,5,1),(2,5,1),(3,5,1),(4,5,1),(5,5,1),(6,5,1),(6,5,2),(6,5,3),(7,5,3),(8,5,3),(8,4,3),(8,4,4),(8,3,4),(8,2,4),(8,2,5),
60:(1,3,6),(2,3,6),(3,3,6),(3,4,6),(3,5,6),(3,6,6),
61:(8,4,1),(7,4,1),(6,4,1),(5,4,1),(4,4,1),(3,4,1),(2,4,1),(2,4,2),(2,4,3),(2,4,4),(2,4,5),(2,4,6),(1,4,6),(1,3,6),(1,3,6),(1,3,7),
62:(0,7,4),(1,7,4),(2,7,4),(2,7,3),(2,7,2),(2,6,2),(2,6,1),(2,5,1),(2,4,1),(2,3,1),(2,2,1),
63:(7,4,4),(6,4,4),(6,4,3),(6,5,3),(6,5,2),(6,5,1),(6,6,1),(6,7,1),(6,7,0),
64:(6,5,8),(5,5,8),(4,5,8),(3,5,8),(2,5,8),(1,5,8),(1,5,7),(0,5,7),(0,5,6),(0,5,5),(0,5,4),(0,5,3),(0,6,3),(0,6,2),(0,6,1),(0,6,0),(0,7,0),(0,8,0),
65:(5,7,7),(4,7,7),(4,7,7),(3,7,7),
66:(1,5,7),(2,5,7),(2,5,6),(3,5,6),(4,5,6),(5,5,6),(6,5,6),(6,4,6),
67:(5,8,2),(5,8,3),(5,7,3),(5,7,4),(5,6,4),(5,5,4),(4,5,4),(4,4,4),(3,4,4),(3,4,5),(3,3,5),(3,3,6),(3,3,7),(3,2,7),(2,2,7),(2,1,7),(2,1,8),(2,0,8),
68:(5,3,8),(5,3,7),(4,3,7),(4,3,6),(4,3,6),(4,4,6),
69:(4,7,1),(3,7,1),(3,7,2),(3,7,2),(3,7,3),(2,7,3),(2,7,4),(2,7,5),
70:(8,4,2),(7,4,2),(7,4,3),(7,3,3),(7,2,3),(7,1,3),(6,1,3),(5,1,3),(4,1,3),(3,1,3),(3,1,4),(3,1,5),
71:(8,7,7),(7,7,7),(6,7,7),(5,7,7),(4,7,7),(4,7,6),(3,7,6),(3,7,6),(2,7,6),(1,7,6),(0,7,6),(0,7,5),
72:(2,7,1),(2,7,0),(3,7,0),(3,6,0),(4,6,0),(5,6,0),(6,6,0),
73:(0,0,7),(1,0,7),(2,0,7),(3,0,7),(3,0,6),(3,0,5),(3,1,5),(3,2,5),(4,2,5),
74:(3,0,0),(4,0,0),(5,0,0),(6,0,0),(7,0,0),(7,0,1),(7,1,1),(7,1,2),(7,2,2),
75:(0,7,5),(1,7,5),(2,7,5),(3,7,5),(4,7,5),(4,6,5),(5,6,5),(6,6,5),
76:(7,3,6),(6,3,6),(5,3,6),(5,3,7),(4,3,7),(3,3,7),(3,2,7),(3,1,7),(3,0,7),
77:(1,2,4),(0,2,4),(0,2,5),(0,2,6),(0,3,6),(0,4,6),
78:(3,7,6),(4,7,6),(5,7,6),(6,7,6),(7,7,6),(8,7,6),(8,7,5),(8,8,5),(8,8,4),
79:(5,7,2),(6,7,2),(6,7,3),(6,7,4),(6,7,5),(6,7,6),(6,7,7),(6,7,8),(5,7,8),(5,6,8),
80:(6,8,0),(6,7,0),(6,7,1),(6,6,1),(6,6,2),(6,5,2),(6,5,2),(5,5,2),(5,4,2),(5,3,2),(5,3,3),(5,3,3),(5,2,3),(5,2,4),
81:(5,8,6),(4,8,6),(4,8,5),(4,8,4),(3,8,4),(3,8,3),(3,8,2),(3,8,1),(3,8,0),
82:(2,2,8),(2,2,7),(2,2,7),(2,2,6),(2,2,5),(2,2,4),(2,2,3),(2,2,2),(2,3,2),(2,4,2),(2,4,1),(2,5,1),(2,6,1),(1,6,1),(1,6,0),(1,7,0),(1,8,0),
83:(1,0,5),(1,0,4),(1,0,3),(1,0,2),(1,0,1),(1,0,0),(1,1,0),(1,2,0),(1,3,0),(1,4,0),(0,4,0),(1,4,0),(1,5,0),
84:(1,3,2),(2,3,2),(3,3,2),(3,3,3),(3,3,4),(4,3,4),(5,3,4),(5,2,4),(5,2,4),(5,2,5),
85:(7,0,0),(6,0,0),(6,1,0),(5,1,0),(4,1,0),(3,1,0),(2,1,0),(2,2,0),(2,3,0),(2,4,0),(2,5,0),(2,5,0),(2,5,1),(2,5,2),(1,5,2),
86:(0,5,4),(1,5,4),(2,5,4),(3,5,4),(4,5,4),(4,4,4),(4,3,4),(5,3,4),(5,3,3),(5,2,3),(5,1,3),(5,1,2),(5,1,1),(6,1,1),(6,2,1),(5,2,1),
87:(8,1,5),(8,1,6),(8,1,7),(8,2,7),(8,2,8),(8,3,8),(8,4,8),(8,5,8),(8,6,8),(8,7,8),
88:(4,2,8),(3,2,8),(2,2,8),(2,2,7),(2,2,6),(2,3,6),(2,4,6),(2,5,6),(2,6,6),
89:(8,6,6),(8,5,6),(7,5,6),(6,5,6),(5,5,6),(5,4,6),(5,3,6),(4,3,6),(3,3,6),(3,3,6),(2,3,6),(2,3,6),(2,4,6),
90:(7,3,2),(7,2,2),(7,2,3),(7,2,4),(7,2,5),(7,2,6),(7,2,7),(7,2,8),(7,1,8),(7,0,8),
91:(3,4,4),(3,5,4),(4,5,4),(5,5,4),(6,5,4),(7,5,4),(8,5,4),
92:(1,6,4),(0,6,4),(0,6,5),(0,6,6),(0,6,7),
93:(1,2,0),(2,2,0),(3,2,0),(3,2,1),(3,2,2),(3,3,2),(3,4,2),(3,4,3),(3,5,3),(3,6,3),(3,7,3),(3,8,3),
94:(0,3,3),(1,3,3),(2,3,3),(2,3,4),(2,4,4),(2,5,4),(2,6,4),(3,6,4),(4,6,4),(5,6,4),(5,7,4),(6,7,4),
95:(3,7,1),(3,7,2),(3,7,3),(3,7,4),(4,7,4),(5,7,4),(6,7,4),(7,7,4),(7,7,5),(7,6,5),(7,6,6),(7,6,7),(7,5,7),(7,4,7),(7,3,7),
96:(5,5,0),(6,5,0),(7,5,0),(8,5,0),(8,6,0),(8,7,0),(8,8,0),
97:(8,8,5),(8,8,4),(8,8,3),(8,8,2),(8,7,2),(8,6,2),(8,5,2),(8,4,2),
98:(6,3,0),(6,3,1),(6,3,2),(6,4,2),(5,4,2),(5,4,2),(4,4,2),(4,5,2),(4,6,2),(4,6,3),
99:(2,4,0),(1,4,0),(1,4,1),(1,4,2),(1,3,2),
100:(6,3,3),(6,4,3),(6,5,3),(5,5,3),(4,5,3),
101:(7,3,5),(8,3,5),(8,3,4),(8,3,3),(8,2,3),
102:(0,8,8),(1,8,8),(2,8,8),(3,8,8),(4,8,8),(4,8,7),(4,8,6),(4,7,6),(4,6,6),(4,5,6),
103:(6,3,6),(6,3,7),(5,3,7),(4,3,7),(3,3,7),(2,3,7),(2,4,7),(2,5,7),(2,6,7),
104:(5,0,3),(4,0,3),(3,0,3),(3,1,3),(3,2,3),(3,3,3),(3,4,3),(2,4,3),(1,4,3),(1,5,3),(1,6,3),(1,6,3),(1,6,2),(1,6,2),(0,6,2),
105:(0,6,0),(1,6,0),(1,6,1),(2,6,1),(3,6,1),(4,6,1),(5,6,1),(6,6,1),(7,6,1),(7,6,2),(7,6,3),(7,6,4),(7,5,4),(7,4,4),(7,4,4),(7,4,5),(7,3,5),(7,3,6),(8,3,6),
106:(8,2,5),(8,2,4),(8,2,3),(8,2,2),(7,2,2),(7,2,1),(6,2,1),(5,2,1),(5,2,0),(4,2,0),(3,2,0),(2,2,0),(2,3,0),(1,3,0),(0,3,0),(0,4,0),
107:(3,7,4),(3,7,5),(3,6,5),(3,5,5),(3,4,5),(3,3,5),(3,2,5),(2,2,5),(3,2,5),(3,1,5),(3,0,5),
108:(0,0,4),(0,0,5),(1,0,5),(2,0,5),(3,0,5),(4,0,5),(5,0,5),(5,1,5),(6,1,5),(6,2,5),(6,3,5),(6,4,5),(6,5,5),
109:(8,6,1),(7,6,1),(6,6,1),(6,6,2),(6,6,3),(6,5,3),(6,4,3),(6,3,3),(6,3,4),
110:(5,4,5),(6,4,5),(7,4,5),(8,4,5),(8,4,4),(8,4,3),(7,4,3),(7,4,2),(7,4,2),(7,4,1),
111:(5,2,3),(5,2,4),(6,2,4),(6,2,5),(6,1,5),(6,0,5),
112:(5,1,3),(4,1,3),(3,1,3),(2,1,3),(1,1,3),(1,1,4),(1,1,5),(1,2,5),(1,3,5),(1,3,5),(0,3,5),(0,4,5),
113:(0,0,5),(1,0,5),(2,0,5),(3,0,5),(4,0,5),(4,0,6),(4,0,7),(4,0,8),(4,1,8),(4,2,8),
114:(7,4,7),(6,4,7),(5,4,7),(4,4,7),(3,4,7),(3,4,6),(3,4,5),(3,5,5),(3,5,4),(3,5,3),(3,5,2),(3,5,1),(3,5,0),
115:(8,0,3),(7,0,3),(6,0,3),(5,0,3),(4,0,3),(3,0,3),(2,0,3),(1,0,3),(1,0,4),(1,1,4),(1,2,4),
116:(5,0,1),(4,0,1),(3,0,1),(2,0,1),(2,0,2),(2,0,3),(2,0,4),(2,1,4),(2,2,4),
117:(7,2,8),(6,2,8),(5,2,8),(4,2,8),(3,2,8),(2,2,8),(1,2,8),(1,2,7),(1,1,7),(1,0,7),
118:(7,7,3),(7,6,3),(7,6,2),(7,6,1),(7,5,1),(7,5,1),(7,5,1),(6,5,1),
119:(8,0,5),(8,0,4),(8,1,4),(8,2,4),(8,3,4),(8,3,3),(8,4,3),(8,5,3),(9,5,3),(8,5,3),(8,6,3),(8,7,3),
120:(3,2,2),(4,2,2),(4,2,3),(5,2,3),(6,2,3),(7,2,3),(7,2,4),(8,2,4),(8,2,5),(8,2,6),(8,3,6),(8,4,6),(8,5,6),(8,5,7),(8,6,7),(8,7,7),(8,8,7),
121:(2,3,2),(2,3,3),(2,3,4),(1,3,4),(0,3,4),(0,2,4),
122:(2,6,4),(1,6,4),(1,5,4),(1,5,4),(1,4,4),(1,3,4),
123:(1,3,3),(1,3,2),(2,3,2),(3,3,2),(3,3,1),(4,3,1),(4,2,1),(4,1,1),(4,0,1),
124:(7,0,5),(7,0,4),(7,1,4),(7,1,4),(7,2,4),(7,3,4),(7,4,4),(7,5,4),(7,6,4),(7,7,4),(7,8,4),
125:(0,2,4),(0,2,3),(1,2,3),(2,2,3),(2,2,2),(3,2,2),(4,2,2),(5,2,2),(5,2,1),(6,2,1),(6,1,1),(6,0,1),
126:(7,3,4),(7,4,4),(7,5,4),(7,6,4),(6,6,4),(5,6,4),(4,6,4),(4,6,3),(3,6,3),(2,6,3),(2,6,3),(2,6,3),(1,6,3),(0,6,3),(0,7,3),
127:(0,0,0),(1,0,0),(2,0,0),(3,0,0),(4,0,0),(4,0,1),(4,0,2),(4,0,3),(4,0,4),(4,0,5),(4,0,6),(4,1,6),(5,1,6),(5,2,6),(6,2,6),(7,2,6),(8,2,6),(8,3,6),(8,4,6),(8,5,6),(8,6,6),
128:(7,6,7),(6,6,7),(6,6,6),(6,6,5),(6,6,5),(6,6,4),(6,6,3),(6,6,2),(6,5,2),(5,5,2),(5,5,1),
129:(4,6,7),(3,6,7),(3,6,7),(3,5,7),(3,5,8),(3,4,8),(3,3,8),(3,2,8),
130:(8,4,3),(8,4,4),(8,4,5),(8,3,5),(8,2,5),(8,1,5),(8,1,5),(8,1,6),
131:(0,5,8),(1,5,8),(2,5,8),(2,5,9),(3,5,9),(4,5,9),(5,5,9),(6,5,9),(6,5,8),
132:(1,2,8),(1,2,7),(1,2,6),(1,2,5),(1,2,4),(1,2,3),(1,2,2),(1,2,1),(1,3,1),(1,4,1),
133:(8,5,6),(7,5,6),(6,5,6),(5,5,6),(5,5,7),(4,5,7),(4,5,8),(4,6,8),(4,7,8),(4,7,9),(3,7,9),(2,7,9),(2,7,8),
134:(8,5,5),(7,5,5),(6,5,5),(6,4,5),(6,4,6),(6,3,6),(6,2,6),(5,2,6),(4,2,6),(3,2,6),(3,1,6),
135:(1,0,6),(2,0,6),(2,1,6),(2,1,6),(2,1,7),(2,2,7),(2,3,7),(2,4,7),(3,4,7),(3,5,7),(3,6,7),(4,6,7),(4,6,6),(4,7,6),
136:(6,7,7),(5,7,7),(5,8,7),(5,8,6),(5,8,5),
137:(3,2,4),(3,2,5),(3,2,6),(3,2,7),(3,2,7),(3,2,8),(3,1,8),
138:(4,6,5),(4,6,4),(4,6,3),(5,6,3),(5,5,3),(5,5,2),(5,5,1),(5,5,0),(6,5,0),(6,4,0),(6,3,0),(6,2,0),(6,1,0),
139:(3,0,3),(2,0,3),(2,0,4),(1,0,4),(1,1,4),(1,1,5),(1,2,5),(1,3,5),(1,4,5),
140:(5,1,5),(4,1,5),(3,1,5),(2,1,5),(1,1,5),(1,2,5),(1,3,5),(1,4,5),(1,4,4),(1,5,4),(1,5,4),(0,5,4),
141:(3,4,7),(2,4,7),(1,4,7),(1,4,6),(1,4,5),(1,4,4),(1,4,3),(1,4,2),(1,5,2),(1,6,2),(1,7,2),(1,8,2),
142:(5,3,5),(6,3,5),(6,3,4),(6,2,4),(6,1,4),(6,1,3),(6,1,2),(6,1,1),(6,1,0),(6,0,0),
143:(3,2,0),(4,2,0),(5,2,0),(5,3,0),(5,3,0),(5,4,0),(5,4,1),(5,5,1),(5,6,1),(6,6,1),(6,6,2),(6,6,3),(6,7,3),(6,8,3),(6,8,4),(6,8,5),(6,8,6),(6,8,7),
144:(6,3,5),(7,3,5),(6,3,5),(5,3,5),(4,3,5),(4,3,6),(3,3,6),(2,3,6),(1,3,6),(0,3,6),(0,3,7),
145:(2,7,8),(2,7,7),(2,7,6),(2,7,5),(2,8,5),(3,8,5),(4,8,5),(4,8,4),(5,8,4),(6,8,4),(6,8,3),(7,8,3),(8,8,3),(8,8,2),
146:(0,6,8),(1,6,8),(2,6,8),(3,6,8),(4,6,8),(4,6,7),(4,5,7),(4,4,7),(4,3,7),(4,2,7),(4,1,7),
147:(4,2,1),(5,2,1),(5,3,1),(6,3,1),(7,3,1),(7,3,0),(7,4,0),(7,5,0),(7,6,0),(7,7,0),
148:(5,1,7),(4,1,7),(3,1,7),(2,1,7),(1,1,7),(1,1,6),(1,2,6),(1,3,6),(1,4,6),(1,5,6),(1,6,6),(0,6,6),(0,7,6),(0,8,6),
149:(7,7,2),(7,7,3),(7,6,3),(7,5,3),(7,4,3),(7,4,3),(7,3,3),(7,3,4),
150:(7,4,8),(6,4,8),(5,4,8),(4,4,8),(3,4,8),(2,4,8),(1,4,8),(1,5,8),(0,5,8),
151:(7,4,2),(6,4,2),(5,4,2),(5,3,2),(5,2,2),(4,2,2),(4,2,3),(4,1,3),(4,0,3),(4,0,4),(4,0,5),
152:(5,3,3),(6,3,3),(6,2,3),(7,2,3),(7,1,3),(7,1,4),(7,1,5),(7,1,6),(7,1,7),(8,1,7),(8,1,8),
153:(3,8,3),(2,8,3),(2,7,3),(1,7,3),(1,7,3),(1,7,3),(2,7,3),
154:(1,6,1),(1,6,2),(2,6,2),(3,6,2),(4,6,2),(4,6,3),(4,7,3),(4,7,4),(4,7,5),(4,7,6),(4,7,7),(4,7,8),(4,8,8),
155:(2,6,3),(3,6,3),(3,6,4),(3,6,5),(4,6,5),(5,6,5),(6,6,5),(7,6,5),(7,5,5),(7,4,5),(7,4,5),(8,4,5),
156:(0,2,6),(1,2,6),(2,2,6),(2,2,5),(2,3,5),(2,3,4),(2,4,4),(2,5,4),(2,5,3),(2,5,3),(3,5,3),
157:(8,8,2),(7,8,2),(7,8,3),(7,7,3),(7,6,3),(6,6,3),(6,5,3),(6,4,3),(6,3,3),(5,3,3),(4,3,3),(3,3,3),(3,2,3),(2,2,3),(2,1,3),
158:(2,5,0),(2,5,1),(2,6,1),(2,7,1),
159:(8,7,6),(7,7,6),(6,7,6),(6,6,6),(6,5,6),(6,4,6),(5,4,6),(5,3,6),
160:(0,2,8),(0,2,7),(0,1,7),(1,1,7),(1,0,7),(2,0,7),(3,0,7),(4,0,7),(5,0,7),(6,0,7),
161:(1,0,1),(2,0,1),(2,0,2),(2,0,3),(2,0,4),(2,0,5),(2,0,5),(2,1,5),
162:(4,8,0),(5,8,0),(5,7,0),(6,7,0),(6,6,0),(6,5,0),(6,4,0),(6,3,0),(7,3,0),(7,3,1),(7,3,2),
163:(3,2,8),(3,2,7),(4,2,7),(5,2,7),(6,2,7),(7,2,7),(8,2,7),(8,2,6),(9,2,6),(9,2,5),(9,2,4),(9,2,3),(9,2,2),(9,2,2),(8,2,2),
164:(1,6,6),(2,6,6),(2,6,5),(2,6,4),(2,5,4),(3,5,4),(3,4,4),(3,3,4),(3,2,4),(4,2,4),(5,2,4),(5,2,3),(6,2,3),(7,2,3),(7,2,4),
165:(4,0,1),(3,0,1),(2,0,1),(2,0,2),(2,0,3),(1,0,3),(1,1,3),(1,1,4),(1,1,5),(1,1,6),(1,1,7),
166:(3,8,4),(2,8,4),(2,8,4),(2,8,5),(2,8,6),(2,8,7),(2,8,8),(2,7,8),(2,6,8),
167:(1,7,0),(1,7,1),(2,7,1),(3,7,1),(4,7,1),(5,7,1),(6,7,1),(7,7,1),(7,7,2),(7,7,3),(7,7,4),(7,7,5),(7,6,5),(7,5,5),(7,4,5),(7,3,5),(7,3,6),(7,2,6),(7,1,6),
168:(1,1,2),(1,2,2),(1,3,2),(1,3,3),
169:(0,4,4),(1,4,4),(1,4,3),(2,4,3),(3,4,3),(4,4,3),(5,4,3),(5,4,3),(6,4,3),(6,5,3),
170:(4,4,1),(5,4,1),(5,4,1),(5,3,1),
171:(1,5,2),(2,5,2),(3,5,2),(4,5,2),(4,4,2),(4,3,2),(4,3,3),(4,2,3),(5,2,3),(6,2,3),(6,1,3),(6,1,4),(6,1,5),(6,1,6),
172:(0,0,3),(1,0,3),(2,0,3),(3,0,3),(3,0,4),(4,0,4),(4,1,4),(4,2,4),(4,3,4),(4,3,5),(4,4,5),(4,5,5),(4,6,5),
173:(4,1,5),(4,2,5),(4,3,5),(4,4,5),(4,5,5),(5,5,5),(5,5,5),(5,6,5),
174:(3,8,1),(2,8,1),(1,8,1),(0,8,1),(0,8,2),(0,8,3),(0,7,3),(0,6,3),(0,5,3),(0,4,3),(0,3,3),(0,2,3),(-1,2,3),(-1,2,4),(-1,2,5),(0,2,5),
175:(8,0,2),(7,0,2),(7,0,3),(7,0,4),(7,1,4),(7,2,4),(7,3,4),(6,3,4),(6,3,5),(6,4,5),(5,4,5),
176:(4,0,4),(4,1,4),(4,1,3),(4,2,3),(4,2,3),(3,2,3),(3,2,2),(3,2,2),(3,3,2),
177:(3,5,0),(4,5,0),(4,5,1),(4,4,1),(4,3,1),(4,2,1),(5,2,1),(5,1,1),(5,1,2),(5,1,3),(5,1,4),(5,1,5),
178:(1,0,0),(2,0,0),(3,0,0),(3,0,1),(3,1,1),(3,2,1),(3,3,1),(3,4,1),(3,4,2),
179:(7,7,5),(6,7,5),(6,6,5),(5,6,5),(5,5,5),(5,4,5),(5,4,5),(4,4,5),(3,4,5),(2,4,5),(2,3,5),
180:(5,1,6),(6,1,6),(7,1,6),(8,1,6),(8,2,6),(8,3,6),(8,4,6),(8,4,5),(8,5,5),(8,6,5),
181:(6,0,5),(6,0,4),(5,0,4),(4,0,4),(4,1,4),(3,1,4),(2,1,4),(2,1,3),(2,1,2),(2,2,2),(2,3,2),(2,3,1),(2,4,1),(2,5,1),(2,6,1),(1,6,1),(0,6,1),
182:(1,4,8),(0,4,8),(0,4,7),(0,4,6),(0,4,5),(0,3,5),(0,3,4),
183:(3,1,1),(3,2,1),(3,3,1),(3,4,1),(3,5,1),(3,6,1),(3,6,2),(2,6,2),
184:(4,3,6),(4,3,7),(4,3,8),(4,3,8),(4,4,8),
185:(2,7,5),(2,7,4),(2,6,4),(2,5,4),(2,5,5),(2,4,5),(2,3,5),(2,3,5),(2,2,5),(1,2,5),
186:(7,5,2),(7,5,3),(8,5,3),(8,5,4),(8,5,5),(8,5,6),(8,5,7),(8,4,7),
187:(5,3,4),(5,3,3),(5,3,2),(4,3,2),(3,3,2),(3,3,1),(2,3,1),(3,3,1),(3,2,1),
188:(0,4,0),(0,4,-1),(1,4,-1),(2,4,-1),(3,4,-1),(4,4,-1),(4,4,0),
189:(6,0,3),(5,0,3),(5,1,3),(5,1,4),(5,1,5),(4,1,5),(4,2,5),(4,2,6),(3,2,6),(2,2,6),(2,2,7),(2,3,7),
190:(7,0,1),(7,1,1),(7,1,2),(7,2,2),(7,3,2),(7,4,2),(7,5,2),(7,6,2),(7,6,3),(7,6,4),(7,6,5),(7,6,6),(6,6,6),
191:(8,8,4),(7,8,4),(6,8,4),(5,8,4),(4,8,4),(3,8,4),(2,8,4),(2,7,4),(2,6,4),(2,5,4),(2,5,3),(2,5,2),(2,4,2),(2,3,2),(2,3,1),
192:(2,6,8),(3,6,8),(3,5,8),(3,4,8),(3,3,8),(4,3,8),(5,3,8),(5,3,7),(5,2,7),(5,1,7),
193:(3,1,7),(2,1,7),(1,1,7),(1,1,6),(1,2,6),(1,3,6),(1,4,6),(1,5,6),(1,5,5),(1,6,5),(1,6,4),(1,7,4),(1,7,3),(1,7,2),(1,7,1),(1,8,1),
194:(2,2,1),(1,2,1),(1,1,1),
195:(1,5,6),(0,5,6),(0,5,5),(0,5,4),(0,5,3),(0,5,2),(0,4,2),(0,4,1),(0,3,1),(0,2,1),
196:(6,0,2),(6,0,2),(6,1,2),(6,2,2),(6,3,2),(7,3,2),(7,4,2),(7,5,2),(7,6,2),(7,6,3),(7,6,4),(7,7,4),(7,7,4),(7,7,5),(6,7,5),
197:(6,6,8),(5,6,8),(4,6,8),(4,6,7),(4,5,7),(4,4,7),(4,3,7),(4,2,7),(4,1,7),(4,1,6),(4,1,5),(4,1,4),(3,1,4),(3,1,3),(3,1,2),(2,1,2),(2,1,1),
198:(3,1,8),(4,1,8),(4,1,7),(4,1,6),(4,1,5),(4,1,4),(4,1,3),(4,1,2),(4,2,2),(4,2,2),(5,2,2),
199:(2,4,2),(1,4,2),(0,4,2),(0,5,2),(0,6,2),(0,6,3),(0,6,4),
200:(0,3,8),(1,3,8),(2,3,8),(3,3,8),(4,3,8),(5,3,8),(6,3,8),(7,3,8),(7,4,8),(7,5,8),(7,6,8),(7,7,8),
201:(6,0,8),(5,0,8),(4,0,8),(4,1,8),(4,1,7),(4,1,6),(4,1,5),(4,2,5),(4,3,5),(4,4,5),(4,5,5),(3,5,5),(2,5,5),(2,5,4),(2,5,3),
202:(4,3,2),(4,4,2),(4,4,1),(4,4,0),(5,4,0),(5,5,0),(5,5,0),(6,5,0),(7,5,0),
203:(6,6,3),(6,6,2),(6,6,2),(6,5,2),(6,4,2),
204:(6,8,5),(6,8,4),(6,8,3),(6,8,2),(6,8,1),(5,8,1),
205:(5,4,7),(5,4,8),(5,5,8),(5,6,8),(5,7,8),(4,7,8),(3,7,8),
206:(3,8,7),(4,8,7),(4,8,7),(5,8,7),(5,7,7),
207:(0,5,2),(0,5,1),
208:(4,3,8),(4,4,8),(3,4,8),(3,4,7),(3,4,6),(2,4,6),(3,4,6),
209:(3,4,6),(4,4,6),(5,4,6),(5,3,6),(5,2,6),(5,1,6),(5,0,6),
210:(0,1,6),(0,2,6),(0,3,6),(1,3,6),(1,4,6),(1,5,6),(1,6,6),(1,7,6),(1,8,6),(2,8,6),(3,8,6),(4,8,6),(5,8,6),(6,8,6),(6,7,6),
211:(5,4,4),(5,4,3),(5,5,3),(5,4,3),(5,4,3),(5,5,3),
212:(8,6,5),(7,6,5),(7,6,4),(6,6,4),(6,7,4),(6,7,5),(5,7,5),(4,7,5),(3,7,5),(3,7,4),(2,7,4),
213:(6,2,5),(5,2,5),(5,1,5),(5,0,5),(5,0,4),(5,0,4),(4,0,4),(3,0,4),
214:(1,1,5),(2,1,5),(2,1,4),(2,2,4),(2,3,4),(2,4,4),(2,5,4),(3,5,4),(3,6,4),(3,6,4),(3,6,3),(3,7,3),
215:(2,8,7),(3,8,7),(3,8,8),(4,8,8),(5,8,8),(5,7,8),(5,6,8),(5,5,8),(5,4,8),(6,4,8),(7,4,8),
216:(5,7,4),(5,6,4),(5,6,3),(5,6,2),(5,6,2),(5,6,1),(5,6,2),
217:(2,6,1),(1,6,1),(1,6,2),(2,6,2),(2,6,3),(2,5,3),(2,4,3),(2,4,4),(2,4,5),(2,4,6),(2,4,7),(2,4,8),(2,3,8),(2,2,8),
218:(0,2,2),(0,2,1),(1,2,1),(2,2,1),(2,3,1),(2,4,1),(2,5,1),(3,5,1),(3,6,1),(3,7,1),(4,7,1),(5,7,1),(6,7,1),
219:(7,7,0),(7,7,1),(7,6,1),(7,5,1),(7,4,1),(7,3,1),(7,2,1),(7,2,2),(7,2,3),(7,2,4),(7,2,5),(7,2,6),(7,1,6),(7,0,6),
220:(7,6,0),(6,6,0),(5,6,0),(4,6,0),(4,5,0),(3,5,0),(2,5,0),(1,5,0),(0,5,0),(0,4,0),(0,4,1),(0,4,2),(0,4,3),(0,3,3),(0,2,3),(0,1,3),(0,1,4),
221:(7,1,1),(6,1,1),(6,2,1),(6,2,1),(6,2,2),
222:(3,6,0),(2,6,0),(1,6,0),(1,5,0),(1,5,1),(1,5,2),(1,5,3),(1,5,4),(1,5,4),(1,5,5),(1,5,6),(1,4,6),(1,3,6),(0,3,6),(0,2,6),(0,2,7),(0,1,7),
223:(2,5,8),(2,4,8),(2,4,7),(2,4,6),(2,4,5),(1,4,5),(0,4,5),(0,4,4),(0,4,3),(0,4,2),(0,3,2),(0,3,2),(0,2,2),(0,1,2),(0,1,1),
224:(2,1,4),(3,1,4),(4,1,4),(4,2,4),(4,3,4),(5,3,4),(6,3,4),(6,4,4),(6,4,4),(6,4,3),(6,4,3),(7,4,3),(8,4,3),
225:(2,6,5),(2,6,4),(2,6,3),(3,6,3),(3,6,2),(4,6,2),(4,6,1),(5,6,1),(6,6,1),(7,6,1),(7,6,0),(8,6,0),(8,5,0),
226:(4,0,8),(4,0,7),(5,0,7),(5,0,6),(6,0,6),(7,0,6),(7,0,5),(7,0,4),(7,0,3),(7,0,2),(7,0,1),(7,0,0),
227:(5,1,2),(4,1,2),(3,1,2),(3,1,1),(3,1,0),(3,0,0),
228:(0,2,1),(0,3,1),(1,3,1),(2,3,1),(2,3,2),(2,3,3),(2,3,4),(2,3,4),(2,4,4),(3,4,4),(4,4,4),(5,4,4),(6,4,4),(6,5,4),(7,5,4),(7,5,5),(7,5,6),(6,5,6),
229:(8,2,6),(8,2,7),(7,2,7),(6,2,7),(6,3,7),(5,3,7),(5,4,7),(5,5,7),(5,6,7),(5,6,7),(4,6,7),(4,7,7),
230:(6,2,1),(6,2,2),(6,2,2),(6,2,3),(6,2,4),(6,2,5),(6,1,5),(6,1,6),(6,1,7),(6,1,8),
231:(1,7,8),(2,7,8),(2,7,7),(2,6,7),(3,6,7),(3,5,7),(3,4,7),(3,3,7),(3,2,7),(3,2,7),(4,2,7),
232:(6,5,0),(6,5,1),(7,5,1),(7,5,2),(7,5,3),(7,6,3),(7,6,4),(7,6,4),(7,6,5),(7,6,6),(6,6,6),(5,6,6),(5,6,7),(4,6,7),
233:(7,8,8),(6,8,8),(6,7,8),(6,6,8),(6,5,8),(5,5,8),(5,4,8),(5,3,8),(4,3,8),
234:(3,5,2),(3,5,3),(2,5,3),(1,5,3),(1,5,4),(0,5,4),(0,5,5),(0,4,5),(0,3,5),(0,2,5),(0,2,6),(0,2,7),(0,1,7),(0,0,7),
235:(8,3,8),(7,3,8),(6,3,8),(6,3,7),(5,3,7),(5,3,6),(5,3,7),(5,4,7),(5,4,6),
236:(4,7,6),(4,7,5),(4,7,4),(4,7,3),(4,8,3),(4,8,3),(3,8,3),(2,8,3),(1,8,3),(0,8,3),
237:(0,1,4),(0,1,5),(-1,1,5),(-1,2,5),(-1,3,5),(-1,4,5),(-1,5,5),(-1,6,5),(-1,7,5),(0,7,5),(0,8,5),
238:(0,4,5),(1,4,5),(1,4,6),(1,5,6),(1,6,6),(1,6,7),(1,7,7),(1,8,7),(1,8,7),(2,8,7),
239:(1,5,5),(2,5,5),(3,5,5),(3,4,5),(3,4,4),(3,4,4),(3,3,4),(3,3,3),(3,3,3),(3,3,4),
240:(3,8,0),(2,8,0),(1,8,0),(1,8,1),(1,8,2),(1,8,3),(1,8,4),(1,8,5),(1,7,5),(1,7,5),(1,7,6),(1,6,6),(1,5,6),(1,4,6),
241:(0,7,0),(0,7,1),(0,7,2),(0,7,3),(0,6,3),(0,5,3),(0,4,3),(0,4,3),(0,3,3),(0,2,3),(1,2,3),(1,1,3),(1,1,4),
242:(1,6,5),(1,5,5),(1,4,5),(1,3,5),(1,3,5),(2,3,5),(3,3,5),(4,3,5),(4,3,6),(4,2,6),(5,2,6),(6,2,6),(6,1,6),(6,0,6),
