soc=2224
lb_soc=1403
makespan=20
lb_makespan=15
comp_time=8588
highLevelExpanded=56
lowLevelExpanded=15322
solution=
0:(1,8,7),(0,8,7),(0,8,6),(0,8,5),(0,8,4),(0,7,4),(0,6,4),(0,6,3),(0,6,2),(0,5,2),(0,4,2),
1:(7,4,5),(6,4,5),(5,4,5),(4,4,5),(3,4,5),(2,4,5),(2,4,4),(2,4,3),(2,5,3),(2,6,3),(2,6,2),
2:(5,4,4),(4,4,4),(3,4,4),(2,4,4),(1,4,4),(1,4,3),(0,4,3),(0,4,2),(0,4,1),(0,3,1),(0,2,1),
3:(7,5,8),(6,5,8),(5,5,8),(4,5,8),(3,5,8),(2,5,8),(2,5,7),(2,5,6),(2,5,5),(2,5,4),(2,4,4),
4:(3,8,6),(2,8,6),(2,8,5),(2,7,5),(2,6,5),(2,5,5),(2,4,5),(2,3,5),
5:(3,8,2),(4,8,2),(4,8,3),(4,8,4),(4,7,4),(4,7,5),(4,7,6),(4,6,6),(4,6,7),(4,5,7),(5,5,7),(5,5,8),(5,4,8),(5,3,8),(5,2,8),
6:(1,1,1),(2,1,1),(2,0,1),
7:(3,3,3),(2,3,3),(1,3,3),(0,3,3),(0,3,2),(0,3,1),(0,4,1),(0,5,1),
8:(2,7,7),(3,7,7),(4,7,7),(5,7,7),(5,7,8),
9:(2,5,5),(3,5,5),(4,5,5),(5,5,5),(5,5,6),(5,6,6),(5,7,6),
10:(1,5,7),(2,5,7),(3,5,7),(4,5,7),(5,5,7),(5,6,7),
11:(5,1,6),(4,1,6),(3,1,6),(2,1,6),(1,1,6),(0,1,6),(0,1,7),
12:(4,2,6),(3,2,6),(3,2,5),(3,2,4),(3,2,3),(3,3,3),(3,4,3),(3,5,3),(3,5,4),(3,6,4),(3,7,4),(3,7,3),
13:(5,1,0),(6,1,0),(7,1,0),(7,1,1),(7,1,2),(7,1,3),(7,1,4),(7,2,4),
14:(6,7,1),(7,7,1),(7,7,2),(7,6,2),(7,5,2),(7,4,2),(7,3,2),
15:(5,6,3),(6,6,3),(7,6,3),(8,6,3),(8,6,4),(8,5,4),
16:(4,8,4),(3,8,4),(3,8,3),(3,8,2),(3,8,1),(3,7,1),
17:(4,2,4),(4,2,5),(4,2,6),(4,1,6),(4,0,6),(5,0,6),(5,0,7),
18:(2,8,7),(3,8,7),(4,8,7),(5,8,7),(5,8,6),(5,7,6),(5,7,5),
19:(1,2,3),(2,2,3),(3,2,3),(4,2,3),(5,2,3),(5,2,2),(5,2,1),(5,3,1),(5,4,1),
20:(4,3,0),(5,3,0),(6,3,0),(7,3,0),(7,3,1),(7,3,2),(7,3,3),(7,3,4),(7,3,5),(7,3,6),(7,3,7),(7,4,7),(8,4,7),(8,5,7),(8,6,7),(7,6,7),
21:(2,0,0),(3,0,0),(3,1,0),(3,2,0),(3,3,0),(3,4,0),(3,5,0),(3,6,0),(3,7,0),(3,8,0),
22:(1,4,6),(2,4,6),(3,4,6),(4,4,6),(4,4,5),(4,4,4),(4,4,3),(4,4,2),
23:(4,8,2),(5,8,2),(6,8,2),(6,7,2),(6,6,2),(6,5,2),(6,4,2),(6,3,2),(6,2,2),(7,2,2),
24:(1,7,4),(0,7,4),(0,7,3),(0,7,2),(0,7,1),(0,7,0),(0,8,0),
25:(8,8,1),(7,8,1),(6,8,1),(5,8,1),(4,8,1),(3,8,1),(2,8,1),(1,8,1),(1,8,2),(1,8,3),(1,8,4),
26:(8,2,6),(7,2,6),(7,2,7),(7,2,8),(7,3,8),(7,4,8),(7,5,8),(7,6,8),(7,7,8),(7,8,8),
27:(4,1,1),(3,1,1),(2,1,1),(1,1,1),(1,1,2),(1,1,3),(1,1,4),(1,1,5),(1,1,6),(1,1,7),
28:(8,7,8),(7,7,8),(6,7,8),(6,7,7),(6,7,6),(6,7,5),(6,7,4),(6,7,3),(6,7,2),(6,7,1),(6,6,1),
29:(3,3,5),(4,3,5),(5,3,5),(5,3,4),(5,3,3),(5,2,3),(5,1,3),(5,0,3),
30:(0,6,1),(0,5,1),(0,4,1),(1,4,1),(2,4,1),(2,4,2),(3,4,2),(3,4,3),(4,4,3),(5,4,3),(6,4,3),(6,3,3),(6,3,4),(6,3,5),(6,2,5),(6,1,5),(7,1,5),
31:(0,3,5),(1,3,5),(2,3,5),(3,3,5),(4,3,5),(5,3,5),(5,3,4),(5,3,3),(5,3,2),(6,3,2),(6,2,2),(6,1,2),(7,1,2),(8,1,2),(8,2,2),
32:(0,8,1),(0,8,2),(0,7,2),(0,6,2),(0,5,2),(0,4,2),(0,3,2),(0,2,2),(0,1,2),
33:(3,7,7),(4,7,7),(5,7,7),(5,6,7),(6,6,7),(7,6,7),(7,5,7),(7,5,6),(7,5,5),(7,5,4),(7,5,3),(7,5,2),(7,5,1),(7,4,1),(7,4,0),(7,3,0),(7,2,0),(7,1,0),(7,0,0),
34:(4,1,2),(3,1,2),(2,1,2),(2,1,3),(2,1,4),(2,2,4),(2,3,4),(2,4,4),(2,4,5),(2,5,5),(2,6,5),
35:(8,7,1),(8,7,2),(8,7,3),(7,7,3),(7,6,3),(6,6,3),(6,5,3),(6,4,3),(6,4,4),(6,3,4),(6,2,4),(6,1,4),(6,0,4),(5,0,4),(4,0,4),(3,0,4),
36:(0,5,5),(1,5,5),(1,5,6),(1,5,7),(1,4,7),(1,3,7),(1,2,7),
37:(2,7,4),(3,7,4),(4,7,4),(5,7,4),(6,7,4),(6,7,3),(6,7,2),(6,6,2),(6,5,2),(6,4,2),(6,3,2),(6,2,2),
38:(1,8,8),(2,8,8),(3,8,8),(4,8,8),(5,8,8),(6,8,8),(7,8,8),(7,8,7),(7,8,6),(7,8,5),(7,8,4),(7,7,4),(7,6,4),(7,6,3),(7,6,2),(7,5,2),(7,5,1),(7,4,1),(7,4,0),(7,3,0),
39:(6,1,3),(6,1,2),(6,1,1),(6,2,1),(6,3,1),(6,4,1),(6,5,1),(6,6,1),(6,7,1),(6,8,1),
40:(7,7,5),(6,7,5),(6,6,5),(6,6,4),(6,6,3),(6,6,2),(6,5,2),(6,4,2),(6,4,1),(6,3,1),(5,3,1),(4,3,1),(4,2,1),
41:(6,4,0),(7,4,0),(8,4,0),(8,3,0),(8,2,0),
42:(7,2,6),(6,2,6),(5,2,6),(4,2,6),(4,1,6),(4,0,6),
43:(4,6,0),(4,6,1),(4,6,2),(4,6,3),(4,6,4),
44:(6,8,5),(5,8,5),(4,8,5),(4,8,5),(4,7,5),(4,6,5),(4,5,5),(4,4,5),
45:(5,5,6),(4,5,6),(3,5,6),(2,5,6),(1,5,6),(1,5,7),(1,5,8),(1,4,8),
46:(7,5,1),(6,5,1),(5,5,1),(5,5,2),(5,4,2),(5,3,2),(5,2,2),
47:(2,7,8),(3,7,8),(4,7,8),(5,7,8),(6,7,8),(7,7,8),(7,6,8),(7,6,7),(7,5,7),
48:(2,3,0),(3,3,0),(4,3,0),(4,4,0),(4,5,0),(4,6,0),(4,7,0),(4,8,0),
49:(3,7,6),(4,7,6),(5,7,6),(6,7,6),(6,7,5),(6,7,4),(6,7,3),(6,7,2),(6,6,2),(6,5,2),(6,4,2),(6,4,1),(6,3,1),(6,2,1),
50:(1,2,7),(2,2,7),(3,2,7),(4,2,7),(4,2,6),(5,2,6),(6,2,6),(6,2,5),(6,2,4),(6,2,3),(7,2,3),
51:(0,1,5),(0,1,4),(0,2,4),(0,3,4),(0,4,4),
52:(2,6,8),(2,6,7),(2,6,6),(2,6,5),(2,5,5),(2,5,4),(3,5,4),(4,5,4),(4,5,3),(4,4,3),(4,3,3),(4,3,2),(4,3,1),(4,3,0),
53:(8,6,5),(7,6,5),(7,6,4),(7,6,3),(7,6,2),(7,6,1),(7,6,0),(7,5,0),
54:(2,2,7),(3,2,7),(4,2,7),(4,1,7),(4,2,7),(4,2,6),
55:(8,4,3),(7,4,3),(6,4,3),(5,4,3),(4,4,3),(4,3,3),(4,3,4),(4,2,4),(4,2,5),(4,1,5),(4,1,6),(4,1,7),(4,1,8),(4,0,8),
56:(0,6,0),(1,6,0),(1,6,1),(1,6,2),(1,6,3),(1,6,4),(1,6,5),(1,6,6),(1,6,7),(1,7,7),(1,8,7),
57:(8,7,4),(8,7,5),(8,6,5),(8,5,5),(8,4,5),(8,3,5),(7,3,5),(6,3,5),(6,3,6),(5,3,6),(4,3,6),(4,3,6),(3,3,6),(3,2,6),(2,2,6),(1,2,6),(0,2,6),
58:(3,0,5),(2,0,5),(2,0,4),(2,0,3),(2,1,3),(2,2,3),(2,3,3),(2,3,3),(2,4,3),(2,5,3),
59:(0,2,0),(1,2,0),(2,2,0),(2,3,0),(2,4,0),(2,5,0),(2,5,0),(3,5,0),(4,5,0),(5,5,0),(6,5,0),
60:(8,1,8),(7,1,8),(6,1,8),(5,1,8),(4,1,8),(3,1,8),(2,1,8),(1,1,8),(0,1,8),(0,2,8),(0,2,7),(0,2,6),(0,2,5),(0,3,5),(0,4,5),(0,5,5),(0,5,4),(0,6,4),(0,7,4),(0,8,4),
61:(7,3,7),(6,3,7),(6,3,7),(5,3,7),(4,3,7),(4,3,6),(4,3,5),
62:(8,0,1),(7,0,1),(6,0,1),(5,0,1),(4,0,1),(3,0,1),(3,0,2),(2,0,2),(2,0,3),(2,1,3),(2,2,3),(2,3,3),(2,4,3),
63:(8,6,3),(7,6,3),(7,5,3),(6,5,3),(6,5,4),(6,5,5),(6,4,5),(6,4,5),(6,4,6),(6,4,7),
64:(6,1,0),(6,1,1),(5,1,1),(4,1,1),(3,1,1),(2,1,1),(2,2,1),(2,3,1),(1,3,1),(1,3,2),(1,4,2),(1,4,3),(1,4,4),(1,5,4),(1,6,4),
65:(5,7,5),(4,7,5),(4,7,6),(4,7,7),(4,6,7),(4,6,7),(4,5,7),(4,5,8),
66:(0,2,1),(0,2,2),(0,2,3),(0,2,4),(0,2,5),(0,2,6),(0,1,6),(0,0,6),(0,0,7),
67:(4,0,4),(5,0,4),(6,0,4),(7,0,4),(7,0,5),(7,0,6),(7,0,7),(7,1,7),(7,2,7),
68:(6,0,5),(7,0,5),(8,0,5),(8,0,6),(8,1,6),(8,2,6),(8,3,6),(8,4,6),
69:(4,1,5),(3,1,5),(2,1,5),(1,1,5),(0,1,5),(0,2,5),(0,2,6),(0,2,7),(0,2,8),(0,3,8),(0,4,8),(0,5,8),(0,6,8),
70:(0,5,8),(1,5,8),(2,5,8),(3,5,8),(3,5,7),(3,6,7),(3,7,7),(4,7,7),(5,7,7),(6,7,7),(6,7,6),(6,7,5),
71:(3,5,3),(4,5,3),(5,5,3),(5,5,4),(5,5,5),(5,5,6),(5,4,6),(6,4,6),(7,4,6),(7,4,7),(8,4,7),(8,4,8),
72:(8,3,8),(8,3,7),(8,3,6),(8,4,6),(8,5,6),(8,6,6),(8,7,6),(8,8,6),
73:(8,0,4),(7,0,4),(7,0,5),(6,0,5),(5,0,5),(4,0,5),(3,0,5),(3,1,5),(3,2,5),(3,3,5),(3,3,6),(3,4,6),(2,4,6),(2,4,5),(2,5,5),
74:(5,0,1),(4,0,1),(3,0,1),(3,0,2),(2,0,2),(2,0,3),(2,0,4),(2,0,5),(2,0,6),(2,0,7),
75:(2,2,3),(3,2,3),(4,2,3),(5,2,3),(6,2,3),(7,2,3),(8,2,3),(8,2,4),(8,3,4),
76:(1,5,3),(2,5,3),(3,5,3),(4,5,3),(5,5,3),(6,5,3),(7,5,3),(7,6,3),(7,7,3),(7,8,3),
77:(7,8,6),(6,8,6),(5,8,6),(4,8,6),(3,8,6),(2,8,6),(2,8,5),(2,8,4),(2,7,4),
78:(5,8,0),(4,8,0),(3,8,0),(3,8,1),(3,7,1),(3,7,2),(3,6,2),(3,5,2),(3,4,2),
79:(2,1,5),(2,1,4),(3,1,4),(4,1,4),(4,1,3),(4,1,2),(4,1,1),(4,2,1),(4,3,1),(4,4,1),
80:(3,7,1),(3,7,2),(3,6,2),(3,5,2),(3,4,2),(3,3,2),(3,2,2),(3,2,3),
81:(8,1,5),(7,1,5),(6,1,5),(6,1,6),(6,1,7),(6,1,8),(6,2,8),
82:(2,3,3),(1,3,3),(1,3,4),(1,3,5),(1,3,6),(1,2,6),(1,1,6),(1,1,7),(1,1,8),(0,1,8),(0,0,8),
83:(6,0,3),(7,0,3),(7,0,4),(7,0,5),(7,0,6),(7,0,7),(7,0,8),(7,1,8),(7,2,8),(7,3,8),(7,4,8),(7,5,8),(7,6,8),
84:(7,8,1),(6,8,1),(5,8,1),(4,8,1),(4,7,1),(4,6,1),(4,5,1),(4,5,0),(4,5,-1),(3,5,-1),(3,5,0),
85:(3,6,4),(3,6,3),(3,6,3),(3,6,2),(3,5,2),(3,4,2),(3,3,2),
86:(3,1,0),(3,2,0),(3,2,1),
87:(5,5,1),(4,5,1),(3,5,1),(3,5,1),(3,6,1),
88:(0,5,0),(1,5,0),(2,5,0),(3,5,0),(3,5,1),(4,5,1),(5,5,1),(6,5,1),(7,5,1),(7,4,1),(7,3,1),
89:(3,5,1),(2,5,1),(1,5,1),(1,5,2),(1,5,3),(1,5,4),(1,5,5),(1,5,6),(1,4,6),(1,3,6),
90:(6,8,7),(6,7,7),(6,7,6),(6,6,6),(5,6,6),(4,6,6),(3,6,6),(2,6,6),(2,5,6),(2,4,6),(2,3,6),(2,2,6),(2,2,5),(2,1,5),
91:(2,0,8),(3,0,8),(3,0,7),(3,0,6),(3,1,6),(3,2,6),(3,2,5),(3,2,4),(3,3,4),(3,3,3),(3,4,3),(3,5,3),
92:(0,8,2),(0,8,3),(0,8,3),(0,7,3),
93:(4,3,1),(3,3,1),(2,3,1),(1,3,1),(0,3,1),(0,2,1),(0,2,2),(0,2,3),(0,2,4),
94:(2,1,7),(3,1,7),(4,1,7),(5,1,7),(5,1,6),(6,1,6),(7,1,6),(7,2,6),(7,3,6),(7,4,6),(7,4,5),(8,4,5),(8,5,5),(8,6,5),(8,6,6),(8,7,6),
95:(6,6,4),(5,6,4),(4,6,4),(3,6,4),(2,6,4),(2,6,3),(2,6,2),(3,6,2),(3,5,2),(3,5,1),(3,4,1),(3,4,0),(2,4,0),(2,3,0),
96:(0,3,8),(1,3,8),(2,3,8),(3,3,8),(4,3,8),(5,3,8),(6,3,8),(7,3,8),(8,3,8),(8,3,7),(8,3,6),(8,3,5),(8,4,5),(8,4,4),
97:(0,3,0),(1,3,0),(1,2,0),(1,2,0),(2,2,0),
98:(8,0,2),(7,0,2),(6,0,2),(5,0,2),(4,0,2),(3,0,2),(2,0,2),(2,0,3),(2,0,4),(2,1,4),(2,2,4),
99:(8,4,6),(7,4,6),(7,5,6),(7,5,6),(6,5,6),(6,5,6),(5,5,6),
100:(6,0,8),(7,0,8),(8,0,8),(8,0,7),(8,0,6),(8,0,5),(8,0,4),(8,0,3),(8,0,2),(8,0,1),(8,0,0),(8,1,0),
101:(5,2,0),(4,2,0),(4,2,1),(4,2,2),(3,2,2),(3,2,3),(3,1,3),
102:(1,7,8),(2,7,8),(2,7,7),(2,6,7),(2,5,7),(2,4,7),(2,4,6),(2,3,6),(2,2,6),(2,2,5),(2,1,5),(2,1,4),(2,1,3),(2,2,3),(2,2,2),(2,2,1),
103:(8,4,4),(7,4,4),(6,4,4),(5,4,4),(4,4,4),(3,4,4),(3,4,5),(2,4,5),(2,4,6),(2,4,7),(2,4,8),(2,3,8),
104:(1,7,2),(1,7,3),(1,7,4),(1,7,5),(1,7,6),(2,7,6),(2,7,7),(2,7,8),(2,6,8),(2,5,8),
105:(1,3,3),(1,3,4),(2,3,4),(3,3,4),(3,3,5),(3,3,6),(3,3,7),(3,4,7),(3,5,7),(3,6,7),(3,7,7),
106:(8,2,3),(8,2,2),(8,2,1),
107:(6,3,6),(5,3,6),(4,3,6),(3,3,6),(2,3,6),(2,3,7),(2,4,7),(2,5,7),(2,6,7),(2,7,7),(2,8,7),
108:(0,8,5),(1,8,5),(1,8,4),(2,8,4),(3,8,4),(4,8,4),(4,8,3),(4,8,2),(4,7,2),(4,6,2),(4,6,3),
109:(4,2,8),(3,2,8),(3,3,8),(3,3,7),(3,3,6),(3,4,6),(3,5,6),(3,5,5),
110:(2,4,5),(3,4,5),(4,4,5),(4,4,4),(4,5,4),(5,5,4),(6,5,4),(6,5,3),(6,6,3),(6,6,2),
111:(6,4,7),(5,4,7),(4,4,7),(3,4,7),(3,3,7),(3,3,8),(2,3,8),(2,3,7),
112:(6,1,1),(7,1,1),(7,1,2),(7,1,3),(7,1,4),(7,1,5),(7,2,5),(7,3,5),(7,4,5),(7,5,5),(7,6,5),(7,7,5),(7,7,6),
113:(5,0,8),(4,0,8),(3,0,8),(3,1,8),(3,2,8),
114:(8,8,7),(7,8,7),(7,7,7),
115:(3,2,7),(3,3,7),(2,3,7),(1,3,7),(0,3,7),(0,3,6),(0,3,5),(0,3,4),(0,3,3),(0,4,3),(0,5,3),(0,5,2),
116:(4,0,3),(5,0,3),(6,0,3),(6,0,4),(6,1,4),(6,2,4),(6,3,4),(6,4,4),(7,4,4),(7,4,5),(7,5,5),(7,6,5),(7,7,5),(7,8,5),
117:(3,0,3),(3,0,3),(3,0,4),(3,0,5),(3,0,6),(3,0,7),(3,1,7),(3,2,7),(3,3,7),(3,4,7),(2,4,7),(2,5,7),(2,6,7),(1,6,7),(1,7,7),
118:(8,3,2),(7,3,2),(6,3,2),(6,3,3),(6,3,4),(6,3,5),(6,2,5),(6,1,5),(6,0,5),(6,0,6),
119:(6,5,1),(5,5,1),(4,5,1),(4,5,2),(4,5,3),(3,5,3),(2,5,3),(1,5,3),(1,5,4),(1,5,5),(1,5,6),(1,6,6),(1,7,6),(1,8,6),
120:(4,4,6),(4,3,6),(4,3,5),(4,3,4),(4,3,3),(4,3,2),(4,3,1),(3,3,1),(3,3,0),(3,2,0),(3,1,0),(3,0,0),
121:(3,3,7),(4,3,7),(5,3,7),(5,2,7),
122:(7,0,7),(6,0,7),(5,0,7),(5,0,6),(5,0,6),(5,1,6),(5,2,6),(5,3,6),(5,3,5),(5,4,5),(5,4,4),(5,4,3),(4,4,3),(4,5,3),(4,5,2),(4,5,1),(4,6,1),(4,7,1),
123:(1,6,6),(0,6,6),(0,6,7),(0,6,8),(0,7,8),
124:(5,3,8),(6,3,8),(7,3,8),(7,3,7),(7,3,6),(7,3,5),(7,4,5),(7,5,5),(7,5,4),(7,5,3),(7,6,3),(7,7,3),
125:(5,6,8),(5,6,7),(5,5,7),(5,4,7),(5,3,7),(5,3,6),(5,3,5),(5,2,5),(5,1,5),(5,1,5),(4,1,5),
126:(6,2,0),(5,2,0),(4,2,0),(4,2,1),(4,2,2),(3,2,2),(3,2,3),(3,3,3),(3,4,3),(3,5,3),(3,5,4),(2,5,4),(2,5,5),(2,5,6),(2,5,7),(2,6,7),(2,7,7),
127:(4,8,3),(3,8,3),(2,8,3),(2,7,3),(2,6,3),(2,5,3),(2,4,3),(2,4,2),(2,3,2),(2,2,2),(2,1,2),
128:(6,4,4),(6,5,4),(7,5,4),(7,5,5),(7,5,6),(7,6,6),
129:(1,3,2),(2,3,2),(3,3,2),(4,3,2),(5,3,2),(6,3,2),(6,3,3),(6,3,4),(6,3,5),(6,3,6),(6,3,7),(6,2,7),
130:(4,7,8),(4,6,8),(4,6,7),(3,6,7),(2,6,7),(2,6,6),(2,5,6),(2,4,6),(2,3,6),(2,2,6),(2,2,5),(2,1,5),(2,0,5),
131:(3,8,3),(3,7,3),(3,7,4),(3,7,5),(3,6,5),(3,5,5),(3,5,5),(2,5,5),(1,5,5),(1,5,6),(1,4,6),(1,4,7),(1,3,7),(1,3,8),(1,2,8),(1,1,8),
132:(2,1,8),(2,1,7),(2,1,6),(2,1,5),(2,2,5),(2,3,5),(2,3,5),(2,3,4),(2,3,3),(2,3,2),(2,3,1),(2,4,1),(2,5,1),(2,5,0),(2,6,0),
133:(7,3,0),(6,3,0),(6,2,0),(5,2,0),(4,2,0),(4,1,0),
134:(7,8,3),(6,8,3),(5,8,3),(4,8,3),(4,8,2),(4,8,1),(4,7,1),(4,6,1),(4,6,0),(4,5,0),(4,4,0),
135:(0,2,3),(1,2,3),(1,2,4),(1,3,4),(1,3,5),
136:(7,4,3),(6,4,3),(5,4,3),(5,4,2),(5,4,1),(5,4,0),(5,5,0),(5,6,0),(5,6,0),(4,6,0),(3,6,0),
137:(8,8,5),(7,8,5),(6,8,5),(5,8,5),(4,8,5),(4,8,6),(4,8,7),(4,8,8),
138:(1,3,1),(2,3,1),(2,3,2),(3,3,2),(4,3,2),(4,2,2),(4,2,3),(5,2,3),(5,2,4),(5,2,5),(6,2,5),(7,2,5),
139:(5,5,7),(6,5,7),(6,5,6),(6,4,6),(6,3,6),(6,2,6),(6,1,6),
140:(6,4,3),(5,4,3),(4,4,3),(4,3,3),(4,2,3),(4,1,3),(4,1,2),(4,2,2),
141:(5,3,7),(5,3,8),(4,3,8),(4,4,8),(3,4,8),(3,5,8),
142:(7,7,2),(6,7,2),(6,7,3),(6,7,4),(6,6,4),(6,6,5),(6,6,6),(6,6,7),
143:(4,0,1),(3,0,1),(3,0,2),(3,0,3),(3,0,4),(3,1,4),
144:(6,8,8),(5,8,8),(4,8,8),(4,8,7),(3,8,7),(3,8,6),(3,8,5),(3,7,5),(3,6,5),(3,6,5),(3,6,4),
145:(4,5,6),(4,5,5),(5,5,5),(6,5,5),(7,5,5),(8,5,5),(8,6,5),(8,6,4),(8,7,4),
146:(7,2,0),(7,3,0),(7,4,0),(6,4,0),(6,5,0),(6,6,0),(6,7,0),(6,7,1),(6,8,1),(6,8,2),
147:(8,6,8),(8,6,7),(8,6,6),(8,6,5),(8,6,5),(8,6,4),(8,6,3),
148:(5,1,3),(6,1,3),(6,1,4),(6,2,4),(6,2,4),(6,3,4),(6,4,4),(6,5,4),
149:(5,3,3),(4,3,3),(3,3,3),(3,4,3),(3,5,3),(3,5,2),(3,5,1),(4,5,1),(4,6,1),(4,7,1),(4,8,1),(3,8,1),
150:(1,5,0),(2,5,0),(2,5,1),(2,6,1),
151:(6,3,0),(6,3,1),(5,3,1),(4,3,1),(3,3,1),(2,3,1),(1,3,1),(1,3,2),(1,3,3),(1,3,4),(1,4,4),(1,4,5),(1,5,5),
152:(4,1,8),(5,1,8),(5,1,7),(6,1,7),(7,1,7),(8,1,7),(8,1,6),(8,1,5),(8,1,4),(8,1,3),(8,2,3),
153:(5,5,8),(5,5,7),(6,5,7),(6,6,7),(6,6,6),(6,7,6),(7,7,6),(7,7,5),(7,7,4),(7,7,3),(7,7,2),(7,7,1),(7,7,0),
154:(1,5,5),(2,5,5),(3,5,5),(3,5,6),(3,5,6),(3,5,6),(3,5,7),(3,5,6),
155:(5,3,1),(4,3,1),(3,3,1),(2,3,1),(1,3,1),(1,3,2),(1,3,3),(1,3,4),(1,4,4),(1,4,5),(1,5,5),(1,6,5),
156:(2,3,6),(2,3,5),(2,2,5),(2,2,4),(1,2,4),(1,2,3),(1,2,2),(1,2,1),(1,2,0),
157:(3,2,2),(3,3,2),(3,4,2),(2,4,2),(2,5,2),
158:(6,5,4),(5,5,4),(5,6,4),(5,6,3),(5,7,3),(4,7,3),
159:(4,1,7),(4,2,7),(4,3,7),(4,4,7),(3,4,7),(3,5,7),(3,6,7),(2,6,7),(2,7,7),(2,7,8),(2,8,8),
160:(7,8,5),(6,8,5),(6,8,6),(6,8,7),(6,7,7),(6,6,7),(6,5,7),
161:(7,7,0),(7,6,0),(7,6,1),(7,5,1),(7,4,1),(7,4,1),(7,4,2),(7,4,3),
162:(3,8,1),(4,8,1),(4,7,1),(5,7,1),(6,7,1),(7,7,1),(7,6,1),
163:(8,7,2),(8,7,3),(8,7,4),(8,7,5),(8,7,6),(8,7,7),(8,7,8),(8,6,8),(8,5,8),(8,4,8),(8,3,8),
164:(5,5,0),(4,5,0),(3,5,0),(3,4,0),(3,4,1),(2,4,1),(1,4,1),(0,4,1),(0,3,1),(0,2,1),(0,1,1),(0,0,1),(0,0,2),
165:(2,1,0),(3,1,0),(4,1,0),(5,1,0),
166:(4,4,5),(5,4,5),(5,4,4),(5,4,5),(6,4,5),(7,4,5),(8,4,5),(8,3,5),(8,2,5),(8,2,4),
167:(3,6,8),(3,6,9),(4,6,9),(4,6,8),
168:(6,1,8),(6,1,7),(6,1,6),(5,1,6),(5,1,5),(5,1,4),
169:(6,4,1),(7,4,1),(7,4,2),(7,4,3),(7,4,4),(7,5,4),(7,5,5),(8,5,5),(9,5,5),(9,5,6),(9,5,7),(8,5,7),(8,5,8),
170:(1,8,0),(1,8,1),(1,8,2),(1,8,3),(1,7,3),(1,6,3),(1,5,3),(1,4,3),(1,4,3),(1,3,3),(1,3,3),(1,3,3),(1,3,4),
171:(3,5,4),(4,5,4),(4,5,3),(4,4,3),(4,4,2),(5,4,2),(5,4,1),(6,4,1),(6,4,0),(6,3,0),
172:(2,2,6),(1,2,6),(1,2,5),(1,2,4),(0,2,4),(1,2,4),
173:(6,0,4),(6,1,4),(7,1,4),(7,2,4),(7,3,4),(7,4,4),(7,5,4),(7,6,4),(8,6,4),
174:(7,4,4),(6,4,4),(6,4,5),(6,4,4),(5,4,4),(5,4,5),(4,4,5),(3,4,5),
175:(7,1,1),(7,1,2),(6,1,2),(6,2,2),(6,3,2),(6,4,2),(5,4,2),(5,5,2),(4,5,2),(3,5,2),(3,6,2),(3,7,2),(2,7,2),
176:(3,5,7),(3,5,8),(3,4,8),(3,4,8),(3,3,8),(4,3,8),(5,3,8),(6,3,8),(7,3,8),(8,3,8),(8,2,8),
177:(6,7,2),(5,7,2),(4,7,2),(3,7,2),(3,7,3),(3,7,4),(3,7,5),(3,7,6),(3,7,7),(3,7,8),(3,6,8),
178:(2,1,3),(3,1,3),(4,1,3),(5,1,3),(5,1,4),(5,2,4),(5,2,5),(5,2,6),(5,3,6),(5,3,7),(5,4,7),(5,5,7),(5,5,7),(5,5,8),
179:(8,3,6),(8,3,5),(8,3,4),(8,3,3),(8,3,2),(8,3,1),(8,4,1),(8,5,1),(8,6,1),(8,7,1),(7,7,1),(6,7,1),(5,7,1),
180:(5,7,6),(5,7,7),(5,6,7),(5,5,7),(5,4,7),(5,3,7),(5,3,7),(4,3,7),(4,2,7),(4,1,7),(4,0,7),
181:(0,4,6),(1,4,6),(2,4,6),(3,4,6),(4,4,6),(4,4,5),(4,4,4),(4,4,3),(4,3,3),(4,2,3),(4,1,3),(4,1,2),(4,0,2),
182:(7,2,7),(6,2,7),(5,2,7),(5,2,8),(4,2,8),(4,2,9),(3,2,9),(2,2,9),(2,2,8),
183:(4,7,4),(4,7,3),(3,7,3),(3,6,3),
184:(8,1,7),(7,1,7),(6,1,7),(6,0,7),(5,0,7),(4,0,7),(3,0,7),(2,0,7),(1,0,7),(1,0,6),(1,0,5),(1,0,4),(1,0,3),
185:(6,5,7),(7,5,7),(8,5,7),(8,5,6),(8,5,5),(8,6,5),(8,6,4),(8,7,4),(8,7,3),(8,8,3),(8,8,2),(8,8,1),
186:(3,6,5),(4,6,5),(4,6,6),(4,5,6),
187:(1,6,4),(1,6,3),(1,5,3),(1,4,3),(1,4,2),(1,4,1),(1,4,0),(1,3,0),
188:(1,8,3),(1,8,2),(0,8,2),
189:(3,6,0),(4,6,0),(5,6,0),(6,6,0),(7,6,0),(8,6,0),(8,6,1),(8,6,2),(8,7,2),
190:(8,4,2),(7,4,2),(6,4,2),(6,5,2),(5,5,2),(4,5,2),(4,6,2),(4,7,2),(3,7,2),(2,7,2),(1,7,2),(1,7,1),(1,8,1),
191:(3,0,6),(4,0,6),(5,0,6),(6,0,6),(6,0,5),(6,0,4),(6,0,3),(6,0,2),
192:(1,7,3),(2,7,3),(2,7,2),(2,6,2),(3,6,2),(4,6,2),(5,6,2),(5,6,1),(5,5,1),
193:(3,1,6),(2,1,6),(2,2,6),(2,3,6),(2,4,6),(2,5,6),(2,5,5),(2,6,5),(2,7,5),(3,7,5),(3,8,5),
194:(3,2,3),(3,2,2),(2,2,2),(1,2,2),(1,3,2),(1,4,2),(1,5,2),(1,6,2),(1,7,2),(1,8,2),
195:(8,0,6),(7,0,6),(7,1,6),(7,1,5),(6,1,5),(5,1,5),(4,1,5),(4,1,4),(4,1,3),(4,1,2),(3,1,2),(3,2,2),(2,2,2),(1,2,2),(1,3,2),(1,4,2),(1,5,2),(1,6,2),(0,6,2),(0,7,2),
196:(1,4,7),(0,4,7),(0,5,7),(0,6,7),(0,7,7),
197:(2,0,3),(2,1,3),(3,1,3),(4,1,3),(5,1,3),(6,1,3),(7,1,3),
198:(5,4,2),(5,5,2),(5,5,2),(5,5,3),(6,5,3),(6,5,4),(6,5,5),(6,5,6),(7,5,6),
199:(1,8,5),(2,8,5),(3,8,5),(3,8,4),(4,8,4),(5,8,4),(6,8,4),(6,8,3),(6,8,2),(6,7,2),(6,7,1),(6,7,0),(6,6,0),
200:(2,7,5),(3,7,5),(4,7,5),(4,6,5),(5,6,5),(5,5,5),(5,4,5),(5,3,5),(5,2,5),(6,2,5),(7,2,5),(7,1,5),(7,0,5),
201:(0,2,2),(1,2,2),(1,2,3),(2,2,3),(2,2,4),(3,2,4),(4,2,4),(4,2,5),(4,1,5),(4,1,6),(5,1,6),(5,1,7),(6,1,7),(6,0,7),
202:(6,2,5),(7,2,5),(8,2,5),(8,2,6),(8,3,6),(8,4,6),(8,5,6),
203:(1,7,7),(1,7,6),(1,7,5),(1,6,5),(1,6,4),(2,6,4),(2,6,3),(2,5,3),(3,5,3),(4,5,3),(5,5,3),(5,5,2),(6,5,2),(7,5,2),(8,5,2),(8,5,1),
204:(1,2,1),(1,1,1),(1,1,2),(1,1,3),(1,1,4),(2,1,4),(2,1,5),(2,1,6),(3,1,6),(3,1,7),(4,1,7),(4,1,8),(5,1,8),(6,1,8),(7,1,8),(7,2,8),
205:(7,8,8),(6,8,8),(5,8,8),(5,8,8),(5,8,7),(4,8,7),(3,8,7),(2,8,7),(1,8,7),(0,8,7),(0,8,6),(0,8,5),(0,8,4),(0,7,4),(0,6,4),(0,6,3),(0,6,2),(0,6,1),(0,6,0),(0,5,0),(0,4,0),
206:(1,2,8),(2,2,8),(3,2,8),(3,2,7),(3,2,6),(3,2,5),(4,2,5),(4,1,5),(4,1,4),(4,1,3),(4,0,3),
207:(7,8,7),(6,8,7),(5,8,7),(5,8,6),(4,8,6),(4,7,6),(3,7,6),(2,7,6),(2,6,6),(2,5,6),(2,4,6),(2,3,6),(2,2,6),(1,2,6),(1,1,6),(1,0,6),(1,0,5),
208:(4,6,4),(4,7,4),(4,8,4),(4,9,4),(4,9,5),(4,9,6),(4,9,7),(4,8,7),
209:(5,6,6),(5,6,5),(5,6,5),(5,6,4),(5,7,4),
210:(2,0,4),(3,0,4),(4,0,4),(5,0,4),(6,0,4),(6,0,3),(6,1,3),(6,2,3),(6,3,3),(6,4,3),(6,5,3),
211:(0,1,7),(1,1,7),(2,1,7),(2,2,7),(2,2,6),(2,2,5),(2,2,4),(2,2,4),(3,2,4),(4,2,4),(5,2,4),
212:(5,5,4),(5,5,5),(5,5,6),(5,5,6),(5,4,6),(4,4,6),(4,4,7),
213:(2,5,1),(2,5,2),(3,5,2),(3,5,3),(3,5,4),(4,5,4),(4,5,4),(4,4,4),
214:(2,5,0),(2,4,0),(1,4,0),(1,3,0),(1,2,0),(1,2,1),(1,2,1),(1,1,1),(1,1,2),(1,1,3),(1,1,4),(1,1,5),
215:(1,6,5),(2,6,5),(2,6,4),(2,7,4),(3,7,4),(4,7,4),(4,8,4),(5,8,4),(6,8,4),(6,7,4),
216:(6,5,6),(6,4,6),(6,4,7),(6,3,7),(6,2,7),(6,1,7),(5,1,7),(4,1,7),(3,1,7),(3,2,7),
217:(6,0,1),(5,0,1),(4,0,1),(3,0,1),(3,0,2),(2,0,2),(2,1,2),(2,2,2),(1,2,2),(0,2,2),(0,3,2),
218:(7,7,8),(7,7,7),(7,7,6),(7,7,5),(7,7,4),(7,6,4),(6,6,4),(5,6,4),(5,5,4),(4,5,4),(4,5,4),(3,5,4),(3,4,4),(3,3,4),
219:(4,4,2),(3,4,2),(2,4,2),(2,3,2),(2,3,3),(1,3,3),(1,2,3),(1,1,3),(0,1,3),(0,1,4),(0,1,5),
220:(0,1,8),(0,1,7),(0,1,6),(0,1,5),(0,1,4),(0,1,3),(0,2,3),(0,3,3),(0,3,2),(0,3,2),(0,3,1),
221:(0,3,7),(1,3,7),(1,3,6),(1,4,6),(1,4,5),(1,4,4),(1,4,3),(1,4,4),(2,4,4),(3,4,4),(3,4,4),(3,4,3),
222:(8,4,0),(8,4,1),(7,4,1),(6,4,1),(6,4,2),(6,4,3),(5,4,3),(5,4,4),(5,3,4),
223:(0,7,0),(1,7,0),(2,7,0),(3,7,0),(4,7,0),(5,7,0),(5,6,0),(6,6,0),(7,6,0),(8,6,0),(8,6,1),(8,6,2),(8,5,2),(8,5,3),(8,4,3),
224:(6,2,3),(7,2,3),(7,2,4),(7,2,5),(7,2,6),(7,1,6),(7,0,6),
225:(7,6,1),(6,6,1),(5,6,1),(5,6,2),(5,6,3),(5,6,4),(5,6,5),(4,6,5),(4,6,6),(3,6,6),(3,6,7),(3,5,7),(3,4,7),(3,4,8),(3,3,8),
226:(2,5,2),(2,6,2),(2,6,3),(2,6,4),(2,7,4),(2,8,4),(3,8,4),(4,8,4),(4,8,5),(4,8,6),
227:(3,1,2),(2,1,2),(2,1,3),(3,1,3),(3,1,4),(3,1,5),(3,1,6),(4,1,6),(5,1,6),(5,2,6),(5,3,6),
228:(6,3,4),(5,3,4),(4,3,4),(4,2,4),(3,2,4),(3,3,4),(3,4,4),(3,5,4),(3,6,4),(3,7,4),(3,7,5),(2,7,5),(2,8,5),(1,8,5),
229:(5,6,2),(6,6,2),(7,6,2),(8,6,2),(8,6,3),(8,5,3),(8,4,3),(8,4,4),(8,4,5),(8,3,5),(8,2,5),(8,1,5),(8,0,5),
230:(7,2,1),(6,2,1),(6,2,2),(6,2,3),(6,3,3),(5,3,3),(4,3,3),(4,3,4),(4,3,4),(3,3,4),(3,3,5),(3,3,6),(2,3,6),
231:(1,6,0),(2,6,0),(1,6,0),(1,5,0),(1,4,0),(1,3,0),(1,2,0),(1,1,0),(1,1,1),(1,1,2),
232:(2,1,1),(2,2,1),(2,2,1),(2,2,2),(2,3,2),(2,3,3),(3,3,3),(4,3,3),(5,3,3),(6,3,3),(7,3,3),(8,3,3),(8,3,2),
233:(2,2,5),(3,2,5),(3,2,4),(3,2,3),(3,3,3),(3,4,3),(3,5,3),(4,5,3),(5,5,3),(5,6,3),(5,6,2),(5,7,2),(5,8,2),
234:(4,4,3),(3,4,3),(2,4,3),(2,4,3),(2,4,4),(2,4,4),(1,4,4),(1,4,5),(0,4,5),(0,4,6),
235:(4,6,2),(5,6,2),(6,6,2),(6,6,3),(6,7,3),(7,7,3),(7,7,3),(7,7,3),(6,7,3),
236:(3,4,0),(4,4,0),(5,4,0),(5,4,1),(6,4,1),(6,5,1),(6,5,0),(6,5,0),(6,5,0),(6,5,1),
237:(4,0,5),(3,0,5),(2,0,5),(1,0,5),(0,0,5),(0,1,5),(0,2,5),(0,2,6),(0,2,7),(0,3,7),(0,3,8),(0,4,8),
238:(0,0,2),(1,0,2),(2,0,2),(2,1,2),(3,1,2),(3,1,3),(4,1,3),(5,1,3),(5,2,3),(5,3,3),(6,3,3),(7,3,3),(7,3,4),(7,4,4),(7,5,4),(7,5,3),
239:(2,3,5),(2,3,4),(2,2,4),(2,1,4),(2,0,4),(2,0,4),(3,0,4),(3,0,3),(3,0,2),
240:(2,8,2),(2,8,3),(2,7,3),(2,6,3),(2,5,3),(1,5,3),(1,5,4),(1,5,5),(1,5,6),(1,5,7),
241:(4,8,6),(3,8,6),(2,8,6),(1,8,6),(1,8,5),(1,7,5),
242:(1,5,6),(2,5,6),(2,5,5),(3,5,5),(4,5,5),(4,5,5),(5,5,5),(6,5,5),(6,4,5),(6,4,4),
