soc=2342
lb_soc=1458
makespan=21
lb_makespan=14
comp_time=10439
highLevelExpanded=61
lowLevelExpanded=24197
solution=
0:(1,5,0),(1,5,1),(1,5,2),(1,5,3),(1,5,4),(1,5,5),(1,4,5),(1,4,5),(2,4,5),(3,4,5),(4,4,5),(4,4,6),
1:(1,4,0),(2,4,0),(3,4,0),(4,4,0),(5,4,0),(6,4,0),(6,4,1),(6,4,1),(6,5,1),(6,5,2),(6,5,3),(6,5,4),(6,5,5),(6,5,6),(6,5,7),
2:(0,8,1),(1,8,1),(1,8,2),(1,8,3),(1,7,3),(1,6,3),(1,5,3),(1,4,3),(2,4,3),(3,4,3),(4,4,3),(4,4,4),(4,4,5),(4,3,5),(4,2,5),(4,1,5),(4,0,5),
3:(7,7,8),(6,7,8),(5,7,8),(4,7,8),(3,7,8),(2,7,8),(2,6,8),(2,5,8),(2,5,7),(2,4,7),(2,4,6),(2,3,6),(2,3,5),(2,3,4),(2,3,3),(2,3,2),(2,2,2),
4:(3,4,0),(4,4,0),(5,4,0),(6,4,0),(7,4,0),(8,4,0),(8,4,1),(8,4,2),(8,3,2),(8,2,2),
5:(0,0,1),(1,0,1),(2,0,1),(3,0,1),(4,0,1),(5,0,1),(5,1,1),(5,2,1),(5,3,1),(5,3,2),(6,3,2),(6,3,3),(6,3,4),(6,4,4),(6,5,4),(6,5,5),(6,6,5),(6,7,5),(6,7,6),(6,7,7),(6,7,8),(6,8,8),
6:(4,7,7),(4,7,6),(4,7,5),(4,7,4),(4,7,3),(4,7,2),(4,7,1),(4,8,1),
7:(7,7,4),(6,7,4),(6,7,5),(6,7,6),(6,7,7),(6,6,7),(6,5,7),(7,5,7),(7,5,8),(7,4,8),(6,4,8),
8:(0,7,5),(1,7,5),(2,7,5),(3,7,5),(3,7,4),(3,7,3),(3,7,2),(3,6,2),(3,5,2),
9:(1,4,7),(2,4,7),(2,5,7),(2,6,7),(2,7,7),(2,7,6),(2,7,5),(2,7,4),(2,8,4),(3,8,4),(4,8,4),(4,7,4),
10:(2,3,2),(3,3,2),(4,3,2),(4,3,3),(4,3,4),(4,2,4),(4,2,5),(4,3,5),(4,3,6),(4,3,7),(5,3,7),(6,3,7),(7,3,7),
11:(0,6,2),(0,5,2),(0,4,2),(0,3,2),(0,2,2),(0,1,2),(1,1,2),(1,1,3),(1,1,3),(2,1,3),(3,1,3),(4,1,3),(4,0,3),(5,0,3),
12:(3,0,6),(4,0,6),(4,0,5),(4,0,4),(4,0,3),(4,0,2),(4,0,1),(4,0,0),(4,1,0),(4,2,0),(4,3,0),
13:(2,8,0),(3,8,0),(4,8,0),(5,8,0),(6,8,0),(7,8,0),(7,7,0),(7,6,0),(7,6,1),(7,6,2),(7,6,3),(7,5,3),(7,5,4),(7,5,5),(7,5,6),(7,4,6),(7,3,6),(8,3,6),(8,2,6),(8,1,6),(8,0,6),
14:(8,6,0),(7,6,0),(6,6,0),(5,6,0),(4,6,0),(3,6,0),(3,6,0),(3,6,1),(3,6,2),(3,6,3),(2,6,3),(2,6,4),(2,6,5),
15:(5,3,3),(4,3,3),(3,3,3),(2,3,3),(2,4,3),(2,5,3),(2,6,3),(2,7,3),
16:(3,0,0),(3,0,1),(3,0,2),(3,0,3),(3,0,4),(4,0,4),(4,0,5),(4,0,6),(4,0,7),(4,1,7),(4,1,8),(4,2,8),(5,2,8),(5,3,8),
17:(5,7,4),(5,6,4),(6,6,4),(7,6,4),(7,5,4),(7,4,4),(7,3,4),(7,2,4),
18:(5,1,4),(6,1,4),(6,1,3),(6,1,2),
19:(4,6,6),(3,6,6),(3,5,6),(3,4,6),(3,3,6),(3,2,6),(2,2,6),(2,2,5),(2,1,5),(2,0,5),
20:(1,8,8),(2,8,8),(3,8,8),(4,8,8),(4,8,7),(4,7,7),(4,6,7),(4,5,7),
21:(1,3,1),(1,3,2),(1,3,3),(1,3,4),(1,3,5),
22:(4,7,2),(3,7,2),(2,7,2),(1,7,2),(0,7,2),(0,7,3),(0,7,4),(0,7,5),(0,6,5),
23:(0,4,7),(0,4,6),(0,4,5),(0,4,4),(0,5,4),
24:(1,1,6),(2,1,6),(3,1,6),(4,1,6),(5,1,6),(6,1,6),(6,1,7),(6,1,8),(7,1,8),(8,1,8),
25:(1,7,2),(2,7,2),(2,7,1),(3,7,1),(4,7,1),(5,7,1),(6,7,1),(7,7,1),(8,7,1),(8,7,0),(8,6,0),(8,5,0),(8,4,0),(8,3,0),(8,2,0),(8,1,0),(8,0,0),
26:(3,3,2),(4,3,2),(5,3,2),(5,3,3),(5,3,4),(5,4,4),(5,5,4),
27:(2,8,8),(3,8,8),(4,8,8),(4,8,7),(4,8,6),(4,8,5),(4,8,4),(4,7,4),(4,7,3),(4,7,2),(4,7,1),(4,7,0),(4,6,0),(4,5,0),(4,4,0),
28:(7,1,8),(6,1,8),(5,1,8),(4,1,8),(4,1,7),(4,2,7),(4,2,6),(4,2,5),(4,3,5),(4,4,5),(4,5,5),
29:(6,4,4),(5,4,4),(4,4,4),(3,4,4),(2,4,4),(1,4,4),(1,5,4),(1,6,4),
30:(7,8,5),(7,7,5),(7,6,5),(7,5,5),(7,4,5),(7,4,6),(7,3,6),(7,2,6),(6,2,6),(6,1,6),(5,1,6),(5,1,7),(4,1,7),(3,1,7),(3,1,6),(3,0,6),
31:(4,0,0),(4,1,0),(4,2,0),(4,2,1),(4,3,1),(4,4,1),(4,5,1),(4,5,2),(4,6,2),(3,6,2),(3,6,3),(3,6,4),(3,6,5),
32:(8,5,3),(7,5,3),(7,5,2),
33:(6,0,8),(7,0,8),(7,0,7),(7,0,6),(7,1,6),
34:(1,0,8),(1,0,7),(1,0,6),(1,0,5),(1,0,4),(1,0,3),(1,0,2),(1,0,1),(1,0,0),(1,1,0),(1,2,0),(1,3,0),(1,4,0),(1,5,0),(1,6,0),
35:(1,2,2),(0,2,2),(0,2,3),(0,3,3),(0,4,3),(0,5,3),(0,6,3),(0,7,3),(0,8,3),
36:(5,7,5),(4,7,5),(3,7,5),(3,6,5),(2,6,5),(1,6,5),(0,6,5),(0,5,5),(0,4,5),(0,3,5),
37:(2,4,5),(2,5,5),
38:(3,3,8),(4,3,8),(5,3,8),(5,3,7),(5,3,6),(5,3,5),
39:(5,8,7),(4,8,7),(4,8,6),(4,8,5),(3,8,5),(3,8,4),(3,8,3),(3,7,3),(3,7,2),(3,7,1),(3,6,1),(3,5,1),(2,5,1),
40:(7,2,3),(8,2,3),(8,2,4),(8,2,5),(8,2,6),(8,2,7),(8,3,7),(8,4,7),
41:(4,3,7),(5,3,7),(6,3,7),(7,3,7),(7,3,6),(7,3,5),(7,4,5),(7,4,4),(7,5,4),(7,6,4),(7,7,4),
42:(8,2,4),(7,2,4),(6,2,4),(5,2,4),(4,2,4),(3,2,4),(2,2,4),(1,2,4),(0,2,4),(0,2,3),(0,2,2),(0,2,1),(0,2,0),(0,3,0),(0,4,0),(0,5,0),(0,6,0),(0,7,0),
43:(0,1,2),(1,1,2),(2,1,2),(3,1,2),(3,1,1),(3,2,1),(3,3,1),
44:(6,3,4),(7,3,4),(7,3,3),(7,4,3),(7,5,3),(7,6,3),(7,7,3),(7,8,3),
45:(5,0,4),(6,0,4),(7,0,4),(8,0,4),(8,0,5),(8,0,6),(8,1,6),(8,2,6),(8,3,6),(8,4,6),
46:(8,6,3),(7,6,3),(6,6,3),(5,6,3),(5,6,4),(4,6,4),(3,6,4),(2,6,4),(2,5,4),(2,4,4),(2,4,5),(2,4,6),(2,3,6),(1,3,6),(1,2,6),
47:(8,2,5),(7,2,5),(7,2,6),(7,2,7),(7,2,8),(7,3,8),
48:(4,0,4),(5,0,4),(6,0,4),(6,0,5),(6,1,5),(6,2,5),(6,2,6),(6,3,6),(6,4,6),(6,5,6),(6,6,6),
49:(0,5,0),(1,5,0),(2,5,0),(2,5,1),(2,4,1),(2,3,1),
50:(6,7,7),(5,7,7),(4,7,7),(4,7,6),(4,7,5),(4,7,4),(4,7,3),(4,7,2),(4,7,1),(4,7,0),(4,8,0),
51:(7,7,0),(6,7,0),(5,7,0),(4,7,0),(4,7,0),(4,6,0),(4,5,0),(4,4,0),(4,3,0),(4,3,0),(4,3,1),(4,2,1),(4,1,1),(4,0,1),(4,0,2),(3,0,2),
52:(7,4,7),(6,4,7),(6,4,6),(6,3,6),(6,2,6),(5,2,6),(5,2,5),(5,1,5),(4,1,5),(3,1,5),(3,1,4),(3,1,3),(3,1,3),(3,1,2),
53:(2,7,5),(2,7,6),(1,7,6),(1,6,6),(1,5,6),(1,4,6),
54:(2,4,0),(3,4,0),(3,4,1),(3,4,2),(3,4,3),(3,4,4),(3,5,4),(3,6,4),(3,7,4),
55:(7,3,6),(7,3,7),(7,4,7),(6,4,7),(5,4,7),(5,5,7),(5,6,7),
56:(5,3,2),(5,3,3),(4,3,3),(3,3,3),(2,3,3),(1,3,3),(1,3,4),(1,4,4),
57:(7,3,0),(6,3,0),(5,3,0),(4,3,0),(3,3,0),(2,3,0),(1,3,0),(1,3,1),(1,4,1),(1,5,1),(1,6,1),(1,7,1),(1,8,1),
58:(5,6,1),(6,6,1),(7,6,1),(7,6,2),(7,7,2),
59:(6,3,5),(6,2,5),(6,1,5),(6,1,4),(6,0,4),(7,0,4),(7,0,3),(7,0,2),(6,0,2),
60:(6,0,4),(6,0,3),
61:(3,2,7),(2,2,7),(1,2,7),(1,2,6),(1,2,5),(1,2,4),(1,2,3),(1,3,3),(1,4,3),(1,5,3),
62:(5,2,3),(4,2,3),(3,2,3),(2,2,3),(1,2,3),(1,1,3),(1,1,4),(1,1,5),
63:(6,0,7),(6,0,8),(5,0,8),(4,0,8),
64:(2,5,5),(3,5,5),(4,5,5),(4,5,6),(4,5,7),(4,5,8),(4,4,8),
65:(3,5,0),(4,5,0),(5,5,0),(6,5,0),(6,5,1),(6,5,2),(6,5,3),(6,5,4),(6,5,5),(7,5,5),(8,5,5),(8,5,6),(8,5,7),(8,5,8),
66:(5,3,6),(5,2,6),(5,2,7),(5,2,8),(5,1,8),
67:(2,8,1),(3,8,1),(4,8,1),(5,8,1),(6,8,1),(7,8,1),(8,8,1),(8,8,2),(8,8,3),(8,8,4),(8,8,5),(8,8,6),(8,8,7),
68:(3,2,5),(3,3,5),(3,4,5),(3,5,5),(4,5,5),(5,5,5),(6,5,5),(7,5,5),(7,6,5),(7,7,5),
69:(0,2,0),(1,2,0),(2,2,0),(3,2,0),(4,2,0),(5,2,0),(5,3,0),(5,4,0),(5,5,0),(5,6,0),(5,7,0),(5,8,0),
70:(5,6,2),(5,5,2),(5,5,3),(5,5,4),(4,5,4),
71:(7,6,7),(6,6,7),(6,6,8),
72:(7,1,5),(6,1,5),(5,1,5),(4,1,5),(4,1,6),
73:(1,7,6),(0,7,6),(0,6,6),(0,5,6),(0,4,6),
74:(6,8,8),(5,8,8),(5,8,8),(5,7,8),(4,7,8),(3,7,8),(2,7,8),(2,6,8),(2,5,8),(2,4,8),
75:(3,6,2),(3,5,2),(3,5,3),(4,5,3),(5,5,3),(5,4,3),(5,3,3),(6,3,3),(7,3,3),(7,3,2),(7,2,2),
76:(1,7,7),(2,7,7),(3,7,7),(4,7,7),(4,7,6),(4,6,6),(4,5,6),(4,4,6),(4,4,5),(4,4,4),(4,3,4),
77:(7,0,6),(6,0,6),(5,0,6),(4,0,6),(3,0,6),(2,0,6),(1,0,6),(0,0,6),(0,1,6),(0,1,5),(0,2,5),(0,2,4),(0,2,3),(0,2,2),(0,2,1),(0,2,0),(0,3,0),(0,4,0),(0,5,0),
78:(0,6,3),(1,6,3),(2,6,3),(3,6,3),(3,6,2),(4,6,2),(4,5,2),(4,4,2),(4,3,2),(4,2,2),
79:(8,6,4),(7,6,4),(7,6,3),(6,6,3),(6,6,2),(6,6,1),(5,6,1),(4,6,1),(3,6,1),(3,6,0),(2,6,0),(1,6,0),(1,7,0),
80:(2,2,8),(2,1,8),
81:(7,3,1),(6,3,1),(6,3,2),(6,3,3),(6,3,4),(6,3,5),(6,3,6),(6,3,7),(6,4,7),(6,5,7),(6,6,7),(6,7,7),(6,8,7),
82:(8,3,2),(7,3,2),(7,2,2),(6,2,2),(5,2,2),(4,2,2),(3,2,2),(2,2,2),(1,2,2),(1,2,3),(1,2,4),(1,2,5),
83:(1,5,6),(0,5,6),(0,5,7),(0,5,8),(0,6,8),(0,7,8),(0,8,8),
84:(5,6,4),(4,6,4),(3,6,4),(2,6,4),(1,6,4),(1,7,4),(1,8,4),
85:(5,4,2),(4,4,2),(3,4,2),(3,4,3),(3,4,4),(2,4,4),(2,4,5),(2,4,6),(2,4,7),(1,4,7),(1,4,8),
86:(7,4,0),(7,4,1),(7,4,2),(7,3,2),(7,3,3),(7,3,4),(7,3,5),(7,3,6),(7,3,7),(7,2,7),(7,2,8),(7,1,8),
87:(0,4,6),(1,4,6),(2,4,6),(2,4,7),(2,5,7),(2,6,7),(2,6,7),(2,6,7),(2,7,7),
88:(2,2,1),(1,2,1),(1,2,2),(1,2,3),(1,2,4),(1,1,4),(1,1,5),(1,1,6),(1,1,7),(1,0,7),
89:(3,6,4),(3,6,3),(3,6,2),(4,6,2),(5,6,2),(5,5,2),(5,4,2),(5,3,2),(5,2,2),(5,1,2),
90:(4,6,4),(3,6,4),(3,6,5),(3,6,6),(3,6,7),(3,6,8),(3,5,8),(3,4,8),(3,3,8),(3,2,8),(3,1,8),(3,0,8),(2,0,8),
91:(3,0,7),(4,0,7),(4,0,6),(4,0,5),(5,0,5),(6,0,5),(7,0,5),(8,0,5),(8,0,4),(8,0,3),(8,0,2),(8,0,1),(8,1,1),(8,2,1),(8,3,1),(8,4,1),
92:(3,5,3),(2,5,3),(1,5,3),(0,5,3),(0,5,2),(0,6,2),(0,7,2),
93:(2,2,5),(3,2,5),(4,2,5),(5,2,5),(6,2,5),(6,2,4),(6,3,4),(6,4,4),(6,5,4),(6,6,4),(6,7,4),
94:(5,8,0),(6,8,0),(7,8,0),(7,7,0),(7,7,1),(7,6,1),(7,6,2),(7,6,3),(7,6,4),(7,6,5),(7,5,5),(7,4,5),(7,4,6),(7,3,6),(8,3,6),(8,3,5),(8,2,5),
95:(1,6,3),(2,6,3),(2,5,3),(2,4,3),(2,4,2),(3,4,2),(4,4,2),(5,4,2),(6,4,2),(7,4,2),(8,4,2),(8,4,3),(8,4,4),(9,4,4),(9,4,5),(9,3,5),(8,3,5),
96:(8,5,4),(7,5,4),(7,5,5),(7,4,5),(7,3,5),(7,2,5),(6,2,5),(5,2,5),(5,1,5),
97:(8,8,7),(7,8,7),(6,8,7),(5,8,7),(5,8,6),(4,8,6),(4,8,5),(4,8,4),(4,7,4),(4,7,3),(4,7,2),(4,6,2),(4,5,2),(4,4,2),(4,3,2),(4,3,1),(4,2,1),(4,1,1),(4,0,1),
98:(2,0,0),(3,0,0),(4,0,0),(5,0,0),(6,0,0),(6,1,0),(6,2,0),(6,3,0),(6,4,0),(6,5,0),(6,5,1),(6,6,1),(6,7,1),(6,7,2),(6,8,2),(6,9,2),(6,9,3),(6,9,4),(6,8,4),
99:(6,2,5),(5,2,5),(5,2,4),(4,2,4),(3,2,4),(2,2,4),(1,2,4),(1,2,3),(1,3,3),(1,3,2),(1,3,1),(1,4,1),(1,5,1),(1,5,1),(1,5,0),
100:(7,7,2),(6,7,2),(5,7,2),(4,7,2),(3,7,2),(2,7,2),(2,7,3),(1,7,3),(0,7,3),(0,7,4),(0,7,5),(0,7,6),(0,6,6),(0,5,6),(0,5,7),(0,4,7),(0,4,8),(0,3,8),(0,2,8),(0,1,8),(0,0,8),
101:(4,6,3),(5,6,3),(5,6,4),(5,6,5),(5,6,6),(5,5,6),(5,5,7),(5,4,7),(5,3,7),(5,2,7),
102:(1,7,4),(2,7,4),(3,7,4),(3,6,4),(4,6,4),(4,6,5),(5,6,5),(6,6,5),(6,6,6),(7,6,6),(7,5,6),(7,4,6),(7,3,6),(8,3,6),(8,2,6),(8,2,7),(8,1,7),(8,0,7),(8,0,8),
103:(8,4,5),(7,4,5),(6,4,5),
104:(6,8,1),(7,8,1),(8,8,1),(8,8,2),(8,7,2),(8,6,2),(8,5,2),
105:(4,1,3),(4,1,4),(4,1,5),(4,2,5),(4,3,5),(3,3,5),(3,4,5),(3,5,5),(3,6,5),(3,7,5),(3,7,5),(4,7,5),
106:(5,0,2),(5,0,3),(5,0,4),(5,0,5),(5,0,6),(5,1,6),(5,2,6),(5,3,6),
107:(1,0,6),(2,0,6),(3,0,6),(3,0,5),(4,0,5),(5,0,5),(6,0,5),(7,0,5),(7,1,5),(7,2,5),
108:(8,4,7),(7,4,7),(6,4,7),(5,4,7),(5,5,7),(5,6,7),(5,6,6),(5,6,5),(5,6,4),(5,6,3),(5,6,2),(5,6,1),
109:(8,8,6),(7,8,6),(6,8,6),(5,8,6),(5,7,6),(4,7,6),(4,6,6),(4,5,6),(4,4,6),(4,4,7),(4,3,7),
110:(7,8,0),(7,8,0),(7,8,1),(6,8,1),(6,8,2),(5,8,2),(4,8,2),(4,8,3),(4,8,4),(4,8,5),(4,8,6),(4,8,7),
111:(2,1,8),(3,1,8),(4,1,8),(4,2,8),(5,2,8),(6,2,8),(6,3,8),(6,4,8),(7,4,8),(7,4,7),(7,5,7),(7,6,7),(7,7,7),
112:(6,8,5),(6,7,5),(7,7,5),(7,6,5),(7,5,5),(7,4,5),(8,4,5),(8,3,5),(8,2,5),(8,2,6),(8,1,6),(8,0,6),(7,0,6),
113:(2,0,6),(2,0,5),(2,1,5),(2,1,4),(2,2,4),(2,3,4),(3,3,4),(3,3,3),(3,4,3),(3,4,2),(3,4,1),(3,4,1),(3,5,1),(3,5,0),(3,6,0),
114:(3,8,0),(4,8,0),(5,8,0),(5,7,0),(5,7,1),(5,7,2),(5,7,3),(5,7,4),(5,7,5),(5,7,5),(5,6,5),(5,5,5),(5,5,6),(5,5,7),(5,4,7),
115:(8,4,6),(7,4,6),(7,4,5),(7,4,4),(7,3,4),(6,3,4),(5,3,4),(4,3,4),(3,3,4),(2,3,4),(2,3,3),(2,2,3),
116:(6,4,5),(5,4,5),(4,4,5),(3,4,5),(2,4,5),(2,4,6),(2,5,6),(2,6,6),(2,6,7),(2,6,8),(2,7,8),
117:(2,6,8),(3,6,8),(4,6,8),(5,6,8),(5,6,7),(5,6,6),(5,5,6),(5,5,5),(5,4,5),(5,4,4),(5,4,3),(5,5,3),(6,5,3),(6,5,2),(6,5,1),(6,4,1),
118:(4,0,2),(3,0,2),(3,0,3),(3,1,3),(3,2,3),(3,3,3),(3,4,3),(3,5,3),(3,6,3),(3,7,3),(3,8,3),(2,8,3),(2,8,4),
119:(5,7,6),(6,7,6),(7,7,6),(8,7,6),(8,7,5),(8,6,5),(8,5,5),(8,4,5),(8,3,5),(8,2,5),(8,1,5),
120:(2,3,0),(2,3,1),(2,3,2),(2,2,2),(2,2,3),(2,1,3),(2,1,4),
121:(6,5,6),(6,5,5),(6,5,4),(7,5,4),(7,4,4),(7,4,3),
122:(8,5,7),(7,5,7),(6,5,7),(5,5,7),(5,5,6),(4,5,6),(3,5,6),(2,5,6),(2,4,6),(2,3,6),(1,3,6),(1,2,6),(1,1,6),(1,0,6),
123:(4,7,5),(4,7,4),(4,6,4),(4,5,4),(4,5,3),(4,4,3),(4,3,3),(5,3,3),
124:(3,0,1),(2,0,1),(2,0,2),(1,0,2),(1,1,2),(1,2,2),(1,3,2),(1,4,2),(1,5,2),(1,6,2),(1,6,3),(1,7,3),(1,7,4),(1,7,5),(1,7,6),(1,8,6),(1,8,7),(1,8,8),(1,7,8),
125:(0,5,4),(0,4,4),(0,3,4),(0,2,4),(0,2,3),(0,1,3),(0,0,3),
126:(7,5,0),(6,5,0),(6,5,1),(5,5,1),(5,5,2),(5,4,2),(5,3,2),(5,2,2),(5,2,3),(5,2,4),(5,2,5),
127:(5,3,5),(5,3,6),(5,4,6),
128:(6,2,7),(7,2,7),(8,2,7),(8,2,6),(8,3,6),(8,3,5),(8,3,4),(8,3,3),(8,4,3),(8,4,2),(8,4,1),(8,5,1),(8,6,1),
129:(1,8,0),(2,8,0),(3,8,0),(4,8,0),(5,8,0),(6,8,0),(7,8,0),(7,7,0),(7,6,0),(7,5,0),(7,4,0),(7,3,0),(8,3,0),(8,2,0),(8,1,0),(7,1,0),
130:(1,0,3),(2,0,3),(2,0,4),(2,0,5),(3,0,5),(3,0,6),(3,1,6),(3,2,6),
131:(2,3,4),(2,3,3),(2,3,3),(2,3,2),(2,3,1),(2,2,1),(2,2,0),(2,3,0),
132:(6,3,8),(7,3,8),(8,3,8),(8,3,7),(8,3,7),(8,3,6),(8,3,5),(8,3,4),(8,3,3),(8,3,2),(8,3,1),(8,4,1),(8,4,1),(8,4,0),
133:(0,0,4),(0,0,3),(0,0,2),(0,0,1),(0,1,1),(0,2,1),(0,3,1),(0,4,1),
134:(5,3,4),(4,3,4),(3,3,4),(2,3,4),(2,3,5),(2,3,6),(2,3,7),(2,2,7),(2,1,7),
135:(6,2,4),(6,2,4),(6,3,4),(6,4,4),(6,4,3),(6,5,3),(6,6,3),(6,7,3),(6,8,3),
136:(8,7,7),(8,7,6),(8,7,5),(8,7,4),(8,6,4),(8,5,4),(8,4,4),(8,4,4),(8,3,4),(8,3,3),
137:(7,7,5),(7,7,4),(6,7,4),(6,6,4),(6,6,3),(5,6,3),(5,5,3),(5,4,3),(5,4,3),(4,4,3),(4,4,2),(4,3,2),(4,3,1),(4,2,1),(3,2,1),(2,2,1),(2,2,0),
138:(1,0,4),(0,0,4),(0,0,5),(0,0,6),(0,0,7),(0,1,7),(0,2,7),(0,3,7),
139:(7,8,4),(6,8,4),(6,8,3),(6,8,2),(6,7,2),(6,6,2),(5,6,2),(5,5,2),(5,4,2),(5,4,1),(5,3,1),(4,3,1),(4,2,1),(3,2,1),(3,2,0),(3,1,0),(2,1,0),(2,0,0),
140:(0,8,8),(0,8,7),(0,8,6),(0,8,5),(0,7,5),(0,6,5),(0,5,5),(0,4,5),(0,4,4),(0,4,3),(0,3,3),(0,3,2),(0,2,2),(0,1,2),
141:(5,8,2),(4,8,2),(3,8,2),(2,8,2),(1,8,2),(0,8,2),(0,8,1),(0,8,0),(0,7,0),(0,6,0),(0,5,0),(0,4,0),(0,3,0),(-1,3,0),(-1,2,0),(-1,1,0),(-1,0,0),(0,0,0),
142:(2,1,1),(3,1,1),(4,1,1),(5,1,1),(6,1,1),(6,2,1),(6,3,1),(6,3,1),(6,3,0),(6,4,0),(6,5,0),(7,5,0),(7,6,0),(7,7,0),
143:(6,1,8),(5,1,8),(5,1,7),(4,1,7),(3,1,7),(3,1,6),(3,1,5),(3,1,4),(3,1,3),(3,2,3),(3,3,3),(3,4,3),(3,4,2),(3,4,1),(3,5,1),(3,6,1),(3,7,1),(3,8,1),(3,8,0),
144:(1,2,6),(2,2,6),(3,2,6),(4,2,6),(5,2,6),(5,2,5),(5,2,4),(6,2,4),(6,3,4),(6,4,4),(6,5,4),(6,6,4),(6,6,3),(6,7,3),(6,7,2),(6,7,1),(6,7,0),(6,8,0),(7,8,0),
145:(6,1,7),(5,1,7),(4,1,7),(4,2,7),(4,2,6),(4,3,6),(4,3,5),(4,4,5),(3,4,5),(3,4,4),(2,4,4),(2,5,4),(2,6,4),(2,6,3),(1,6,3),(0,6,3),
146:(0,1,4),(1,1,4),(2,1,4),(3,1,4),(4,1,4),(5,1,4),(6,1,4),(7,1,4),(8,1,4),(8,1,3),(8,1,2),(8,1,1),(8,2,1),(8,3,1),(8,4,1),(8,5,1),(8,5,0),(8,6,0),(8,7,0),
147:(8,7,3),(8,7,2),(8,7,1),(8,7,0),(8,8,0),
148:(0,0,5),(0,0,6),(0,1,6),(0,2,6),
149:(2,7,7),(2,7,8),(1,7,8),(1,6,8),(1,5,8),(0,5,8),
150:(7,5,1),(8,5,1),(8,5,2),(8,5,3),(8,4,3),(8,3,3),(8,2,3),(8,2,4),(8,2,4),(8,1,4),(8,0,4),
151:(0,2,8),(1,2,8),(2,2,8),(3,2,8),(3,2,7),(3,3,7),(3,4,7),(3,5,7),(3,6,7),(3,6,6),(3,7,6),
152:(7,6,2),(6,6,2),(5,6,2),(5,7,2),(5,7,3),(5,7,4),(5,7,5),(5,7,6),(4,7,6),
153:(1,0,5),(1,0,4),(1,0,3),(2,0,3),(2,0,2),(3,0,2),(4,0,2),(5,0,2),(5,0,1),(6,0,1),(7,0,1),(7,0,2),
154:(7,2,0),(7,2,1),(7,2,1),(7,2,2),(7,2,3),(7,2,4),(7,2,5),(7,3,5),
155:(7,5,2),(6,5,2),(6,4,2),(6,3,2),(6,2,2),
156:(5,5,8),(5,5,7),(5,5,6),(5,5,5),(5,5,4),(5,5,3),(5,5,2),(5,5,1),(5,4,1),(5,4,0),(5,3,0),(5,2,0),
157:(4,0,1),(4,1,1),(4,2,1),(4,3,1),(4,4,1),(4,5,1),(4,6,1),(4,6,2),(4,7,2),(4,8,2),(4,8,3),(4,8,4),(4,8,5),(4,8,6),
158:(4,4,4),(4,4,3),(5,4,3),(5,4,3),(5,3,3),(5,2,3),(5,1,3),
159:(6,7,8),(5,7,8),(4,7,8),(3,7,8),(2,7,8),(1,7,8),(1,6,8),(1,6,7),(1,6,6),(1,6,5),
160:(6,7,3),(5,7,3),(5,7,4),(5,7,5),(5,7,5),(5,7,6),(5,7,6),(5,6,6),
161:(4,5,0),(4,5,1),(3,5,1),(3,5,2),(3,5,3),(3,5,4),(3,5,5),(3,5,6),(2,5,6),(2,6,6),(2,6,6),(2,6,6),(1,6,6),
162:(2,5,7),(3,5,7),(4,5,7),(4,5,8),(5,5,8),(6,5,8),
163:(5,8,5),(4,8,5),(3,8,5),(3,8,6),(3,8,7),(3,7,7),(3,6,7),(3,6,8),(2,6,8),(2,5,8),(2,5,7),
164:(1,5,3),(0,5,3),(0,5,2),(0,4,2),
165:(3,5,8),(4,5,8),(5,5,8),(6,5,8),(7,5,8),(7,5,7),(7,5,6),(7,4,6),(7,4,5),(7,4,4),(7,3,4),(7,3,3),
166:(5,4,3),(5,4,2),(4,4,2),(4,3,2),(3,3,2),(2,3,2),(2,2,2),(2,1,2),(2,0,2),
167:(4,4,0),(4,4,1),(4,5,1),(3,5,1),(2,5,1),(2,6,1),
168:(3,2,8),(4,2,8),(4,2,7),(4,3,7),(4,3,6),(4,3,5),(4,3,4),(4,3,3),(4,4,3),(4,3,3),(4,3,2),(5,3,2),(6,3,2),(6,4,2),
169:(3,8,3),(2,8,3),(1,8,3),(0,8,3),(0,8,4),(0,8,5),(0,8,6),(0,8,7),(0,7,7),(0,6,7),
170:(7,1,1),(8,1,1),(8,1,2),(8,1,3),(8,1,4),(8,1,5),(8,2,5),(8,2,5),(8,2,6),(8,2,7),(8,3,7),
171:(2,4,3),(2,4,2),(2,4,1),(3,4,1),(3,4,0),
172:(3,1,1),(3,1,0),(2,1,0),(1,1,0),(1,2,0),(1,3,0),(1,4,0),(1,5,0),(1,6,0),(1,7,0),(1,8,0),
173:(2,1,3),(3,1,3),(4,1,3),(5,1,3),(5,1,4),(6,1,4),(6,2,4),(6,3,4),(7,3,4),(8,3,4),(8,4,4),(8,5,4),(8,6,4),(8,7,4),(8,8,4),
174:(4,1,6),(3,1,6),(3,1,5),(3,1,5),(3,1,5),(3,1,4),(3,1,3),(3,1,2),(3,1,1),(3,0,1),
175:(8,8,0),(8,8,1),(8,8,2),(8,7,2),(8,6,2),(8,5,2),(8,4,2),(8,3,2),(8,2,2),(8,2,3),(8,2,4),(8,1,4),(7,1,4),(7,1,5),
176:(7,1,4),(7,1,5),(7,1,6),(7,1,7),
177:(8,5,0),(7,5,0),(7,4,0),(7,3,0),(7,2,0),
178:(0,7,0),(1,7,0),(2,7,0),(3,7,0),(3,7,1),(3,7,2),(3,8,2),(3,8,3),(3,8,4),(3,8,5),(3,8,6),(3,8,7),(3,8,8),(4,8,8),
179:(5,6,7),(4,6,7),(3,6,7),(3,7,7),(3,7,6),(3,7,5),(3,7,4),(3,7,4),(3,7,3),(3,7,2),
180:(1,6,4),(1,7,4),(1,7,3),(1,7,3),(1,7,2),
181:(2,1,7),(1,1,7),(1,1,6),(1,1,5),(1,1,4),(0,1,4),(0,1,3),(0,1,2),(0,1,1),(1,1,1),
182:(5,1,7),(5,1,6),(5,2,6),(5,3,6),(5,3,5),(5,4,5),(5,5,5),(6,5,5),(6,6,5),(5,6,5),(5,6,4),(5,7,4),(5,8,4),
183:(2,8,3),(2,7,3),(3,7,3),(3,7,3),(3,6,3),(3,5,3),(3,5,3),(4,5,3),
184:(5,5,5),(5,5,4),(5,4,4),(5,3,4),(5,2,4),(5,2,4),(5,2,3),(6,2,3),(7,2,3),(7,1,3),
185:(2,2,3),(2,2,4),(2,2,5),(2,2,6),(2,2,7),(1,2,7),(1,3,7),(1,4,7),(1,5,7),
186:(5,5,4),(4,5,4),(4,5,3),(4,5,2),(4,4,2),(4,3,2),(4,2,2),(4,1,2),
187:(8,2,3),(8,3,3),(8,3,3),(7,3,3),(6,3,3),(6,3,3),(6,4,3),
188:(5,0,8),(5,0,7),
189:(0,4,5),(0,3,5),(0,2,5),(0,1,5),(0,0,5),
190:(2,7,4),(2,6,4),(2,5,4),(2,5,3),(2,5,2),(3,5,2),(3,4,2),(3,4,2),(4,4,2),(5,4,2),
191:(8,2,0),(7,2,0),(6,2,0),(5,2,0),(5,2,1),(4,2,1),(3,2,1),(2,2,1),(2,2,2),(2,2,3),(2,2,4),(2,2,5),(2,2,6),(2,3,6),(2,4,6),(2,5,6),
192:(3,0,8),(3,0,7),(3,1,7),(3,1,6),(3,2,6),(3,2,5),(3,3,5),(3,4,5),(3,5,5),(3,6,5),(3,6,5),(3,7,5),(3,8,5),(3,8,4),
193:(4,8,1),(4,7,1),(3,7,1),(3,7,2),(2,7,2),(2,6,2),(2,5,2),(2,4,2),
194:(6,1,0),(7,1,0),(7,1,1),(7,2,1),(7,3,1),(7,4,1),(7,5,1),
195:(8,4,8),(7,4,8),(6,4,8),(5,4,8),(4,4,8),(3,4,8),(3,3,8),(3,3,7),(3,2,7),(3,1,7),(3,1,6),(3,1,5),(3,1,4),(3,1,3),
196:(3,4,1),(3,4,2),(3,4,3),(4,4,3),(4,3,3),(4,3,4),(4,2,4),(5,2,4),(5,2,5),(5,2,6),(6,2,6),(7,2,6),(8,2,6),(8,2,7),(8,2,8),
197:(4,6,1),(3,6,1),(2,6,1),(1,6,1),(0,6,1),(0,5,1),(0,5,2),(0,5,3),
198:(1,0,1),(1,0,2),(1,0,2),(0,0,2),(0,0,3),(0,0,4),(0,1,4),
199:(8,8,2),(7,8,2),(6,8,2),(5,8,2),(4,8,2),(3,8,2),(2,8,2),(1,8,2),(1,8,3),(1,7,3),(0,7,3),(0,7,4),(0,7,5),(0,7,6),(0,7,7),(0,7,8),
200:(2,7,2),(2,6,2),(2,5,2),(2,4,2),(3,4,2),(4,4,2),(4,4,1),(5,4,1),(6,4,1),(6,3,1),
201:(4,1,5),(3,1,5),(3,1,4),(4,1,4),(4,1,3),(4,1,2),(4,1,1),(4,2,1),(4,3,1),(4,4,1),
202:(8,0,8),(8,1,8),(8,2,8),(8,3,8),(8,4,8),(8,4,7),(8,4,6),(8,5,6),(8,5,5),(8,5,4),(8,6,4),(8,6,3),(8,6,2),(8,7,2),(8,7,1),(7,7,1),(7,8,1),
203:(2,4,7),(3,4,7),(3,4,8),(3,4,8),(3,4,7),(4,4,7),(5,4,7),(6,4,7),(7,4,7),(7,4,6),(7,4,5),(8,4,5),
204:(2,8,7),(1,8,7),(1,7,7),
205:(4,7,8),(4,7,7),(4,7,6),(4,7,5),(4,6,5),(5,6,5),(5,6,4),(5,6,3),(5,6,2),(5,6,1),(5,5,1),(5,4,1),(5,3,1),(5,2,1),(5,1,1),
206:(8,0,2),(7,0,2),(6,0,2),(5,0,2),(5,0,3),(5,1,3),(4,1,3),(3,1,3),(2,1,3),(2,0,3),
207:(8,1,1),(8,1,2),(7,1,2),(7,1,3),(7,1,4),(7,1,5),(6,1,5),(6,2,5),
208:(7,8,1),(7,7,1),(6,7,1),(5,7,1),(5,7,2),(5,7,3),(5,7,4),(5,7,5),(5,7,6),(5,7,7),(4,7,7),(4,6,7),(4,6,6),(3,6,6),
209:(3,2,0),(2,2,0),(2,3,0),(2,4,0),(2,5,0),(2,6,0),(2,7,0),(2,7,1),(2,7,1),(2,7,2),(2,8,2),
210:(1,5,4),(2,5,4),(2,4,4),(2,4,4),(2,3,4),(3,3,4),(3,2,4),(4,2,4),(5,2,4),(6,2,4),(6,3,4),(7,3,4),(8,3,4),
211:(7,2,8),(6,2,8),(5,2,8),(5,3,8),(4,3,8),(3,3,8),(3,3,7),(3,4,7),(3,5,7),(3,6,7),
212:(5,2,5),(5,2,4),(5,2,3),(5,2,2),(5,3,2),(6,3,2),(6,4,2),(6,5,2),(6,6,2),
213:(2,5,6),(2,4,6),(2,3,6),(2,3,6),(2,2,6),(2,1,6),(2,0,6),(3,0,6),(4,0,6),(5,0,6),
214:(7,0,2),(7,0,3),(7,0,3),(7,0,4),(7,0,5),(7,0,6),(6,0,6),(6,0,7),(6,0,8),(5,0,8),
215:(5,8,6),(4,8,6),(3,8,6),(3,9,6),(3,9,5),(3,9,4),(3,9,3),(3,9,2),(3,9,1),(3,9,0),(3,8,0),(3,7,0),
216:(4,5,4),(4,5,3),(4,6,3),
217:(2,8,4),(2,8,4),(2,7,4),(2,7,4),(2,6,4),(2,5,4),(2,4,4),(2,4,5),(2,3,5),(2,2,5),(3,2,5),
218:(0,7,8),(1,7,8),(1,6,8),(2,6,8),(3,6,8),(4,6,8),(5,6,8),(5,5,8),(5,4,8),(5,3,8),(6,3,8),(6,2,8),(6,1,8),
219:(8,2,2),(7,2,2),(6,2,2),(6,2,1),(6,3,1),(5,3,1),(4,3,1),(4,3,2),(4,3,3),(4,3,4),(3,3,4),
220:(5,1,5),(5,1,4),(5,1,3),(5,1,2),(4,1,2),(3,1,2),(2,1,2),(1,1,2),
221:(5,2,8),(5,2,7),(6,2,7),(6,3,7),(7,3,7),(8,3,7),(8,4,7),(8,5,7),(8,6,7),
222:(5,7,8),(4,7,8),(3,7,8),(2,7,8),(1,7,8),(1,6,8),(1,5,8),(1,4,8),(1,3,8),(1,2,8),
223:(7,4,6),(6,4,6),(6,5,6),(5,5,6),(4,5,6),(4,5,5),(4,6,5),
224:(3,7,8),(3,7,7),(3,7,6),(3,7,6),(3,7,5),(4,7,5),(4,7,4),(4,7,3),(4,8,3),(4,9,3),(4,9,2),(4,8,2),
225:(0,4,3),(1,4,3),(1,4,2),(1,5,2),(1,5,1),(2,5,1),(3,5,1),(4,5,1),(5,5,1),(6,5,1),(6,6,1),(7,6,1),(7,6,2),
226:(4,4,7),(5,4,7),(5,5,7),(5,6,7),(6,6,7),(7,6,7),(8,6,7),(8,6,6),(8,6,5),(8,6,4),(8,6,3),(8,7,3),(8,8,3),
227:(0,3,6),(1,3,6),(1,3,5),(2,3,5),(3,3,5),(3,4,5),(3,4,4),(3,4,3),(3,4,2),(4,4,2),(4,5,2),(5,5,2),(6,5,2),(6,5,1),(6,5,0),
228:(2,8,2),(3,8,2),(3,7,2),(2,7,2),(2,6,2),(3,6,2),(3,6,2),(3,6,3),(3,6,4),(4,6,4),
229:(5,4,7),(5,4,6),(4,4,6),(4,4,5),(4,4,5),(4,4,4),(4,4,4),(3,4,4),(2,4,4),(2,4,3),(1,4,3),(1,4,2),(1,4,1),(1,4,0),
230:(3,5,6),(4,5,6),(4,6,6),(5,6,6),(6,6,6),(7,6,6),(8,6,6),(8,6,5),(8,7,5),
231:(6,5,5),(5,5,5),(5,4,5),(5,3,5),(5,2,5),(4,2,5),(3,2,5),(3,2,4),(2,2,4),(1,2,4),(1,3,4),
232:(5,4,6),(5,5,6),(5,6,6),(6,6,6),(7,6,6),(8,6,6),(9,6,6),(9,6,7),(9,6,8),(8,6,8),
233:(8,1,0),(8,1,0),(7,1,0),(6,1,0),(5,1,0),(4,1,0),(3,1,0),(2,1,0),(1,1,0),(0,1,0),
234:(1,1,0),(2,1,0),(2,1,1),(3,1,1),(3,2,1),(3,2,2),(3,2,3),(4,2,3),(4,2,4),(4,2,4),(5,2,4),
235:(5,0,0),(5,0,1),(5,1,1),(5,2,1),(5,3,1),(5,4,1),(5,5,1),(6,5,1),(6,5,2),(6,5,3),(7,5,3),(7,5,4),(7,5,5),(7,5,6),(7,5,7),(7,5,8),(7,6,8),
236:(2,5,8),(3,5,8),(3,5,7),(3,5,6),(3,4,6),(3,3,6),(3,3,6),(3,3,5),
237:(2,5,1),(2,4,1),(2,3,1),(3,3,1),(3,3,1),(3,3,1),(3,3,2),
238:(0,4,0),(1,4,0),(2,4,0),(3,4,0),(4,4,0),(4,3,0),(4,2,0),(4,1,0),(4,1,1),(4,0,1),(4,0,2),(4,0,3),(4,0,4),(5,0,4),
239:(7,4,5),(6,4,5),(6,5,5),(6,6,5),(5,6,5),(5,7,5),(4,7,5),(3,7,5),(3,7,6),(2,7,6),(2,8,6),
240:(6,5,0),(6,5,1),(6,5,2),(6,5,3),(6,5,4),(6,5,5),(6,5,6),(5,5,6),(4,5,6),(3,5,6),(3,5,7),
241:(7,7,7),(7,7,6),(7,6,6),(7,5,6),(7,5,6),(7,5,5),(7,5,4),(7,5,3),(6,5,3),(5,5,3),(5,5,2),(5,5,1),(4,5,1),(3,5,1),(3,5,0),
242:(4,4,2),(4,5,2),(3,5,2),(2,5,2),(1,5,2),(2,5,2),(2,5,3),
