soc=2396
lb_soc=1478
makespan=19
lb_makespan=15
comp_time=7433
highLevelExpanded=52
lowLevelExpanded=18166
solution=
0:(3,3,5),(3,3,4),(2,3,4),(1,3,4),(1,3,3),(1,3,2),(1,4,2),
1:(1,7,7),(2,7,7),(3,7,7),(4,7,7),(5,7,7),(6,7,7),(6,7,6),(6,7,5),(6,6,5),(6,5,5),(6,5,4),(6,4,4),
2:(3,5,8),(4,5,8),(5,5,8),(6,5,8),(6,4,8),(6,3,8),(6,2,8),(6,2,7),(6,1,7),(6,0,7),(6,0,6),(6,0,5),(6,0,4),(6,0,3),(6,0,2),(6,0,1),(6,0,0),
3:(2,1,0),(3,1,0),(4,1,0),(4,1,1),(4,1,2),(4,1,3),
4:(3,4,7),(4,4,7),(4,4,8),
5:(3,7,7),(4,7,7),(5,7,7),(6,7,7),(6,6,7),(6,5,7),(6,5,6),(6,5,5),(6,5,4),(6,5,4),(6,4,4),(6,3,4),(6,2,4),(6,2,3),(6,2,2),(6,1,2),(6,1,1),(6,0,1),
6:(6,5,4),(5,5,4),(4,5,4),(3,5,4),(3,6,4),(3,6,3),(3,6,2),(2,6,2),(1,6,2),
7:(8,2,0),(7,2,0),(6,2,0),(5,2,0),(5,2,1),(5,2,2),(5,2,3),(5,2,4),(5,3,4),(5,4,4),(5,5,4),
8:(8,1,4),(7,1,4),(7,1,5),(7,1,6),(7,1,7),(7,1,8),(7,2,8),(7,3,8),(7,4,8),(7,5,8),(7,6,8),(7,7,8),(7,8,8),
9:(2,3,3),(2,3,4),(2,4,4),(2,5,4),(2,6,4),(2,7,4),(2,8,4),
10:(0,6,5),(1,6,5),(2,6,5),(3,6,5),(4,6,5),(5,6,5),(5,6,6),(5,6,7),(5,5,7),(5,4,7),(5,3,7),(5,2,7),(5,1,7),
11:(1,7,3),(0,7,3),(0,6,3),(0,5,3),(0,4,3),
12:(4,7,2),(3,7,2),(2,7,2),(1,7,2),(1,6,2),(1,5,2),(0,5,2),(0,4,2),(0,3,2),(0,2,2),(0,2,3),(0,2,4),(0,1,4),(0,1,5),(0,1,6),(0,0,6),
13:(0,2,3),(1,2,3),(2,2,3),(2,2,4),(2,2,5),(3,2,5),(4,2,5),(5,2,5),(5,2,6),(5,2,7),(5,2,8),(5,1,8),(5,0,8),
14:(5,0,0),(6,0,0),(7,0,0),(8,0,0),(8,0,1),(8,1,1),(8,2,1),(8,3,1),(8,3,2),(8,4,2),(8,5,2),(8,5,3),(8,6,3),(8,6,4),(8,6,5),(8,6,6),(8,7,6),(8,7,7),
15:(7,3,3),(6,3,3),(5,3,3),(5,2,3),(5,1,3),(5,0,3),(4,0,3),
16:(0,4,2),(1,4,2),(2,4,2),(3,4,2),(4,4,2),(5,4,2),(6,4,2),(6,4,1),(6,4,0),(6,5,0),
17:(1,4,2),(1,4,1),(2,4,1),(3,4,1),(4,4,1),(4,4,2),(5,4,2),(5,4,2),(6,4,2),(7,4,2),(7,4,3),
18:(8,1,3),(7,1,3),(6,1,3),(5,1,3),(4,1,3),(3,1,3),(3,1,4),(3,1,5),(3,1,6),(3,1,7),(3,2,7),(3,3,7),(3,4,7),(3,5,7),(3,6,7),(3,7,7),
19:(4,2,4),(4,2,3),
20:(8,7,8),(7,7,8),(6,7,8),(5,7,8),(4,7,8),(3,7,8),(2,7,8),(1,7,8),(1,7,7),
21:(4,3,5),(5,3,5),(6,3,5),(7,3,5),(8,3,5),(8,3,4),(8,3,3),(8,4,3),
22:(3,8,5),(2,8,5),(1,8,5),(0,8,5),(0,8,6),(0,8,7),(0,8,8),(0,7,8),
23:(5,4,5),(6,4,5),(6,4,5),(6,3,5),(6,2,5),
24:(5,5,8),(5,5,7),(4,5,7),(3,5,7),(2,5,7),(2,5,6),(2,4,6),(2,4,5),(1,4,5),(1,5,5),(1,5,4),(1,5,3),(1,4,3),(2,4,3),
25:(2,7,4),(3,7,4),(4,7,4),(5,7,4),(6,7,4),(7,7,4),(7,7,3),(7,7,2),(7,7,1),(7,7,0),(7,6,0),
26:(2,3,0),(2,3,1),(2,3,2),(2,3,3),(2,3,4),(2,3,5),(2,3,6),(2,3,6),(2,4,6),(2,4,6),(2,5,6),(2,5,7),(2,6,7),(2,7,7),
27:(2,3,5),(3,3,5),
28:(7,8,6),(6,8,6),(5,8,6),(4,8,6),(3,8,6),(2,8,6),(1,8,6),(1,8,7),(1,8,8),(1,7,8),(1,6,8),(1,5,8),(1,4,8),(1,3,8),(1,2,8),(0,2,8),(0,1,8),(0,0,8),
29:(0,5,7),(0,5,6),(0,5,5),(0,5,4),(0,5,3),(0,6,3),(0,7,3),
30:(2,4,5),(3,4,5),(4,4,5),(5,4,5),(6,4,5),(7,4,5),(8,4,5),(8,4,4),(8,3,4),(8,2,4),(8,2,3),(8,2,2),(8,2,1),
31:(5,0,5),(4,0,5),(4,0,4),(4,0,3),(4,0,2),(4,0,1),(4,1,1),(4,2,1),
32:(5,0,4),(6,0,4),(6,0,3),(6,1,3),(6,2,3),(6,3,3),(6,4,3),(6,5,3),(6,6,3),
33:(5,8,4),(4,8,4),(4,8,5),(4,7,5),(4,7,6),(4,6,6),(4,5,6),(4,4,6),(4,3,6),
34:(8,8,8),(8,8,7),(8,8,6),(8,8,5),(8,8,4),(8,8,3),(8,8,2),(8,7,2),(8,6,2),(8,5,2),(9,5,2),(9,4,2),(8,4,2),(7,4,2),
35:(6,4,5),(6,4,4),(5,4,4),(4,4,4),(3,4,4),(2,4,4),(1,4,4),(0,4,4),(0,3,4),(0,3,3),(0,3,2),(0,3,1),(0,2,1),
36:(8,0,6),(7,0,6),(6,0,6),(5,0,6),(4,0,6),(3,0,6),(3,0,5),(3,0,4),(3,0,3),(3,0,2),(3,1,2),
37:(6,1,8),(5,1,8),(4,1,8),(3,1,8),(2,1,8),(2,1,7),(2,1,6),(2,1,5),(2,1,4),(2,2,4),(2,3,4),(2,3,3),(2,4,3),(2,5,3),(2,5,2),
38:(4,2,3),(3,2,3),(3,3,3),(3,4,3),(2,4,3),(2,5,3),(2,6,3),(2,7,3),(2,8,3),
39:(1,1,8),(2,1,8),(3,1,8),(3,1,7),(3,1,6),(4,1,6),(5,1,6),(5,1,5),(5,1,4),(6,1,4),
40:(2,6,7),(2,6,6),(2,7,6),(2,7,5),(2,7,4),(2,7,3),(2,7,2),(2,7,1),
41:(3,3,0),(4,3,0),(4,3,1),(4,4,1),(4,5,1),(4,5,2),(4,6,2),(4,7,2),(4,8,2),
42:(7,4,6),(6,4,6),(5,4,6),(4,4,6),(3,4,6),(3,4,5),(3,5,5),(3,6,5),(3,7,5),(3,8,5),
43:(4,1,7),
44:(8,6,7),(8,6,6),(8,6,5),(8,6,4),(8,6,3),(7,6,3),(7,5,3),(7,4,3),(7,3,3),(6,3,3),(5,3,3),(5,3,2),(5,2,2),(5,1,2),(5,0,2),(4,0,2),(3,0,2),(3,0,2),(2,0,2),(2,0,1),
45:(4,1,6),(4,1,5),(4,2,5),(4,2,4),(4,3,4),(3,3,4),(3,4,4),(3,4,3),(3,5,3),(3,5,2),(3,5,1),(3,6,1),(3,7,1),
46:(3,2,0),(4,2,0),(5,2,0),(5,2,1),(5,2,2),(5,3,2),(5,3,3),(5,3,4),(5,4,4),(5,5,4),(5,6,4),
47:(6,6,4),(5,6,4),(5,6,3),(5,6,2),(5,6,1),(5,5,1),(5,4,1),(5,3,1),(5,2,1),(5,1,1),
48:(1,1,7),(1,1,6),(1,1,5),(1,2,5),(1,3,5),(1,4,5),(1,5,5),(1,5,4),(1,6,4),(1,7,4),
49:(4,8,5),(3,8,5),(2,8,5),(2,8,6),(2,7,6),(2,6,6),(2,5,6),(2,5,7),(2,5,8),(2,4,8),
50:(6,0,1),(5,0,1),(4,0,1),(4,0,0),
51:(8,4,6),(7,4,6),(6,4,6),(5,4,6),(4,4,6),(3,4,6),(3,4,5),(3,4,4),
52:(6,3,4),(7,3,4),(8,3,4),(8,3,5),(8,3,6),(8,3,7),(8,3,8),(8,4,8),(8,5,8),(8,6,8),(8,7,8),(8,8,8),
53:(1,0,3),(2,0,3),(3,0,3),(3,0,2),(3,0,1),(3,0,0),(3,1,0),(4,1,0),(5,1,0),(5,2,0),(5,3,0),(5,4,0),(5,5,0),(5,6,0),(5,7,0),(5,8,0),
54:(6,1,4),(5,1,4),(4,1,4),(4,1,5),(3,1,5),(2,1,5),(2,2,5),(2,2,6),(2,3,6),
55:(8,1,1),(7,1,1),(6,1,1),(5,1,1),(4,1,1),(4,1,2),(4,2,2),(4,3,2),(4,3,3),(4,3,4),(4,3,5),(4,4,5),(4,5,5),(4,6,5),
56:(7,5,8),(6,5,8),(6,5,7),(5,5,7),(4,5,7),(3,5,7),(2,5,7),(2,6,7),(2,6,6),
57:(4,1,2),(5,1,2),(5,1,3),(5,1,4),(5,1,5),(5,2,5),(5,3,5),(5,4,5),(5,5,5),(5,6,5),(6,6,5),(6,7,5),(6,8,5),(5,8,5),
58:(0,1,4),(1,1,4),(2,1,4),(2,1,3),(2,1,2),(2,1,1),(3,1,1),(4,1,1),(4,1,0),(5,1,0),(6,1,0),(7,1,0),(7,2,0),(7,3,0),(8,3,0),(8,4,0),(8,5,0),(8,6,0),
59:(8,0,1),(7,0,1),(6,0,1),(5,0,1),(4,0,1),(4,1,1),(4,2,1),(4,3,1),(4,4,1),(4,5,1),(4,6,1),(4,7,1),
60:(5,8,2),(4,8,2),(3,8,2),(2,8,2),(2,8,3),(2,8,4),(2,8,5),
61:(4,2,7),(5,2,7),(6,2,7),(7,2,7),(7,2,6),(7,2,5),(7,2,4),(7,2,3),(7,2,2),(7,2,1),(7,1,1),(7,1,1),(7,1,0),
62:(7,6,0),(6,6,0),(5,6,0),(5,6,1),(5,5,1),(5,4,1),(5,3,1),(5,2,1),(5,1,1),(5,0,1),
63:(3,2,5),(4,2,5),(5,2,5),(6,2,5),(6,1,5),
64:(3,3,1),(4,3,1),(5,3,1),(6,3,1),(6,2,1),
65:(5,7,7),(6,7,7),(6,7,6),(6,6,6),(6,5,6),(6,4,6),
66:(6,5,0),(5,5,0),(4,5,0),(4,5,1),(4,5,2),(4,5,3),(4,5,4),(4,5,5),(4,5,6),
67:(2,0,0),(3,0,0),(4,0,0),(5,0,0),(5,0,1),(5,0,2),(5,0,3),(5,0,4),(5,0,5),(5,1,5),(5,1,6),(5,2,6),(5,3,6),(5,4,6),(5,5,6),(5,5,7),(5,5,8),
68:(2,6,1),(3,6,1),(3,6,2),(3,5,2),(3,4,2),(3,3,2),(3,2,2),
69:(6,7,1),(6,7,2),(6,7,3),(6,7,4),(6,6,4),
70:(8,4,2),(7,4,2),(6,4,2),(5,4,2),(5,4,3),(4,4,3),(3,4,3),(2,4,3),(1,4,3),(1,3,3),(1,3,4),(1,3,5),(1,3,6),
71:(6,1,2),(7,1,2),(8,1,2),(8,1,3),(8,0,3),
72:(1,1,2),(2,1,2),(3,1,2),(4,1,2),(5,1,2),(6,1,2),(6,2,2),(6,2,2),(6,2,3),(6,2,4),(6,3,4),(6,3,5),(6,4,5),(6,5,5),(6,5,6),(6,5,7),(6,6,7),
73:(5,6,3),(6,6,3),(7,6,3),(7,6,2),
74:(8,7,6),(7,7,6),(7,7,5),(7,6,5),(7,6,4),(7,5,4),(7,4,4),(6,4,4),(6,3,4),(6,4,4),(5,4,4),(4,4,4),(4,3,4),(4,2,4),(4,1,4),
75:(8,5,3),(7,5,3),(6,5,3),(5,5,3),(4,5,3),(3,5,3),(3,5,2),(3,6,2),
76:(1,2,3),(2,2,3),(3,2,3),(3,2,2),(4,2,2),(4,2,1),(5,2,1),(5,2,0),(6,2,0),(7,2,0),(8,2,0),(8,1,0),
77:(2,4,4),(3,4,4),(4,4,4),(4,5,4),(5,5,4),(5,6,4),(5,6,3),(5,6,2),(5,6,2),(6,6,2),(6,6,2),(6,7,2),(7,7,2),(7,7,1),(7,7,0),
78:(7,2,2),(7,2,3),(7,2,4),(7,2,5),(7,1,5),(7,1,6),
79:(4,4,3),(5,4,3),(6,4,3),(6,4,2),(6,4,1),(6,5,1),
80:(5,0,8),(5,0,7),(5,0,6),(5,0,5),(5,0,4),(5,1,4),(5,1,3),(5,1,2),(5,2,2),(5,2,1),(5,3,1),(5,4,1),(5,5,1),(5,6,1),(5,7,1),(5,8,1),(4,8,1),
81:(7,0,8),(7,1,8),(7,2,8),(7,3,8),(7,3,7),(7,3,6),(7,4,6),(7,5,6),(7,5,5),(7,5,4),(7,5,3),(6,5,3),(5,5,3),(5,6,3),
82:(8,3,0),(7,3,0),(7,3,1),(7,3,2),(7,3,3),(7,2,3),(7,1,3),(7,1,4),(7,1,5),
83:(6,5,8),(5,5,8),(5,5,7),(4,5,7),(3,5,7),(2,5,7),(1,5,7),(1,5,6),(1,4,6),(1,3,6),(1,2,6),
84:(6,6,3),(6,6,4),(5,6,4),(4,6,4),(4,5,4),(4,5,5),(4,4,5),(4,3,5),(4,2,5),(4,1,5),(4,1,6),(4,0,6),
85:(4,3,8),(5,3,8),(6,3,8),(6,2,8),(6,1,8),(6,0,8),(7,0,8),
86:(6,8,2),(5,8,2),(4,8,2),(3,8,2),(2,8,2),(2,8,3),(2,7,3),(1,7,3),(1,6,3),(1,5,3),(1,4,3),(1,3,3),(1,3,4),(1,2,4),(1,1,4),(2,1,4),(2,1,5),
87:(5,6,0),(5,6,1),(6,6,1),(7,6,1),(8,6,1),(8,6,2),(8,6,3),(8,6,4),(8,6,5),(8,5,5),(8,4,5),(8,3,5),(8,3,6),(8,3,7),(8,2,7),(8,2,8),(8,1,8),(8,0,8),
88:(5,4,4),(4,4,4),(4,4,3),(4,5,3),(3,5,3),(3,5,2),(3,5,1),(2,5,1),(2,4,1),(2,3,1),
89:(2,3,7),(1,3,7),(1,3,6),(1,3,5),(1,3,4),(1,3,3),(1,2,3),
90:(4,2,6),(5,2,6),(5,2,6),(5,2,5),(5,2,4),(5,2,4),(5,1,4),(5,1,3),
91:(8,7,1),(7,7,1),(6,7,1),(5,7,1),(4,7,1),(3,7,1),(2,7,1),(2,7,0),(2,6,0),(2,5,0),(2,4,0),(2,3,0),
92:(4,6,8),(4,6,7),(4,6,6),(4,5,6),(4,5,5),(3,5,5),(3,5,4),(3,5,4),(2,5,4),(2,5,3),(2,5,2),(1,5,2),(1,5,1),(1,5,0),(1,4,0),(1,3,0),(1,2,0),
93:(6,7,0),(5,7,0),(4,7,0),(3,7,0),(3,7,1),(3,7,2),(3,7,3),(3,7,4),(3,6,4),(3,6,5),(3,6,6),
94:(2,5,3),(1,5,3),(1,5,4),(1,5,5),(1,5,6),(1,5,7),(1,4,7),(1,3,7),(1,2,7),(1,1,7),
95:(2,7,3),(2,7,4),(2,7,5),(2,6,5),(2,5,5),(2,4,5),(2,3,5),
96:(2,2,6),(3,2,6),(3,2,5),(3,2,4),(3,2,3),(3,2,2),(3,1,2),(3,0,2),(3,0,1),
97:(5,3,3),(4,3,3),(4,3,4),(3,3,4),(3,2,4),
98:(2,4,6),(3,4,6),(4,4,6),(4,4,5),(5,4,5),(5,4,4),(5,5,4),(5,6,4),(5,7,4),(6,7,4),(6,8,4),
99:(7,6,5),(6,6,5),(5,6,5),(4,6,5),(4,6,4),(3,6,4),(2,6,4),(2,6,3),(2,6,2),(2,5,2),(2,4,2),
100:(5,1,5),(5,2,5),(5,2,4),(5,3,4),(5,4,4),(5,4,3),(5,4,3),(5,5,3),(5,5,2),(5,5,1),(5,6,1),(5,7,1),(5,8,1),(4,8,1),(3,8,1),(2,8,1),
101:(0,7,8),(1,7,8),(1,7,7),(1,7,6),(1,6,6),
102:(4,0,3),(4,1,3),(4,1,2),(4,2,2),(4,3,2),(4,3,3),(4,4,3),(5,4,3),
103:(5,1,4),(5,1,3),(5,0,3),(6,0,3),(6,1,3),
104:(4,5,5),(3,5,5),(3,5,6),(3,6,6),(3,6,7),(3,6,8),(3,7,8),(3,8,8),
105:(5,3,2),(4,3,2),(4,3,3),(4,3,4),(4,3,5),(4,2,5),(5,2,5),(5,2,6),(5,2,7),(4,2,7),
106:(6,3,0),(6,3,1),(6,3,2),(6,3,3),(6,3,4),(7,3,4),(8,3,4),(8,3,5),(8,3,6),(7,3,6),(7,3,7),(7,4,7),
107:(0,2,4),(1,2,4),(2,2,4),(2,2,5),(3,2,5),(3,2,6),(3,2,7),(3,3,7),(4,3,7),(5,3,7),(6,3,7),(6,4,7),
108:(6,2,2),(5,2,2),(4,2,2),(4,3,2),(3,3,2),(2,3,2),(1,3,2),(1,3,3),(1,3,4),(1,3,5),(0,3,5),(0,4,5),
109:(1,4,6),(2,4,6),(3,4,6),(3,4,7),(4,4,7),(5,4,7),(6,4,7),(7,4,7),(7,4,6),
110:(4,8,8),(5,8,8),(5,8,7),(5,8,6),(5,8,5),(5,8,4),(5,8,3),(5,8,2),(5,7,2),(5,6,2),(5,5,2),(5,4,2),(5,3,2),(5,2,2),(5,1,2),(5,0,2),
111:(1,7,5),(1,7,4),(1,7,3),(2,7,3),(2,7,2),(2,6,2),(2,5,2),(2,4,2),(2,3,2),(2,2,2),(2,2,1),
112:(2,6,3),(3,6,3),(4,6,3),(4,7,3),(4,7,4),
113:(6,0,8),(5,0,8),(5,1,8),(5,1,7),(5,1,6),(5,1,5),(5,1,5),(5,1,4),(5,2,4),(5,2,3),(5,2,2),(5,2,1),(5,2,0),(4,2,0),(3,2,0),(3,3,0),(3,4,0),(2,4,0),
114:(2,1,5),(3,1,5),(4,1,5),(5,1,5),(5,2,5),(5,3,5),(5,4,5),(5,5,5),(5,6,5),(5,7,5),
115:(6,6,0),(6,6,1),(7,6,1),(8,6,1),(8,6,2),(8,6,3),(8,6,4),(8,6,5),(8,6,6),(8,5,6),
116:(5,4,8),(5,4,7),(5,3,7),(5,3,6),(5,2,6),(5,1,6),(5,0,6),
117:(5,8,0),(6,8,0),(7,8,0),(8,8,0),(8,8,1),(8,7,1),(8,6,1),(8,5,1),(8,4,1),(8,3,1),(8,2,1),(8,1,1),
118:(5,8,5),(4,8,5),(3,8,5),(2,8,5),(1,8,5),(0,8,5),(0,8,6),(0,7,6),(0,6,6),(0,5,6),(0,5,7),(0,5,8),(0,4,8),(0,3,8),
119:(7,5,0),(6,5,0),(5,5,0),(4,5,0),(3,5,0),(3,5,1),(3,6,1),(3,7,1),(3,7,2),(3,7,3),(3,7,4),(3,7,5),(3,7,6),
120:(5,1,7),(5,1,6),(4,1,6),(3,1,6),(3,2,6),(3,3,6),(3,4,6),(2,4,6),(2,4,5),(2,4,4),
121:(2,6,6),(2,5,6),(2,5,6),(2,5,5),(3,5,5),(3,5,4),(3,5,3),(3,5,2),(4,5,2),(4,4,2),(5,4,2),(6,4,2),(6,4,2),(6,4,3),(6,3,3),(7,3,3),(7,3,2),(8,3,2),
122:(8,2,3),(8,3,3),(8,4,3),(8,4,4),(8,4,5),(8,4,6),
123:(5,6,5),(4,6,5),(3,6,5),(3,6,4),(3,6,3),(2,6,3),(1,6,3),(0,6,3),(0,6,2),(0,5,2),(0,4,2),(0,3,2),(0,2,2),(0,1,2),
124:(0,5,8),(1,5,8),(2,5,8),(3,5,8),(4,5,8),(5,5,8),(6,5,8),(7,5,8),(7,6,8),(7,6,7),(7,7,7),(8,7,7),(8,7,6),(8,8,6),
125:(4,6,3),(5,6,3),(6,6,3),(6,6,2),(6,5,2),(6,5,2),(6,5,2),(6,4,2),(6,3,2),
126:(4,5,2),(3,5,2),(2,5,2),(1,5,2),(0,5,2),(0,5,3),(0,5,4),(0,5,5),(0,5,6),(0,5,7),(0,4,7),(0,3,7),(0,2,7),(0,1,7),(0,0,7),
127:(8,7,2),(7,7,2),(6,7,2),(5,7,2),(4,7,2),(4,7,3),(4,6,3),(3,6,3),(2,6,3),(1,6,3),
128:(8,6,8),(7,6,8),(7,6,7),(7,6,6),(7,6,5),(7,6,5),(6,6,5),(5,6,5),(5,6,4),(5,6,3),(4,6,3),(4,6,2),(4,5,2),(4,4,2),(4,4,1),(4,3,1),(4,3,0),
129:(7,5,1),(7,5,2),(7,5,3),(7,5,4),(7,5,5),(7,5,6),(7,5,7),
130:(7,0,7),(6,0,7),(6,1,7),(6,1,6),(6,2,6),(6,3,6),
131:(0,3,1),(0,3,2),(0,4,2),(0,5,2),(0,6,2),(0,7,2),(0,8,2),
132:(0,1,2),(1,1,2),(2,1,2),(3,1,2),(3,1,3),(3,1,4),(4,1,4),(4,1,5),(4,1,6),(5,1,6),(5,1,7),(6,1,7),(6,1,8),(7,1,8),
133:(4,5,7),(4,5,6),(4,5,5),(4,5,5),(4,4,5),(4,4,4),(4,4,4),(4,4,3),(4,4,2),(4,4,1),(4,4,0),
134:(5,3,8),(5,3,7),(4,3,7),(3,3,7),(3,4,7),(3,4,7),(3,5,7),(3,6,7),(2,6,7),(2,7,7),(2,8,7),(1,8,7),(0,8,7),
135:(2,5,0),(1,5,0),(1,5,1),(1,4,1),(1,3,1),(1,2,1),(1,2,2),(1,1,2),
136:(2,2,7),(2,2,6),(2,3,6),(2,4,6),(2,5,6),(3,5,6),(3,5,6),(3,5,5),(3,5,4),(3,5,3),(3,5,2),(3,5,1),(3,6,1),(3,6,0),
137:(5,2,0),(5,2,1),(5,2,2),(5,3,2),(5,3,3),(5,3,4),(4,3,4),(4,4,4),(4,4,5),(4,4,6),(4,4,7),(4,5,7),(4,5,8),(4,6,8),
138:(6,4,4),(5,4,4),(5,4,3),(4,4,3),(3,4,3),(3,4,2),
139:(1,5,2),(2,5,2),(2,5,3),(2,4,3),(2,3,3),(2,3,3),(2,3,4),(2,2,4),(2,2,5),(2,1,5),(2,1,6),(2,1,7),(3,1,7),(3,0,7),
140:(5,0,6),(4,0,6),(3,0,6),(2,0,6),(1,0,6),(1,1,6),(1,2,6),(1,3,6),(1,3,6),(1,3,7),
141:(4,8,2),(4,7,2),(4,6,2),(4,6,2),(4,6,3),(4,6,4),
142:(6,0,0),(7,0,0),(7,0,1),(7,0,2),(7,0,3),(7,0,4),(8,0,4),(8,0,5),
143:(2,7,0),(3,7,0),(3,7,1),(3,7,2),(3,7,3),(3,7,4),(3,7,5),(4,7,5),(5,7,5),(6,7,5),(6,7,6),
144:(1,3,0),(2,3,0),(3,3,0),(4,3,0),(5,3,0),(5,4,0),(5,5,0),(5,5,1),(5,6,1),(5,6,1),(5,6,2),
145:(8,6,5),(7,6,5),(6,6,5),(5,6,5),(5,6,6),(5,5,6),(5,5,6),(4,5,6),(3,5,6),(2,5,6),(1,5,6),(0,5,6),(0,4,6),(0,3,6),
146:(1,3,3),(2,3,3),(2,3,3),(3,3,3),(4,3,3),(5,3,3),(6,3,3),(7,3,3),(8,3,3),
147:(1,1,4),(2,1,4),(3,1,4),(2,1,4),(2,2,4),(2,3,4),(3,3,4),
148:(0,8,6),(1,8,6),(2,8,6),(3,8,6),(3,8,5),(4,8,5),(5,8,5),(6,8,5),(7,8,5),(7,7,5),(7,6,5),(8,6,5),(8,5,5),(8,4,5),(8,3,5),(8,2,5),(8,1,5),
149:(5,5,5),(6,5,5),(7,5,5),(8,5,5),(8,5,4),
150:(5,2,2),(4,2,2),(3,2,2),(3,3,2),(3,3,3),
151:(3,3,6),(4,3,6),(5,3,6),(6,3,6),(7,3,6),(7,3,5),
152:(6,8,5),(6,8,4),(6,8,3),(6,8,2),(6,8,1),(6,7,1),(6,6,1),
153:(1,5,8),(2,5,8),(3,5,8),(4,5,8),(5,5,8),(6,5,8),(6,4,8),(6,3,8),(6,2,8),(7,2,8),
154:(7,8,3),(6,8,3),(5,8,3),(4,8,3),(3,8,3),(3,8,4),(3,8,5),(3,8,6),(2,8,6),(1,8,6),(1,8,7),(1,8,8),(1,7,8),(1,6,8),(1,5,8),(1,4,8),
155:(8,4,4),(7,4,4),(6,4,4),(6,4,3),(6,4,2),(6,4,1),(6,3,1),
156:(2,8,4),(1,8,4),(0,8,4),(0,7,4),(0,7,5),(0,7,6),(0,7,7),(0,6,7),
157:(1,8,4),(1,8,3),(2,8,3),(3,8,3),(3,8,2),(4,8,2),(4,8,1),(4,8,0),(4,7,0),(4,6,0),
158:(5,5,3),(4,5,3),(3,5,3),(2,5,3),(2,5,4),(2,5,5),
159:(8,8,2),(7,8,2),(6,8,2),(5,8,2),(4,8,2),(4,8,3),(3,8,3),(3,7,3),(3,6,3),
160:(8,0,4),(7,0,4),(6,0,4),(5,0,4),(4,0,4),(3,0,4),(2,0,4),(1,0,4),(0,0,4),(0,1,4),(0,2,4),(0,3,4),(0,3,3),(-1,3,3),(-1,4,3),(-1,5,3),(0,5,3),(0,6,3),
161:(4,4,0),(5,4,0),(6,4,0),(7,4,0),(7,4,1),(7,4,2),(7,5,2),
162:(6,4,1),(7,4,1),(7,5,1),(7,5,1),(7,6,1),(7,7,1),(7,8,1),(8,8,1),
163:(1,6,7),(2,6,7),(3,6,7),(4,6,7),(4,6,6),(4,6,5),(4,5,5),(4,4,5),(5,4,5),(5,3,5),(5,3,4),(5,3,3),
164:(1,2,0),(2,2,0),(2,2,1),(2,2,2),(2,2,3),(2,2,4),(2,1,4),(3,1,4),(3,1,5),(3,1,6),(3,1,7),(3,0,7),(4,0,7),(5,0,7),
165:(0,8,2),(1,8,2),(2,8,2),(2,8,3),(2,7,3),(3,7,3),(4,7,3),(5,7,3),(6,7,3),(7,7,3),(7,6,3),
166:(6,3,6),(7,3,6),(8,3,6),(8,4,6),(8,5,6),(8,5,5),(8,6,5),(8,7,5),
167:(5,7,0),(5,7,1),(5,7,2),(5,7,3),(6,7,3),(6,7,4),(6,8,4),(7,8,4),(7,8,4),(7,8,5),
168:(4,7,7),(4,7,6),(4,7,6),(4,6,6),(4,5,6),(4,4,6),(5,4,6),(5,3,6),(5,3,5),(5,3,4),(5,2,4),
169:(6,5,3),(5,5,3),(4,5,3),(3,5,3),(2,5,3),(1,5,3),(1,5,2),(1,5,1),(1,6,1),(1,7,1),
170:(6,1,5),(7,1,5),(8,1,5),(8,1,6),(8,1,7),(8,1,8),(8,2,8),(8,3,8),
171:(8,1,7),(7,1,7),(7,1,6),(7,2,6),(7,2,5),(7,2,4),(6,2,4),(6,2,3),(5,2,3),(5,2,2),(4,2,2),(4,3,2),(3,3,2),(2,3,2),(1,3,2),(0,3,2),(0,3,1),
172:(6,0,3),(7,0,3),(7,1,3),(7,2,3),(8,2,3),(8,3,3),(8,4,3),(8,5,3),(8,6,3),(8,7,3),(8,8,3),
173:(0,0,6),(1,0,6),(2,0,6),(2,0,7),(3,0,7),(4,0,7),(5,0,7),(6,0,7),(7,0,7),(7,1,7),
174:(7,4,3),(6,4,3),(6,3,3),(5,3,3),(5,3,4),(4,3,4),(4,3,5),(4,2,5),(4,1,5),(3,1,5),(2,1,5),(1,1,5),(1,1,6),
175:(4,0,1),(3,0,1),(2,0,1),(1,0,1),(0,0,1),(0,1,1),(0,2,1),(0,3,1),(0,4,1),(0,5,1),(0,6,1),(0,6,2),(0,6,3),(0,6,4),(0,7,4),(0,8,4),
176:(8,1,6),(7,1,6),(6,1,6),(6,1,5),(6,1,4),(6,2,4),(6,2,3),(6,3,3),(6,4,3),(6,5,3),(5,5,3),(4,5,3),
177:(7,3,8),(6,3,8),(6,3,7),(5,3,7),(4,3,7),(3,3,7),(3,3,6),(3,4,6),(3,4,5),(3,5,5),(3,5,4),(2,5,4),(2,5,3),(2,5,2),(2,6,2),
178:(8,5,2),(8,4,2),(7,4,2),(7,4,3),(7,4,4),(7,4,4),(7,4,5),(7,4,6),(7,3,6),(7,3,7),(7,3,8),(6,3,8),(5,3,8),(4,3,8),(3,3,8),(2,3,8),
179:(5,0,2),(5,0,2),(5,1,2),(5,2,2),(5,3,2),(4,3,2),(4,4,2),(4,5,2),(4,6,2),(4,7,2),(4,7,3),(4,8,3),(4,8,4),(4,8,5),(4,8,6),(4,8,7),(4,8,8),
180:(2,2,8),(1,2,8),(1,2,7),(1,2,6),(1,2,5),
181:(1,8,2),(1,7,2),(1,6,2),(2,6,2),(3,6,2),(4,6,2),(5,6,2),(6,6,2),(6,5,2),(6,4,2),(7,4,2),(8,4,2),(8,3,2),(8,2,2),(8,2,3),(8,2,4),(8,2,5),
182:(3,0,8),(3,1,8),(3,1,7),(3,2,7),(4,2,7),(5,2,7),(6,2,7),(6,3,7),(6,4,7),(6,5,7),(6,5,6),(7,5,6),(7,5,5),(7,5,5),(8,5,5),
183:(0,7,1),(0,7,2),(0,7,3),(0,6,3),(0,6,4),(0,5,4),(0,4,4),(0,3,4),(0,2,4),(1,2,4),(1,1,4),(1,1,4),(1,1,5),
184:(1,6,8),(2,6,8),(2,6,7),(2,5,7),(2,4,7),(2,3,7),(2,2,7),(2,1,7),(3,1,7),(3,0,7),(3,0,6),(3,0,5),(4,0,5),
185:(4,2,1),(3,2,1),(3,2,0),(2,2,0),(1,2,0),(0,2,0),(0,3,0),
186:(4,6,1),(4,6,2),(5,6,2),(5,5,2),(5,5,3),(5,5,4),(5,5,5),(5,5,6),(5,4,6),(5,3,6),(5,3,6),(5,3,7),(5,3,7),(5,3,8),
187:(2,7,1),(3,7,1),(3,6,1),(3,5,1),(3,4,1),
188:(4,6,7),(5,6,7),(5,6,6),(5,7,6),(5,7,6),(5,7,5),(5,7,4),(5,7,4),(5,7,3),(6,7,3),(6,7,2),(6,7,1),
189:(6,0,6),(5,0,6),(4,0,6),(4,0,5),(4,1,5),(4,1,4),(4,2,4),(4,3,4),(4,3,4),(4,4,4),(4,4,3),(3,4,3),(3,5,3),(3,5,2),(3,5,1),(2,5,1),(1,5,1),(1,5,0),(1,6,0),
190:(2,6,0),(2,6,1),(2,6,2),(2,6,3),(2,6,3),(2,6,4),(2,6,5),(2,7,5),(2,7,6),(3,7,6),(4,7,6),(5,7,6),(5,7,7),(5,7,8),
191:(7,6,1),(7,6,2),(7,5,2),(7,5,3),(7,5,4),(7,5,5),(7,5,6),(6,5,6),(5,5,6),(5,4,6),(4,4,6),(3,4,6),(3,3,6),(3,3,7),
192:(5,7,1),(4,7,1),(4,6,1),(3,6,1),(3,5,1),(2,5,1),(1,5,1),(1,4,1),(1,3,1),
193:(1,1,0),(2,1,0),(2,2,0),(2,2,1),(2,2,2),(2,2,3),(2,3,3),(2,3,4),(2,4,4),(2,5,4),(2,6,4),(3,6,4),(3,6,5),(3,7,5),(4,7,5),(4,7,6),(4,6,6),
194:(0,6,7),(1,6,7),(1,6,7),(2,6,7),(2,6,8),
195:(0,1,3),(1,1,3),(1,1,4),(1,1,5),(2,1,5),(2,1,6),(3,1,6),(3,1,7),(3,2,7),(3,3,7),(4,3,7),(4,4,7),(5,4,7),
196:(3,5,2),(3,5,3),(3,5,4),(3,5,5),(3,5,6),(4,5,6),(4,5,7),(3,5,7),(3,5,8),
197:(4,6,6),(3,6,6),(2,6,6),(2,7,6),(2,7,5),(2,7,5),(2,7,4),
198:(4,4,7),(4,4,6),(4,5,6),(3,5,6),(3,6,6),(3,6,5),(3,6,4),(2,6,4),(2,6,4),(2,6,3),(2,6,2),(2,5,2),(2,5,1),(2,5,0),(2,6,0),
199:(8,3,7),(7,3,7),(7,3,6),(7,4,6),(6,4,6),(6,4,5),(6,4,4),(5,4,4),(4,4,4),(4,4,3),(4,3,3),
200:(4,6,4),(3,6,4),(2,6,4),(1,6,4),(1,6,5),(1,5,5),(1,5,6),(1,4,6),(1,4,7),(1,4,8),(1,3,8),(2,3,8),(2,2,8),(2,1,8),(2,0,8),
201:(2,8,2),(3,8,2),(3,8,3),(3,7,3),(4,7,3),(4,6,3),(4,5,3),(4,5,4),(4,5,5),(5,5,5),(5,4,5),(5,3,5),(4,3,5),(4,2,5),(4,1,5),
202:(1,4,4),(0,4,4),(0,4,5),(0,3,5),(0,2,5),
203:(4,7,1),(4,6,1),(5,6,1),(6,6,1),(6,6,2),(6,6,3),(7,6,3),(7,6,4),(7,6,5),(7,6,6),(7,6,7),(7,6,8),(7,7,8),
204:(8,8,3),(8,8,2),(8,7,2),(8,6,2),(8,5,2),(8,4,2),(8,3,2),(8,2,2),(8,2,2),(7,2,2),
205:(6,3,7),(6,3,6),(6,3,6),(6,4,6),(5,4,6),(5,4,5),(5,4,4),(5,5,4),(5,5,3),(5,5,2),(6,5,2),(6,6,2),
206:(1,3,6),(2,3,6),(3,3,6),(4,3,6),(5,3,6),(5,3,7),(6,3,7),(6,4,7),(6,5,7),(6,6,7),(6,6,7),(7,6,7),
207:(3,6,8),(3,5,8),(3,4,8),(2,4,8),(2,3,8),(2,2,8),(2,2,8),(2,2,7),(2,2,6),(2,2,5),(2,2,4),
208:(3,6,5),(2,6,5),(2,5,5),(2,4,5),(1,4,5),(1,4,4),(1,3,4),(1,2,4),(1,1,4),(1,1,3),(0,1,3),(0,1,2),(0,1,1),(0,1,0),(0,0,0),
209:(8,6,4),(7,6,4),(6,6,4),(5,6,4),(5,6,3),(5,5,3),(5,5,3),(4,5,3),(4,5,3),(4,5,3),(3,5,3),(2,5,3),(1,5,3),
210:(4,0,4),(5,0,4),(5,1,4),(6,1,4),(6,2,4),(6,3,4),(7,3,4),(7,4,4),(7,5,4),(7,6,4),(8,6,4),(8,7,4),
211:(0,0,8),(1,0,8),(1,0,7),(1,0,6),(1,0,5),(1,0,4),(1,0,3),(1,0,2),(1,0,1),(1,1,1),(1,2,1),(1,2,0),(2,2,0),(3,2,0),(3,2,1),(3,3,1),
212:(0,0,2),(1,0,2),(2,0,2),(2,0,2),(3,0,2),(4,0,2),(5,0,2),(6,0,2),(6,1,2),(6,2,2),(6,2,3),(6,3,3),(6,4,3),(6,5,3),(7,5,3),
213:(0,2,7),(1,2,7),(2,2,7),(2,2,6),(2,1,6),(3,1,6),(4,1,6),(5,1,6),(6,1,6),
214:(0,1,0),(1,1,0),(2,1,0),(3,1,0),(4,1,0),(5,1,0),(6,1,0),(7,1,0),(7,1,1),(7,1,2),(7,1,3),(7,1,4),(7,2,4),(7,3,4),(7,4,4),(7,5,4),(7,6,4),
215:(1,5,3),(1,5,4),(1,5,5),(1,5,6),(1,5,7),(1,6,7),(1,7,7),(2,7,7),(3,7,7),(4,7,7),(5,7,7),(5,8,7),
216:(7,1,0),(6,1,0),(5,1,0),(4,1,0),(4,2,0),(3,2,0),(2,2,0),(2,2,1),(2,2,2),(2,2,3),
217:(2,3,2),(1,3,2),(0,3,2),(0,3,3),(0,2,3),(0,1,3),(0,1,3),(0,0,3),(0,0,3),(0,0,4),
218:(1,4,7),(1,4,6),(1,4,5),(1,4,4),(1,4,3),(2,4,3),(2,4,2),(2,3,2),(3,3,2),(4,3,2),(5,3,2),(5,2,2),(4,2,2),(4,1,2),
219:(1,4,5),(2,4,5),(3,4,5),(3,4,6),(3,3,6),(4,3,6),(5,3,6),(5,3,5),(6,3,5),(6,4,5),(7,4,5),(7,4,4),(7,5,4),(7,5,3),(8,5,3),
220:(3,1,7),(2,1,7),(1,1,7),(0,1,7),(0,1,6),(0,2,6),
221:(3,1,0),(3,1,1),(2,1,1),(2,1,2),(3,1,2),(2,1,2),(2,1,3),
222:(7,7,8),(6,7,8),(6,7,9),(6,6,9),(6,5,9),(6,4,9),(6,3,9),(6,2,9),(6,1,9),(6,1,8),(6,0,8),
223:(2,1,7),(2,1,6),(3,1,6),(3,2,6),(4,2,6),
224:(1,0,4),(1,0,3),(1,0,2),(1,1,2),(1,1,1),(1,1,1),(2,1,1),(3,1,1),(3,2,1),(3,3,1),(4,3,1),(4,4,1),(4,5,1),
225:(1,8,5),(1,7,5),(1,7,4),(1,7,3),(1,7,2),(2,7,2),(2,6,2),(2,5,2),(3,5,2),(4,5,2),(4,4,2),(4,4,2),(4,3,2),
226:(7,3,0),(6,3,0),(5,3,0),(5,4,0),(4,4,0),(3,4,0),(3,5,0),
227:(7,7,3),(6,7,3),(6,7,4),(6,6,4),(6,6,5),(6,6,6),(6,6,7),(6,6,8),(5,6,8),(4,6,8),(3,6,8),(3,6,9),(3,5,9),(3,4,9),(3,4,8),
228:(7,2,8),(7,2,7),(7,2,6),(8,2,6),(8,2,6),(7,2,6),
229:(4,4,2),(3,4,2),(3,3,2),(2,3,2),(1,3,2),(1,2,2),(1,1,2),(1,1,3),(1,0,3),(1,0,4),(1,0,5),(1,0,6),(1,0,7),(1,0,8),
230:(7,4,8),(8,4,8),(8,4,7),(8,3,7),(8,2,7),(8,2,6),(8,2,5),(8,2,4),(8,2,3),(8,2,2),(8,2,2),(8,2,1),(8,2,0),
231:(5,5,2),(4,5,2),(3,5,2),(2,5,2),(1,5,2),(0,5,2),(0,5,3),(0,5,4),
232:(1,6,2),(1,6,1),(1,6,1),(2,6,1),
233:(5,4,2),(4,4,2),(5,4,2),(5,4,3),(4,4,3),(3,4,3),(2,4,3),(1,4,3),(1,4,4),
234:(6,2,5),(6,2,4),(6,2,3),(6,2,2),(6,3,2),(6,3,1),(7,3,1),(7,4,1),(7,4,1),(6,4,1),
235:(6,8,7),(5,8,7),(4,8,7),(3,8,7),(3,7,7),(3,7,6),(3,6,6),(3,5,6),(3,4,6),(3,3,6),(3,2,6),(3,1,6),(3,1,5),(3,1,4),(3,1,3),(3,0,3),(2,0,3),(2,0,2),(2,1,2),
236:(1,3,7),(1,3,6),(1,4,6),(1,4,5),(1,4,4),(1,4,3),(1,3,3),(2,3,3),(2,3,3),(2,3,2),(3,3,2),(3,3,1),(4,3,1),(5,3,1),(5,3,0),
237:(2,8,8),(1,8,8),(1,8,7),(1,8,6),(1,7,6),(1,7,5),(1,7,5),(1,6,5),(1,5,5),(1,5,4),(1,5,3),(1,4,3),(1,3,3),(1,3,2),(1,2,2),
238:(5,6,6),(6,6,6),(7,6,6),(8,6,6),(8,6,5),(8,6,4),(9,6,4),(9,6,3),(9,6,2),(8,6,2),
239:(7,8,8),(7,8,7),(8,8,7),(8,7,7),(8,6,7),
240:(2,4,1),(2,4,2),(2,4,3),(2,4,4),(2,4,5),(2,4,6),(2,4,7),
241:(7,2,4),(7,2,5),(6,2,5),(6,2,6),(6,3,6),(5,3,6),(5,3,7),(4,3,7),(4,4,7),(3,4,7),(3,4,6),(2,4,6),(1,4,6),(1,5,6),(0,5,6),(0,6,6),(0,7,6),(1,7,6),
242:(1,2,1),(2,2,1),(3,2,1),(4,2,1),(4,3,1),(5,3,1),(5,3,2),(6,3,2),(7,3,2),(8,3,2),(8,3,1),
