soc=2328
lb_soc=1493
makespan=20
lb_makespan=14
comp_time=9440
highLevelExpanded=61
lowLevelExpanded=17536
solution=
0:(4,8,8),(3,8,8),(2,8,8),(2,7,8),(2,6,8),(2,5,8),(2,4,8),(2,4,8),(2,3,8),(2,2,8),(2,2,7),(2,2,6),(2,1,6),(2,1,5),(2,1,4),(2,1,3),
1:(8,0,5),(7,0,5),(6,0,5),(5,0,5),(4,0,5),(3,0,5),(2,0,5),(2,1,5),(2,2,5),
2:(8,3,7),(7,3,7),(6,3,7),(5,3,7),(4,3,7),(3,3,7),(3,3,8),(2,3,8),(1,3,8),(0,3,8),(0,3,7),(0,2,7),(0,1,7),
3:(3,1,7),(3,1,6),(2,1,6),(2,1,5),(2,1,5),(2,2,5),(2,3,5),(2,4,5),(2,4,4),(2,5,4),(2,6,4),(2,6,3),
4:(0,8,6),(1,8,6),(2,8,6),(3,8,6),(4,8,6),(4,8,7),(4,7,7),(4,6,7),(4,5,7),(4,4,7),(4,3,7),
5:(8,6,5),(7,6,5),(6,6,5),(6,5,5),(6,4,5),(5,4,5),(5,3,5),(5,2,5),(4,2,5),(4,1,5),(4,1,4),(3,1,4),(2,1,4),(2,0,4),(1,0,4),(1,0,3),(1,0,2),(2,0,2),
6:(5,4,1),(6,4,1),(7,4,1),(8,4,1),(8,4,2),(8,4,3),(8,4,4),(8,4,5),(8,4,6),(8,5,6),(8,6,6),(8,7,6),
7:(5,2,3),(6,2,3),(7,2,3),(8,2,3),(8,2,2),(8,2,1),(8,2,0),(8,3,0),
8:(4,2,0),(5,2,0),(6,2,0),(6,2,1),(6,2,2),(6,3,2),(6,4,2),(6,5,2),(6,6,2),(6,7,2),
9:(2,3,2),(1,3,2),(1,3,1),(1,2,1),(1,1,1),(1,0,1),
10:(5,3,3),(5,3,2),(5,2,2),(6,2,2),(6,1,2),(6,0,2),(7,0,2),(8,0,2),
11:(5,2,2),(4,2,2),(3,2,2),(3,2,1),(3,2,0),(3,3,0),
12:(2,6,7),(3,6,7),(3,6,6),(3,6,5),(3,6,4),(3,5,4),(3,4,4),(3,3,4),
13:(0,3,6),(1,3,6),(2,3,6),(2,3,5),(2,2,5),(2,2,4),(2,2,3),(2,1,3),(2,1,2),(3,1,2),(4,1,2),(4,0,2),(4,0,1),(4,0,0),(4,1,0),
14:(4,2,6),(5,2,6),(5,3,6),(5,4,6),(5,4,7),(5,5,7),(5,6,7),(5,7,7),(5,8,7),
15:(5,4,8),(4,4,8),(3,4,8),(2,4,8),(1,4,8),(1,4,7),(1,4,6),(1,4,5),(1,4,4),(1,4,4),(1,3,4),(1,3,3),(1,3,2),(1,3,1),(1,3,0),(1,4,0),
16:(1,3,1),(2,3,1),(3,3,1),(4,3,1),(5,3,1),(6,3,1),(7,3,1),(8,3,1),(8,3,2),(8,4,2),(8,4,3),
17:(0,0,0),(1,0,0),(2,0,0),(3,0,0),(4,0,0),(5,0,0),(6,0,0),(6,1,0),(7,1,0),(8,1,0),(8,2,0),
18:(8,2,5),(7,2,5),(6,2,5),(5,2,5),(4,2,5),(4,2,4),(4,2,3),(4,1,3),
19:(1,4,3),(2,4,3),(3,4,3),(4,4,3),(5,4,3),(6,4,3),(7,4,3),(7,3,3),
20:(5,0,5),(4,0,5),(3,0,5),(2,0,5),(2,0,4),(2,1,4),(2,2,4),(2,3,4),
21:(1,5,6),(1,4,6),(1,3,6),(1,2,6),(1,1,6),(2,1,6),(3,1,6),(4,1,6),(5,1,6),(5,1,7),
22:(0,6,3),(1,6,3),(2,6,3),(3,6,3),(3,6,2),(3,5,2),(3,5,2),(4,5,2),(5,5,2),(6,5,2),(6,4,2),(7,4,2),(7,4,1),(7,3,1),(7,2,1),(7,1,1),
23:(6,0,3),(5,0,3),(4,0,3),(3,0,3),(2,0,3),(2,0,2),(2,1,2),(2,2,2),(2,3,2),(2,3,1),(2,4,1),(2,4,0),
24:(1,8,1),(1,8,2),(1,8,3),(1,8,4),(1,8,5),(1,8,6),(2,8,6),(3,8,6),(3,8,7),(4,8,7),(4,7,7),(5,7,7),(5,7,8),
25:(4,0,7),(5,0,7),(5,0,6),(5,1,6),(5,1,5),(5,1,4),(5,1,3),(5,1,2),(5,1,1),(5,1,0),(5,2,0),(5,3,0),(5,3,-1),(5,4,-1),(5,5,-1),(5,5,0),(5,6,0),
26:(0,2,1),(0,2,2),(0,2,3),(0,2,4),(0,3,4),(0,4,4),(0,5,4),(0,6,4),(0,7,4),
27:(3,5,8),(4,5,8),(5,5,8),(6,5,8),(7,5,8),(7,4,8),(7,3,8),(7,2,8),
28:(8,8,4),(7,8,4),(6,8,4),(5,8,4),(4,8,4),(4,8,3),(4,8,2),(4,8,1),(4,8,0),(4,7,0),
29:(5,3,5),(6,3,5),(6,3,4),(6,3,3),
30:(7,7,2),(6,7,2),(5,7,2),(5,7,3),(5,7,4),(5,7,5),(5,6,5),(5,6,6),(5,5,6),
31:(7,5,7),(6,5,7),(5,5,7),(4,5,7),(3,5,7),(2,5,7),(1,5,7),(1,5,6),(1,6,6),
32:(2,4,3),(3,4,3),(4,4,3),(5,4,3),(5,4,2),(5,5,2),(5,6,2),
33:(1,4,1),(2,4,1),(3,4,1),(4,4,1),(5,4,1),(6,4,1),(7,4,1),(7,4,2),(7,5,2),(7,6,2),
34:(8,3,8),(7,3,8),(6,3,8),(5,3,8),(4,3,8),(3,3,8),(2,3,8),(1,3,8),(1,3,7),(1,4,7),(1,4,6),(1,4,5),(1,5,5),(1,6,5),
35:(2,8,4),(3,8,4),(4,8,4),(4,8,5),(5,8,5),(5,8,6),(5,8,7),(5,8,8),(6,8,8),(7,8,8),(7,7,8),(7,6,8),
36:(6,8,4),(6,7,4),(7,7,4),(7,6,4),
37:(0,5,8),(1,5,8),(2,5,8),(3,5,8),(4,5,8),(5,5,8),(6,5,8),(7,5,8),(7,5,7),(7,4,7),(7,3,7),
38:(3,4,1),(3,4,2),(2,4,2),(1,4,2),(1,4,3),(1,5,3),(1,6,3),
39:(1,6,8),(2,6,8),(3,6,8),(4,6,8),(5,6,8),(6,6,8),(7,6,8),(8,6,8),(8,6,7),(8,5,7),(8,4,7),(8,4,6),(8,4,5),(8,3,5),(8,2,5),(8,2,4),
40:(0,3,2),(0,3,3),(0,3,4),(0,3,5),(0,3,6),(0,4,6),(0,5,6),
41:(4,5,8),(5,5,8),(6,5,8),(6,5,7),(6,5,6),(6,5,5),(6,5,4),(6,4,4),(6,3,4),(6,2,4),
42:(2,0,0),(2,0,1),(1,0,1),(0,0,1),(0,0,2),(0,1,2),(0,2,2),(0,3,2),
43:(8,6,0),(7,6,0),(7,5,0),(7,5,1),(7,4,1),(7,4,2),(7,3,2),(7,2,2),(7,1,2),(6,1,2),(5,1,2),(5,0,2),(5,0,3),(5,0,4),(4,0,4),(4,0,5),(4,0,6),(4,0,7),(4,0,8),
44:(5,5,4),(5,6,4),(5,7,4),(4,7,4),(4,7,3),
45:(4,2,3),(5,2,3),(6,2,3),(7,2,3),(8,2,3),(8,3,3),(8,3,2),(8,4,2),(8,4,1),(8,4,0),(8,5,0),(8,6,0),(8,7,0),(8,8,0),
46:(4,7,2),(5,7,2),(5,7,3),(6,7,3),(6,7,4),(6,8,4),(6,8,5),(6,8,6),
47:(7,0,0),(8,0,0),(8,0,1),(8,0,2),(8,0,3),(8,0,4),(8,0,5),(8,0,6),(8,0,7),(8,0,8),(8,1,8),(8,2,8),(8,3,8),(8,4,8),(8,5,8),(8,6,8),
48:(3,8,7),(4,8,7),(5,8,7),(5,8,8),(6,8,8),(6,7,8),(6,6,8),
49:(0,4,0),(1,4,0),(2,4,0),(3,4,0),(4,4,0),(5,4,0),(6,4,0),(6,5,0),(6,6,0),(6,7,0),
50:(6,7,6),(5,7,6),(5,6,6),(5,5,6),(5,4,6),(5,3,6),(5,3,7),(5,2,7),
51:(3,6,2),(4,6,2),(5,6,2),(5,6,3),(5,6,4),(5,6,5),(5,5,5),(5,4,5),(5,3,5),
52:(7,4,4),(6,4,4),(5,4,4),(4,4,4),(3,4,4),(2,4,4),(1,4,4),(1,4,3),
53:(4,4,1),(5,4,1),(6,4,1),(6,4,2),(6,4,3),(6,4,4),(6,4,5),(6,5,5),
54:(2,2,3),(3,2,3),(4,2,3),(5,2,3),(6,2,3),(7,2,3),(8,2,3),(8,3,3),
55:(7,6,7),(6,6,7),(5,6,7),(5,6,6),(5,7,6),
56:(8,6,6),(7,6,6),(6,6,6),(6,6,5),(5,6,5),(4,6,5),(4,6,4),(4,5,4),(4,4,4),(3,4,4),(2,4,4),(2,4,4),(1,4,4),(1,3,4),(0,3,4),(0,2,4),(0,1,4),
57:(1,6,5),(2,6,5),(3,6,5),(4,6,5),(4,5,5),(5,5,5),(5,4,5),(5,3,5),(5,2,5),(6,2,5),(6,1,5),(6,0,5),(6,0,4),(6,1,4),
58:(5,5,8),(6,5,8),(7,5,8),(7,4,8),(7,3,8),(7,2,8),(7,1,8),(7,0,8),
59:(6,4,1),(6,4,2),(5,4,2),(4,4,2),(3,4,2),(2,4,2),(1,4,2),(0,4,2),(0,4,3),(0,4,4),(0,5,4),
60:(4,2,5),(3,2,5),(3,2,6),(3,3,6),
61:(5,1,3),(4,1,3),(3,1,3),(2,1,3),(1,1,3),(0,1,3),(0,1,4),(0,1,4),(0,2,4),(0,2,5),(0,2,6),(0,2,6),(0,2,7),(0,2,8),
62:(2,2,5),(1,2,5),(1,1,5),(1,1,6),(1,0,6),
63:(6,5,4),(7,5,4),(7,5,3),(7,5,2),(7,5,1),(7,5,0),(7,6,0),
64:(1,1,7),(2,1,7),(3,1,7),(4,1,7),(4,1,6),(4,2,6),(4,3,6),(4,3,5),(4,4,5),(4,4,5),(4,4,4),(4,4,3),(4,4,2),(4,4,1),(4,4,0),(4,5,0),(4,6,0),
65:(5,8,0),(4,8,0),(4,8,1),(4,7,1),(4,6,1),(4,5,1),(4,4,1),(4,3,1),(4,2,1),(4,1,1),
66:(0,2,8),(1,2,8),(2,2,8),(3,2,8),(4,2,8),(5,2,8),(6,2,8),(6,2,7),(7,2,7),(8,2,7),(8,2,6),(8,2,5),(8,2,4),(8,1,4),
67:(0,0,2),(1,0,2),(2,0,2),(3,0,2),(4,0,2),(5,0,2),(6,0,2),(6,1,2),(6,2,2),(6,3,2),
68:(1,2,3),(0,2,3),(0,2,4),(0,2,5),(0,2,6),(0,3,6),(0,4,6),
69:(3,0,5),(3,1,5),(4,1,5),(4,2,5),(4,3,5),(4,4,5),(4,5,5),(4,6,5),(5,6,5),(6,6,5),
70:(8,4,5),(7,4,5),(6,4,5),(5,4,5),(5,4,4),(5,4,3),(5,3,3),(5,2,3),(5,1,3),
71:(3,6,0),(4,6,0),(5,6,0),(5,6,1),(6,6,1),(7,6,1),(7,6,2),(7,7,2),(7,7,3),
72:(6,0,0),(5,0,0),(4,0,0),(4,1,0),(3,1,0),(2,1,0),(1,1,0),(1,2,0),(1,3,0),(1,3,1),(1,4,1),(1,5,1),(1,6,1),
73:(5,6,8),(4,6,8),(4,5,8),(4,4,8),(4,4,8),(4,3,8),(4,2,8),(4,1,8),(4,1,7),(4,1,6),(4,1,5),
74:(8,3,3),(7,3,3),(7,3,4),(6,3,4),(5,3,4),(4,3,4),(4,3,5),(4,4,5),(3,4,5),(2,4,5),(2,5,5),(1,5,5),(1,5,6),(1,5,7),(1,6,7),(0,6,7),(0,6,8),(0,7,8),
75:(5,7,6),(4,7,6),(3,7,6),(2,7,6),(2,7,7),(2,7,8),(2,6,8),(2,5,8),(2,4,8),(2,3,8),(2,2,8),(2,1,8),
76:(2,8,1),(3,8,1),(3,8,2),(4,8,2),(5,8,2),(6,8,2),(7,8,2),(7,8,3),(7,8,4),(7,7,4),(7,7,5),(7,7,6),(7,6,6),
77:(6,1,8),(5,1,8),(4,1,8),(3,1,8),(2,1,8),(1,1,8),(1,1,7),(1,1,6),(1,1,5),(1,1,4),(1,1,3),
78:(8,8,6),(8,7,6),(8,7,6),(7,7,6),(7,6,6),(7,5,6),(7,5,6),(7,5,5),(7,4,5),(7,3,5),(6,3,5),(6,2,5),(5,2,5),(4,2,5),(3,2,5),
79:(1,6,0),(2,6,0),(3,6,0),(4,6,0),(4,7,0),(4,7,1),(4,7,2),(4,8,2),(4,8,3),(4,8,4),
80:(3,0,1),(4,0,1),(5,0,1),(5,0,2),(5,1,2),(5,2,2),
81:(3,7,5),(4,7,5),(5,7,5),(6,7,5),(7,7,5),(7,6,5),(7,5,5),(7,4,5),(7,3,5),(7,2,5),(7,1,5),(7,0,5),
82:(0,0,3),(1,0,3),(2,0,3),(2,0,2),(3,0,2),(4,0,2),(5,0,2),(5,0,1),(5,0,0),
83:(4,8,1),(4,8,1),(3,8,1),(2,8,1),
84:(1,2,0),(1,2,1),(1,2,2),(1,2,3),(1,3,3),(1,4,3),(1,5,3),(1,5,4),(1,6,4),
85:(6,7,5),(5,7,5),(5,7,6),(4,7,6),(3,7,6),(2,7,6),(2,6,6),(2,5,6),
86:(1,1,3),(2,1,3),(2,2,3),(3,2,3),(3,3,3),(3,4,3),(3,5,3),(3,5,4),(3,6,4),
87:(3,7,3),(3,6,3),(3,5,3),(2,5,3),(2,4,3),(2,3,3),
88:(3,1,8),(4,1,8),(4,1,7),(5,1,7),(6,1,7),(6,2,7),(6,2,6),(6,3,6),(6,3,5),(6,3,4),(6,4,4),(6,5,4),(6,6,4),(6,7,4),(7,7,4),(7,8,4),
89:(3,1,6),(2,1,6),(2,1,7),(2,2,7),(2,3,7),
90:(4,7,8),(3,7,8),(2,7,8),(2,7,7),(2,8,7),(2,8,6),(2,8,5),(2,8,4),
91:(7,6,1),(6,6,1),(5,6,1),(5,5,1),(5,5,1),(5,4,1),
92:(8,3,4),(7,3,4),(7,3,5),(6,3,5),(5,3,5),(4,3,5),(4,4,5),(3,4,5),(2,4,5),(2,5,5),(2,6,5),(2,6,6),(2,7,6),(2,7,7),(2,8,7),
93:(7,2,7),(6,2,7),(5,2,7),(4,2,7),(3,2,7),(3,2,6),(3,2,5),(3,2,4),(3,2,3),(3,3,3),(3,4,3),(3,4,2),(3,5,2),(2,5,2),(2,6,2),(2,7,2),(2,8,2),
94:(1,5,5),(2,5,5),(3,5,5),(4,5,5),(5,5,5),(5,5,4),(5,5,3),(5,4,3),(5,3,3),(5,2,3),(6,2,3),(7,2,3),(8,2,3),
95:(2,4,1),(2,4,0),(2,5,0),(2,6,0),(2,7,0),
96:(7,0,5),(6,0,5),(5,0,5),(4,0,5),(4,0,4),(4,0,3),(3,0,3),(3,0,2),(2,0,2),(2,1,2),
97:(1,4,6),(2,4,6),(3,4,6),(3,5,6),(3,6,6),(3,6,6),(3,6,6),(3,6,5),
98:(4,8,7),(4,7,7),(4,7,7),(4,6,7),(4,6,6),(4,5,6),(4,5,6),(4,5,5),
99:(4,1,0),(5,1,0),(6,1,0),(6,1,1),(6,2,1),(6,2,2),(6,2,2),(6,3,2),(6,4,2),(6,4,3),(6,5,3),(6,6,3),(6,7,3),(6,7,3),(6,7,4),(7,7,4),(7,7,5),(7,7,6),
100:(4,5,1),(3,5,1),(2,5,1),(2,5,2),(2,4,2),(2,3,2),(2,2,2),(2,2,3),(2,2,4),(2,1,4),(2,1,5),(2,0,5),
101:(7,5,8),(7,4,8),(6,4,8),(6,3,8),(6,2,8),(6,1,8),
102:(6,5,3),(6,5,4),(6,5,5),(6,5,6),(6,4,6),(6,4,7),(6,4,7),(5,4,7),
103:(1,5,0),(2,5,0),(3,5,0),(4,5,0),(5,5,0),(6,5,0),(7,5,0),(8,5,0),(8,5,1),(8,5,2),(8,5,3),(9,5,3),(9,5,4),(9,5,5),(9,5,6),(9,5,7),(8,5,7),
104:(6,7,3),(6,6,3),(6,6,2),(6,5,2),(6,4,2),(6,4,2),(5,4,2),
105:(7,8,5),(7,7,5),(7,7,6),(7,6,6),(7,5,6),(7,4,6),
106:(8,1,5),(7,1,5),(6,1,5),(5,1,5),(4,1,5),(3,1,5),(2,1,5),(1,1,5),(1,1,4),(1,1,3),(1,1,2),(1,1,1),(0,1,1),(0,1,0),
107:(5,0,4),(4,0,4),(3,0,4),(2,0,4),(1,0,4),(1,0,5),(1,1,5),(1,2,5),(0,2,5),(0,3,5),(0,4,5),(0,5,5),(0,6,5),(0,6,6),(0,7,6),
108:(6,2,7),(5,2,7),(4,2,7),(3,2,7),(3,2,6),(3,2,5),(3,2,4),(3,2,3),(3,3,3),(3,4,3),(3,4,2),(3,5,2),(2,5,2),(2,6,2),(2,6,1),(2,7,1),
109:(5,2,1),(4,2,1),(3,2,1),(2,2,1),(1,2,1),(0,2,1),(0,3,1),(0,4,1),(0,4,2),(0,4,3),(0,4,4),(0,4,5),(0,5,5),(0,6,5),(0,6,6),
110:(3,1,0),(4,1,0),(5,1,0),(6,1,0),(6,2,0),(6,3,0),
111:(7,8,0),(6,8,0),(5,8,0),(5,7,0),(5,7,1),(5,7,2),(5,7,3),(5,7,4),(4,7,4),(4,6,4),
112:(2,1,8),(2,0,8),(2,0,7),(2,0,6),(2,0,5),(2,0,4),(2,0,3),
113:(1,6,4),(2,6,4),(2,6,5),(2,6,6),(2,6,7),(2,7,7),(2,8,7),(2,8,8),
114:(8,8,0),(7,8,0),(6,8,0),(5,8,0),(4,8,0),(3,8,0),(2,8,0),(1,8,0),(0,8,0),(0,8,1),(0,8,2),(0,8,3),(0,8,4),(0,8,5),(0,7,5),(0,6,5),(0,5,5),
115:(8,3,0),(7,3,0),(6,3,0),(6,3,1),(6,4,1),(6,5,1),(6,5,2),(6,5,3),(6,5,4),(6,6,4),(6,7,4),(6,8,4),(6,8,5),
116:(3,5,7),(4,5,7),(4,4,7),(5,4,7),(6,4,7),(6,5,7),(6,5,6),(6,4,6),
117:(0,1,1),(1,1,1),(2,1,1),(2,1,0),(2,2,0),(2,3,0),
118:(2,5,3),(3,5,3),(3,5,4),(3,5,5),(3,6,5),(3,7,5),(3,7,6),
119:(2,4,7),(3,4,7),(3,4,7),(4,4,7),(4,4,6),
120:(3,3,3),(2,3,3),(2,3,2),(2,3,1),(2,2,1),
121:(0,2,7),(1,2,7),(2,2,7),(2,3,7),(3,3,7),(3,4,7),(4,4,7),(4,5,7),(5,5,7),(5,6,7),(6,6,7),(7,6,7),(8,6,7),(8,6,6),(8,5,6),
122:(1,7,1),(1,7,2),(1,7,3),(1,7,4),(1,7,5),(2,7,5),(2,7,6),(2,7,7),(3,7,7),(3,7,8),(4,7,8),(4,6,8),(4,5,8),(5,5,8),(5,4,8),
123:(7,7,8),(7,7,7),(7,8,7),(7,8,6),(7,8,5),
124:(1,5,3),(2,5,3),(2,5,2),(3,5,2),(3,5,1),(3,6,1),(4,6,1),(5,6,1),(6,6,1),(6,7,1),(7,7,1),
125:(4,7,3),(4,7,4),(4,7,5),(4,7,5),(4,7,6),(4,6,6),(4,6,6),(4,5,6),
126:(5,7,2),(5,6,2),(5,5,2),(5,4,2),(5,3,2),(5,3,2),(6,3,2),(7,3,2),
127:(1,7,0),(2,7,0),(3,7,0),(4,7,0),(5,7,0),(6,7,0),(7,7,0),(7,7,1),(7,6,1),(7,5,1),(7,4,1),(7,3,1),(7,2,1),(7,2,2),(7,2,3),(7,2,4),(7,2,5),(8,2,5),(8,2,6),
128:(2,6,3),(2,6,3),(3,6,3),(3,5,3),(4,5,3),(4,4,3),(4,3,3),(4,2,3),
129:(3,4,2),(3,5,2),(4,5,2),(4,5,3),(4,5,4),(4,5,5),(3,5,5),
130:(3,3,5),(4,3,5),(5,3,5),(5,3,4),(5,2,4),(6,2,4),(7,2,4),(8,2,4),(8,3,4),
131:(0,4,5),(1,4,5),(2,4,5),(2,4,6),(2,4,7),(2,4,8),(3,4,8),
132:(4,0,0),(3,0,0),(3,0,1),(2,0,1),(1,0,1),(0,0,1),(0,1,1),(0,2,1),(0,3,1),(0,4,1),(0,4,2),(0,5,2),(0,6,2),
133:(7,8,7),(7,9,7),(6,9,7),(5,9,7),(4,9,7),(3,9,7),(3,9,6),(3,9,5),(3,9,4),(3,9,3),(3,9,2),(3,8,2),(3,7,2),(3,6,2),
134:(6,3,0),(5,3,0),(4,3,0),(3,3,0),(2,3,0),(2,3,1),(2,3,2),(2,4,2),(2,4,3),
135:(5,6,1),(4,6,1),(4,6,2),(4,6,3),
136:(0,8,7),(1,8,7),(2,8,7),(3,8,7),(4,8,7),(5,8,7),(5,8,8),(6,8,8),(7,8,8),(7,7,8),(7,6,8),(7,5,8),(7,4,8),(7,4,8),(8,4,8),(8,3,8),
137:(2,7,1),(3,7,1),(4,7,1),(5,7,1),(5,6,1),(5,6,0),(5,5,0),(5,4,0),
138:(7,6,0),(6,6,0),(6,7,0),(6,8,0),(5,8,0),
139:(1,1,6),(1,1,5),(2,1,5),(3,1,5),(3,1,4),(3,1,3),(3,1,2),(3,1,1),(3,2,1),(3,3,1),(3,4,1),(3,5,1),(3,6,1),
140:(4,6,4),(4,6,3),(5,6,3),(5,5,3),(5,5,2),(4,5,2),(4,5,1),(4,5,0),(4,4,0),(4,3,0),
141:(6,3,4),(5,3,4),(4,3,4),(3,3,4),(2,3,4),(1,3,4),(1,3,3),(1,3,2),(1,4,2),(1,5,2),(1,6,2),(1,7,2),(1,8,2),
142:(8,5,4),(8,5,5),(8,6,5),(7,6,5),(7,6,5),(6,6,5),(6,6,5),(5,6,5),(5,7,5),(4,7,5),(3,7,5),(2,7,5),
143:(7,6,6),(6,6,6),(6,7,6),(6,7,6),(6,7,5),
144:(0,7,0),(1,7,0),(2,7,0),(3,7,0),(3,6,0),(4,6,0),(4,5,0),(4,4,0),(4,3,0),(5,3,0),(5,3,1),(5,2,1),
145:(3,5,2),(2,5,2),(3,5,2),(3,4,2),(3,4,3),(3,4,4),(3,4,5),(3,4,6),(3,4,7),(3,3,7),(3,3,8),(3,2,8),
146:(7,2,1),(6,2,1),(6,3,1),(6,4,1),(6,5,1),(6,6,1),(6,6,0),(6,7,0),(6,8,0),
147:(6,8,7),
148:(4,4,3),(4,4,4),(3,4,4),(2,4,4),(2,4,5),(2,4,6),(2,4,7),(1,4,7),(0,4,7),(0,3,7),(0,2,7),(1,2,7),
149:(3,1,5),(4,1,5),(4,2,5),(4,2,6),(5,2,6),(6,2,6),(6,2,5),(6,3,5),(6,4,5),(7,4,5),(7,5,5),(7,6,5),
150:(5,8,5),(6,8,5),(7,8,5),(7,7,5),(7,7,6),(7,7,7),
151:(3,4,0),(3,4,1),(3,4,2),(3,4,3),(3,5,3),(2,5,3),(2,5,4),(2,5,5),(1,5,5),(1,5,6),(1,5,7),(1,5,8),
152:(7,2,0),(6,2,0),(6,2,1),(5,2,1),(4,2,1),(3,2,1),(3,2,2),(3,1,2),(3,1,3),(3,1,4),(3,1,5),
153:(7,2,3),(7,2,2),(7,2,1),(7,2,0),(7,1,0),(7,0,0),
154:(3,8,5),(3,7,5),(3,7,4),(3,6,4),(3,5,4),(4,5,4),(4,4,4),(4,3,4),(4,2,4),(4,1,4),(4,0,4),(4,0,3),
155:(7,4,2),(8,4,2),(8,3,2),(8,2,2),(8,1,2),
156:(1,7,7),(2,7,7),(3,7,7),(3,6,7),(3,6,7),(3,5,7),(3,4,7),(3,3,7),(4,3,7),(4,3,6),
157:(5,5,0),(4,5,0),(4,5,1),(3,5,1),(2,5,1),
158:(0,8,5),(0,7,5),(0,6,5),(0,5,5),(0,4,5),(0,3,5),(0,3,6),(0,2,6),(0,2,6),(1,2,6),
159:(7,0,2),(7,0,3),(7,0,4),(7,0,5),(7,0,6),(7,0,7),
160:(2,1,0),(1,1,0),(1,2,0),(1,3,0),(1,3,1),(1,4,1),(1,5,1),(1,5,2),(1,5,3),(1,5,4),
161:(1,5,7),(2,5,7),(3,5,7),(3,4,7),(4,4,7),(4,3,7),(4,3,7),(4,3,6),(4,3,5),(4,3,4),(5,3,4),
162:(1,1,4),(1,2,4),(1,3,4),(1,3,5),(1,3,6),
163:(5,1,2),(5,1,3),(5,1,4),(5,2,4),(5,2,5),(5,2,6),(4,2,6),(4,2,7),
164:(7,1,0),(6,1,0),(6,1,1),(6,1,2),(6,1,3),(6,2,3),(6,2,4),(6,2,5),(6,2,6),(6,2,7),(6,2,8),(5,2,8),
165:(5,1,8),(5,1,7),(6,1,7),(6,1,6),(6,1,6),(6,1,5),(6,1,4),(6,1,3),(6,1,2),(6,1,1),(6,2,1),(6,3,1),(6,4,1),(6,5,1),
166:(6,0,8),(5,0,8),(4,0,8),(3,0,8),(3,0,7),(3,0,6),(3,0,5),(3,0,4),(3,0,3),(3,0,2),(3,0,1),(3,1,1),(3,2,1),(3,3,1),(3,4,1),(3,4,0),(3,5,0),(3,6,0),(3,7,0),(3,8,0),
167:(3,4,4),(3,3,4),(3,3,3),(3,3,2),(3,2,2),(3,1,2),(3,1,1),(3,1,0),
168:(6,2,8),(5,2,8),(4,2,8),(4,2,8),(4,2,7),(3,2,7),(2,2,7),(2,2,6),(2,3,6),(2,3,5),(2,3,5),(1,3,5),
169:(2,3,1),(3,3,1),(4,3,1),(4,3,2),(4,4,2),(4,4,2),(4,5,2),(4,6,2),(4,7,2),(4,8,2),
170:(4,3,8),(5,3,8),(5,3,7),(5,3,6),(5,3,6),(5,3,5),(5,3,4),(5,2,4),(5,1,4),
171:(3,0,6),(4,0,6),(4,1,6),(4,1,6),(5,1,6),(6,1,6),
172:(1,7,6),(1,7,5),(1,6,5),(1,5,5),(1,4,5),(1,3,5),(1,2,5),(1,2,6),(1,1,6),(1,1,5),
173:(7,1,3),(7,2,3),(7,2,4),(7,3,4),(7,3,3),(7,4,3),(7,5,3),(7,5,3),(6,5,3),(5,5,3),(5,6,3),(5,7,3),
174:(0,8,2),(0,8,3),(0,7,3),(0,6,3),(0,5,3),(0,4,3),(0,3,3),(0,2,3),(0,1,3),(0,0,3),
175:(2,3,8),(1,3,8),(0,3,8),(0,3,7),(0,2,7),(0,2,6),(0,2,5),(0,2,4),(0,2,3),(0,2,2),(0,2,1),
176:(5,8,3),(4,8,3),(3,8,3),(2,8,3),(2,8,4),(2,7,4),(2,7,5),(2,7,6),(2,7,7),(2,7,8),(2,6,8),(2,5,8),(2,4,8),(2,3,8),
177:(5,8,2),(4,8,2),(4,8,3),(4,8,4),(4,8,5),(4,8,6),(4,8,7),(4,8,8),
178:(1,0,5),(2,0,5),(2,0,4),(2,0,3),(2,0,2),(3,0,2),(4,0,2),(4,1,2),(4,2,2),(4,3,2),(4,3,1),(4,4,1),(4,5,1),(5,5,1),
179:(6,4,0),(6,5,0),(6,5,1),(6,6,1),(6,6,2),(6,6,3),(6,6,4),(6,6,5),(6,6,6),(5,6,6),(5,6,7),(6,6,7),(5,6,7),(4,6,7),
180:(1,1,0),(1,2,0),(2,2,0),(3,2,0),(4,2,0),(5,2,0),(6,2,0),(6,2,1),(6,3,1),(6,4,1),(6,5,1),(6,5,1),(7,5,1),
181:(2,1,4),(2,2,4),(2,3,4),(2,3,4),(2,4,4),(2,5,4),(2,6,4),(2,7,4),(2,7,4),(3,7,4),(4,7,4),(4,7,5),
182:(6,8,5),(7,8,5),(8,8,5),(8,8,4),(8,7,4),(8,6,4),(8,5,4),
183:(0,7,3),(1,7,3),(2,7,3),(3,7,3),(3,7,4),(4,7,4),(5,7,4),(5,6,4),(5,5,4),(5,5,5),(5,4,5),(6,4,5),(6,3,5),(6,3,6),(6,3,7),(6,2,7),
184:(2,6,8),(3,6,8),(4,6,8),(5,6,8),(6,6,8),(6,6,7),(6,5,7),(6,4,7),(6,3,7),(6,3,6),(7,3,6),(7,3,5),(7,2,5),(7,2,4),(7,1,4),(7,0,4),
185:(3,2,0),(4,2,0),(5,2,0),(6,2,0),(7,2,0),(7,3,0),
186:(5,4,3),(6,4,3),(7,4,3),(7,4,4),(7,4,5),(7,3,5),(7,3,6),(7,3,7),(7,3,7),(7,2,7),
187:(4,8,4),(5,8,4),(5,8,5),(5,8,6),(6,8,6),(6,7,6),(6,7,7),(6,6,7),(6,5,7),
188:(6,3,7),(6,3,6),(6,3,5),(5,3,5),(5,4,5),(5,4,4),(5,4,3),(4,4,3),(4,4,2),(4,5,2),
189:(3,2,6),(2,2,6),(2,2,5),(1,2,5),(1,2,4),(1,2,3),
190:(6,2,1),(6,2,2),(7,2,2),(7,3,2),(7,4,2),(8,4,2),(8,4,3),(8,4,4),(8,4,5),(8,5,5),(8,5,5),(7,5,5),
191:(4,1,6),(5,1,6),(5,2,6),(6,2,6),(6,2,7),(5,2,7),(5,2,6),
192:(8,3,1),(8,3,2),(8,3,3),(8,3,4),(8,3,4),(7,3,4),(6,3,4),(5,3,4),(4,3,4),(4,2,4),(3,2,4),(2,2,4),(1,2,4),(0,2,4),(0,2,5),(0,2,6),(0,2,7),
193:(2,7,8),(2,7,8),(2,6,8),(3,6,8),(4,6,8),(5,6,8),(5,5,8),(6,5,8),(6,4,8),(6,4,7),(6,3,7),(6,3,6),(7,3,6),(7,3,5),(7,2,5),(7,1,5),
194:(2,6,4),(3,6,4),(4,6,4),(5,6,4),(6,6,4),(6,5,4),(6,4,4),(6,3,4),(6,2,4),(6,2,3),(6,2,2),(6,2,1),(6,1,1),(6,1,0),
195:(2,5,8),(2,4,8),(2,3,8),(3,3,8),(3,2,8),(3,1,8),(3,1,7),(3,1,6),(3,1,5),(3,0,5),(3,0,4),(3,0,3),(3,0,2),
196:(7,0,7),(8,0,7),(8,0,6),(8,0,5),(8,0,4),(8,1,4),(8,1,3),(8,2,3),(8,2,2),(8,2,1),(8,3,1),(8,4,1),(8,4,0),
197:(8,2,8),(7,2,8),(6,2,8),(5,2,8),(5,2,7),(4,2,7),(3,2,7),(2,2,7),(1,2,7),(1,3,7),(1,4,7),(1,5,7),(1,6,7),(1,7,7),(1,7,6),(1,7,5),(1,7,4),(1,7,3),(1,7,2),(1,7,1),(1,8,1),
198:(7,3,8),(6,3,8),(5,3,8),(4,3,8),(3,3,8),(2,3,8),(1,3,8),(1,4,8),(1,4,7),(1,4,6),(1,4,5),(1,4,4),(1,3,4),(1,3,3),(1,3,2),(1,3,1),(1,4,1),
199:(8,2,0),(7,2,0),(7,3,0),(6,3,0),(5,3,0),(4,3,0),(4,3,1),(3,3,1),(3,3,2),
200:(8,5,0),(7,5,0),(7,5,1),(7,4,1),(7,3,1),(7,3,2),(7,3,3),(7,2,3),(7,1,3),(6,1,3),(6,1,4),(6,1,5),(6,0,5),(6,0,6),(6,0,7),
201:(7,2,6),(6,2,6),(6,1,6),(6,1,5),(6,1,5),(5,1,5),
202:(0,8,4),(1,8,4),(2,8,4),(3,8,4),(3,8,3),(3,8,2),(3,7,2),(3,6,2),(3,5,2),(3,4,2),(4,4,2),(4,3,2),(4,2,2),(4,1,2),(4,0,2),(4,0,1),
203:(2,4,6),(2,4,7),(2,4,8),(2,5,8),(3,5,8),(4,5,8),(4,6,8),(5,6,8),
204:(8,6,3),(7,6,3),(6,6,3),(6,6,4),(6,6,5),(6,6,6),(5,6,6),(4,6,6),(3,6,6),(2,6,6),(2,6,7),
205:(8,3,6),(8,3,5),(8,4,5),(8,5,5),(8,6,5),
206:(1,3,5),(2,3,5),(3,3,5),(3,4,5),(3,4,6),(3,5,6),(3,5,7),(3,5,8),(4,5,8),(5,5,8),(6,5,8),(6,5,8),(7,5,8),
207:(1,8,7),(2,8,7),(3,8,7),(3,7,7),(3,7,8),(3,6,8),(3,5,8),(4,5,8),(4,4,8),(4,3,8),(4,2,8),
208:(7,4,6),(6,4,6),(5,4,6),(4,4,6),(4,4,5),(3,4,5),(2,4,5),(2,4,4),(2,5,4),(2,5,3),(1,5,3),(1,5,2),(1,5,1),(1,5,0),(1,6,0),(1,7,0),
209:(6,3,1),(6,3,2),(6,3,3),(6,4,3),(6,5,3),(5,5,3),(4,5,3),
210:(0,0,8),(1,0,8),(2,0,8),(2,0,7),(2,1,7),(3,1,7),(4,1,7),(5,1,7),(6,1,7),(7,1,7),(7,1,6),(7,1,5),(7,1,4),(7,1,3),(7,1,2),(7,2,2),(8,2,2),
211:(0,3,4),(1,3,4),(1,3,3),(2,3,3),(2,3,2),(3,3,2),(4,3,2),(5,3,2),(6,3,2),(6,3,1),(7,3,1),(7,2,1),(7,2,0),(7,1,0),
212:(5,5,3),(4,5,3),(4,6,3),(4,6,4),(4,7,4),(4,7,5),(3,7,5),(3,8,5),(3,8,6),(3,8,7),
213:(4,7,7),(5,7,7),(5,7,7),(5,7,6),(5,7,5),(5,8,5),(5,8,4),
214:(7,1,8),(6,1,8),(5,1,8),(4,1,8),(3,1,8),(2,1,8),(2,1,7),(2,1,6),(2,2,6),(2,3,6),(2,4,6),(2,4,5),(2,5,5),(2,6,5),
215:(5,8,6),(6,8,6),(6,8,5),(7,8,5),(8,8,5),(8,8,4),(8,8,3),(8,8,2),(8,8,1),(8,7,1),(8,6,1),
216:(4,8,0),(4,7,0),(4,6,0),(4,6,1),(3,6,1),(3,6,2),(3,6,3),(3,5,3),
217:(8,4,6),(8,5,6),(8,6,6),(8,7,6),(8,8,6),(7,8,6),(6,8,6),(5,8,6),(4,8,6),(3,8,6),(2,8,6),
218:(0,2,0),(0,2,1),(0,2,2),(0,2,3),(0,2,4),(0,3,4),(0,4,4),(0,4,4),(0,4,4),(0,3,4),(0,3,4),(0,4,4),
219:(4,1,4),(3,1,4),(2,1,4),(1,1,4),(0,1,4),(0,2,4),(0,2,3),(0,2,2),(0,2,1),(0,3,1),(0,4,1),(0,5,1),
220:(7,6,5),(7,6,4),(7,6,3),(7,6,2),(7,6,1),(7,5,1),(6,5,1),(5,5,1),(4,5,1),(3,5,1),(3,5,0),(2,5,0),(1,5,0),(0,5,0),(0,4,0),
221:(0,2,5),(0,2,4),(1,2,4),(2,2,4),(2,2,3),(2,2,3),(3,2,3),(3,3,3),(4,3,3),(5,3,3),(5,3,2),(5,3,1),
222:(3,5,6),(3,4,6),(3,3,6),(2,3,6),(2,2,6),(2,2,6),(3,2,6),(3,2,7),
223:(8,7,2),(7,7,2),(6,7,2),(5,7,2),(5,7,3),(5,7,4),(5,7,5),(4,7,5),(4,7,6),(4,6,6),(3,6,6),(3,5,6),(3,4,6),(2,4,6),(2,3,6),(2,2,6),(2,2,7),(2,1,7),(2,0,7),(2,0,8),
224:(5,3,6),(5,3,5),(5,3,4),(5,3,3),(5,2,3),(5,2,3),(6,2,3),(6,2,2),(6,2,1),(6,2,0),
225:(4,3,1),(4,3,2),(4,4,2),(4,5,2),(4,6,2),(5,6,2),(5,6,3),(5,7,3),(5,7,4),(5,7,5),(4,7,5),(4,7,6),(4,7,7),(5,7,7),
226:(3,7,7),(3,7,6),(3,7,5),(3,7,4),(2,7,4),(3,7,4),(4,7,4),(4,6,4),(4,5,4),(4,4,4),(4,4,3),(4,4,2),(4,3,2),(4,2,2),(4,1,2),(5,1,2),(5,1,1),(5,0,1),
227:(5,4,7),(6,4,7),(6,4,6),(6,4,5),(6,4,4),(7,4,4),(7,4,4),(7,4,3),(7,4,2),(7,5,2),
228:(2,7,0),(2,8,0),(1,8,0),(1,8,1),(1,8,2),(1,8,3),
229:(2,0,7),(1,0,7),(0,0,7),(0,0,6),(0,0,5),(0,0,4),(0,0,3),(0,0,2),(0,1,2),
230:(1,2,8),(1,1,8),(0,1,8),(0,1,7),(0,1,6),
231:(8,1,4),(7,1,4),(6,1,4),(5,1,4),(4,1,4),(3,1,4),(2,1,4),(1,1,4),(1,2,4),(1,3,4),(1,3,3),(1,3,2),(1,3,1),(0,3,1),(0,3,0),
232:(7,0,4),(6,0,4),(5,0,4),(5,0,4),(5,0,5),(5,0,6),(5,0,7),(5,0,8),(5,1,8),(5,2,8),(5,3,8),(4,3,8),(4,4,8),(4,5,8),(3,5,8),(3,6,8),(2,6,8),
233:(8,6,7),(7,6,7),(6,6,7),(5,6,7),(4,6,7),(3,6,7),(2,6,7),(1,6,7),(0,6,7),(0,5,7),
234:(2,4,5),(2,4,5),(2,3,5),(2,2,5),(3,2,5),(4,2,5),(4,1,5),(4,0,5),(5,0,5),(6,0,5),(7,0,5),(8,0,5),(8,0,4),(8,0,3),(8,1,3),
235:(7,5,2),(7,4,2),(7,3,2),(7,3,3),(8,3,3),(8,3,4),(8,3,5),(8,3,6),(8,3,7),(7,3,7),(7,3,8),
236:(4,6,5),(4,5,5),(4,4,5),(4,3,5),(3,3,5),
237:(6,5,5),(7,5,5),(8,5,5),(8,5,4),(8,5,3),(8,5,2),(8,6,2),(8,7,2),(8,8,2),
238:(1,2,6),(1,2,6),(1,2,5),(1,2,4),(1,2,3),(1,2,2),(1,2,1),
239:(8,0,2),(7,0,2),(7,0,3),(7,0,4),(7,1,4),(7,2,4),(7,3,4),(7,4,4),(6,4,4),(5,4,4),(5,5,4),
240:(1,3,2),(1,3,3),(2,3,3),(3,3,3),(4,3,3),(5,3,3),(5,2,3),(6,2,3),(7,2,3),(7,2,4),(7,3,4),
241:(6,8,0),(5,8,0),(4,8,0),(3,8,0),(2,8,0),(1,8,0),(1,7,0),(1,6,0),(1,5,0),(1,4,0),(1,3,0),(1,2,0),(1,1,0),(1,1,1),(0,1,1),(0,0,1),(0,0,2),
242:(6,8,1),(6,8,2),(6,8,3),(6,8,4),(6,8,5),(6,8,6),(5,8,6),(4,8,6),(4,8,7),(4,7,7),(3,7,7),(2,7,7),(2,7,8),(2,6,8),(2,5,8),
