soc=2306
lb_soc=1455
makespan=20
lb_makespan=14
comp_time=6995
highLevelExpanded=44
lowLevelExpanded=14627
solution=
0:(0,6,1),(1,6,1),(2,6,1),(3,6,1),(4,6,1),(5,6,1),(6,6,1),(6,6,2),(7,6,2),(7,5,2),(7,4,2),(6,4,2),
1:(5,2,6),(4,2,6),(3,2,6),(2,2,6),(1,2,6),(1,2,5),(1,2,4),(1,2,3),(1,2,2),
2:(7,5,1),(8,5,1),(8,5,2),(8,5,3),(8,5,4),(8,5,5),(8,5,6),(8,4,6),
3:(2,5,5),(3,5,5),(4,5,5),(5,5,5),(6,5,5),(7,5,5),(8,5,5),(8,5,4),(8,5,3),(8,5,2),(8,5,1),(8,5,0),(8,4,0),(8,3,0),
4:(7,0,2),(6,0,2),(6,0,3),(6,0,4),(6,0,5),(6,0,6),(6,1,6),(6,2,6),(6,3,6),(6,3,7),(6,4,7),(6,5,7),
5:(7,6,3),(8,6,3),(8,6,4),(8,6,5),(8,6,6),(8,6,7),(8,6,8),(8,5,8),(8,4,8),(8,3,8),(8,2,8),(8,1,8),(8,0,8),
6:(2,4,6),(1,4,6),(1,4,5),(1,5,5),(1,6,5),(1,7,5),(1,8,5),
7:(2,2,5),(1,2,5),(0,2,5),(0,3,5),(0,4,5),(0,5,5),
8:(5,0,3),(6,0,3),(7,0,3),(7,0,2),(7,0,1),
9:(0,2,5),(0,2,4),(1,2,4),(2,2,4),(3,2,4),(4,2,4),(5,2,4),(6,2,4),(6,3,4),(6,4,4),(6,4,3),(6,5,3),(7,5,3),(7,5,2),(7,6,2),(8,6,2),
10:(1,3,4),(2,3,4),(3,3,4),(3,3,5),(3,3,6),(4,3,6),(5,3,6),(5,3,7),(5,2,7),
11:(2,0,3),(1,0,3),(1,0,4),(1,0,5),(1,0,6),(1,1,6),(1,2,6),(1,3,6),(1,4,6),(1,5,6),
12:(1,3,2),(2,3,2),(2,3,3),(2,3,4),(2,3,5),(2,3,6),(2,3,7),(3,3,7),(4,3,7),(4,4,7),(4,4,7),(5,4,7),(5,4,8),
13:(7,8,3),(6,8,3),(6,7,3),(6,6,3),(6,5,3),(6,4,3),(6,3,3),
14:(7,5,3),(8,5,3),(8,4,3),(8,4,2),(8,3,2),(8,2,2),
15:(1,0,1),(2,0,1),(3,0,1),(4,0,1),(4,0,2),(4,0,3),(4,0,4),(4,0,5),(4,0,6),(4,0,7),(4,1,7),(4,2,7),(4,3,7),(4,4,7),(4,5,7),(4,5,8),
16:(6,3,0),(6,4,0),
17:(6,6,2),(6,6,1),(7,6,1),(7,5,1),
18:(0,3,0),(0,3,1),(0,3,2),(0,3,3),(0,3,4),(0,4,4),(0,5,4),(0,6,4),(0,7,4),
19:(4,8,6),(3,8,6),(2,8,6),(2,8,7),(2,7,7),(2,6,7),(2,5,7),(2,4,7),(1,4,7),(1,4,8),(1,3,8),(1,2,8),(1,1,8),(1,0,8),
20:(6,8,2),(7,8,2),(7,7,2),(7,6,2),(7,5,2),(7,4,2),(7,3,2),(7,2,2),(7,2,3),(7,1,3),(7,1,4),
21:(1,0,8),(2,0,8),(3,0,8),(4,0,8),(5,0,8),(5,0,7),(5,0,6),(6,0,6),(6,1,6),
22:(5,8,5),(4,8,5),(4,7,5),(4,6,5),(3,6,5),(2,6,5),(2,5,5),(2,5,5),(2,5,4),(1,5,4),(0,5,4),(0,4,4),(0,3,4),(0,2,4),(0,1,4),(0,0,4),(0,0,3),(0,0,2),
23:(6,7,6),(5,7,6),(4,7,6),(3,7,6),(2,7,6),(2,7,5),(2,8,5),(2,8,4),(2,8,3),(2,8,2),
24:(7,0,5),(7,0,4),(7,1,4),(7,1,3),(7,2,3),(7,3,3),(7,4,3),(6,4,3),(5,4,3),(5,5,3),(5,6,3),(4,6,3),(3,6,3),(2,6,3),(2,7,3),
25:(8,8,7),(7,8,7),(7,7,7),(7,6,7),(7,5,7),(6,5,7),(6,5,7),(5,5,7),(4,5,7),(3,5,7),
26:(6,7,4),(5,7,4),(4,7,4),(3,7,4),(3,7,5),(3,6,5),(3,5,5),
27:(5,5,8),(6,5,8),(7,5,8),(8,5,8),(8,5,7),(8,5,6),(8,4,6),(8,4,5),(8,4,4),(8,4,3),(8,4,2),
28:(5,2,0),(6,2,0),(6,2,1),(6,2,2),(6,3,2),(6,4,2),(6,5,2),
29:(7,5,2),(6,5,2),(5,5,2),(4,5,2),(3,5,2),(2,5,2),(1,5,2),(1,5,3),(1,5,4),(1,5,5),(1,4,5),(1,4,6),(1,4,7),
30:(3,0,7),(3,1,7),(3,2,7),(3,2,7),(3,2,6),(3,2,5),(3,2,4),(3,3,4),(3,3,3),(4,3,3),(5,3,3),(5,4,3),(5,5,3),(5,6,3),(5,6,2),(5,7,2),(6,7,2),(6,7,1),(6,7,0),(6,8,0),
31:(1,8,6),(0,8,6),(0,8,5),(0,7,5),(0,6,5),
32:(0,8,0),(0,8,1),(0,7,1),(0,6,1),(0,5,1),(0,4,1),(0,3,1),(0,2,1),(0,1,1),(1,1,1),(1,1,2),(2,1,2),
33:(1,4,5),(2,4,5),(3,4,5),(3,4,6),(3,4,7),(3,5,7),(3,6,7),
34:(4,0,1),(3,0,1),(3,0,2),(2,0,2),(1,0,2),(0,0,2),(0,0,3),(0,0,4),(0,0,5),(0,0,6),(0,1,6),
35:(5,2,2),(5,2,3),(6,2,3),(6,2,4),(6,2,5),(6,2,6),(5,2,6),(5,2,7),(4,2,7),(3,2,7),(2,2,7),(2,2,8),(2,3,8),(2,4,8),(2,5,8),(2,5,9),(1,5,9),(1,6,9),(1,6,8),
36:(7,4,6),(6,4,6),(6,4,7),(6,5,7),(6,6,7),(6,7,7),
37:(5,7,2),(4,7,2),(3,7,2),(2,7,2),(2,7,3),(2,7,4),(2,6,4),(2,5,4),(2,4,4),(2,3,4),(2,2,4),(1,2,4),(1,1,4),(1,0,4),
38:(1,6,5),(0,6,5),(0,6,4),(0,6,3),(0,6,2),(0,6,1),(0,6,0),(0,7,0),
39:(5,3,7),(6,3,7),(7,3,7),(7,3,6),(7,2,6),(7,1,6),(7,0,6),
40:(3,4,5),(4,4,5),(5,4,5),(6,4,5),(7,4,5),(7,4,6),(7,4,7),(7,4,8),(7,5,8),(7,6,8),
41:(3,5,7),(4,5,7),(5,5,7),(5,5,6),(6,5,6),(6,5,5),(6,4,5),(6,3,5),(6,2,5),(6,1,5),(6,0,5),
42:(0,3,6),(1,3,6),(2,3,6),(3,3,6),(4,3,6),(5,3,6),(6,3,6),(7,3,6),(7,3,5),(7,3,4),(7,3,3),(7,3,2),(7,2,2),(7,1,2),
43:(7,4,1),(6,4,1),(5,4,1),(4,4,1),(4,4,2),(4,4,3),(4,3,3),(4,2,3),(4,1,3),
44:(5,0,6),(4,0,6),(3,0,6),(3,0,5),(3,0,4),(3,0,3),(3,0,2),(3,0,1),(3,0,0),(3,1,0),(3,2,0),(3,3,0),(3,4,0),(3,5,0),(3,6,0),(3,7,0),
45:(0,5,0),(0,5,1),(0,5,2),(0,6,2),(0,7,2),
46:(8,7,6),(7,7,6),(6,7,6),(5,7,6),(5,6,6),(5,6,7),(5,5,7),(5,4,7),(5,3,7),(4,3,7),(3,3,7),(3,3,8),(3,2,8),
47:(3,4,7),(4,4,7),(5,4,7),(6,4,7),(7,4,7),(8,4,7),(8,5,7),(8,5,6),(8,5,5),(8,5,4),(8,5,3),(8,6,3),
48:(3,3,3),(4,3,3),(5,3,3),(6,3,3),(7,3,3),(8,3,3),(8,3,4),(8,4,4),(8,5,4),(8,6,4),(8,6,5),(8,6,6),(8,6,7),(8,7,7),
49:(5,6,4),(4,6,4),(3,6,4),(2,6,4),(1,6,4),(1,6,5),(1,5,5),(1,4,5),(1,3,5),(1,2,5),(0,2,5),
50:(2,8,8),(3,8,8),(4,8,8),(5,8,8),(6,8,8),(6,8,7),(7,8,7),(8,8,7),(8,8,6),(8,8,5),(8,8,4),(8,8,3),(8,8,2),(8,8,1),(8,7,1),(8,6,1),(8,5,1),(8,4,1),(8,3,1),(8,2,1),(8,1,1),
51:(7,3,8),(6,3,8),(5,3,8),(4,3,8),(3,3,8),(3,3,7),(3,3,6),(3,3,5),(3,3,4),(3,3,3),(2,3,3),(2,3,2),(2,3,1),(2,4,1),(2,5,1),(2,6,1),(2,6,0),(2,7,0),
52:(1,3,7),(1,3,8),(1,4,8),(1,5,8),
53:(6,7,7),(5,7,7),(5,7,6),(5,7,5),(5,7,4),(5,7,3),(5,7,2),(5,6,2),(5,5,2),
54:(8,0,1),(7,0,1),(7,0,2),(7,1,2),(7,1,3),(7,2,3),(7,3,3),(7,4,3),(7,5,3),(7,5,4),(7,5,5),(7,6,5),(7,7,5),
55:(4,0,3),(3,0,3),(2,0,3),(2,0,4),(2,0,5),(2,0,6),(2,0,7),(2,1,7),(2,2,7),(2,3,7),
56:(4,1,0),(5,1,0),(5,1,1),(5,1,2),(5,1,3),(5,1,4),(5,1,5),(6,1,5),(5,1,5),(5,1,5),(5,2,5),(5,3,5),(5,4,5),(5,4,6),(5,5,6),(5,6,6),
57:(8,8,4),(7,8,4),(6,8,4),(5,8,4),(5,8,3),(5,8,2),(5,8,1),(5,8,0),
58:(7,5,5),(6,5,5),(5,5,5),(5,4,5),(5,4,6),(5,4,7),(5,4,8),(5,3,8),(5,2,8),
59:(0,7,6),(1,7,6),(2,7,6),(2,7,5),(2,7,4),(3,7,4),(4,7,4),(5,7,4),(6,7,4),(6,7,3),(6,7,2),(6,7,1),(6,7,0),(6,6,0),(6,5,0),
60:(8,5,1),(8,5,2),(7,5,2),(7,4,2),(7,3,2),(7,2,2),(7,1,2),(7,1,3),(7,0,3),
61:(0,7,5),(1,7,5),(2,7,5),(3,7,5),(4,7,5),(5,7,5),(6,7,5),(7,7,5),(7,7,6),(7,7,7),(7,6,7),(7,5,7),(7,4,7),
62:(7,3,2),(6,3,2),(5,3,2),(5,3,3),(4,3,3),(3,3,3),(2,3,3),(1,3,3),(1,2,3),(0,2,3),(0,1,3),
63:(6,5,3),(6,5,4),(6,5,5),(6,5,6),(6,5,7),(6,4,7),(6,4,7),(7,4,7),(8,4,7),
64:(5,1,1),(6,1,1),(6,1,2),(6,1,3),(6,1,4),(6,2,4),(6,3,4),(6,4,4),(6,4,5),(6,5,5),
65:(6,0,7),(7,0,7),(8,0,7),(8,0,6),(8,0,5),(8,0,4),(8,1,4),(8,2,4),
66:(8,6,6),(7,6,6),(6,6,6),(5,6,6),(4,6,6),(3,6,6),(3,5,6),(3,5,6),(3,4,6),(3,4,5),(3,4,4),(3,4,3),(3,3,3),
67:(0,2,4),(1,2,4),(2,2,4),(3,2,4),(4,2,4),(5,2,4),(6,2,4),(6,3,4),(6,4,4),(6,4,3),(6,5,3),(6,6,3),(6,7,3),
68:(7,3,5),(6,3,5),(5,3,5),(4,3,5),(3,3,5),(2,3,5),(1,3,5),(0,3,5),(0,3,6),(0,4,6),
69:(0,0,8),(1,0,8),(2,0,8),(3,0,8),(3,1,8),(3,2,8),(3,2,7),(3,2,6),(3,3,6),(3,4,6),(3,5,6),(3,6,6),(3,6,5),(3,6,4),(3,6,3),
70:(1,1,5),(1,1,4),(1,1,4),(1,2,4),(1,3,4),(1,4,4),(1,5,4),(1,6,4),(1,7,4),(1,8,4),
71:(3,5,5),(3,5,4),
72:(8,4,4),(7,4,4),(6,4,4),(5,4,4),(5,5,4),
73:(2,5,0),(3,5,0),(4,5,0),(5,5,0),(5,5,1),
74:(5,6,8),(6,6,8),(7,6,8),(7,7,8),(7,8,8),
75:(4,7,5),(3,7,5),(3,6,5),(2,6,5),(2,5,5),(2,4,5),
76:(1,8,4),(0,8,4),(0,8,3),(0,7,3),(0,6,3),
77:(3,6,2),(2,6,2),(1,6,2),(1,6,3),(1,5,3),(0,5,3),(0,4,3),(0,3,3),
78:(6,5,7),(5,5,7),(5,5,6),(4,5,6),(4,5,5),(4,5,4),(4,5,3),(4,4,3),
79:(8,2,5),(7,2,5),(7,2,4),(7,2,3),(7,2,2),(6,2,2),(6,2,1),
80:(3,2,8),(4,2,8),(5,2,8),(5,2,7),(5,2,6),(5,2,5),(5,3,5),(5,4,5),(5,4,4),(5,4,3),(5,5,3),(5,6,3),(5,6,2),(5,7,2),(5,7,1),(5,7,0),(5,6,0),
81:(5,7,7),(4,7,7),(3,7,7),(3,7,7),(3,7,6),
82:(0,0,7),(1,0,7),(2,0,7),(3,0,7),(4,0,7),(4,0,8),(5,0,8),(5,1,8),
83:(3,7,7),(3,7,6),(3,7,5),(4,7,5),(5,7,5),(6,7,5),(7,7,5),(7,7,4),(7,7,3),(7,8,3),
84:(0,7,7),(1,7,7),(2,7,7),(2,7,6),(2,7,5),(3,7,5),(3,7,4),(3,7,3),(3,7,2),(3,7,1),(3,6,1),(3,5,1),(3,4,1),(3,3,1),(3,3,0),
85:(0,2,7),(1,2,7),(2,2,7),(2,2,8),(2,3,8),(2,4,8),(2,5,8),(2,6,8),(3,6,8),(3,7,8),
86:(8,6,5),(7,6,5),(6,6,5),(5,6,5),(4,6,5),(4,6,6),(4,6,7),(4,6,8),(4,5,8),(4,4,8),
87:(3,8,3),(2,8,3),(1,8,3),(0,8,3),(0,8,2),(0,8,1),(0,7,1),(0,6,1),(0,5,1),(0,4,1),(0,3,1),
88:(4,3,3),(4,3,2),(4,3,1),(3,3,1),(2,3,1),(1,3,1),(1,3,0),
89:(7,6,5),(7,5,5),(7,4,5),(7,3,5),(6,3,5),(6,2,5),(5,2,5),(5,1,5),(5,0,5),
90:(5,5,3),(6,5,3),(7,5,3),(7,5,2),(8,5,2),(8,5,1),(8,5,0),(8,6,0),(8,7,0),(8,8,0),
91:(7,1,3),(7,0,3),(7,0,4),(7,0,4),(6,0,4),
92:(8,0,0),(7,0,0),(6,0,0),(5,0,0),(4,0,0),(3,0,0),(2,0,0),(1,0,0),(1,0,1),(1,0,2),(1,0,3),(1,0,4),(1,0,5),(1,0,6),(1,0,7),(1,1,7),(1,2,7),
93:(2,1,2),(3,1,2),(4,1,2),(4,1,3),(4,1,4),(4,1,5),(4,1,6),(4,0,6),(5,0,6),(6,0,6),
94:(2,5,7),(3,5,7),(3,5,6),(3,5,5),(3,4,5),(3,3,5),(3,2,5),
95:(7,7,2),(7,7,3),(7,7,4),(6,7,4),(6,7,5),(6,6,5),(6,5,5),(6,4,5),(6,3,5),
96:(4,1,8),(4,1,7),(4,1,6),(4,1,5),(4,2,5),(4,3,5),(4,3,4),(4,3,3),(4,3,2),(4,3,1),
97:(0,6,4),(1,6,4),(2,6,4),(2,5,4),(2,4,4),(3,4,4),(4,4,4),(5,4,4),(5,3,4),(5,3,5),(5,3,6),(6,3,6),(6,3,7),(6,3,8),
98:(0,0,4),(1,0,4),(2,0,4),(3,0,4),(4,0,4),(4,0,5),(4,1,5),(4,1,6),(4,1,7),(4,2,7),(4,3,7),(5,3,7),(5,4,7),(6,4,7),(6,4,8),(6,5,8),(6,6,8),(6,7,8),
99:(0,1,8),(1,1,8),(2,1,8),(3,1,8),(4,1,8),(4,1,7),(4,2,7),(4,2,6),(4,2,5),(5,2,5),(6,2,5),(6,2,4),(6,3,4),(6,4,4),(6,4,3),(6,5,3),
100:(7,2,1),(6,2,1),(6,2,2),(6,2,3),
101:(2,8,2),(3,8,2),(4,8,2),(5,8,2),(5,8,1),(5,8,0),(5,7,0),(5,6,0),(5,5,0),(5,4,0),
102:(4,7,8),(5,7,8),(6,7,8),(6,7,7),(7,7,7),(7,7,6),(8,7,6),(8,7,5),(8,7,4),(7,7,4),(7,7,3),(7,7,2),
103:(7,6,2),(6,6,2),(5,6,2),(4,6,2),
104:(6,7,1),(5,7,1),(4,7,1),(3,7,1),(2,7,1),(2,7,2),(2,7,3),(2,7,3),(2,6,3),(2,6,4),(2,5,4),(2,5,5),(2,5,6),(2,5,7),(2,4,7),(2,4,8),(2,3,8),(2,2,8),(2,1,8),(2,0,8),
105:(5,6,2),(4,6,2),(3,6,2),(2,6,2),
106:(3,2,4),(4,2,4),(5,2,4),(5,2,4),(6,2,4),(7,2,4),
107:(5,5,4),(4,5,4),(4,5,3),(4,6,3),(4,7,3),(4,8,3),
108:(2,8,5),(1,8,5),(1,8,4),(0,8,4),(0,8,3),(0,8,2),(0,8,1),
109:(5,1,0),(6,1,0),(7,1,0),(7,1,1),(7,1,2),(7,1,3),(7,1,4),(7,1,5),(7,1,6),(7,1,7),
110:(1,1,0),(2,1,0),(3,1,0),(4,1,0),(4,1,1),(4,1,2),(4,2,2),(4,3,2),(4,4,2),(4,5,2),(4,5,3),
111:(3,4,3),(2,4,3),(1,4,3),(1,4,3),(1,4,3),(1,4,3),(1,4,3),(1,4,3),(1,4,3),(1,4,3),(0,4,3),(1,4,3),
112:(2,8,1),(3,8,1),(4,8,1),(5,8,1),(6,8,1),(6,8,2),(6,8,3),(6,7,3),(6,6,3),(6,6,4),(6,5,4),
113:(3,8,7),(4,8,7),(4,8,6),(4,8,5),(4,8,4),(4,7,4),(4,7,3),(4,7,2),(4,7,1),(4,7,0),(4,6,0),(4,5,0),(4,4,0),(4,4,-1),(4,3,-1),(4,2,-1),(4,2,0),(4,1,0),
114:(6,1,4),(5,1,4),(5,1,3),(5,2,3),
115:(1,2,1),(1,2,2),(1,2,3),(1,3,3),(1,3,3),(1,3,4),(1,4,4),(1,4,4),(1,4,5),(1,4,6),(1,4,7),(1,4,8),
116:(3,8,6),(3,8,5),(3,8,4),(4,8,4),(5,8,4),(5,8,3),(5,7,3),
117:(3,0,2),(2,0,2),(1,0,2),(1,0,1),(1,1,1),(1,2,1),(1,3,1),(1,4,1),
118:(3,4,1),(2,4,1),(1,4,1),(1,4,2),(1,3,2),(1,3,3),(1,3,4),
119:(4,5,5),(4,5,6),(4,5,7),(3,5,7),(3,5,8),
120:(8,2,6),(7,2,6),(6,2,6),(5,2,6),(4,2,6),(3,2,6),(2,2,6),(2,3,6),(2,4,6),(2,5,6),(2,5,5),(1,5,5),(1,6,5),(1,7,5),
121:(0,2,1),(1,2,1),(2,2,1),(3,2,1),(4,2,1),(5,2,1),(5,2,2),(5,3,2),(5,3,3),(5,3,4),(5,3,5),(5,3,6),(6,3,6),
122:(6,2,5),(5,2,5),(4,2,5),(3,2,5),(2,2,5),(2,2,4),(2,2,3),(2,2,2),(2,2,1),(2,2,0),
123:(3,6,7),(4,6,7),(5,6,7),(5,5,7),(5,4,7),(5,3,7),(5,2,7),(5,1,7),(5,0,7),(5,0,6),
124:(5,8,2),(4,8,2),(4,7,2),(4,7,1),(4,7,1),(4,6,1),(4,5,1),(4,4,1),(4,3,1),(4,2,1),
125:(7,6,8),(7,6,7),(6,6,7),(5,6,7),(4,6,7),(4,5,7),(4,5,6),(4,4,6),(4,3,6),(3,3,6),(3,2,6),(3,1,6),
126:(1,4,4),(1,4,5),(1,5,5),(1,5,6),(1,5,7),
127:(5,3,8),(5,4,8),(6,4,8),(7,4,8),(7,5,8),(7,6,8),(7,7,8),
128:(8,1,0),(7,1,0),(7,1,1),(6,1,1),(6,1,2),
129:(5,1,5),(4,1,5),(3,1,5),(3,1,6),(3,0,6),
130:(3,0,8),(3,0,7),(3,1,7),(2,1,7),(2,2,7),(2,3,7),(2,4,7),(2,4,6),(2,5,6),(2,5,5),(1,5,5),(1,5,4),(2,5,4),(1,5,4),(1,5,3),(1,5,2),
131:(1,1,6),(0,1,6),(0,1,5),(0,1,4),(0,1,3),(0,1,2),(0,2,2),
132:(2,2,2),(2,2,1),(2,2,0),(1,2,0),
133:(5,0,5),(5,0,6),(6,0,6),(6,1,6),(6,2,6),(6,3,6),(6,4,6),(6,5,6),(6,6,6),
134:(6,5,8),(6,5,7),(6,5,6),(6,4,6),(6,4,5),(5,4,5),(4,4,5),(3,4,5),(3,4,4),(3,4,3),(3,4,2),(3,4,1),(3,3,1),(3,3,0),(3,2,0),(3,1,0),(3,0,0),
135:(7,1,7),(7,1,6),(7,1,5),(7,1,4),(7,2,4),(7,3,4),(7,3,4),(7,3,3),(7,4,3),
136:(1,8,2),(2,8,2),(3,8,2),(4,8,2),(5,8,2),(5,7,2),(6,7,2),(7,7,2),(8,7,2),(8,7,3),(8,7,4),
137:(4,8,5),(4,8,4),(4,8,3),(3,8,3),(3,8,2),(3,8,1),(3,7,1),(3,6,1),(3,5,1),(3,4,1),(3,3,1),(3,2,1),(3,1,1),(3,0,1),
138:(2,2,8),(1,2,8),(1,2,7),(1,2,6),(1,2,5),(1,2,4),(1,2,3),(1,2,2),(1,2,1),(0,2,1),(0,2,0),
139:(5,6,3),(4,6,3),(3,6,3),(2,6,3),(2,6,4),(2,5,4),(2,4,4),(2,3,4),(2,3,5),(2,3,6),(2,2,6),(2,2,7),
140:(4,7,3),(5,7,3),(5,7,2),(5,7,1),(5,7,0),(5,6,0),(5,5,0),(5,4,0),(5,3,0),(5,2,0),
141:(2,8,6),(1,8,6),
142:(8,7,4),(7,7,4),(6,7,4),(5,7,4),(4,7,4),(4,7,5),(3,7,5),(2,7,5),(1,7,5),(1,7,6),(1,7,7),(1,6,7),
143:(1,8,3),(1,8,4),(2,8,4),(3,8,4),(3,8,5),(4,8,5),(5,8,5),(6,8,5),(7,8,5),(7,8,5),(8,8,5),
144:(0,4,5),(0,4,4),(1,4,4),(2,4,4),(3,4,4),(3,4,3),(3,3,3),(3,2,3),(3,1,3),(3,0,3),
145:(4,0,2),(5,0,2),(6,0,2),(6,0,3),(7,0,3),(8,0,3),(8,1,3),(8,2,3),(8,3,3),(8,3,4),(8,4,4),(8,5,4),(8,6,4),
146:(1,8,5),(0,8,5),(1,8,5),(1,8,4),(2,8,4),(3,8,4),(4,8,4),(5,8,4),(6,8,4),(7,8,4),(7,7,4),(7,7,3),(7,6,3),(7,6,2),(7,6,1),(7,6,1),(8,6,1),
147:(3,0,4),(2,0,4),(2,1,4),(2,1,3),(2,2,3),(2,3,3),(2,4,3),(2,5,3),
148:(5,6,1),(5,6,2),(5,6,3),(5,6,4),(5,6,5),(5,6,6),(5,6,7),(5,6,8),(5,7,8),(5,8,8),
149:(0,7,2),(1,7,2),(2,7,2),(2,7,3),(3,7,3),(3,8,3),(3,8,4),(4,8,4),(5,8,4),(6,8,4),(7,8,4),(8,8,4),(8,8,3),
150:(6,1,7),(5,1,7),(4,1,7),(3,1,7),(2,1,7),(2,1,6),(2,1,5),(2,1,4),(2,0,4),(2,0,3),(2,0,3),(1,0,3),
151:(0,3,5),(1,3,5),(1,3,4),(1,4,4),(1,5,4),(1,6,4),(1,6,4),(2,6,4),(3,6,4),(4,6,4),(5,6,4),
152:(6,3,7),(6,3,6),(5,3,6),(4,3,6),(4,3,5),(4,3,4),(3,3,4),(3,3,3),(3,2,3),(3,1,3),(2,1,3),(2,0,3),
153:(7,1,8),(6,1,8),(5,1,8),(4,1,8),(4,1,7),(3,1,7),(3,1,6),(3,1,5),(3,0,5),
154:(6,3,6),(7,3,6),(7,3,5),(6,3,5),(6,3,4),(6,3,3),(6,3,2),(6,4,2),(6,4,1),(6,5,1),(6,6,1),
155:(7,2,0),(7,3,0),(7,4,0),(7,5,0),(7,6,0),(7,6,1),(7,6,2),(7,6,3),(7,6,4),(7,6,4),(7,6,4),(7,7,4),
156:(4,8,2),(4,8,1),(5,8,1),(5,8,0),(5,8,0),(5,7,0),(5,6,0),(5,5,0),(5,4,0),(5,3,0),(5,3,1),(5,2,1),(5,1,1),
157:(0,3,8),(0,3,7),(1,3,7),(2,3,7),(3,3,7),(4,3,7),(5,3,7),(6,3,7),(7,3,7),(7,3,6),(7,4,6),(7,5,6),(7,6,6),(7,7,6),
158:(1,5,1),(2,5,1),(3,5,1),(4,5,1),(4,5,0),(4,4,0),(4,3,0),
159:(7,0,1),(6,0,1),(5,0,1),(5,1,1),(5,1,0),(4,1,0),(3,1,0),(3,2,0),(3,3,0),(3,4,0),(2,4,0),(2,5,0),
160:(1,1,4),(2,1,4),(3,1,4),(3,1,3),(3,1,2),(3,1,2),(4,1,2),
161:(4,3,7),(4,3,7),(4,4,7),(4,4,7),(4,4,8),(4,5,8),(4,5,7),(4,6,7),
162:(1,6,1),(2,6,1),(2,6,0),(2,7,0),(2,8,0),
163:(3,7,1),(3,7,2),(3,7,3),(3,7,2),(2,7,2),(2,7,3),(2,7,4),
164:(0,8,4),(0,8,3),(0,8,2),(1,8,2),(1,8,1),(2,8,1),(3,8,1),(3,7,1),(3,6,1),(4,6,1),(4,5,1),
165:(0,5,8),(1,5,8),(2,5,8),(3,5,8),(3,6,8),(3,7,8),(3,8,8),(3,8,7),(3,8,6),(3,8,5),(3,8,4),(3,8,3),
166:(2,4,1),(2,4,2),(3,4,2),(4,4,2),(4,4,3),(4,4,4),(4,5,4),(4,5,5),(4,6,5),
167:(2,6,2),(2,5,2),(2,4,2),(2,3,2),(2,2,2),(2,2,1),(2,1,1),(2,1,1),(2,1,0),
168:(6,2,4),(5,2,4),(5,2,5),(4,2,5),(3,2,5),(2,2,5),(1,2,5),(0,2,5),(0,2,6),(0,2,7),(0,2,8),
169:(0,1,3),(1,1,3),(2,1,3),(2,1,2),(2,1,1),(3,1,1),(4,1,1),(5,1,1),(6,1,1),(7,1,1),(8,1,1),(8,1,0),(8,2,0),
170:(8,3,1),(7,3,1),(7,3,2),(6,3,2),(6,4,2),(5,4,2),(4,4,2),(4,5,2),(3,5,2),(2,5,2),(1,5,2),(1,5,3),(1,5,4),(1,5,5),(1,6,5),(1,6,6),(1,7,6),
171:(8,1,3),(7,1,3),(6,1,3),(5,1,3),(4,1,3),(3,1,3),(3,2,3),(3,2,2),(3,3,2),(3,4,2),(3,5,2),(3,6,2),(3,6,1),(3,7,1),
172:(5,7,8),(5,8,8),(5,8,7),(4,8,7),(4,8,6),
173:(4,2,7),(5,2,7),(6,2,7),
174:(7,7,0),(6,7,0),(5,7,0),(4,7,0),(3,7,0),(2,7,0),(1,7,0),(1,7,1),(1,7,2),(1,7,3),(1,7,4),(1,6,4),(0,6,4),(0,5,4),
175:(6,0,8),(6,0,7),(6,1,7),(5,1,7),(5,1,6),
176:(8,0,2),(7,0,2),(7,1,2),(6,1,2),(5,1,2),(5,2,2),(5,3,2),(5,4,2),(5,4,2),(4,4,2),(4,5,2),(3,5,2),(3,6,2),(3,7,2),(2,7,2),(1,7,2),
177:(2,2,6),(2,3,6),(2,4,6),(2,4,6),(3,4,6),(4,4,6),(5,4,6),(6,4,6),(7,4,6),(7,4,5),(7,4,4),
178:(3,3,1),(4,3,1),(5,3,1),(5,3,2),(5,3,3),(5,3,4),(5,4,4),(5,3,4),(5,3,5),(5,4,5),(6,4,5),(6,4,6),
179:(4,5,2),(3,5,2),(3,5,3),
180:(7,4,3),(6,4,3),(5,4,3),(4,4,3),(4,4,4),(4,4,5),(3,4,5),(3,4,6),(3,4,7),(3,3,7),(3,2,7),
181:(7,8,4),(7,8,5),(7,7,5),(7,6,5),(7,5,5),(7,4,5),(7,3,5),(7,2,5),(8,2,5),(8,2,6),(8,2,7),
182:(1,4,3),(1,4,4),(2,4,4),(2,4,5),(2,4,6),(3,4,6),(4,4,6),(5,4,6),(6,4,6),(7,4,6),(7,5,6),(7,6,6),(7,6,7),
183:(3,4,2),(4,4,2),(4,4,3),(4,4,4),(4,4,5),(3,4,5),(3,4,6),(3,4,7),(4,4,7),(5,4,7),(5,3,7),(6,3,7),(7,3,7),
184:(4,0,4),(5,0,4),(6,0,4),(6,0,5),(7,0,5),(7,1,5),(7,2,5),(8,2,5),(8,3,5),(8,4,5),(7,4,5),
185:(3,5,1),(4,5,1),(5,5,1),(6,5,1),(6,5,2),(7,5,2),(8,5,2),(8,5,3),(8,4,3),(8,3,3),(8,3,4),(8,3,5),(8,3,6),(8,3,7),(8,3,8),(8,2,8),(8,1,8),
186:(7,8,8),(6,8,8),(5,8,8),(5,7,8),(4,7,8),(4,7,7),(4,7,6),(4,7,5),(4,7,4),(4,7,3),(4,7,2),(4,7,1),(4,6,1),(4,6,1),(3,6,1),
187:(2,4,2),(1,4,2),(1,3,2),(1,2,2),(1,2,3),(1,1,3),(1,1,4),(1,0,4),(1,0,5),(2,0,5),
188:(8,3,7),(7,3,7),(7,3,8),(6,3,8),(5,3,8),(4,3,8),(3,3,8),(2,3,8),(2,4,8),(2,5,8),(2,6,8),
189:(0,4,3),(1,4,3),(1,3,3),(2,3,3),(3,3,3),(3,3,4),(3,3,5),(4,3,5),(4,3,5),(4,3,6),(4,3,6),(4,3,6),(5,3,6),
190:(5,0,4),(5,0,3),(4,0,3),(3,0,3),(3,1,3),(3,2,3),(3,2,2),(3,3,2),(2,3,2),(1,3,2),(1,4,2),(1,5,2),(1,6,2),
191:(4,4,8),(4,3,8),(4,3,7),(4,3,7),(4,2,7),(4,2,6),(4,2,5),(4,2,4),(4,2,3),(4,2,2),(5,2,2),(5,3,2),
192:(0,5,1),(1,5,1),(2,5,1),(3,5,1),(3,6,1),(3,7,1),(4,7,1),(5,7,1),(6,7,1),(6,8,1),
193:(7,4,5),(6,4,5),(6,4,5),(6,4,4),(5,4,4),(5,4,3),(4,4,3),(3,4,3),(2,4,3),(2,4,3),(1,4,3),(1,4,2),
194:(5,5,1),(5,5,2),(4,5,2),(3,5,2),(2,5,2),(1,5,2),(1,5,3),(1,5,4),(1,5,5),(1,6,5),(1,6,6),(0,6,6),
195:(0,0,0),(1,0,0),(1,0,1),(1,1,1),(1,1,2),(1,2,2),(1,3,2),(1,4,2),(1,5,2),(1,5,3),(1,6,3),(1,6,3),(1,6,4),
196:(5,7,5),(4,7,5),(4,6,5),(3,6,5),(2,6,5),(2,6,6),(1,6,6),(0,6,6),(0,6,7),(0,5,7),(0,4,7),(0,3,7),(0,2,7),(0,1,7),(0,0,7),
197:(0,6,8),(1,6,8),(2,6,8),(3,6,8),(4,6,8),(4,7,8),(4,7,7),(4,7,6),(4,7,5),(4,7,4),(4,7,3),(4,7,2),
198:(4,2,1),(3,2,1),(3,2,1),(3,2,2),(3,2,3),(3,2,4),(3,1,4),(3,1,4),(2,1,4),(2,1,5),(2,1,6),
199:(4,3,2),(3,3,2),(3,3,3),(3,4,3),(2,4,3),(2,5,3),(2,6,3),(1,6,3),(1,6,4),(1,7,4),(1,7,5),(1,7,6),(1,7,7),
200:(1,7,4),(2,7,4),(2,7,4),(2,8,4),(2,8,5),(2,8,6),(2,8,7),(2,8,7),(2,8,7),(3,8,7),
201:(7,3,1),(6,3,1),
202:(7,5,7),(7,5,6),(7,5,5),(6,5,5),(6,6,5),(5,6,5),(5,7,5),(5,8,5),(4,8,5),
203:(6,4,2),(6,4,2),(6,4,1),(5,4,1),(4,4,1),(3,4,1),(2,4,1),(2,4,0),(2,3,0),
204:(6,2,6),(5,2,6),(4,2,6),(3,2,6),(2,2,6),(1,2,6),(0,2,6),(0,2,7),(0,2,8),(0,1,8),
205:(2,6,7),(3,6,7),(4,6,7),(4,6,6),(4,5,6),(5,5,6),(6,5,6),(7,5,6),(8,5,6),(8,5,5),(8,4,5),(8,4,5),(8,3,5),(8,2,5),(8,1,5),(8,1,4),(8,0,4),
206:(3,8,2),(3,8,3),(3,8,3),(3,7,3),(3,7,4),(3,6,4),(4,6,4),(4,5,4),(4,4,4),(4,4,5),(4,3,5),
207:(2,5,6),(3,5,6),(4,5,6),(4,4,6),(4,4,7),(4,4,8),(4,3,8),(4,3,8),(5,3,8),
208:(2,6,1),(3,6,1),(4,6,1),(4,6,1),(4,5,1),(4,4,1),(4,3,1),(5,3,1),(5,2,1),(5,1,1),(5,0,1),
209:(6,6,7),(5,6,7),(5,6,8),(5,5,8),(5,5,7),(5,5,7),(5,5,6),(5,5,5),(5,4,5),(5,4,4),
210:(8,8,6),(7,8,6),(6,8,6),(5,8,6),(5,7,6),(4,7,6),(4,7,5),(3,7,5),(2,7,5),(2,6,5),(2,6,4),(2,5,4),(2,4,4),(2,4,3),
211:(8,3,4),(7,3,4),(7,4,4),(7,4,5),(7,4,6),(7,4,7),(7,5,7),(6,5,7),(5,5,7),
212:(1,2,2),(2,2,2),(2,3,2),(3,3,2),(4,3,2),(5,3,2),(5,4,2),(5,5,2),(5,5,3),(5,6,3),(5,6,2),(5,6,1),
213:(6,1,0),(6,1,-1),(5,1,-1),(4,1,-1),(3,1,-1),(2,1,-1),(1,1,-1),(1,2,-1),(1,3,-1),(1,4,-1),(1,4,0),(1,5,0),(1,5,1),
214:(5,3,0),(5,3,1),(5,2,1),(4,2,1),(4,2,2),(4,2,3),(4,2,4),(3,2,4),(3,2,4),(3,3,4),(3,3,5),(3,3,6),(3,3,7),(3,3,8),(3,4,8),
215:(1,5,6),(2,5,6),(2,5,5),(2,5,5),(3,5,5),(4,5,5),(5,5,5),(6,5,5),(6,5,4),(6,5,3),(7,5,3),(8,5,3),(8,5,2),
216:(4,4,6),(4,3,6),(4,3,6),(4,2,6),(4,1,6),(4,0,6),(4,0,5),(5,0,5),(5,0,4),
217:(7,6,0),(6,6,0),(5,6,0),(4,6,0),(4,7,0),(4,8,0),
218:(5,7,4),(4,7,4),(3,7,4),(3,6,4),(3,6,3),(3,6,2),(3,5,2),(3,4,2),(3,4,1),(2,4,1),(2,3,1),(2,2,1),(2,1,1),(2,0,1),(2,0,2),
219:(6,8,4),(5,8,4),(4,8,4),(4,7,4),(4,6,4),(4,6,5),(4,5,5),(4,4,5),(3,4,5),(3,3,5),(2,3,5),(1,3,5),(1,2,5),(1,1,5),(1,0,5),
220:(7,5,8),(7,6,8),(7,7,8),(6,7,8),(5,7,8),(5,7,8),(4,7,8),(3,7,8),(2,7,8),
221:(4,1,7),(4,1,6),(4,1,5),(4,1,4),(4,1,5),(4,2,5),(4,3,5),(4,3,4),(4,3,4),(4,4,4),(4,5,4),(4,6,4),(4,6,3),
222:(7,3,4),(7,3,5),(6,3,5),(6,3,6),(6,4,6),(6,5,6),(7,5,6),(7,5,7),(7,5,7),(7,5,8),
223:(5,3,3),(5,3,2),(5,4,2),(5,4,2),(5,4,1),
224:(0,3,7),(1,3,7),(2,3,7),(2,3,6),(2,3,6),(2,2,6),(2,2,5),
225:(7,8,2),(7,8,3),(6,8,3),(6,8,4),(6,8,5),(6,8,6),(6,8,7),(6,8,8),(6,7,8),(6,6,8),(6,5,8),(6,4,8),(6,3,8),(6,2,8),
226:(2,7,8),(3,7,8),(4,7,8),(4,7,7),(5,7,7),(5,7,6),(5,6,6),(5,5,6),(5,4,6),(5,4,6),(5,4,5),(5,4,5),(6,4,5),(6,4,5),(6,4,4),
227:(1,2,3),(2,2,3),(3,2,3),(4,2,3),(4,2,3),(4,1,3),(5,1,3),(6,1,3),(7,1,3),(8,1,3),(8,1,4),(8,1,5),(8,0,5),
228:(1,0,6),(0,0,6),(0,0,7),(0,0,8),(0,1,8),(0,2,8),(0,3,8),(0,4,8),(0,5,8),(0,6,8),(0,7,8),
229:(0,1,1),(1,1,1),(1,1,2),(1,1,3),(2,1,3),(2,1,3),(3,1,3),(4,1,3),(5,1,3),(5,1,4),(5,1,5),
230:(5,2,4),(5,3,4),(4,3,4),(3,3,4),(2,3,4),(2,3,4),(2,3,5),(1,3,5),(0,3,5),
231:(7,0,8),(6,0,8),(6,1,8),(6,2,8),(6,3,8),(6,4,8),(6,5,8),(5,5,8),(5,6,8),(5,6,7),(5,7,7),
232:(6,7,2),(6,7,3),(6,6,3),(5,6,3),(5,5,3),(5,5,3),(5,4,3),(5,3,3),(4,3,3),(4,2,3),(3,2,3),
233:(2,3,5),(3,3,5),(3,2,5),(3,1,5),(3,1,4),(4,1,4),(4,1,3),(5,1,3),(5,1,2),(5,0,2),(6,0,2),(7,0,2),(8,0,2),
234:(8,1,6),(8,1,7),(7,1,7),(6,1,7),(5,1,7),(5,1,7),(4,1,7),(3,1,7),(2,1,7),(1,1,7),(1,2,7),(1,3,7),(1,3,7),(0,3,7),(0,4,7),(0,5,7),
235:(7,2,5),(7,2,4),(7,2,3),(7,2,2),(7,2,1),(7,2,0),(7,3,0),(7,4,0),(7,5,0),(7,6,0),(7,7,0),(7,8,0),
236:(2,6,6),(2,6,5),(1,6,5),(1,6,4),(1,6,3),(1,6,2),(1,6,2),(1,5,2),(2,5,2),(2,4,2),
237:(5,7,1),(5,6,1),(5,6,1),(5,6,2),(5,6,3),(4,6,3),(3,6,3),(2,6,3),(2,6,4),(2,5,4),(2,4,4),(2,3,4),(2,3,5),(2,3,6),
238:(3,4,0),(4,4,0),(5,4,0),(5,4,0),(5,5,0),(6,5,0),(6,6,0),(6,6,1),(6,6,2),
239:(2,3,1),(3,3,1),(2,3,1),(2,2,1),(3,2,1),(3,2,2),(3,1,2),
240:(5,1,7),(5,1,6),(6,1,6),(7,1,6),(8,1,6),(8,1,5),(8,0,5),(8,0,4),(8,0,3),(8,0,2),(8,0,1),
241:(6,0,4),(6,-1,4),(5,-1,4),(4,-1,4),(3,-1,4),(2,-1,4),(1,-1,4),(1,-1,3),(1,0,3),(1,1,3),
242:(3,3,8),(3,4,8),(3,5,8),(4,5,8),(4,5,7),(4,5,6),(4,6,6),(4,6,5),(3,6,5),(3,7,5),(3,8,5),
