soc=2272
lb_soc=1430
makespan=20
lb_makespan=15
comp_time=9274
highLevelExpanded=57
lowLevelExpanded=18097
solution=
0:(8,6,6),(8,6,7),(8,6,8),(8,7,8),(8,8,8),
1:(7,7,0),(6,7,0),(5,7,0),(5,6,0),(5,5,0),(5,5,1),(5,4,1),(5,3,1),(4,3,1),(3,3,1),(3,2,1),(3,2,2),(4,2,2),
2:(6,0,6),(7,0,6),(8,0,6),(8,0,5),(8,0,4),
3:(5,5,6),(4,5,6),(3,5,6),(2,5,6),(1,5,6),(0,5,6),(0,5,5),(0,5,4),(0,5,3),(0,5,2),(0,4,2),(0,3,2),(0,2,2),
4:(7,7,5),(6,7,5),(5,7,5),(5,7,4),(5,7,3),(5,7,2),(5,7,1),(5,6,1),(5,5,1),(5,4,1),(5,3,1),(5,2,1),
5:(4,8,0),(5,8,0),(6,8,0),(7,8,0),(8,8,0),(8,8,1),(8,8,2),(8,8,3),(8,8,4),(8,8,5),(8,8,6),
6:(7,4,3),(6,4,3),(5,4,3),(4,4,3),(4,4,4),(4,5,4),(4,6,4),(4,7,4),
7:(5,6,7),(4,6,7),(3,6,7),(2,6,7),(2,6,6),(2,6,5),(2,6,4),(2,6,3),(2,6,2),(2,7,2),
8:(7,2,7),(6,2,7),(5,2,7),(4,2,7),(3,2,7),(2,2,7),(2,3,7),(2,4,7),(2,5,7),(2,5,6),(2,6,6),(2,7,6),(2,8,6),
9:(2,2,4),(3,2,4),(4,2,4),(5,2,4),(6,2,4),(7,2,4),(7,2,3),(7,3,3),(7,4,3),(7,5,3),(7,6,3),(7,7,3),
10:(4,6,4),(5,6,4),(6,6,4),(6,6,3),(6,6,2),(6,6,1),(6,5,1),(6,4,1),
11:(2,2,6),(3,2,6),(4,2,6),(5,2,6),(6,2,6),(6,2,5),(6,2,4),(6,2,3),(6,2,2),(6,2,1),(6,1,1),
12:(2,6,5),(3,6,5),(4,6,5),(5,6,5),(6,6,5),(7,6,5),(7,6,5),(7,5,5),(7,4,5),(7,3,5),(7,3,6),(7,3,7),(7,2,7),(6,2,7),(6,1,7),(6,0,7),
13:(7,6,7),(6,6,7),(5,6,7),(4,6,7),(3,6,7),(3,5,7),(3,4,7),(3,3,7),(3,2,7),(2,2,7),(1,2,7),(1,1,7),(1,1,6),(1,1,5),
14:(7,0,0),(6,0,0),(5,0,0),(4,0,0),(3,0,0),(2,0,0),(1,0,0),(1,1,0),(1,2,0),(1,3,0),(1,4,0),(1,4,1),(1,4,2),(1,5,2),(1,5,3),(1,6,3),(1,7,3),(1,7,4),(1,8,4),(1,8,5),(0,8,5),
15:(5,1,4),(6,1,4),(7,1,4),(7,1,3),(7,1,2),(7,2,2),(7,3,2),(7,4,2),(7,5,2),(7,6,2),(7,7,2),(7,8,2),
16:(2,5,8),(3,5,8),(4,5,8),(5,5,8),(6,5,8),(6,5,7),(6,4,7),(6,3,7),
17:(8,1,4),(8,1,3),(8,1,2),(8,1,1),(8,1,0),(7,1,0),(6,1,0),(5,1,0),(4,1,0),(3,1,0),(2,1,0),(2,2,0),(2,3,0),(2,4,0),(2,5,0),(2,6,0),(1,6,0),(1,7,0),(1,8,0),
18:(2,0,2),(3,0,2),(4,0,2),(5,0,2),(6,0,2),(6,0,3),(6,0,4),(6,0,5),(6,0,6),
19:(7,3,6),(7,3,5),(7,4,5),(7,5,5),(7,6,5),(7,7,5),
20:(8,1,2),(7,1,2),(6,1,2),(5,1,2),(4,1,2),(3,1,2),(3,2,2),(3,2,3),(3,2,4),(3,2,5),(3,2,6),(3,2,7),
21:(0,3,2),(1,3,2),(2,3,2),(3,3,2),(3,3,3),(3,3,4),(3,3,5),(3,3,6),(3,4,6),(3,5,6),
22:(1,2,1),(2,2,1),(3,2,1),(4,2,1),(5,2,1),(6,2,1),(7,2,1),(8,2,1),(8,2,0),
23:(1,2,8),(2,2,8),(3,2,8),(3,2,7),(3,2,6),(3,2,5),(3,1,5),
24:(6,7,3),(6,6,3),(6,5,3),
25:(7,5,3),(6,5,3),(5,5,3),(4,5,3),(3,5,3),(2,5,3),(1,5,3),(0,5,3),(0,6,3),(0,6,4),(0,6,5),(0,7,5),
26:(8,2,3),(7,2,3),(6,2,3),(6,3,3),(6,3,2),(6,3,1),(6,3,0),(5,3,0),(4,3,0),(3,3,0),(2,3,0),(1,3,0),(0,3,0),(0,4,0),
27:(0,5,8),(1,5,8),(1,5,7),(1,5,6),(1,5,5),(1,5,4),(1,4,4),(1,4,3),(1,4,2),(1,4,1),(1,3,1),
28:(4,6,6),(5,6,6),(6,6,6),(7,6,6),(7,5,6),(7,5,5),(7,5,4),(7,4,4),(7,3,4),(7,3,3),(7,3,2),
29:(2,1,4),(3,1,4),(3,1,3),(3,1,2),(3,1,1),(3,1,0),(3,2,0),(3,3,0),(3,4,0),(3,5,0),
30:(2,1,3),(1,1,3),(1,1,4),(1,1,5),(1,1,6),(1,2,6),
31:(8,8,2),(7,8,2),(6,8,2),(6,8,3),(6,8,4),(6,8,5),(6,8,6),
32:(0,6,4),(1,6,4),(2,6,4),(3,6,4),(4,6,4),(5,6,4),(6,6,4),(6,7,4),(6,7,3),(6,7,2),(6,8,2),(6,8,1),(7,8,1),(8,8,1),(8,8,0),
33:(7,8,6),(6,8,6),(5,8,6),(4,8,6),(3,8,6),(3,8,7),(3,8,8),(3,7,8),(3,6,8),
34:(7,0,2),(6,0,2),(5,0,2),(5,0,3),(4,0,3),(3,0,3),(2,0,3),(2,1,3),(2,1,4),(2,1,5),(2,2,5),(2,3,5),(2,4,5),(2,5,5),(2,6,5),(2,7,5),(2,7,6),(2,7,7),(1,7,7),
35:(0,6,0),(1,6,0),(2,6,0),(3,6,0),(4,6,0),(5,6,0),(6,6,0),(6,5,0),(6,4,0),(6,3,0),
36:(3,7,1),(4,7,1),(5,7,1),(6,7,1),
37:(5,0,4),(5,1,4),(5,2,4),(5,3,4),(5,3,3),
38:(1,8,6),(0,8,6),(0,8,5),(0,8,4),
39:(0,6,7),(1,6,7),(2,6,7),(2,6,6),(3,6,6),(4,6,6),(5,6,6),(5,6,5),(5,6,4),(5,5,4),(5,4,4),
40:(2,6,6),(3,6,6),(4,6,6),(5,6,6),(5,6,5),(5,5,5),(5,5,4),(5,5,3),(5,5,2),(5,5,1),(5,5,0),
41:(1,7,8),(2,7,8),(2,6,8),(2,5,8),(2,5,7),(2,5,6),(2,4,6),
42:(0,8,1),(1,8,1),(2,8,1),(3,8,1),(4,8,1),(4,8,2),(4,8,3),(4,8,4),(4,8,5),(4,8,6),(4,7,6),(4,7,7),(4,6,7),
43:(5,6,2),(4,6,2),(3,6,2),(2,6,2),(1,6,2),(0,6,2),(0,5,2),(0,4,2),(0,4,3),(0,3,3),
44:(2,6,8),(3,6,8),(4,6,8),(5,6,8),(6,6,8),(7,6,8),(7,6,7),(7,5,7),
45:(0,1,8),(1,1,8),(2,1,8),(3,1,8),(3,1,7),(3,1,6),(3,0,6),
46:(8,2,6),(7,2,6),(6,2,6),(6,2,5),(6,1,5),(6,1,4),
47:(0,8,4),(0,8,3),(0,8,2),(0,8,1),(0,8,0),(0,7,0),(0,6,0),(0,5,0),(0,4,0),(0,3,0),(0,2,0),
48:(3,0,0),(4,0,0),(4,0,1),(5,0,1),(6,0,1),(7,0,1),(7,0,2),(7,0,3),(7,1,3),(7,2,3),(7,3,3),(7,4,3),(7,5,3),
49:(8,3,2),(8,2,2),(8,2,1),(7,2,1),(7,1,1),(6,1,1),(5,1,1),(4,1,1),(3,1,1),(2,1,1),(2,0,1),(1,0,1),
50:(5,6,0),(4,6,0),(4,6,1),(4,6,2),(4,6,3),(4,6,4),(4,6,5),(4,6,6),(4,6,7),(4,6,8),(5,6,8),(5,5,8),(5,4,8),(4,4,8),
51:(5,3,7),(6,3,7),(7,3,7),(8,3,7),(8,3,6),(8,4,6),(8,5,6),(8,6,6),
52:(5,8,4),(4,8,4),(3,8,4),(2,8,4),(1,8,4),(1,7,4),(0,7,4),(0,6,4),(0,5,4),(0,4,4),(0,3,4),(0,3,5),
53:(1,4,3),(2,4,3),(2,4,2),(2,5,2),
54:(3,2,6),(3,2,5),(2,2,5),(1,2,5),(0,2,5),(0,2,4),(0,2,3),(0,2,2),(0,2,1),(0,3,1),(0,4,1),(0,5,1),(0,6,1),(0,7,1),(0,8,1),
55:(2,5,0),(2,5,1),(2,5,2),(2,5,3),(2,5,4),(2,5,5),(1,5,5),(1,5,6),(0,5,6),
56:(6,7,6),(5,7,6),(5,6,6),(5,5,6),(5,5,7),(5,4,7),(5,4,6),(5,3,6),(5,3,5),(5,2,5),(5,2,4),(5,1,4),(5,1,3),(5,1,2),(5,1,1),
57:(2,4,8),(3,4,8),(3,4,7),(3,4,6),(3,4,5),(3,4,4),(3,4,3),
58:(3,0,2),(4,0,2),(4,1,2),(4,1,1),(4,2,1),(4,3,1),(4,4,1),(4,5,1),(4,6,1),(5,6,1),
59:(5,2,3),(4,2,3),(4,1,3),(4,1,4),(4,1,5),(4,1,6),(4,1,7),
60:(3,7,8),(3,7,7),(2,7,7),(1,7,7),(0,7,7),(0,7,6),(0,7,5),(0,6,5),(0,5,5),(0,4,5),
61:(6,6,5),(5,6,5),(5,6,4),(5,6,3),(5,6,2),(5,6,1),(5,6,0),(5,7,0),
62:(6,0,1),(5,0,1),(5,1,1),(5,1,0),(4,1,0),(4,2,0),(4,3,0),(4,4,0),(4,4,0),(3,4,0),(2,4,0),(1,4,0),
63:(7,0,6),(7,1,6),(7,2,6),
64:(1,4,0),(1,5,0),(1,6,0),(1,7,0),(1,8,0),(1,8,0),(0,8,0),
65:(5,3,1),(4,3,1),(3,3,1),(2,3,1),(1,3,1),(1,3,2),(1,3,3),(0,3,3),(0,3,4),(0,3,5),(1,3,5),(1,2,5),
66:(3,0,6),(4,0,6),(5,0,6),
67:(4,5,8),(5,5,8),(6,5,8),(7,5,8),(7,5,7),(7,5,6),(7,5,5),(7,4,5),(7,3,5),(7,2,5),(7,1,5),(7,1,4),(7,1,3),(7,1,2),(7,1,1),(7,1,0),
68:(2,7,7),(2,7,6),(2,7,5),(2,7,4),(2,7,3),(2,6,3),(2,5,3),
69:(8,0,3),(7,0,3),(6,0,3),(6,0,2),(6,1,2),(5,1,2),(4,1,2),(3,1,2),(2,1,2),(2,2,2),(2,2,1),(2,3,1),(2,4,1),(1,4,1),(1,4,2),
70:(1,0,8),(2,0,8),(3,0,8),(3,0,7),(3,0,6),(3,0,5),(3,0,4),
71:(8,4,3),(7,4,3),(6,4,3),(5,4,3),(4,4,3),(4,3,3),(4,2,3),
72:(2,7,2),(1,7,2),(0,7,2),(0,7,3),(0,7,4),(0,7,5),(0,6,5),(0,6,6),(0,6,7),(0,6,8),(0,5,8),(0,4,8),(0,3,8),(0,2,8),(0,1,8),
73:(5,0,8),(4,0,8),(4,0,7),(4,1,7),(4,1,6),(4,2,6),(3,2,6),(2,2,6),(2,2,5),(2,3,5),(2,4,5),(2,4,5),(1,4,5),
74:(5,7,7),(4,7,7),(4,7,6),(4,7,5),(4,7,4),(4,7,3),(4,6,3),(4,5,3),(4,4,3),
75:(7,2,5),(6,2,5),(5,2,5),(4,2,5),(3,2,5),(2,2,5),(1,2,5),(1,3,5),(1,3,6),(1,3,7),(1,3,8),(1,4,8),(1,5,8),
76:(7,1,7),(6,1,7),(5,1,7),(5,1,6),(5,1,5),(5,1,4),(4,1,4),(4,1,3),(4,1,2),(4,1,1),(4,1,0),
77:(4,7,7),(4,7,6),(3,7,6),(2,7,6),(1,7,6),(1,8,6),
78:(8,6,8),(7,6,8),(6,6,8),(6,7,8),(5,7,8),(4,7,8),(4,8,8),(4,8,8),(3,8,8),
79:(4,2,8),(5,2,8),(5,3,8),(5,3,7),(5,3,6),(5,3,5),(5,3,4),(5,4,4),(5,4,3),
80:(3,4,5),(3,4,4),(3,4,3),(3,4,2),(3,4,1),(3,5,1),
81:(6,4,7),(5,4,7),(4,4,7),(3,4,7),(2,4,7),(1,4,7),(1,5,7),(1,6,7),(1,6,6),(0,6,6),(0,7,6),
82:(4,6,8),(4,5,8),(4,5,7),(3,5,7),(3,5,6),(3,5,5),(2,5,5),(1,5,5),(1,5,4),(0,5,4),(0,4,4),(0,3,4),(0,2,4),
83:(7,4,8),(6,4,8),(6,4,7),(6,4,6),(6,4,5),(6,4,4),(6,5,4),
84:(2,5,1),(3,5,1),(4,5,1),(5,5,1),(5,5,2),(5,5,3),(5,6,3),(5,6,4),(5,7,4),(5,7,5),(5,7,6),
85:(7,8,1),(6,8,1),(5,8,1),(4,8,1),(4,8,2),(3,8,2),(2,8,2),(2,8,3),(2,8,4),(2,8,5),(2,7,5),(2,6,5),(2,5,5),(2,5,6),(2,5,7),(2,4,7),(2,3,7),(1,3,7),(1,2,7),
86:(2,0,6),(3,0,6),(4,0,6),(4,0,7),
87:(7,4,6),(6,4,6),(6,3,6),(6,2,6),(6,2,5),(6,2,4),(5,2,4),(5,1,4),(5,1,3),(4,1,3),(4,0,3),(3,0,3),(2,0,3),(2,0,2),
88:(0,5,2),(1,5,2),(1,5,3),(1,5,4),(1,5,4),(2,5,4),(3,5,4),(4,5,4),(5,5,4),(5,5,5),(6,5,5),(7,5,5),(8,5,5),
89:(2,8,0),(2,7,0),
90:(6,2,3),(5,2,3),(4,2,3),(3,2,3),(2,2,3),(2,3,3),(2,4,3),(2,4,2),(2,4,1),(2,5,1),(1,5,1),(1,6,1),(1,7,1),(1,7,1),(0,7,1),
91:(2,2,8),(2,2,7),(2,1,7),(2,0,7),
92:(1,3,6),(1,3,5),(1,3,4),
93:(7,5,4),(6,5,4),(6,4,4),(6,4,3),(6,4,2),(6,4,1),(6,4,0),(6,3,0),(6,2,0),
94:(2,3,5),(2,4,5),(1,4,5),(1,5,5),(1,6,5),(1,6,6),(1,7,6),
95:(3,1,2),(2,1,2),(2,2,2),(2,3,2),
96:(2,3,1),(2,3,1),(2,2,1),(3,2,1),(3,2,1),(4,2,1),
97:(6,7,1),(5,7,1),(5,7,2),(4,7,2),(3,7,2),(2,7,2),(1,7,2),(1,7,3),(1,6,3),(1,5,3),(1,4,3),(1,3,3),
98:(1,8,8),(2,8,8),(3,8,8),(4,8,8),(4,8,7),(4,8,6),(4,8,5),(5,8,5),(5,8,4),(5,8,3),(6,8,3),(6,8,2),(6,8,1),(7,8,1),(7,8,0),(7,7,0),(7,6,0),
99:(3,6,4),(4,6,4),(4,5,4),(5,5,4),(6,5,4),(7,5,4),(8,5,4),(8,5,3),(8,5,2),(8,5,1),(8,4,1),(8,3,1),(8,2,1),(8,1,1),(8,0,1),
100:(3,3,6),(2,3,6),(1,3,6),(1,3,5),(1,4,5),(1,5,5),(1,6,5),(1,6,4),
101:(0,6,2),(0,6,3),(0,6,4),(0,6,5),(0,6,6),(0,6,7),(1,6,7),(2,6,7),(3,6,7),(4,6,7),(5,6,7),(6,6,7),(6,5,7),(6,4,7),(6,4,8),
102:(5,5,1),(6,5,1),(7,5,1),(7,5,0),(7,4,0),(7,3,0),(7,2,0),
103:(2,1,0),(1,1,0),(1,1,1),(1,1,2),(1,1,3),(1,1,4),(1,1,5),(1,1,6),(1,1,7),(1,1,8),
104:(4,5,1),(4,5,2),(4,4,2),
105:(3,3,4),(4,3,4),(5,3,4),(6,3,4),(7,3,4),(8,3,4),(8,4,4),(8,5,4),(8,5,3),(8,6,3),(8,7,3),(8,8,3),(8,8,2),
106:(8,6,4),(7,6,4),(7,6,3),(7,6,2),(7,7,2),(6,7,2),(5,7,2),(4,7,2),(3,7,2),(3,8,2),
107:(0,3,6),(1,3,6),(1,3,5),(2,3,5),(3,3,5),(4,3,5),(5,3,5),(5,4,5),(5,5,5),(5,6,5),(5,7,5),
108:(0,8,5),(1,8,5),(1,8,6),(1,7,6),(1,6,6),(1,5,6),(1,4,6),(1,4,7),(2,4,7),(3,4,7),(3,3,7),(4,3,7),(5,3,7),(5,2,7),
109:(7,3,1),(7,4,1),(7,4,2),(7,4,3),(7,4,4),(7,4,5),(7,4,6),(7,4,7),
110:(5,8,3),(6,8,3),(7,8,3),(8,8,3),(8,7,3),(8,6,3),(8,5,3),(8,4,3),
111:(6,4,6),(5,4,6),(4,4,6),(4,3,6),(3,3,6),(2,3,6),(1,3,6),(0,3,6),(0,2,6),(0,1,6),
112:(7,4,2),(7,3,2),(7,3,3),(7,3,4),(7,3,5),(7,3,6),(7,3,7),(7,3,8),(6,3,8),(5,3,8),(4,3,8),(4,2,8),(3,2,8),(2,2,8),
113:(6,8,2),(6,7,2),(7,7,2),(7,7,3),(7,7,4),(8,7,4),(8,6,4),
114:(1,8,3),(2,8,3),(3,8,3),(4,8,3),(5,8,3),(6,8,3),(7,8,3),(7,8,4),(7,7,4),(7,6,4),(7,6,5),(7,6,6),(7,5,6),(8,5,6),(8,4,6),(8,3,6),(8,2,6),(8,1,6),
115:(6,4,1),(6,3,1),(7,3,1),(8,3,1),(8,3,2),(8,3,3),(8,3,4),(8,3,5),(8,2,5),
116:(8,1,7),(7,1,7),(6,1,7),(5,1,7),(4,1,7),(3,1,7),(3,1,6),(3,2,6),(3,2,5),(3,3,5),(3,3,4),(3,4,4),(3,5,4),(3,5,3),(3,5,2),(3,6,2),(3,6,1),
117:(6,5,5),(5,5,5),(4,5,5),(3,5,5),(3,5,4),(3,6,4),(3,7,4),(2,7,4),(1,7,4),(0,7,4),
118:(1,5,5),(2,5,5),(2,5,6),(2,4,6),(2,3,6),(2,3,7),(3,3,7),(3,2,7),(3,1,7),
119:(0,0,0),(1,0,0),(2,0,0),(3,0,0),(3,0,1),(4,0,1),(5,0,1),(6,0,1),(7,0,1),(7,0,2),(7,0,3),(7,0,4),(7,0,5),(8,0,5),(8,0,6),(8,0,7),(8,0,8),(8,1,8),(8,2,8),(8,3,8),
120:(1,7,4),(2,7,4),(3,7,4),(3,7,5),(3,7,6),(3,7,7),(3,7,8),(3,6,8),(3,5,8),(3,4,8),
121:(0,1,2),(1,1,2),(2,1,2),(2,1,3),(2,1,4),(3,1,4),(3,1,4),(4,1,4),(5,1,4),(5,1,5),(6,1,5),
122:(0,3,4),(1,3,4),(2,3,4),(3,3,4),(4,3,4),(5,3,4),(6,3,4),(7,3,4),(7,3,3),(7,3,2),(7,3,1),(7,3,0),(8,3,0),
123:(7,1,4),(7,0,4),(6,0,4),(5,0,4),(4,0,4),(3,0,4),(2,0,4),
124:(7,3,5),(6,3,5),(5,3,5),(4,3,5),(4,4,5),(4,5,5),(4,5,5),(4,6,5),
125:(4,1,5),(4,2,5),(4,3,5),(4,4,5),(5,4,5),(6,4,5),(6,5,5),(6,6,5),(6,6,4),(6,7,4),
126:(8,0,2),(7,0,2),(7,0,3),(7,0,3),(6,0,3),(5,0,3),
127:(2,6,4),(3,6,4),(3,6,3),(3,6,2),(3,6,1),(4,6,1),(4,7,1),(4,7,1),(5,7,1),
128:(4,2,5),(4,2,6),(4,3,6),(5,3,6),(5,4,6),(5,5,6),(5,5,6),(4,5,6),(4,6,6),(4,7,6),(3,7,6),
129:(5,5,7),(6,5,7),(7,5,7),(8,5,7),(8,5,6),(8,5,5),(8,4,5),(8,4,4),(8,3,4),(8,2,4),
130:(3,3,2),(3,3,3),(3,3,4),(3,4,4),(3,4,4),(3,5,4),(3,5,5),(3,6,5),(3,7,5),
131:(7,6,1),(6,6,1),(5,6,1),(4,6,1),(4,6,2),(3,6,2),(2,6,2),(1,6,2),(0,6,2),(0,6,3),(0,6,4),(0,6,5),(0,6,6),(0,6,7),(0,6,8),(0,5,8),(0,4,8),(0,3,8),
132:(6,5,1),(7,5,1),(7,5,2),(7,5,3),(7,6,3),(7,7,3),(7,7,3),(7,8,3),
133:(3,5,8),(3,5,7),(2,5,7),(1,5,7),(1,4,7),(1,4,6),(1,4,5),(1,4,4),(0,4,4),(0,3,4),(0,2,4),(0,2,3),(0,1,3),(0,1,2),(1,1,2),
134:(0,2,1),(1,2,1),(1,2,2),(2,2,2),(2,1,2),(2,1,3),(2,1,4),(2,1,5),(2,1,6),(2,1,7),(2,1,8),(3,1,8),(4,1,8),
135:(0,4,3),(1,4,3),(2,4,3),(3,4,3),(3,4,2),(3,4,1),(3,4,0),(3,4,0),(3,4,-1),(3,4,-1),(3,4,0),
136:(1,6,1),(2,6,1),(3,6,1),(3,6,1),(4,6,1),(4,6,2),(5,6,2),(6,6,2),(7,6,2),(7,6,3),(7,6,4),(7,5,4),
137:(7,7,6),(7,7,5),(7,7,4),(7,6,4),(7,5,4),(7,4,4),(7,3,4),(7,3,5),(7,2,5),(7,1,5),(7,1,4),(7,1,3),(7,1,2),(6,1,2),
138:(8,4,8),(7,4,8),(6,4,8),(5,4,8),(5,4,7),(5,4,6),(5,3,6),(5,2,6),(5,2,5),(5,2,4),(5,1,4),(5,0,4),
139:(5,4,8),(4,4,8),(3,4,8),(3,3,8),(3,3,7),(3,3,6),(2,3,6),(2,3,5),(2,3,4),(2,3,3),(2,2,3),(2,1,3),
140:(5,7,1),(5,7,2),(4,7,2),(3,7,2),(2,7,2),(1,7,2),(0,7,2),(0,7,3),
141:(3,5,3),(3,5,2),(3,5,1),(2,5,1),(1,5,1),(1,5,0),
142:(6,1,6),(5,1,6),(4,1,6),(4,1,5),(4,2,5),(4,2,4),(3,2,4),(3,3,4),(3,3,3),(3,3,2),(3,3,1),
143:(0,0,3),(1,0,3),(1,1,3),(1,2,3),(1,3,3),(1,4,3),(1,4,2),(1,4,2),(2,4,2),(3,4,2),
144:(1,1,6),(1,1,5),(1,0,5),(1,0,4),(1,0,3),(1,0,2),(1,0,1),(1,0,0),
145:(5,0,6),(5,0,6),(5,1,6),(4,1,6),(3,1,6),(3,2,6),(3,3,6),(3,4,6),(3,5,6),(3,5,5),(2,5,5),(2,5,6),(2,6,6),
146:(1,0,5),(0,0,5),(0,0,6),(0,0,7),(0,1,7),
147:(0,2,2),(1,2,2),(1,2,3),(2,2,3),(2,2,4),
148:(6,2,1),(6,2,0),(6,1,0),(6,0,0),(5,0,0),(4,0,0),(3,0,0),
149:(7,0,8),(7,0,7),(7,0,6),(7,0,5),(7,0,4),(7,1,4),(7,2,4),
150:(0,5,0),(0,5,1),(0,5,2),(0,5,3),(0,5,4),(0,5,5),(0,4,5),(1,4,5),(1,3,5),(1,3,6),(2,3,6),(3,3,6),(4,3,6),(5,3,6),(6,3,6),(7,3,6),(7,3,7),(7,3,8),(7,2,8),
151:(1,3,3),(2,3,3),(3,3,3),(3,3,3),(3,4,3),(3,4,2),(3,5,2),(3,5,2),(4,5,2),
152:(1,6,3),(2,6,3),(2,5,3),(2,5,4),(2,5,5),(2,4,5),(3,4,5),(3,4,4),(3,3,4),(4,3,4),(5,3,4),(6,3,4),(7,3,4),(7,3,5),(7,3,6),(7,3,7),(8,3,7),(8,2,7),
153:(7,6,8),(6,6,8),(5,6,8),(5,6,7),(4,6,7),(3,6,7),(2,6,7),(2,5,7),(1,5,7),(1,4,7),
154:(0,4,4),(1,4,4),(2,4,4),(2,4,3),(2,4,2),(2,4,1),(3,4,1),(4,4,1),(5,4,1),(5,4,0),(6,4,0),
155:(3,4,2),(3,4,3),(3,5,3),(3,5,4),(3,6,4),(3,6,5),(3,6,5),(3,6,6),
156:(3,6,2),(2,6,2),(2,6,3),(2,6,3),(2,5,3),(2,4,3),(2,4,4),(2,4,5),(1,4,5),(1,3,5),(1,3,6),(1,3,7),(1,3,8),
157:(8,5,4),(7,5,4),(6,5,4),(6,4,4),(5,4,4),(4,4,4),(4,3,4),(4,2,4),(4,1,4),(3,1,4),(2,1,4),(1,1,4),(0,1,4),(0,1,3),(0,2,3),
158:(2,2,3),(2,1,3),(2,0,3),(2,0,2),(2,0,1),(2,0,1),(2,0,0),
159:(0,4,2),(1,4,2),(1,3,2),(1,2,2),(1,1,2),(1,1,3),
160:(6,8,4),(5,8,4),(5,8,3),(5,8,2),(5,7,2),(5,6,2),(5,5,2),(5,4,2),(5,3,2),(5,2,2),
161:(6,2,5),(6,2,4),(6,3,4),(6,3,5),(5,3,5),(5,4,5),(5,5,5),(5,5,5),(5,6,5),(5,6,4),(5,7,4),(5,8,4),(4,8,4),
162:(4,7,6),(4,6,6),(4,6,7),(4,5,7),(4,4,7),
163:(2,7,1),(2,7,2),(2,7,3),(2,8,3),(2,8,4),(2,8,5),(2,8,6),(2,8,7),(2,7,7),(2,6,7),
164:(1,0,0),(2,0,0),(3,0,0),(3,0,1),(4,0,1),(5,0,1),(6,0,1),(7,0,1),(7,0,2),(7,0,3),(7,0,4),(7,0,5),(7,0,6),(7,0,7),(7,1,7),(7,2,7),
165:(0,0,4),(1,0,4),(2,0,4),(3,0,4),(3,1,4),(4,1,4),(4,1,3),(5,1,3),(6,1,3),(6,2,3),(7,2,3),(7,3,3),(7,4,3),(6,4,3),
166:(4,3,1),(3,3,1),(2,3,1),(1,3,1),(1,3,2),(1,4,2),(1,5,2),(1,5,2),(1,6,2),
167:(7,1,5),(7,2,5),(7,2,4),(7,2,3),(7,3,3),(7,4,3),(7,5,3),(7,6,3),(8,6,3),(8,6,2),(8,7,2),
168:(2,3,6),(2,3,7),(2,4,7),(2,5,7),(3,5,7),(4,5,7),(4,6,7),(4,7,7),(4,8,7),
169:(8,3,0),(7,3,0),(6,3,0),(5,3,0),(4,3,0),(3,3,0),(3,3,1),(3,4,1),(3,4,2),(3,5,2),(3,5,3),(3,5,4),(3,6,4),
170:(1,6,5),(2,6,5),(3,6,5),(4,6,5),(4,6,6),(5,6,6),(5,7,6),(5,6,6),(5,5,6),(6,5,6),(6,4,6),
171:(3,0,8),(3,0,7),(2,0,7),(1,0,7),(1,1,7),(1,2,7),(1,3,7),(1,3,6),(1,4,6),(1,4,5),(1,4,4),(1,4,3),(0,4,3),(0,5,3),
172:(3,6,8),(3,6,7),(3,6,6),(3,5,6),(3,4,6),(3,4,6),(3,4,6),(3,4,5),(3,4,4),(3,3,4),(3,3,3),(3,3,2),(3,2,2),(3,2,1),(3,1,1),(3,0,1),(3,0,2),
173:(4,4,4),(4,4,5),(4,4,5),(4,5,5),(4,5,6),(3,5,6),(3,5,7),
174:(6,8,0),(6,8,0),(6,8,1),(6,8,2),(6,8,3),(6,7,3),(6,6,3),(5,6,3),(4,6,3),(4,5,3),(4,5,4),(4,4,4),(3,4,4),(3,3,4),(3,3,3),
175:(4,1,6),(4,1,7),(4,1,8),(5,1,8),(5,2,8),(5,3,8),(5,4,8),(5,5,8),(5,5,8),(5,6,8),(6,6,8),
176:(2,8,1),(3,8,1),(4,8,1),(4,7,1),(5,7,1),(5,7,0),(6,7,0),(7,7,0),(8,7,0),(8,7,1),
177:(4,0,3),(5,0,3),(5,0,4),(5,1,4),(5,2,4),(5,2,5),(5,2,6),(5,2,7),(5,3,7),(5,4,7),
178:(1,4,5),(1,5,5),(2,5,5),(2,4,5),(2,4,5),(3,4,5),(4,4,5),
179:(5,5,4),(4,5,4),(4,5,3),(4,5,2),(4,5,1),(4,5,0),(3,5,0),(2,5,0),(2,6,0),(1,6,0),(0,6,0),
180:(2,0,3),(3,0,3),(4,0,3),(4,0,2),(5,0,2),(6,0,2),(6,1,2),(7,1,2),(7,1,1),(7,2,1),(7,2,1),(7,3,1),(7,3,0),
181:(2,0,1),(3,0,1),(3,0,2),(3,0,3),(3,0,3),(3,1,3),(3,2,3),(3,2,4),(4,2,4),(4,2,5),(5,2,5),(6,2,5),(6,3,5),(6,4,5),(6,5,5),(6,5,6),
182:(3,8,1),(3,8,2),(3,7,2),(3,7,3),(4,7,3),(5,7,3),(6,7,3),(7,7,3),(8,7,3),(8,7,4),(8,7,5),(8,7,6),(8,7,7),
183:(1,4,8),(2,4,8),(2,5,8),(3,5,8),(4,5,8),(5,5,8),(6,5,8),
184:(4,5,5),(4,5,5),(4,5,6),(4,5,6),(5,5,6),(6,5,6),(7,5,6),(7,4,6),
185:(5,0,2),(5,1,2),(5,2,2),(6,2,2),(7,2,2),(7,2,1),(7,3,1),(7,3,1),(7,3,1),(8,3,1),(8,2,1),(7,2,1),(7,3,1),
186:(6,4,2),(6,3,2),(6,3,3),(7,3,3),(8,3,3),(8,2,3),
187:(5,2,8),(6,2,8),(7,2,8),(7,1,8),(7,0,8),
188:(5,3,4),(5,3,3),(5,2,3),
189:(1,3,0),(2,3,0),(3,3,0),(4,3,0),(4,3,1),(5,3,1),(6,3,1),(6,3,2),(6,3,3),
190:(6,0,0),(5,0,0),(4,0,0),(4,0,1),(4,0,2),(3,0,2),(2,0,2),(1,0,2),(1,1,2),(1,2,2),
191:(4,0,8),(3,0,8),(3,0,7),(3,0,6),(2,0,6),(2,0,5),(2,1,5),(2,2,5),(2,3,5),(2,4,5),(2,4,4),(1,4,4),(0,4,4),(0,5,4),(0,6,4),
192:(8,7,5),(8,7,4),(8,7,3),(8,6,3),(8,5,3),(8,4,3),(8,3,3),
193:(5,1,0),(5,1,1),(5,1,2),(5,1,3),(5,1,4),(5,2,4),(5,2,5),(4,2,5),(4,2,6),(4,3,6),(4,4,6),(4,5,6),(4,6,6),(4,7,6),(4,8,6),(3,8,6),
194:(1,8,7),(0,8,7),(0,7,7),(0,6,7),(0,5,7),(0,4,7),
195:(8,6,2),(7,6,2),(6,6,2),(5,6,2),(5,6,1),(5,7,1),(5,7,0),(4,7,0),(3,7,0),(3,8,0),(2,8,0),
196:(7,5,8),(6,5,8),(6,5,7),(6,5,6),(6,6,6),
197:(3,3,0),(4,3,0),(4,3,1),(3,3,1),(3,3,2),(3,3,3),(3,3,4),(3,3,5),(3,3,6),(2,3,6),(2,3,7),(2,3,8),
198:(3,8,5),(2,8,5),(2,8,6),(2,8,6),(2,7,6),(2,6,6),(2,5,6),(2,5,6),(1,5,6),
199:(6,2,6),(6,3,6),(6,3,5),(6,4,5),(6,5,5),(6,6,5),(6,6,5),(6,6,4),(6,6,3),(6,6,2),(6,6,1),(6,6,0),(6,7,0),(6,8,0),(5,8,0),
200:(5,4,3),(5,5,3),(5,6,3),(5,7,3),(5,6,3),(5,6,3),(5,7,3),(5,7,2),(5,8,2),(5,8,1),
201:(4,7,8),(3,7,8),(3,6,8),(3,6,8),(3,5,8),(3,4,8),(3,3,8),
202:(6,5,6),(5,5,6),(5,5,7),(5,4,7),(5,3,7),(4,3,7),(4,2,7),
203:(5,4,4),(5,5,4),(5,5,4),(6,5,4),(6,6,4),(6,7,4),(6,8,4),
204:(4,7,3),(4,7,4),(4,6,4),(4,5,4),(4,5,5),(4,5,6),(4,4,6),(4,3,6),(4,3,5),
205:(0,2,7),(0,2,6),(0,2,5),(0,2,4),(1,2,4),(1,2,3),(1,2,2),(1,2,1),(1,3,1),(2,3,1),(2,4,1),(3,4,1),(4,4,1),(4,5,1),(4,6,1),(4,7,1),(4,8,1),
206:(8,4,6),(7,4,6),(7,4,7),(7,5,7),(6,5,7),(6,6,7),(6,7,7),
207:(2,0,8),(2,1,8),(2,2,8),(1,2,8),
208:(7,6,6),(7,7,6),(6,7,6),(5,7,6),(4,7,6),(3,7,6),(2,7,6),(2,7,6),(2,6,6),(1,6,6),
209:(4,1,3),(3,1,3),(2,1,3),(2,1,4),(2,1,5),(2,1,6),(2,1,7),(2,2,7),(2,3,7),(2,4,7),(2,5,7),(1,5,7),(1,6,7),(1,6,8),(1,7,8),
210:(3,1,1),(4,1,1),(4,2,1),(5,2,1),(5,2,2),(5,3,2),(5,4,2),(5,4,3),(6,4,3),(7,4,3),(7,5,3),(7,6,3),(7,6,4),(7,7,4),(7,8,4),
211:(8,2,2),(7,2,2),(7,3,2),(7,4,2),(7,4,3),(7,5,3),(7,6,3),(6,6,3),(5,6,3),(5,7,3),(5,7,3),(5,7,4),(5,8,4),
212:(6,8,3),(6,8,2),(6,7,2),(6,6,2),(6,6,1),(6,5,1),(6,4,1),(6,3,1),
213:(6,3,0),(5,3,0),(4,3,0),(4,3,1),(3,3,1),(2,3,1),(2,4,1),(2,5,1),(2,6,1),(2,6,2),(2,6,3),(2,7,3),(2,8,3),
214:(5,8,0),(5,7,0),(5,6,0),(5,6,1),(5,5,1),(5,4,1),(5,3,1),(5,3,2),(5,2,2),(4,2,2),(4,1,2),(4,1,3),(4,1,4),(4,0,4),
215:(8,6,0),(8,6,1),(8,6,2),(8,5,2),(8,4,2),
216:(4,4,6),(3,4,6),(2,4,6),(1,4,6),(0,4,6),(0,4,5),(0,4,4),(0,4,3),(0,3,3),(0,3,2),(0,2,2),(0,1,2),(0,0,2),
217:(8,3,5),(8,3,6),(7,3,6),(6,3,6),(6,3,6),(5,3,6),(4,3,6),(4,3,5),(3,3,5),(3,4,5),(3,4,4),(2,4,4),(1,4,4),(0,4,4),(0,4,3),(0,4,2),(0,3,2),
218:(4,7,4),(3,7,4),(3,7,5),(2,7,5),(1,7,5),
219:(5,1,1),(5,2,1),(5,3,1),(5,4,1),(5,4,2),(5,4,3),(4,4,3),(4,4,4),(4,5,4),(4,5,5),(4,5,6),(4,6,6),(4,7,6),(4,7,5),(4,8,5),
220:(1,7,7),(2,7,7),(2,7,8),(3,7,8),(4,7,8),(4,6,8),(4,5,8),
221:(6,1,5),(7,1,5),(7,2,5),(7,2,4),(7,2,3),(7,2,3),(7,2,2),(7,3,2),(7,4,2),(7,4,1),(7,4,1),(7,5,1),(7,6,1),
222:(3,5,0),(4,5,0),(5,5,0),(6,5,0),(7,5,0),(7,5,1),(7,6,1),(7,7,1),
223:(2,6,1),(2,7,1),(2,7,2),(2,7,3),(3,7,3),(3,7,4),(4,7,4),(4,7,5),(4,7,6),(4,7,7),(4,7,8),(4,6,8),
224:(4,7,2),(4,7,3),(4,6,3),(4,6,4),(5,6,4),(6,6,4),(7,6,4),(7,6,5),(7,5,5),(7,4,5),(7,3,5),(7,2,5),(7,1,5),(7,0,5),(8,0,5),
225:(6,6,7),(6,6,6),(6,5,6),(6,5,5),(6,5,6),(6,4,6),(6,3,6),(6,2,6),
226:(0,5,6),(1,5,6),(1,6,6),(1,6,7),(2,6,7),(2,6,8),(3,6,8),(4,6,8),(5,6,8),(5,7,8),(6,7,8),(7,7,8),(7,7,7),
227:(0,1,4),(1,1,4),(2,1,4),(2,0,4),(2,0,3),(2,-1,3),(3,-1,3),(3,0,3),(3,1,3),
228:(1,3,8),(2,3,8),(3,3,8),(4,3,8),(5,3,8),(6,3,8),(6,3,7),(6,3,6),(6,3,5),(6,3,4),(6,2,4),(6,2,3),(6,1,3),(6,0,3),(6,0,2),(6,0,1),
229:(8,0,1),(7,0,1),(6,0,1),(6,1,1),(6,2,1),(6,2,2),(6,2,3),(6,3,3),(6,3,4),(5,3,4),(5,3,5),(5,3,6),(5,3,6),(5,3,7),
230:(3,0,4),(4,0,4),(4,0,5),(5,0,5),(6,0,5),(6,1,5),(6,2,5),(6,3,5),(6,4,5),(6,5,5),(6,6,5),(6,6,4),
231:(6,6,4),(6,6,5),(7,6,5),(7,7,5),(7,8,5),
232:(2,3,4),(2,4,4),(2,5,4),(2,6,4),(2,6,3),(3,6,3),(3,6,2),(3,6,1),(3,7,1),(3,8,1),
233:(8,7,3),(7,7,3),(6,7,3),(6,7,2),(6,7,2),(6,6,2),(6,5,2),(6,4,2),(6,3,2),(6,2,2),
234:(4,1,4),(4,1,4),(3,1,4),(3,1,3),(2,1,3),(2,2,3),(1,2,3),(1,3,3),(1,4,3),(1,4,3),(2,4,3),(2,4,3),(2,4,3),(1,4,3),
235:(6,5,0),(6,4,0),(6,4,1),(6,3,1),(5,3,1),(5,2,1),(5,2,2),(4,2,2),(3,2,2),(3,2,3),(3,2,4),(3,1,4),
236:(5,7,5),(4,7,5),(4,7,4),(3,7,4),(2,7,4),(2,7,3),(3,7,3),
237:(6,4,5),(5,4,5),(5,4,4),(4,4,4),(4,5,4),(4,5,3),(3,5,3),(3,6,3),(2,6,3),(1,6,3),(0,6,3),(0,6,2),(0,5,2),(0,5,1),(0,5,0),
238:(4,2,1),(3,2,1),(3,2,2),(3,2,2),(2,2,2),(2,2,2),(2,2,3),(1,2,3),
239:(3,2,1),(3,2,2),(4,2,2),(5,2,2),(6,2,2),(6,2,3),(6,1,3),(7,1,3),(8,1,3),(8,1,4),(8,1,5),
240:(5,4,2),(5,4,3),(5,3,3),(5,3,3),(5,4,3),(5,4,4),(5,4,5),(5,4,6),(5,4,6),(5,4,5),
241:(5,3,6),(4,3,6),(3,3,6),(3,3,5),(3,3,4),(2,3,4),(2,3,3),(3,3,3),(3,3,2),(3,2,2),(3,1,2),
242:(5,7,4),(5,7,3),(4,7,3),(4,6,3),(4,5,3),(4,4,3),(4,3,3),(4,3,2),
