soc=2277
lb_soc=1425
makespan=20
lb_makespan=15
comp_time=8967
highLevelExpanded=55
lowLevelExpanded=21469
solution=
0:(0,2,8),(1,2,8),(2,2,8),(3,2,8),(4,2,8),(5,2,8),(5,3,8),(5,4,8),(6,4,8),(7,4,8),(7,5,8),(7,6,8),(7,7,8),
1:(1,3,2),(2,3,2),(2,4,2),(2,5,2),(2,5,3),(2,5,4),(2,5,5),(2,5,6),(2,6,6),(2,6,7),(2,7,7),(2,7,8),
2:(8,3,8),(7,3,8),(6,3,8),(5,3,8),(4,3,8),(3,3,8),(2,3,8),(1,3,8),(1,4,8),(1,5,8),(1,5,7),(1,6,7),(1,6,6),(1,6,5),(1,6,4),
3:(3,0,1),(4,0,1),(5,0,1),(5,1,1),(5,2,1),(5,3,1),(5,4,1),(5,5,1),(5,6,1),(5,7,1),
4:(4,4,5),(3,4,5),(3,4,6),(3,5,6),(3,6,6),
5:(2,3,7),(3,3,7),(4,3,7),(5,3,7),(5,3,8),(5,4,8),(5,5,8),(5,6,8),
6:(1,0,2),(2,0,2),(3,0,2),(4,0,2),(5,0,2),(6,0,2),(6,0,1),(6,0,0),(6,1,0),(6,2,0),(6,3,0),
7:(4,5,6),(4,5,6),(4,5,5),(4,5,4),(4,5,4),(4,4,4),(4,3,4),
8:(4,3,7),(4,4,7),(4,5,7),(4,6,7),(4,7,7),(4,8,7),
9:(6,6,2),(5,6,2),(4,6,2),(4,6,3),(4,6,4),
10:(5,7,4),(5,7,5),(5,6,5),(5,5,5),(5,5,6),(5,4,6),(5,4,7),(5,3,7),(5,2,7),
11:(8,7,1),(7,7,1),(6,7,1),
12:(1,1,3),(2,1,3),(3,1,3),(4,1,3),(4,2,3),(4,3,3),(4,4,3),(4,5,3),(4,6,3),(4,7,3),
13:(8,7,0),(7,7,0),(6,7,0),(5,7,0),(4,7,0),(3,7,0),(2,7,0),(1,7,0),(1,7,1),(1,7,2),(1,7,3),(1,8,3),
14:(0,1,8),(1,1,8),(1,1,7),(1,1,6),(1,1,5),(1,1,4),(1,1,3),(1,0,3),
15:(0,2,6),(1,2,6),(2,2,6),(3,2,6),(4,2,6),(5,2,6),(6,2,6),(7,2,6),(7,2,7),(7,3,7),(7,4,7),(7,5,7),(7,6,7),
16:(8,3,3),(7,3,3),(6,3,3),(5,3,3),(5,3,4),(5,3,5),(5,2,5),(5,1,5),(5,0,5),
17:(5,6,5),(5,5,5),(5,4,5),(5,3,5),(5,3,5),(5,2,5),(5,1,5),(4,1,5),(4,1,4),(3,1,4),(2,1,4),(2,1,3),(2,0,3),
18:(3,8,4),(3,8,5),(3,7,5),
19:(6,0,1),(5,0,1),(5,0,2),(5,0,3),(4,0,3),(3,0,3),(2,0,3),(2,0,4),(2,1,4),(2,1,5),(2,1,6),(2,2,6),(2,3,6),
20:(3,4,2),(4,4,2),(5,4,2),(5,3,2),(5,3,3),(5,3,4),(5,3,4),(6,3,4),(6,3,5),(6,3,6),(7,3,6),(7,2,6),
21:(1,2,8),(1,2,7),(1,2,6),(1,2,5),(1,2,4),(1,2,3),(1,2,2),(1,2,1),
22:(8,4,6),(7,4,6),(7,4,5),(7,4,4),(7,4,3),(7,5,3),(7,5,2),
23:(8,1,1),(7,1,1),(6,1,1),(6,1,2),(5,1,2),(4,1,2),(3,1,2),(2,1,2),(1,1,2),(0,1,2),(0,1,3),(0,2,3),(0,3,3),
24:(4,3,1),(4,4,1),(4,5,1),
25:(2,2,5),(3,2,5),(3,2,4),(3,2,3),(3,2,2),(3,3,2),(3,3,1),(3,4,1),(3,5,1),(3,6,1),(3,7,1),(3,7,2),(3,8,2),
26:(6,1,4),(7,1,4),(7,2,4),(7,3,4),(7,4,4),
27:(7,5,3),(6,5,3),(6,5,4),(6,5,5),(6,6,5),(6,7,5),(6,8,5),
28:(4,2,1),(5,2,1),(6,2,1),(7,2,1),(8,2,1),(8,2,2),(8,2,3),(8,2,4),(8,1,4),(8,0,4),
29:(6,1,7),(5,1,7),(4,1,7),(3,1,7),(3,2,7),(3,3,7),(3,4,7),
30:(5,4,4),(4,4,4),(3,4,4),(2,4,4),(1,4,4),(0,4,4),(0,4,3),(0,4,2),(0,4,1),(0,5,1),(0,6,1),(0,7,1),(0,8,1),
31:(4,3,2),(3,3,2),(3,3,3),(3,4,3),(3,5,3),(3,6,3),(3,7,3),
32:(4,2,4),(3,2,4),(3,3,4),(3,3,5),(3,3,5),(3,4,5),(3,4,6),(3,5,6),(3,5,7),(3,6,7),
33:(1,3,5),(2,3,5),(2,3,4),
34:(2,8,7),(3,8,7),(3,8,6),(3,8,5),(4,8,5),(4,7,5),(4,6,5),(5,6,5),(6,6,5),(6,6,4),
35:(7,0,8),(6,0,8),(5,0,8),(4,0,8),(3,0,8),(2,0,8),(1,0,8),(1,0,7),(1,0,6),(1,1,6),
36:(0,6,0),(1,6,0),(2,6,0),(3,6,0),(4,6,0),(5,6,0),(6,6,0),(6,6,1),(6,6,2),(6,7,2),(6,8,2),(6,8,3),(6,8,4),(6,7,4),
37:(5,5,6),(6,5,6),(6,6,6),(6,7,6),
38:(4,1,2),(3,1,2),(2,1,2),(1,1,2),(0,1,2),(0,1,3),(0,1,4),(0,1,5),(0,1,6),(0,1,7),(0,1,8),(0,2,8),(0,3,8),
39:(8,6,8),(7,6,8),(6,6,8),(6,6,7),(6,6,6),(6,6,5),(6,6,4),(6,6,3),(6,7,3),
40:(5,2,3),(4,2,3),(3,2,3),(3,1,3),(3,1,4),(3,1,5),(3,1,6),
41:(2,2,2),(3,2,2),(4,2,2),(4,3,2),(4,4,2),(4,5,2),(4,6,2),(4,6,1),
42:(1,0,8),(2,0,8),(3,0,8),(3,0,7),(4,0,7),(5,0,7),(6,0,7),(7,0,7),(7,1,7),(7,2,7),(7,3,7),(8,3,7),(8,3,6),(8,4,6),(8,5,6),(8,5,5),(8,6,5),(8,7,5),(8,8,5),(8,8,4),
43:(6,3,1),(5,3,1),(4,3,1),(4,2,1),(4,1,1),(4,0,1),
44:(4,2,3),(3,2,3),(2,2,3),(1,2,3),(1,3,3),(1,3,4),(1,4,4),(1,5,4),
45:(4,0,0),(3,0,0),(2,0,0),(2,0,1),(2,0,2),(2,1,2),(2,2,2),(2,3,2),(2,3,2),(2,3,2),(2,3,3),
46:(1,4,1),(1,4,0),(1,3,0),(1,2,0),(1,1,0),(1,0,0),
47:(7,1,0),(6,1,0),(6,2,0),(6,2,1),(6,2,2),(6,2,3),(6,2,4),(6,2,5),(7,2,5),(6,2,5),(5,2,5),(4,2,5),(4,2,6),(3,2,6),(3,2,7),
48:(5,6,4),(5,5,4),(5,5,5),(5,4,5),(6,4,5),(6,3,5),(6,3,4),(6,2,4),
49:(1,3,3),(2,3,3),(2,4,3),(2,5,3),(2,5,4),(3,5,4),(4,5,4),(5,5,4),(5,5,5),
50:(4,7,8),(5,7,8),(6,7,8),(7,7,8),(8,7,8),(8,7,7),(8,7,6),(8,7,5),(8,7,4),
51:(1,8,8),(2,8,8),(2,8,7),(2,8,6),(2,8,5),(2,8,4),(2,8,3),(2,8,2),(2,8,1),
52:(6,4,3),(5,4,3),(4,4,3),(4,4,2),(3,4,2),(2,4,2),(2,5,2),(2,6,2),(1,6,2),(0,6,2),(0,7,2),(0,7,2),(0,7,1),
53:(4,2,6),(5,2,6),(6,2,6),(7,2,6),(7,2,5),(7,3,5),(7,4,5),(7,5,5),(7,6,5),(7,7,5),(7,8,5),
54:(4,6,2),(4,6,3),(4,6,4),(4,6,5),(4,6,6),(4,6,7),(4,5,7),(4,5,7),(4,5,7),(3,5,7),
55:(8,2,6),(7,2,6),(7,2,7),(6,2,7),(5,2,7),(4,2,7),(4,3,7),(4,4,7),(4,4,8),(4,5,8),(4,6,8),(3,6,8),(3,7,8),(3,8,8),(2,8,8),
56:(5,6,7),(4,6,7),(3,6,7),(2,6,7),(1,6,7),(0,6,7),(0,7,7),
57:(3,0,7),(2,0,7),(1,0,7),(1,0,6),(1,0,5),(1,0,4),(1,1,4),(1,2,4),(1,2,3),(1,2,2),(1,3,2),(1,4,2),(1,4,1),(1,4,0),
58:(1,0,3),(0,0,3),(0,0,4),(0,0,5),(0,1,5),(0,1,6),(0,2,6),(0,3,6),(0,4,6),(0,5,6),(0,6,6),(0,7,6),(0,8,6),
59:(1,7,1),(0,7,1),(0,7,2),(0,8,2),(0,8,2),(0,8,3),(0,8,4),(0,8,5),(0,8,6),(0,8,7),(0,8,8),
60:(7,5,5),(6,5,5),(6,5,6),(6,5,7),(6,4,7),
61:(3,5,4),(3,5,3),(3,4,3),(3,4,4),(3,4,3),(3,3,3),(3,2,3),(3,1,3),(3,0,3),
62:(0,2,0),(1,2,0),(1,2,1),(1,2,2),(1,2,3),(1,3,3),(1,3,4),(1,3,5),(1,4,5),
63:(6,5,1),(5,5,1),(5,5,2),(4,5,2),(4,5,3),(4,5,4),(4,5,5),(4,5,6),(4,4,6),(4,4,7),(4,3,7),(4,2,7),(4,1,7),(4,0,7),
64:(0,2,1),(0,2,2),(0,2,3),(0,2,4),(0,2,5),(1,2,5),(1,2,6),(1,2,7),(1,2,8),(1,3,8),(1,4,8),(1,5,8),
65:(1,2,6),(2,2,6),(3,2,6),(4,2,6),(5,2,6),(5,2,7),(5,2,8),(5,1,8),
66:(6,4,1),(7,4,1),(8,4,1),(8,4,2),(8,4,3),(8,3,3),
67:(2,0,3),(3,0,3),(4,0,3),(4,0,3),(4,0,2),(5,0,2),(6,0,2),(6,1,2),(6,2,2),(6,3,2),(6,4,2),(6,5,2),(6,6,2),(6,7,2),
68:(7,2,7),(6,2,7),(5,2,7),(4,2,7),(4,3,7),(4,3,6),(3,3,6),(2,3,6),(2,3,5),(2,4,5),(2,5,5),(2,6,5),(2,7,5),
69:(4,6,4),(5,6,4),(6,6,4),(6,5,4),(6,4,4),(6,4,5),(6,4,6),(6,3,6),(6,2,6),(6,1,6),(6,0,6),
70:(8,1,7),(7,1,7),(6,1,7),(6,1,6),(6,2,6),(6,3,6),(5,3,6),(5,4,6),(5,5,6),(4,5,6),(4,6,6),(4,7,6),(4,8,6),
71:(7,8,6),(6,8,6),(5,8,6),(5,8,5),(5,8,4),(4,8,4),(4,8,3),(3,8,3),(3,8,2),(3,7,2),(3,7,2),(3,6,2),(2,6,2),
72:(7,8,3),(7,8,2),(7,8,1),(7,8,0),(7,7,0),(7,6,0),(7,5,0),(7,4,0),(7,3,0),(6,3,0),(6,3,1),(5,3,1),(4,3,1),(4,3,0),
73:(5,0,1),(5,1,1),(5,2,1),(5,3,1),(4,3,1),(4,4,1),(4,4,1),(4,4,2),(4,4,3),(4,4,4),(4,5,4),(3,5,4),(3,5,5),(3,4,5),
74:(2,6,5),(1,6,5),(0,6,5),(0,6,6),(0,6,7),(0,5,7),
75:(3,4,7),(3,4,6),(4,4,6),(4,4,5),(4,4,4),(4,4,3),(4,4,2),(4,5,2),(4,6,2),(4,7,2),(4,7,1),(4,7,0),(4,8,0),
76:(1,6,2),(2,6,2),(2,6,3),
77:(4,6,5),(4,5,5),(4,4,5),(4,3,5),
78:(8,7,8),(7,7,8),(7,7,7),(6,7,7),(6,6,7),(6,6,6),(6,5,6),(6,4,6),(6,3,6),(6,2,6),
79:(5,6,0),(4,6,0),(3,6,0),(3,6,1),(2,6,1),(1,6,1),(0,6,1),(0,6,2),(0,6,3),(0,6,4),(0,6,5),(0,6,6),(0,5,6),(0,4,6),(0,3,6),(0,2,6),(0,2,7),(0,1,7),(0,0,7),
80:(5,4,7),(5,4,6),(5,5,6),(4,5,6),(3,5,6),(2,5,6),(1,5,6),
81:(6,7,1),(5,7,1),(5,7,0),(5,6,0),(5,5,0),(5,4,0),
82:(3,1,8),(2,1,8),
83:(2,7,5),(1,7,5),(0,7,5),(0,7,4),
84:(3,7,7),(3,6,7),(3,5,7),(3,4,7),(3,3,7),(4,3,7),(5,3,7),(6,3,7),(6,2,7),(6,1,7),(6,1,6),(6,1,5),(6,1,4),(7,1,4),
85:(3,8,0),(4,8,0),(5,8,0),(6,8,0),(7,8,0),(7,8,1),(7,7,1),(7,6,1),(7,5,1),
86:(0,6,5),(0,6,4),(1,6,4),(1,6,3),(1,6,2),(2,6,2),(3,6,2),(4,6,2),(5,6,2),(5,6,1),(5,5,1),(5,4,1),(5,3,1),(5,2,1),
87:(8,8,3),(7,8,3),(7,8,4),(7,7,4),(7,6,4),(7,6,5),(7,6,6),(6,6,6),(6,6,6),(5,6,6),(5,5,6),(4,5,6),(4,4,6),(4,3,6),
88:(4,7,7),(5,7,7),(5,6,7),(5,6,6),(5,6,5),(5,5,5),(6,5,5),(6,4,5),(7,4,5),(7,3,5),(7,2,5),(7,1,5),(7,0,5),
89:(1,7,6),(2,7,6),(3,7,6),(4,7,6),(5,7,6),(5,7,5),(6,7,5),(6,7,4),(6,6,4),(6,5,4),(6,5,3),
90:(6,3,2),(6,3,3),(6,3,4),(6,3,5),(7,3,5),(7,3,6),(7,3,7),(7,3,8),
91:(3,5,8),(4,5,8),(5,5,8),(6,5,8),(7,5,8),(8,5,8),(8,5,7),(8,5,6),(8,5,5),(8,5,4),(8,4,4),(8,3,4),(8,2,4),(8,2,3),
92:(0,3,1),(1,3,1),(2,3,1),(2,3,2),(2,3,3),(2,4,3),(2,4,4),(2,4,5),(2,5,5),(2,6,5),(2,7,5),(2,8,5),
93:(6,5,7),(5,5,7),(5,5,7),(4,5,7),(3,5,7),(2,5,7),(1,5,7),(1,6,7),(1,6,6),(1,6,5),(1,6,4),(0,6,4),(0,6,3),(0,6,2),
94:(4,7,6),(4,6,6),(4,5,6),(4,4,6),(4,3,6),(4,2,6),(4,2,5),(4,2,4),
95:(3,6,6),(3,6,5),(3,6,4),(4,6,4),(5,6,4),(5,6,3),(5,6,2),(5,5,2),(5,4,2),(5,4,1),(5,3,1),(5,3,0),
96:(4,0,4),(4,0,3),(4,1,3),(4,2,3),(4,2,2),(4,2,1),(4,2,0),
97:(3,4,0),(4,4,0),(5,4,0),(6,4,0),(7,4,0),(7,4,1),(7,4,2),(7,4,3),(7,3,3),(7,3,4),(7,3,5),(7,2,5),(7,1,5),(7,1,6),
98:(7,2,4),(7,2,3),(7,3,3),(7,4,3),(7,5,3),(7,5,2),(7,6,2),(7,6,2),(7,6,2),(7,6,1),
99:(6,5,0),(5,5,0),(4,5,0),(3,5,0),(3,5,1),(3,5,2),(3,5,3),(3,5,4),(3,5,5),(3,5,6),(4,5,6),(4,4,6),(4,3,6),(3,3,6),
100:(8,5,1),(7,5,1),(6,5,1),(5,5,1),(5,5,2),(5,5,3),(4,5,3),(3,5,3),(2,5,3),(1,5,3),(0,5,3),(0,4,3),(0,4,4),(0,3,4),(0,3,5),(0,3,6),(0,2,6),(0,2,7),(0,1,7),
101:(3,2,7),(4,2,7),(4,2,6),(5,2,6),(5,2,5),(6,2,5),(7,2,5),(7,2,4),(7,2,3),(7,3,3),(7,4,3),(7,5,3),(7,6,3),(7,6,2),(7,7,2),(7,8,2),
102:(0,5,8),(1,5,8),(2,5,8),(3,5,8),(4,5,8),(5,5,8),(6,5,8),(7,5,8),(8,5,8),(8,5,7),(8,5,6),(8,5,5),(9,5,5),(9,5,4),(9,5,3),(8,5,3),(8,5,2),
103:(5,0,4),(6,0,4),(6,0,3),(6,0,2),(6,0,1),(6,0,0),(6,1,0),(6,2,0),(6,3,0),(6,4,0),(6,5,0),(6,6,0),(6,7,0),
104:(8,1,3),(7,1,3),(6,1,3),(5,1,3),(4,1,3),(4,2,3),(4,2,2),(4,3,2),(4,4,2),(4,5,2),(3,5,2),(2,5,2),
105:(5,3,4),(5,4,4),
106:(6,0,5),(6,0,6),(6,1,6),(6,2,6),(6,3,6),(6,4,6),(7,4,6),(7,4,7),(7,5,7),(7,6,7),(7,7,7),(7,8,7),
107:(3,5,3),(4,5,3),(5,5,3),(6,5,3),(6,5,2),(6,5,1),(7,5,1),(7,5,0),(7,4,0),(7,3,0),(7,2,0),
108:(1,1,6),(2,1,6),(3,1,6),(4,1,6),(5,1,6),(6,1,6),(6,1,5),(6,1,4),(6,1,3),(6,1,2),(6,0,2),
109:(1,3,8),(2,3,8),(2,3,7),(2,3,6),(2,2,6),(2,2,5),(2,2,4),(2,2,3),(2,2,2),(3,2,2),(4,2,2),
110:(2,7,6),(3,7,6),(4,7,6),(5,7,6),(5,7,7),(5,6,7),(5,5,7),(5,4,7),(5,3,7),(6,3,7),(6,2,7),(6,1,7),
111:(6,4,6),(6,4,6),(7,4,6),(8,4,6),(8,5,6),(8,6,6),(8,6,6),(8,7,6),(8,8,6),
112:(5,1,5),(4,1,5),(3,1,5),(2,1,5),(2,1,4),(2,1,3),(2,1,2),(1,1,2),(0,1,2),(0,1,1),(0,0,1),(0,0,0),
113:(2,0,2),(2,0,1),(1,0,1),
114:(1,3,6),(2,3,6),(3,3,6),(3,4,6),(3,4,5),(4,4,5),
115:(8,5,3),(7,5,3),(6,5,3),(6,5,2),(6,6,2),(5,6,2),(5,7,2),(4,7,2),(3,7,2),(2,7,2),
116:(2,8,1),(2,8,0),(2,7,0),(2,6,0),(2,5,0),(2,4,0),(3,4,0),(3,3,0),(4,3,0),(5,3,0),(5,2,0),(5,1,0),(5,0,0),(6,0,0),
117:(1,7,7),(2,7,7),(2,7,6),(2,7,5),(2,6,5),(3,6,5),(3,6,4),(3,6,3),(3,6,2),(4,6,2),(4,5,2),(5,5,2),(6,5,2),(6,5,1),(6,4,1),(6,3,1),
118:(0,8,7),(1,8,7),(1,8,6),(1,8,5),(1,8,4),(1,8,3),(1,8,2),(1,7,2),(2,7,2),(2,6,2),(3,6,2),(4,6,2),
119:(4,6,8),(5,6,8),(5,6,8),(5,5,8),(5,5,7),(5,5,6),(5,5,5),(5,4,5),(5,3,5),(5,3,4),(5,2,4),
120:(2,5,8),(3,5,8),(4,5,8),(4,6,8),(5,6,8),(6,6,8),(7,6,8),(8,6,8),(8,6,7),(8,6,6),(8,6,5),(8,6,4),(8,6,3),(8,6,2),(8,7,2),(8,8,2),(8,8,1),
121:(5,2,8),(4,2,8),(3,2,8),(3,3,8),(3,4,8),(3,5,8),
122:(5,3,3),(4,3,3),(4,3,2),(3,3,2),(3,3,1),(3,3,0),(3,2,0),(3,1,0),
123:(7,2,2),(8,2,2),(8,2,3),(8,2,4),(8,2,5),
124:(7,6,2),(7,6,3),(7,6,4),(7,6,5),(7,7,5),(7,7,5),(7,7,6),(7,7,7),(6,7,7),(5,7,7),(5,7,8),
125:(4,7,3),(5,7,3),(6,7,3),(6,6,3),(6,5,3),(6,5,2),(6,5,1),(6,4,1),(6,3,1),(6,2,1),(6,2,0),(6,1,0),
126:(3,0,4),(2,0,4),(2,0,5),(2,0,6),(2,0,7),(2,0,7),(2,0,8),(2,0,8),(1,0,8),
127:(8,7,7),(7,7,7),(7,7,6),(7,7,5),(7,7,4),(7,6,4),
128:(0,4,7),(0,3,7),(0,3,6),(0,3,5),(0,3,4),(0,3,3),(1,3,3),(2,3,3),(3,3,3),(4,3,3),(5,3,3),(6,3,3),(7,3,3),(7,3,2),(8,3,2),(8,2,2),
129:(5,4,0),(5,4,1),(5,5,1),(5,5,2),(5,6,2),(5,7,2),(5,8,2),(5,8,3),
130:(6,6,4),(7,6,4),(7,5,4),(7,5,3),(7,5,2),(7,5,1),(7,4,1),(7,3,1),
131:(7,0,2),(6,0,2),(6,1,2),(6,1,3),(6,1,4),(6,1,5),(6,2,5),(6,2,6),(5,2,6),(4,2,6),(3,2,6),(3,2,7),(3,2,8),(3,3,8),
132:(3,1,7),(3,2,7),(3,3,7),(3,3,7),(3,3,6),(3,3,5),
133:(7,5,8),(8,5,8),(8,5,7),(8,5,6),(8,5,5),(8,5,4),(8,5,3),(8,5,2),(8,5,1),(8,5,0),(8,6,0),(8,7,0),
134:(5,3,5),(4,3,5),(3,3,5),(3,2,5),(3,2,4),
135:(3,3,5),(3,3,5),(3,4,5),(3,5,5),(3,5,4),(3,5,3),(3,6,3),(3,6,2),(2,6,2),(2,6,1),(2,6,0),(2,7,0),
136:(3,8,2),(2,8,2),(2,8,3),(2,8,4),(2,7,4),(2,7,5),(2,7,6),(2,7,7),(2,7,8),(2,6,8),
137:(5,0,7),(4,0,7),(3,0,7),(3,0,6),(3,0,5),(3,0,4),(3,0,3),(3,0,2),(3,0,1),(3,1,1),(3,2,1),(3,2,0),(3,3,0),
138:(8,5,6),(8,5,7),(8,4,7),(8,3,7),(8,2,7),
139:(5,4,2),(5,3,2),(5,3,3),(5,3,4),(5,2,4),(5,1,4),
140:(5,7,1),(5,8,1),
141:(0,5,1),(1,5,1),(1,5,2),(1,5,3),(1,5,4),(1,5,5),(1,4,5),(1,4,6),(1,4,7),(1,4,8),(2,4,8),(3,4,8),
142:(5,0,2),(4,0,2),(4,0,1),(3,0,1),(2,0,1),(2,0,2),(1,0,2),
143:(0,7,1),(0,7,2),(1,7,2),(2,7,2),(2,7,3),(2,7,4),
144:(2,2,1),(3,2,1),(4,2,1),(5,2,1),(6,2,1),(6,2,2),(6,2,3),(6,3,3),(6,3,4),(6,3,5),(6,3,6),(6,3,7),(7,3,7),(7,4,7),(7,4,8),(6,4,8),
145:(3,2,5),(4,2,5),(5,2,5),(5,2,4),(5,2,3),(5,3,3),(5,4,3),(5,5,3),(5,6,3),
146:(2,0,4),(2,0,5),(2,0,6),(2,1,6),(2,1,6),(2,2,6),(2,3,6),(2,4,6),
147:(0,8,3),(1,8,3),(1,8,4),(1,7,4),(1,7,5),(1,6,5),(1,5,5),(1,4,5),(1,4,6),(1,4,7),(1,3,7),(2,3,7),(2,2,7),(2,1,7),(2,0,7),
148:(0,5,6),(1,5,6),(2,5,6),(2,5,5),(3,5,5),(4,5,5),(4,5,6),(5,5,6),(6,5,6),(7,5,6),
149:(1,5,2),(2,5,2),(3,5,2),(3,5,3),(3,6,3),(4,6,3),(5,6,3),(5,6,4),(5,6,5),(6,6,5),(6,6,6),(6,6,7),(6,6,8),
150:(8,8,4),(7,8,4),(6,8,4),(5,8,4),(5,8,3),(5,7,3),
151:(1,8,0),(1,8,1),(1,7,1),(1,6,1),(1,5,1),(1,5,2),
152:(8,1,4),(8,1,5),(8,2,5),(8,3,5),(8,4,5),(7,4,5),(7,5,5),(7,5,6),(7,5,5),(6,5,5),
153:(8,2,1),(7,2,1),(7,1,1),(6,1,1),(5,1,1),(4,1,1),(3,1,1),(2,1,1),(1,1,1),(1,1,0),
154:(0,0,2),(1,0,2),(2,0,2),(2,1,2),(2,1,1),(2,1,0),(2,2,0),(2,3,0),(2,4,0),(2,5,0),(2,5,0),(2,6,0),
155:(5,1,2),(4,1,2),(3,1,2),(3,2,2),(3,3,2),(3,4,2),
156:(2,5,1),(3,5,1),(3,4,1),(4,4,1),(5,4,1),(6,4,1),(6,4,2),(6,4,3),(6,3,3),(6,3,3),(6,3,3),(6,3,4),(6,3,5),(6,3,6),(6,3,7),(6,2,7),
157:(8,7,5),(7,7,5),(6,7,5),(5,7,5),(4,7,5),(4,7,4),(3,7,4),(3,6,4),(2,6,4),(1,6,4),(1,6,3),(1,5,3),(1,4,3),(1,3,3),(1,2,3),(0,2,3),(0,1,3),(0,0,3),
158:(4,3,4),(4,2,4),(4,2,5),(4,2,5),(3,2,5),
159:(7,4,1),(7,4,0),(6,4,0),(6,4,-1),(5,4,-1),(4,4,-1),(4,4,0),
160:(8,2,7),(7,2,7),(6,2,7),(5,2,7),(4,2,7),(3,2,7),(2,2,7),(2,2,6),(2,2,5),(2,3,5),(2,4,5),
161:(0,0,5),(0,0,4),(0,1,4),(0,1,3),(0,2,3),(0,2,2),(0,2,1),(0,3,1),(1,3,1),
162:(4,8,5),(4,8,4),(3,8,4),(3,8,3),(2,8,3),(2,8,2),(2,8,1),(2,7,1),(2,6,1),(1,6,1),(1,5,1),(0,5,1),(0,4,1),(0,3,1),(0,2,1),(0,1,1),
163:(1,5,7),(2,5,7),(2,5,7),(2,5,6),(2,5,5),(3,5,5),(3,5,4),(4,5,4),(5,5,4),(5,5,3),(5,5,2),(5,4,2),(6,4,2),(7,4,2),
164:(7,0,3),(8,0,3),(8,0,2),(8,0,1),(8,1,1),(8,2,1),(8,3,1),
165:(5,3,0),(6,3,0),(6,3,1),(6,3,2),(6,3,3),(6,3,4),(6,4,4),
166:(2,7,8),(2,7,8),(2,7,7),(2,7,6),(2,7,5),(2,8,5),(2,8,4),
167:(1,4,3),(2,4,3),(2,4,4),(2,4,5),(2,4,6),(2,4,6),(2,4,6),(2,4,7),(2,4,8),(3,4,8),(4,4,8),(5,4,8),
168:(8,4,1),(8,4,2),(7,4,2),(7,3,2),(7,3,3),(7,2,3),(7,2,3),(6,2,3),
169:(7,3,8),(6,3,8),(5,3,8),(4,3,8),(3,3,8),(2,3,8),(1,3,8),(1,4,8),(1,5,8),(1,5,7),(1,6,7),(1,6,6),(1,7,6),(0,7,6),
170:(1,5,8),(2,5,8),(3,5,8),(4,5,8),(5,5,8),(6,5,8),(7,5,8),(8,5,8),(8,5,7),(8,5,6),(8,4,6),(8,3,6),(8,2,6),(8,1,6),(8,1,5),(8,1,4),(8,1,3),(8,0,3),(8,0,2),
171:(3,8,3),(2,8,3),(1,8,3),(0,8,3),(0,7,3),(0,6,3),(0,6,4),(0,5,4),(0,4,4),(0,3,4),(0,2,4),
172:(7,3,4),(6,3,4),(5,3,4),(4,3,4),(4,3,3),(4,3,2),(3,3,2),(3,3,1),(3,3,0),(3,4,0),
173:(4,2,0),(3,2,0),(2,2,0),(2,1,0),(2,0,0),(2,0,1),
174:(8,6,0),(8,6,1),(8,6,2),(8,6,3),(8,5,3),(8,5,3),(7,5,3),(7,5,4),(7,5,4),(7,5,5),
175:(8,4,4),(7,4,4),(6,4,4),(6,4,3),(5,4,3),(5,4,2),(5,3,2),(5,3,1),(4,3,1),(3,3,1),(2,3,1),
176:(3,6,1),(3,6,2),(3,6,3),(3,6,4),(3,6,5),(4,6,5),(5,6,5),(5,5,5),(5,4,5),(5,4,6),(5,3,6),(5,2,6),(5,1,6),(5,1,7),
177:(3,4,8),(2,4,8),(1,4,8),(0,4,8),(0,4,7),(0,4,6),(0,5,6),(0,5,5),(0,5,4),
178:(8,4,7),(7,4,7),(6,4,7),(5,4,7),(4,4,7),(4,4,6),(4,3,6),(4,2,6),(4,2,5),(4,1,5),(4,1,4),(4,1,3),(4,1,2),
179:(0,6,1),(1,6,1),(2,6,1),(2,6,2),(3,6,2),(4,6,2),(4,6,3),(5,6,3),(5,6,4),(5,6,5),(6,6,5),(6,6,6),(6,6,7),(6,7,7),
180:(7,1,4),(7,1,5),(6,1,5),(5,1,5),(4,1,5),(4,0,5),(3,0,5),(2,0,5),
181:(0,4,2),(0,4,3),(0,4,4),(0,4,5),(0,4,6),(0,5,6),(-1,5,6),(-1,5,7),(-1,5,8),(0,5,8),
182:(2,1,5),(2,2,5),(2,3,5),(2,3,5),(2,3,6),(2,3,7),(2,4,7),(2,5,7),
183:(2,5,5),(1,5,5),(0,5,5),(0,5,4),(0,4,4),(0,3,4),(0,2,4),(0,1,4),(0,0,4),
184:(2,8,6),(1,8,6),(1,7,6),(1,6,6),(1,5,6),(1,4,6),(1,3,6),(1,2,6),(0,2,6),(0,2,5),(0,1,5),
185:(1,8,3),(1,8,4),(2,8,4),(3,8,4),(4,8,4),(4,8,5),
186:(7,2,6),(6,2,6),(6,2,5),(6,2,4),(6,2,3),(5,2,3),(5,3,3),(5,4,3),(5,5,3),(5,5,2),(5,6,2),(5,6,1),(5,6,0),(4,6,0),(4,7,0),
187:(1,5,3),(1,5,4),(1,5,5),(1,5,5),(1,5,5),(0,5,5),(0,5,5),(1,5,5),
188:(7,0,4),(7,0,3),(7,0,2),(7,1,2),(7,2,2),(7,3,2),(6,3,2),(6,4,2),(6,5,2),(6,6,2),(6,6,2),(5,6,2),(5,7,2),(4,7,2),(4,7,1),(4,8,1),
189:(5,6,6),(5,7,6),(5,7,6),(5,8,6),(5,8,6),(5,8,6),(5,7,6),
190:(2,6,0),(3,6,0),(3,6,1),(4,6,1),(4,6,2),(4,7,2),(4,7,3),(4,7,4),(5,7,4),(6,7,4),(6,7,5),
191:(6,6,8),(6,6,7),(7,6,7),(7,6,6),(7,7,6),(7,8,6),
192:(0,4,4),(1,4,4),(1,4,3),(2,4,3),(2,4,2),(2,4,1),(3,4,1),(4,4,1),(5,4,1),(5,3,1),(5,3,0),(5,2,0),
193:(6,5,2),(6,4,2),(6,3,2),(6,2,2),(6,1,2),(7,1,2),(7,1,3),(7,1,4),(7,1,5),(7,0,5),(7,0,5),(8,0,5),
194:(3,1,2),(3,1,3),(3,1,4),(3,1,5),(3,1,6),(4,1,6),
195:(8,6,4),(8,6,5),(7,6,5),(7,5,5),(7,5,6),(7,5,7),(7,4,7),(7,3,7),(6,3,7),(6,2,7),(6,1,7),(6,0,7),
196:(5,3,6),(5,3,7),(5,4,7),(4,4,7),(3,4,7),(2,4,7),(1,4,7),(0,4,7),(0,3,7),
197:(1,4,4),(1,3,4),(1,2,4),(1,1,4),(0,1,4),(0,1,5),(0,0,5),
198:(6,8,2),(6,7,2),(6,6,2),(5,6,2),(5,6,1),(5,5,1),(5,5,2),(5,4,2),(5,4,3),(4,4,3),(4,3,3),(4,2,3),(4,1,3),(3,1,3),
199:(2,2,0),(2,3,0),(3,3,0),(4,3,0),(5,3,0),(6,3,0),(7,3,0),(8,3,0),(8,4,0),(8,4,1),(8,4,2),(8,4,3),(8,4,4),(8,4,5),(8,4,6),(8,4,7),
200:(0,4,0),(0,5,0),(1,5,0),(2,5,0),(3,5,0),
201:(2,2,7),(2,3,7),(1,3,7),(0,3,7),(0,3,6),(0,3,5),(0,3,4),(0,3,3),(0,3,2),
202:(0,0,4),(0,1,4),(0,1,5),(0,2,5),(0,3,5),(0,4,5),
203:(4,5,0),(4,5,1),(4,5,2),(4,5,3),(5,5,3),(6,5,3),(6,5,3),(7,5,3),(7,5,3),(7,5,4),
204:(7,8,4),(6,8,4),(6,7,4),(6,6,4),(6,5,4),(6,5,5),(6,4,5),(6,3,5),(6,2,5),(5,2,5),(4,2,5),(4,1,5),(3,1,5),(2,1,5),(1,1,5),
205:(6,7,7),(6,7,8),(6,8,8),(5,8,8),(4,8,8),
206:(4,0,3),(4,1,3),(4,1,2),(4,1,1),(4,1,0),(5,1,0),(5,1,0),(6,1,0),(7,1,0),
207:(3,4,6),(4,4,6),(5,4,6),(6,4,6),(7,4,6),(8,4,6),(8,4,5),(8,4,4),(8,4,3),(8,4,2),(8,5,2),(8,5,1),(8,6,1),(8,7,1),
208:(6,2,3),(5,2,3),(4,2,3),(4,2,2),(5,2,2),(4,2,2),(3,2,2),(3,1,2),(3,0,2),
209:(0,4,5),(1,4,5),(2,4,5),(3,4,5),(4,4,5),(5,4,5),(5,4,6),(4,4,6),(5,4,6),(5,4,7),(5,5,7),(6,5,7),(6,5,6),
210:(6,2,0),(5,2,0),(4,2,0),(3,2,0),(2,2,0),(1,2,0),(0,2,0),(0,3,0),(0,4,0),(0,5,0),
211:(6,1,0),(5,1,0),(4,1,0),(3,1,0),(2,1,0),(1,1,0),(1,2,0),(1,3,0),(1,4,0),(1,5,0),(1,6,0),(1,6,1),(1,6,2),(1,6,3),(1,7,3),(1,7,4),(1,7,5),(1,7,6),(1,7,7),(1,8,7),(0,8,7),
212:(6,6,5),(6,6,4),(6,6,3),(6,6,2),(6,6,1),(6,6,0),(6,5,0),(6,4,0),(6,4,0),(7,4,0),(7,3,0),
213:(0,7,8),(1,7,8),(2,7,8),(3,7,8),(4,7,8),(5,7,8),(5,7,7),(5,6,7),(5,6,6),(5,5,6),(5,4,6),(5,4,5),(6,4,5),(7,4,5),(7,3,5),(7,2,5),(7,1,5),
214:(8,4,5),(8,4,4),(8,4,3),(8,3,3),(8,2,3),(8,1,3),(8,1,2),
215:(7,6,1),(7,6,2),(7,6,3),(7,6,4),(7,6,5),(7,6,6),(6,6,6),(6,6,7),(6,6,8),(6,5,8),(5,5,8),(4,5,8),(4,4,8),(4,3,8),(4,2,8),(4,1,8),(4,0,8),
216:(7,4,8),(6,4,8),(6,5,8),(6,6,8),(6,7,8),(6,7,7),(6,8,7),(5,8,7),(5,8,6),(4,8,6),(3,8,6),(2,8,6),(1,8,6),(1,8,5),(0,8,5),
217:(7,7,1),(7,7,2),(8,7,2),(8,7,3),(8,7,4),(8,7,5),(8,6,5),(8,6,6),(8,5,6),(8,4,6),(8,3,6),(8,2,6),(8,1,6),(8,1,7),(8,0,7),
218:(1,7,4),(2,7,4),(2,6,4),(2,5,4),(2,4,4),(2,4,5),(2,3,5),(2,2,5),(2,1,5),(3,1,5),(4,1,5),(4,0,5),(4,0,6),(5,0,6),(5,0,7),(5,0,8),
219:(1,6,4),(2,6,4),(2,6,5),(2,6,6),(2,6,7),(3,6,7),(4,6,7),
220:(5,8,0),(5,7,0),(4,7,0),(4,7,1),(4,7,2),(4,7,3),(4,7,4),(3,7,4),(3,6,4),(3,5,4),(3,4,4),
221:(0,5,0),(1,5,0),(2,5,0),(2,5,1),(2,5,2),(2,5,3),(2,5,4),(2,5,5),(2,5,6),(2,6,6),(2,6,7),(2,7,7),
222:(0,1,6),(0,0,6),
223:(8,6,5),(7,6,5),(6,6,5),(5,6,5),(5,7,5),(5,7,4),(5,8,4),(4,8,4),(4,8,3),(4,8,2),(4,8,1),(3,8,1),(3,8,0),
224:(7,6,7),(7,6,6),(7,5,6),(6,5,6),(6,4,6),(6,5,6),(5,5,6),(6,5,6),(6,4,6),
225:(3,0,8),(4,0,8),(4,1,8),(5,1,8),(6,1,8),(6,2,8),(6,3,8),
226:(6,0,6),(5,0,6),(4,0,6),(4,0,5),(4,0,4),(4,0,3),(4,0,2),(4,1,2),(3,1,2),(2,1,2),(2,1,1),(2,1,0),(2,2,0),(1,2,0),(1,3,0),
227:(0,0,1),(1,0,1),(1,0,2),(2,0,2),(3,0,2),(4,0,2),(4,1,2),(4,2,2),(4,3,2),(4,4,2),(4,4,3),(4,4,4),(4,5,4),
228:(4,7,0),(4,7,1),(5,7,1),(5,7,2),(5,8,2),(5,8,2),(5,8,3),(5,8,4),(5,8,5),(5,8,6),(6,8,6),(6,8,7),(6,8,8),
229:(2,6,3),(1,6,3),(0,6,3),(0,6,2),(0,7,2),(0,8,2),
230:(8,2,2),(8,2,3),(7,2,3),(6,2,3),(6,1,3),(5,1,3),(4,1,3),(4,1,4),(3,1,4),(2,1,4),(2,1,5),(2,1,6),(2,1,7),(1,1,7),(1,1,8),
231:(3,6,7),(3,6,6),(4,6,6),(4,6,6),(4,5,6),(3,5,6),(3,5,5),(4,5,5),(4,5,4),(5,5,4),(6,5,4),
232:(2,7,0),(3,7,0),(3,7,1),(3,7,2),(3,7,3),(3,7,4),(3,8,4),
233:(4,1,6),(4,2,6),(4,3,6),(3,3,6),(3,4,6),(3,4,6),(4,4,6),(3,4,6),
234:(2,8,4),(3,8,4),(3,7,4),(4,7,4),(5,7,4),(6,7,4),(7,7,4),(8,7,4),(8,7,3),(8,7,2),(8,7,1),(8,6,1),(8,6,0),(8,5,0),(8,4,0),(8,3,0),(8,2,0),
235:(1,0,4),(1,1,4),(2,1,4),(3,1,4),(4,1,4),(4,2,4),(5,2,4),(5,3,4),(5,3,4),(6,3,4),(7,3,4),(7,3,5),(8,3,5),(8,3,6),
236:(6,7,6),(6,6,6),(5,6,6),(5,5,6),(5,4,6),(5,3,6),(5,3,5),(5,2,5),(5,2,4),(5,2,3),(5,2,2),(5,2,1),(4,2,1),(3,2,1),(3,2,2),
237:(6,5,4),(6,4,4),(6,4,3),(5,4,3),(4,4,3),(3,4,3),(3,3,3),(3,2,3),
238:(3,4,1),(2,4,1),(1,4,1),(0,4,1),(0,3,1),(0,2,1),(0,1,1),(0,1,0),
239:(1,4,5),(1,3,5),(1,3,4),(1,3,3),(1,3,2),(2,3,2),(2,3,1),(2,4,1),(3,4,1),(4,4,1),(5,4,1),(6,4,1),(7,4,1),(8,4,1),(8,5,1),(8,5,0),(8,6,0),
240:(4,7,1),(4,7,2),(5,7,2),(6,7,2),(7,7,2),(8,7,2),(8,7,3),(8,6,3),(8,5,3),(8,5,3),(8,5,4),
241:(6,6,7),(6,5,7),(6,5,7),(5,5,7),(4,5,7),(4,5,8),(4,4,8),(4,3,8),(3,3,8),(2,3,8),(1,3,8),(1,2,8),
242:(8,2,8),(8,2,7),(8,2,6),(8,2,5),(8,3,5),(8,3,4),(7,3,4),(7,3,3),(7,3,2),(7,3,2),(6,3,2),(5,3,2),(4,3,2),(3,3,2),(2,3,2),(2,4,2),(2,4,1),(2,4,0),
