soc=2324
lb_soc=1460
makespan=20
lb_makespan=13
comp_time=8042
highLevelExpanded=49
lowLevelExpanded=20228
solution=
0:(0,7,7),(0,8,7),
1:(6,8,6),(5,8,6),(4,8,6),(4,8,7),(4,7,7),(4,6,7),(4,5,7),(4,4,7),(4,3,7),(4,2,7),(4,1,7),
2:(7,2,6),(7,3,6),(7,3,5),(7,3,4),(7,3,3),(7,4,3),(7,5,3),(7,6,3),
3:(0,3,1),(1,3,1),(2,3,1),(3,3,1),(4,3,1),(5,3,1),(5,4,1),(5,5,1),(5,5,2),(5,5,3),(6,5,3),(6,6,3),(6,6,4),(7,6,4),(7,6,5),(7,6,6),(7,7,6),
4:(0,4,6),(1,4,6),(2,4,6),(3,4,6),(4,4,6),(5,4,6),(5,4,5),(5,3,5),
5:(2,7,6),(1,7,6),(1,7,7),(1,6,7),(1,5,7),(1,4,7),(1,3,7),(1,2,7),(1,1,7),(1,0,7),
6:(0,1,7),(0,1,6),(0,1,5),(0,1,4),(0,1,3),(0,1,2),(0,1,1),(0,2,1),(0,3,1),(0,4,1),(0,5,1),
7:(0,6,0),(1,6,0),(2,6,0),(3,6,0),(4,6,0),(5,6,0),(6,6,0),(7,6,0),(7,6,1),(7,7,1),
8:(1,1,2),(2,1,2),(2,1,3),(2,1,4),(2,1,5),(2,2,5),(2,3,5),(2,3,6),(2,4,6),(2,5,6),(3,5,6),(4,5,6),(5,5,6),(5,6,6),
9:(1,6,6),(1,6,6),(1,5,6),(1,5,5),(1,5,4),(1,5,3),(1,4,3),(1,3,3),(1,3,2),(1,3,2),(2,3,2),(2,2,2),(3,2,2),(4,2,2),(4,1,2),(4,0,2),
10:(3,6,2),(2,6,2),(1,6,2),(1,6,3),(1,6,4),(1,6,5),(1,6,6),(1,6,7),(1,5,7),
11:(0,7,8),(0,7,7),(0,7,6),(0,6,6),(0,5,6),(0,5,5),(0,5,4),(0,5,3),(0,5,2),(1,5,2),(1,5,1),(2,5,1),(2,4,1),(2,4,0),(2,3,0),
12:(8,3,3),(7,3,3),(6,3,3),(5,3,3),(4,3,3),(3,3,3),(3,3,4),(3,3,5),(3,3,6),(3,3,7),(3,3,8),(3,4,8),
13:(2,8,3),(3,8,3),(4,8,3),(5,8,3),(5,8,4),(5,8,5),(5,8,6),
14:(5,1,2),(6,1,2),(7,1,2),(7,1,3),(7,1,4),(7,1,5),(7,1,6),(7,2,6),(7,3,6),(7,4,6),(7,5,6),(7,6,6),(7,7,6),(7,8,6),
15:(8,0,7),(7,0,7),(6,0,7),(6,0,6),(6,0,5),(6,0,4),(6,0,3),(6,0,2),(6,0,1),(6,0,0),(6,1,0),
16:(6,1,0),(5,1,0),(4,1,0),(3,1,0),(2,1,0),(1,1,0),(0,1,0),(0,2,0),(0,3,0),(0,4,0),
17:(4,7,1),(3,7,1),(2,7,1),(2,7,2),(2,8,2),
18:(4,0,7),(5,0,7),(5,0,6),(5,0,5),(5,0,5),(6,0,5),(7,0,5),
19:(4,4,7),(5,4,7),(6,4,7),(6,4,6),(6,4,5),(6,4,4),(6,5,4),
20:(3,7,4),(2,7,4),(1,7,4),(0,7,4),(0,7,5),(0,7,6),(0,7,7),(0,6,7),
21:(7,0,5),(7,0,6),(7,0,7),(7,1,7),(7,2,7),(7,3,7),(7,3,8),(7,4,8),(7,5,8),(8,5,8),
22:(1,6,7),(2,6,7),(3,6,7),(4,6,7),(5,6,7),(6,6,7),(7,6,7),(8,6,7),(8,6,6),(8,6,5),(8,6,4),(8,5,4),(8,5,3),(8,5,2),(8,6,2),(8,6,1),
23:(0,7,3),(1,7,3),(2,7,3),(3,7,3),(4,7,3),(5,7,3),(5,7,2),(5,7,1),(5,7,0),(5,6,0),
24:(5,3,1),(5,3,2),(5,3,3),(5,3,4),(5,3,5),(5,4,5),(5,5,5),(5,6,5),(5,7,5),
25:(0,0,5),(1,0,5),(2,0,5),(3,0,5),(3,0,4),(3,0,3),(3,0,2),(3,0,1),(3,1,1),(3,2,1),(3,3,1),(3,3,0),(3,4,0),(3,5,0),(4,5,0),
26:(8,6,0),(7,6,0),(6,6,0),(5,6,0),(5,6,1),(4,6,1),(3,6,1),(2,6,1),
27:(4,7,6),(4,7,5),(4,7,4),(4,7,3),(4,7,2),(4,6,2),(4,5,2),
28:(0,1,4),(1,1,4),(1,1,3),
29:(1,0,6),(2,0,6),(3,0,6),(4,0,6),(5,0,6),(6,0,6),(7,0,6),(8,0,6),(8,0,5),(8,0,4),(8,0,3),(8,1,3),(8,2,3),
30:(7,6,0),(6,6,0),(5,6,0),(4,6,0),(4,6,1),(3,6,1),(2,6,1),(1,6,1),(0,6,1),(0,6,2),(0,5,2),(0,5,3),(0,4,3),(0,3,3),(0,2,3),(0,1,3),(0,0,3),
31:(6,4,2),(5,4,2),(4,4,2),(3,4,2),(2,4,2),(2,5,2),(2,6,2),(2,7,2),(2,7,1),(2,8,1),
32:(6,2,6),(5,2,6),(4,2,6),(3,2,6),(2,2,6),(2,2,7),(2,3,7),(2,4,7),
33:(1,2,6),(2,2,6),(3,2,6),(3,2,7),(4,2,7),(5,2,7),(5,2,6),
34:(6,3,8),(5,3,8),(4,3,8),(3,3,8),(2,3,8),(1,3,8),(0,3,8),(0,3,7),(0,2,7),(0,1,7),
35:(3,3,5),(4,3,5),(5,3,5),(6,3,5),(7,3,5),(7,3,4),(7,3,3),(7,3,2),(7,4,2),(7,5,2),(7,6,2),
36:(2,1,2),(3,1,2),(4,1,2),(5,1,2),(5,0,2),(5,0,2),(5,0,3),(5,0,4),(5,0,5),(5,0,6),(6,0,6),(6,0,7),(6,0,8),
37:(4,3,6),(5,3,6),(6,3,6),(6,2,6),(6,1,6),(6,1,6),(6,0,6),(7,0,6),
38:(3,6,4),(4,6,4),(5,6,4),(5,6,5),(5,6,6),(5,6,7),
39:(5,1,3),(4,1,3),(3,1,3),(2,1,3),(2,1,2),(1,1,2),(1,1,1),(1,1,0),(1,2,0),(1,3,0),(1,4,0),(1,5,0),(1,6,0),
40:(2,4,4),(3,4,4),(3,3,4),(3,2,4),
41:(1,1,3),(2,1,3),(2,1,4),(2,2,4),(2,3,4),(3,3,4),(3,4,4),(3,5,4),(3,6,4),(3,7,4),
42:(6,1,6),(5,1,6),(4,1,6),(3,1,6),(3,2,6),(3,3,6),(3,4,6),
43:(0,7,4),(1,7,4),(1,7,5),(2,7,5),(3,7,5),(4,7,5),(5,7,5),(6,7,5),(7,7,5),(8,7,5),
44:(8,0,0),(7,0,0),(6,0,0),(6,0,1),(6,0,2),(6,0,3),(6,1,3),(6,1,4),(6,2,4),(6,2,5),(6,3,5),(6,4,5),(5,4,5),(5,5,5),(5,6,5),(4,6,5),(4,7,5),(4,8,5),(3,8,5),(2,8,5),(2,7,5),
45:(5,5,2),(6,5,2),(7,5,2),(8,5,2),(8,5,3),(8,5,4),(8,5,5),(8,5,6),(8,5,7),(8,4,7),(8,3,7),(8,2,7),
46:(3,3,7),(2,3,7),(2,3,6),(2,3,5),(2,4,5),(2,4,4),(2,4,3),(2,4,2),(2,5,2),(2,6,2),(2,7,2),(2,7,1),(2,7,0),(2,8,0),
47:(7,0,4),(8,0,4),(8,0,3),(8,0,2),(8,0,1),(8,1,1),(8,2,1),(8,3,1),(8,4,1),(8,5,1),
48:(5,4,7),(6,4,7),(6,3,7),(6,2,7),(6,1,7),(6,1,7),(6,1,6),
49:(8,5,5),(7,5,5),(6,5,5),(5,5,5),(4,5,5),(3,5,5),(2,5,5),(1,5,5),(1,5,6),(1,6,6),(1,6,7),(1,7,7),(1,8,7),
50:(1,6,3),(1,6,2),(1,5,2),(1,4,2),(1,3,2),(1,2,2),(1,1,2),(1,0,2),
51:(2,1,1),(2,2,1),(2,2,2),(2,2,3),(2,3,3),(2,4,3),(2,5,3),(2,6,3),(3,6,3),(3,6,4),(3,6,5),(3,7,5),
52:(7,5,6),(7,5,7),(7,5,8),(7,4,8),(7,3,8),(7,2,8),
53:(1,4,6),(2,4,6),(3,4,6),(4,4,6),(5,4,6),(6,4,6),(6,4,7),
54:(7,2,4),(7,2,5),
55:(8,4,7),(7,4,7),(7,4,6),(7,4,5),(7,5,5),(7,6,5),(7,7,5),(7,8,5),(6,8,5),
56:(7,3,1),(6,3,1),(5,3,1),(4,3,1),(4,3,2),(3,3,2),(2,3,2),(2,3,3),(2,3,4),(2,3,5),(2,3,6),(2,3,7),(2,2,7),(2,2,8),
57:(7,6,5),(6,6,5),(5,6,5),(5,6,6),(5,5,6),(5,5,7),(5,5,8),(5,4,8),(5,3,8),
58:(6,2,3),(5,2,3),(4,2,3),(4,2,4),(4,3,4),(4,4,4),(4,5,4),(4,6,4),
59:(7,0,2),(6,0,2),(6,1,2),(6,2,2),(5,2,2),(5,3,2),
60:(5,5,0),(4,5,0),(3,5,0),(2,5,0),(1,5,0),(1,5,1),(1,5,2),(1,5,3),(1,5,4),(1,5,5),(1,4,5),(1,3,5),(1,2,5),(1,1,5),(1,1,6),(1,0,6),
61:(7,8,2),
62:(3,7,2),(4,7,2),(5,7,2),(6,7,2),(7,7,2),(8,7,2),(8,7,1),(8,7,0),(8,6,0),
63:(4,1,1),(4,1,2),(4,1,3),(3,1,3),(2,1,3),(2,2,3),(2,3,3),(2,4,3),(2,5,3),
64:(2,2,3),(3,2,3),(3,2,3),(4,2,3),(5,2,3),(5,3,3),
65:(6,6,8),(7,6,8),(8,6,8),(8,6,7),(8,6,6),(8,6,5),(8,6,4),(8,6,3),(8,6,2),(8,6,1),(8,7,1),
66:(7,0,7),(6,0,7),(5,0,7),(4,0,7),(3,0,7),(2,0,7),(2,0,6),(2,1,6),(2,2,6),(2,3,6),(2,4,6),(2,5,6),
67:(4,6,7),(4,6,6),(4,6,5),(4,5,5),(4,4,5),(4,3,5),(4,2,5),(4,1,5),
68:(8,5,4),(7,5,4),(7,5,5),(7,5,6),(7,5,7),
69:(5,3,0),(4,3,0),(3,3,0),(3,2,0),(3,2,1),(3,2,2),(3,2,3),(3,1,3),(3,0,3),
70:(3,5,0),(2,5,0),(2,5,1),(2,4,1),(2,3,1),(2,3,2),(2,2,2),(2,2,3),(2,1,3),(2,1,3),(2,0,3),
71:(8,1,3),(7,1,3),(6,1,3),(5,1,3),(4,1,3),(3,1,3),(2,1,3),(2,1,4),(1,1,4),(1,1,5),(1,1,6),(1,1,7),(1,1,8),
72:(7,5,2),(7,5,3),(7,5,4),
73:(1,4,2),(2,4,2),(3,4,2),(3,4,1),(3,4,0),(3,3,0),(3,2,0),
74:(0,4,7),(1,4,7),(2,4,7),(2,4,6),(2,3,6),(2,2,6),(2,2,5),(2,2,4),(2,2,3),(3,2,3),(4,2,3),(4,2,3),(5,2,3),(6,2,3),(7,2,3),(7,2,3),(7,2,2),(8,2,2),
75:(3,7,8),(3,7,7),(3,7,6),(3,7,5),(3,7,4),(3,7,3),(3,7,2),(3,6,2),(3,5,2),(3,5,2),(2,5,2),
76:(0,5,3),(1,5,3),(2,5,3),(3,5,3),(4,5,3),(5,5,3),(6,5,3),(7,5,3),(8,5,3),(8,5,4),(8,5,5),(8,6,5),
77:(5,6,4),(5,6,4),(5,6,3),(4,6,3),(3,6,3),(2,6,3),(1,6,3),(1,6,3),(1,5,3),(1,4,3),(1,3,3),(1,2,3),(1,2,4),
78:(7,6,7),(8,6,7),(8,6,6),(8,6,5),(8,5,5),(8,4,5),(8,3,5),(8,2,5),
79:(6,0,2),(6,0,3),(7,0,3),(7,0,4),
80:(0,4,3),(1,4,3),(2,4,3),(3,4,3),(4,4,3),(5,4,3),(5,4,4),(5,4,5),(5,4,6),
81:(4,8,1),(5,8,1),(6,8,1),(7,8,1),(8,8,1),(8,8,2),(8,7,2),(8,6,2),(8,5,2),(8,4,2),(8,3,2),(8,3,3),
82:(4,0,2),(5,0,2),(6,0,2),(6,1,2),
83:(5,3,3),(5,3,4),(5,2,4),(5,1,4),(5,0,4),(5,0,4),(5,0,4),(6,0,4),
84:(1,3,8),(1,2,8),(2,2,8),(3,2,8),(4,2,8),(5,2,8),(6,2,8),(6,2,7),(6,2,6),
85:(0,0,3),(1,0,3),(2,0,3),(3,0,3),(4,0,3),(4,1,3),(4,2,3),(4,3,3),(4,3,4),(4,3,5),(4,3,6),(5,3,6),(5,3,7),(5,4,7),(5,4,8),(5,5,8),(5,6,8),
86:(5,8,2),(6,8,2),(6,8,3),(7,8,3),(7,8,4),(7,8,5),(7,8,6),(7,8,7),(7,8,8),(7,7,8),(7,6,8),
87:(8,7,7),(7,7,7),(7,7,6),(7,7,5),(7,7,4),(7,7,3),(7,6,3),(7,6,2),(6,6,2),(5,6,2),(5,5,2),(5,4,2),(4,4,2),
88:(4,5,2),(5,5,2),(6,5,2),(7,5,2),(8,5,2),(8,5,3),(8,5,4),(8,5,5),(8,5,6),(8,5,7),(8,6,7),(8,7,7),(8,8,7),
89:(1,6,1),(2,6,1),(3,6,1),(4,6,1),(4,6,2),(5,6,2),(6,6,2),(6,6,3),(6,7,3),(6,8,3),(6,8,4),
90:(2,1,8),(3,1,8),(4,1,8),(5,1,8),(6,1,8),(7,1,8),(7,1,7),(7,1,6),(7,1,5),(7,1,4),(7,1,3),(7,1,2),(7,2,2),(7,3,2),(7,3,1),
91:(4,0,4),(3,0,4),(3,0,3),(3,0,2),(3,0,1),(3,1,1),(3,2,1),(3,3,1),(3,3,0),(3,4,0),(3,5,0),(3,6,0),(3,7,0),(3,8,0),
92:(3,2,6),(4,2,6),(4,2,5),(5,2,5),(5,2,4),(5,2,3),(5,2,2),(5,2,1),(5,3,1),
93:(1,2,5),(2,2,5),(3,2,5),(3,3,5),(3,4,5),(3,4,6),(3,5,6),(3,6,6),(3,7,6),(3,8,6),(4,8,6),(4,8,6),(4,8,7),(5,8,7),(6,8,7),
94:(4,5,0),(3,5,0),(2,5,0),(2,5,1),(2,5,2),(2,5,3),(2,6,3),(2,6,4),
95:(0,0,1),(0,1,1),(0,1,2),(0,1,3),(0,2,3),(0,2,4),(0,3,4),(0,4,4),(0,5,4),(0,5,5),(0,5,6),(0,6,6),(1,6,6),(2,6,6),(2,6,7),(2,7,7),(2,8,7),
96:(8,2,4),(7,2,4),(6,2,4),(5,2,4),(4,2,4),(4,2,3),(4,2,2),(3,2,2),(2,2,2),(1,2,2),(1,2,1),(1,2,0),(1,3,0),(1,4,0),
97:(2,0,1),(2,0,2),(2,1,2),(2,2,2),(2,2,3),(2,2,4),(2,3,4),(2,4,4),
98:(7,0,8),(6,0,8),(5,0,8),(4,0,8),(3,0,8),(2,0,8),(2,0,7),(2,0,6),(2,1,6),(2,1,5),(2,1,4),(2,1,3),(2,1,2),(2,1,1),(1,1,1),(1,2,1),(1,2,0),
99:(4,7,2),(4,7,1),(4,6,1),(4,5,1),(4,4,1),(4,3,1),(4,2,1),(4,1,1),(4,1,1),(4,0,1),(4,0,1),(4,0,0),
100:(7,4,5),(6,4,5),(6,4,4),(6,4,3),(6,3,3),
101:(5,7,6),(5,7,7),(5,7,8),
102:(3,1,8),(3,1,7),(2,1,7),(1,1,7),(1,1,6),(1,1,5),(1,1,4),(1,2,4),(1,2,3),(1,3,3),(1,3,2),(1,3,1),(1,4,1),(1,5,1),
103:(4,1,4),(3,1,4),(3,1,5),(2,1,5),(1,1,5),(1,2,5),(1,2,6),(1,3,6),(1,3,7),(1,3,8),(1,4,8),(1,5,8),(1,6,8),
104:(5,2,7),(5,3,7),(5,3,6),(5,3,5),(5,4,5),(5,5,5),(5,6,5),(5,7,5),(5,7,4),(5,7,3),(5,7,2),(4,7,2),
105:(5,6,0),(5,6,1),(5,6,2),(5,6,3),(5,6,4),
106:(8,8,0),(7,8,0),(6,8,0),(6,8,1),(6,8,2),(6,8,3),(6,8,4),(6,7,4),
107:(0,6,4),(1,6,4),(2,6,4),(3,6,4),(4,6,4),(4,6,3),(5,6,3),(5,6,2),(5,7,2),(5,8,2),
108:(8,1,5),(7,1,5),(6,1,5),(5,1,5),(4,1,5),(3,1,5),(3,2,5),(3,2,6),(3,2,7),(2,2,7),(2,2,8),(2,3,8),
109:(4,6,4),(4,6,5),(4,5,5),(4,4,5),(4,3,5),(4,3,6),(4,2,6),(4,1,6),
110:(3,4,2),(3,4,1),(2,4,1),(2,4,0),(2,5,0),
111:(4,8,8),(5,8,8),(6,8,8),(7,8,8),(7,8,7),(7,8,6),(7,7,6),(7,7,5),(7,6,5),(7,5,5),(7,4,5),(7,4,4),(7,4,3),(7,4,2),(7,3,2),(7,2,2),(7,1,2),(7,0,2),(7,0,1),
112:(0,6,1),(1,6,1),(1,5,1),(1,5,2),(1,4,2),
113:(0,2,6),(1,2,6),(2,2,6),(2,2,5),(3,2,5),(4,2,5),(4,2,4),(4,2,3),(4,1,3),(5,1,3),(6,1,3),(6,0,3),
114:(3,5,1),(2,5,1),(2,5,2),(2,4,2),(2,3,2),(2,2,2),(2,1,2),(2,1,2),(2,1,1),(1,1,1),(1,1,0),
115:(2,1,3),(2,1,4),(1,1,4),(1,1,5),(0,1,5),
116:(8,7,8),(7,7,8),(6,7,8),(6,7,7),(5,7,7),(4,7,7),(4,7,6),(4,6,6),(4,5,6),(4,5,5),
117:(5,7,5),(5,7,5),(4,7,5),(4,6,5),(3,6,5),(3,6,5),(3,5,5),(2,5,5),
118:(2,4,1),(1,4,1),(1,3,1),(1,2,1),(1,1,1),(1,0,1),(1,0,2),(1,0,3),(1,0,4),
119:(7,1,2),(7,1,1),(6,1,1),(5,1,1),(4,1,1),(4,1,0),
120:(6,4,7),(6,4,6),(5,4,6),(5,4,5),(5,4,4),(5,5,4),(5,5,4),(4,5,4),(3,5,4),(3,5,3),(3,4,3),(2,4,3),(2,4,3),(1,4,3),(1,5,3),
121:(1,3,2),(2,3,2),(3,3,2),(4,3,2),(4,4,2),(4,4,1),(4,4,0),(4,5,0),(4,6,0),(4,7,0),(4,8,0),
122:(0,3,7),(1,3,7),(2,3,7),(3,3,7),(4,3,7),(4,4,7),(4,4,6),(4,4,5),(4,5,5),(4,6,5),(4,7,5),(4,7,4),(4,8,4),(4,8,3),(4,8,2),
123:(3,1,3),(3,0,3),(4,0,3),(4,0,2),(4,1,2),(4,2,2),(4,3,2),(4,4,2),(5,4,2),(6,4,2),
124:(2,5,4),(1,5,4),(1,5,3),(1,4,3),(1,3,3),(1,3,2),(1,3,1),(1,2,1),(1,1,1),(1,0,1),
125:(1,2,0),(1,2,1),(1,2,2),(1,2,3),(1,2,4),(1,3,4),(1,4,4),(1,5,4),(1,5,5),(1,5,6),(2,5,6),(3,5,6),(3,5,7),(3,6,7),
126:(6,5,2),(6,5,3),(6,5,4),(6,5,5),(6,5,6),(5,5,6),(4,5,6),(3,5,6),(3,5,7),(3,4,7),
127:(6,3,4),(6,4,4),(5,4,4),(4,4,4),(3,4,4),(3,4,5),(2,4,5),(1,4,5),(0,4,5),(0,4,6),(0,4,7),(0,4,8),(0,5,8),
128:(0,1,1),(0,1,2),(0,1,3),(0,2,3),(0,2,4),(0,2,5),(0,2,6),(0,1,6),
129:(1,7,1),(2,7,1),(2,7,2),(3,7,2),(3,7,3),(4,7,3),(5,7,3),(6,7,3),(7,7,3),(7,7,4),(7,7,5),(7,6,5),(7,5,5),(7,4,5),(7,3,5),(7,3,6),(7,3,7),(7,2,7),(7,1,7),(7,1,8),(7,0,8),
130:(2,6,7),(3,6,7),(3,7,7),(3,7,6),(3,7,6),(3,7,5),(3,7,4),(3,7,3),(3,7,3),(4,7,3),
131:(0,3,4),(1,3,4),(2,3,4),(3,3,4),(3,3,5),(3,2,5),(3,2,6),(4,2,6),(4,2,7),(5,2,7),(6,2,7),(7,2,7),(7,1,7),(7,0,7),
132:(6,0,4),(5,0,4),(4,0,4),(3,0,4),(2,0,4),(1,0,4),(0,0,4),(0,0,3),(0,0,2),(0,0,1),(0,1,1),(0,2,1),
133:(8,7,5),(7,7,5),(6,7,5),(5,7,5),(4,7,5),(4,7,6),(4,6,6),(4,6,7),(4,6,8),(4,5,8),(4,4,8),(4,3,8),(4,2,8),(4,1,8),(3,1,8),(3,0,8),
134:(4,1,6),(3,1,6),(2,1,6),(2,2,6),(2,2,5),(2,3,5),(3,3,5),(3,4,5),
135:(7,8,7),(6,8,7),(6,8,6),(6,7,6),(6,6,6),(5,6,6),(5,5,6),(4,5,6),(4,4,6),(4,4,5),(4,4,4),(4,3,4),(4,3,3),(4,3,2),
136:(1,5,2),(2,5,2),(3,5,2),(3,5,1),(3,6,1),(3,7,1),(4,7,1),(4,8,1),
137:(0,7,6),(0,7,5),(0,7,4),(0,7,3),(1,7,3),(2,7,3),(3,7,3),(4,7,3),(4,7,2),(4,7,1),(4,6,1),(4,5,1),(4,4,1),(4,3,1),(4,2,1),
138:(3,0,2),(4,0,2),(5,0,2),(6,0,2),(6,0,3),(6,1,3),(6,1,4),(6,1,5),(6,2,5),(6,3,5),(6,4,5),(6,5,5),(6,5,5),(6,5,5),(7,5,5),
139:(2,4,5),(2,4,4),(2,5,4),
140:(7,4,0),(6,4,0),(5,4,0),(4,4,0),(4,5,0),(3,5,0),(3,5,1),(3,5,2),(3,5,3),(3,6,3),
141:(3,0,4),(2,0,4),(3,0,4),(3,1,4),(4,1,4),(4,2,4),(5,2,4),(5,3,4),(5,4,4),
142:(0,0,8),(1,0,8),(2,0,8),(2,0,7),(2,0,6),(3,0,6),(4,0,6),(5,0,6),(6,0,6),(6,0,5),(6,1,5),
143:(7,2,2),(6,2,2),(5,2,2),(4,2,2),(4,2,1),(3,2,1),(2,2,1),(2,1,1),(2,0,1),(2,0,0),(1,0,0),(0,0,0),
144:(4,2,3),(4,2,2),(4,2,1),(5,2,1),(6,2,1),(6,2,0),
145:(4,4,3),(5,4,3),(6,4,3),(6,4,2),(6,4,1),(6,3,1),
146:(2,7,4),(2,7,3),(3,7,3),(3,7,4),(3,6,4),(3,6,3),(3,6,2),(3,6,1),(4,6,1),(5,6,1),(5,5,1),(5,5,0),(6,5,0),(7,5,0),
147:(3,5,3),(2,5,3),(2,6,3),(2,6,4),(2,6,5),
148:(2,6,0),(3,6,0),(4,6,0),(4,5,0),(5,5,0),(6,5,0),(7,5,0),(7,4,0),(7,3,0),(7,2,0),(7,1,0),(7,1,1),
149:(2,4,7),(3,4,7),(3,5,7),(3,5,6),(3,6,6),(3,7,6),(3,7,6),(4,7,6),
150:(6,8,1),(6,7,1),(5,7,1),(5,7,2),(5,6,2),(5,5,2),(5,5,3),(4,5,3),(4,5,4),(4,4,4),(4,3,4),(4,3,5),
151:(3,3,8),(4,3,8),(4,4,8),(5,4,8),(6,4,8),(7,4,8),(7,4,7),(8,4,7),(8,4,6),
152:(3,6,6),(3,6,5),(3,6,4),(3,6,3),(3,6,2),(3,6,2),(4,6,2),
153:(4,6,8),(3,6,8),(2,6,8),(1,6,8),(0,6,8),(0,6,7),(0,6,6),(0,6,5),(0,6,4),(0,6,3),
154:(7,8,4),(6,8,4),(5,8,4),(4,8,4),(4,8,5),(4,8,6),(4,8,7),(4,7,7),(4,6,7),(4,5,7),(4,4,7),(4,3,7),
155:(5,3,6),(5,4,6),(4,4,6),(4,5,6),(3,5,6),(2,5,6),(1,5,6),(1,6,6),(1,6,5),(1,7,5),(1,8,5),
156:(4,3,3),(3,3,3),(2,3,3),(1,3,3),(0,3,3),(0,3,4),(0,3,5),(0,3,6),(0,4,6),(0,5,6),(0,6,6),(0,7,6),
157:(0,1,5),(1,1,5),(2,1,5),(2,1,6),(3,1,6),(4,1,6),(4,1,7),(4,1,8),(4,0,8),
158:(4,8,5),(3,8,5),(2,8,5),(1,8,5),(1,8,4),(1,8,3),(1,8,2),(1,7,2),(1,6,2),(1,6,2),(0,6,2),
159:(0,5,0),(1,5,0),(1,4,0),(1,4,1),(1,3,1),(1,2,1),(1,2,2),(1,1,2),
160:(8,3,0),(8,2,0),(8,2,1),(8,2,2),(8,2,3),(8,2,4),(8,2,5),(8,2,6),(7,2,6),(7,2,7),(7,3,7),(6,3,7),(6,2,7),(5,2,7),(4,2,7),(4,2,8),
161:(7,2,7),(6,2,7),(5,2,7),(4,2,7),(4,2,6),(3,2,6),(2,2,6),(2,2,5),(2,2,4),(2,2,3),(2,2,2),(2,2,1),(2,1,1),(2,1,0),
162:(4,7,8),(5,7,8),(5,6,8),(6,6,8),(7,6,8),(8,6,8),(8,6,7),(8,5,7),(8,4,7),(8,3,7),(8,3,6),(8,3,5),(8,3,4),(8,2,4),
163:(0,0,7),(1,0,7),(2,0,7),(3,0,7),(3,0,6),(3,0,5),(3,0,4),(3,1,4),(3,1,4),(3,1,3),(3,2,3),
164:(6,8,2),(6,8,1),(7,8,1),(8,8,1),(8,8,0),(8,7,0),(8,6,0),(8,5,0),(8,4,0),(8,3,0),
165:(4,2,8),(4,2,8),(4,2,7),(4,2,6),(4,3,6),(4,4,6),(4,4,5),(4,5,5),(3,5,5),
166:(3,5,7),(4,5,7),(5,5,7),(6,5,7),(6,6,7),(7,6,7),(7,6,6),(7,7,6),(7,8,6),(7,8,5),(7,8,4),
167:(0,4,2),(1,4,2),(1,4,1),(1,3,1),(1,3,0),(1,3,0),(2,3,0),(3,3,0),(4,3,0),(5,3,0),(6,3,0),(7,3,0),
168:(7,7,7),(7,7,6),(8,7,6),(8,7,5),(8,7,4),(8,7,3),(8,6,3),(8,5,3),(8,4,3),
169:(6,5,4),(6,5,4),(5,5,4),(4,5,4),(4,4,4),(4,4,3),(4,4,2),(4,4,1),(4,3,1),(4,2,1),(4,1,1),(4,0,1),
170:(3,0,5),(4,0,5),(4,1,5),(4,1,4),(5,1,4),(5,2,4),(5,3,4),(5,4,4),(5,4,3),(5,4,2),(5,4,1),(5,5,1),(5,6,1),(4,6,1),
171:(1,5,8),(2,5,8),(3,5,8),(4,5,8),(5,5,8),(6,5,8),(6,5,7),(6,6,7),(6,7,7),
172:(6,7,1),(5,7,1),(5,6,1),(5,6,2),(5,5,2),(4,5,2),(3,5,2),(3,5,3),(3,4,3),(3,4,4),(3,3,4),
173:(0,8,3),(1,8,3),(2,8,3),(3,8,3),(4,8,3),(5,8,3),(6,8,3),(6,8,2),(6,8,1),(6,7,1),(6,6,1),(6,5,1),
174:(7,6,4),(6,6,4),(6,6,3),(6,6,2),(6,7,2),
175:(7,4,8),(6,4,8),(6,4,8),(6,4,7),(6,4,6),(6,4,5),(6,4,4),(6,4,3),(6,4,2),(6,5,2),(6,6,2),(6,6,2),(6,6,1),
176:(5,0,7),(5,0,6),(4,0,6),(4,0,5),(4,0,4),(4,0,3),(4,0,2),(4,1,2),(4,2,2),(4,3,2),(4,4,2),(3,4,2),
177:(3,5,4),(4,5,4),(4,5,3),(4,5,2),(4,5,1),(4,5,1),(4,4,1),(4,3,1),(4,2,1),(5,2,1),(5,1,1),(5,0,1),
178:(0,5,6),(1,5,6),(1,4,6),(1,3,6),(1,2,6),(1,1,6),(2,1,6),(3,1,6),(3,1,5),(3,1,4),(4,1,4),(5,1,4),(6,1,4),(7,1,4),(8,1,4),(8,1,3),(8,1,2),(8,1,1),(8,1,0),
179:(4,0,0),(4,1,0),(4,2,0),(4,3,0),(4,4,0),(4,3,0),(4,3,1),(4,3,2),(4,3,3),(4,3,4),(4,3,5),(4,3,6),(4,4,6),(4,5,6),
180:(3,0,0),(2,0,0),(2,1,0),(2,2,0),
181:(4,6,3),(5,6,3),(5,7,3),(6,7,3),(6,7,4),(6,7,5),(6,7,5),(6,6,5),(6,7,5),
182:(5,0,1),(4,0,1),(4,0,2),(4,-1,2),(3,-1,2),(3,-1,3),(3,-1,4),(3,-1,5),(3,-1,6),(3,0,6),(3,1,6),
183:(3,0,1),(2,0,1),(1,0,1),(1,0,0),(1,1,0),(1,2,0),(1,3,0),(1,4,0),(1,5,0),(1,6,0),(1,7,0),
184:(1,0,2),(1,1,2),(1,1,1),(2,1,1),(2,2,1),(2,3,1),(3,3,1),(3,4,1),(4,4,1),(4,4,0),
185:(2,5,1),(2,4,1),(2,4,2),(2,4,3),(3,4,3),(3,4,3),(4,4,3),(5,4,3),(6,4,3),(7,4,3),(7,3,3),
186:(0,7,2),(1,7,2),(1,7,3),(2,7,3),(2,7,4),(3,7,4),(3,6,4),(3,6,5),(4,6,5),(5,6,5),(6,6,5),(6,6,6),(6,6,7),(6,6,8),(6,5,8),
187:(5,0,6),(6,0,6),(7,0,6),(7,1,6),(7,2,6),(7,3,6),(7,3,5),(7,3,4),(7,4,4),(7,4,4),(7,4,3),(7,4,2),(7,4,1),
188:(6,8,8),(6,8,8),(6,8,7),(5,8,7),(4,8,7),(3,8,7),(2,8,7),(1,8,7),(1,7,7),(0,7,7),(0,7,6),(0,7,5),(0,6,5),(0,5,5),(0,4,5),
189:(6,3,0),(5,3,0),(4,3,0),(3,3,0),(3,3,1),(3,4,1),(2,4,1),(1,4,1),(1,5,1),(1,6,1),
190:(7,0,3),(7,0,4),(7,0,5),(7,0,6),(7,0,7),(6,0,7),(6,0,8),(6,1,8),(6,2,8),
191:(6,3,6),(6,2,6),(5,2,6),(5,2,6),(5,2,6),(5,2,5),
192:(5,8,3),(4,8,3),(4,8,4),(3,8,4),(2,8,4),(1,8,4),(1,7,4),(1,6,4),(1,6,4),(1,5,4),(1,5,5),
193:(5,7,7),(4,7,7),(4,7,7),(3,7,7),(2,7,7),(1,7,7),(1,7,6),(1,7,5),(1,7,4),(1,7,3),(1,7,2),(0,7,2),(0,7,1),(0,7,0),(0,6,0),(0,5,0),
194:(7,3,5),(8,3,5),(8,3,6),(8,3,7),(8,3,8),(8,4,8),
195:(2,3,4),(3,3,4),(3,3,5),(3,3,6),(3,3,7),(4,3,7),(5,3,7),(6,3,7),(7,3,7),(7,4,7),(8,4,7),(8,5,7),(8,6,7),
196:(6,8,0),(6,7,0),(7,7,0),(7,7,1),(7,7,1),(7,7,2),
197:(1,5,5),(1,6,5),(1,6,6),(1,7,6),(1,8,6),
198:(5,1,0),(5,1,1),(4,1,1),(3,1,1),(2,1,1),(2,2,1),(2,3,1),(2,3,2),(2,3,3),(2,4,3),(1,4,3),(1,4,4),(1,4,5),(1,4,6),(1,5,6),(1,6,6),(1,6,7),(1,7,7),(1,7,8),(1,8,8),
199:(4,4,5),(3,4,5),(2,4,5),(1,4,5),(1,4,6),(1,3,6),(2,3,6),(2,2,6),(1,2,6),
200:(7,3,0),(6,3,0),(5,3,0),(5,3,1),(5,3,2),(4,3,2),(3,3,2),(3,3,3),(3,3,4),(3,3,5),(2,3,5),(2,3,6),(2,3,7),(1,3,7),
201:(1,8,1),(0,8,1),(0,8,2),(0,8,3),(0,8,4),(0,7,4),(0,6,4),(0,5,4),(0,5,5),(0,4,5),(0,4,6),
202:(1,0,7),(2,0,7),(3,0,7),(3,0,6),(4,0,6),(5,0,6),(5,0,5),(6,0,5),(6,1,5),(7,1,5),(7,1,4),(7,2,4),(7,3,4),(7,4,4),(8,4,4),(8,5,4),(8,5,3),
203:(2,3,8),(1,3,8),(1,3,8),(1,3,7),(1,3,6),(1,3,5),(1,3,4),
204:(3,2,5),(3,2,6),(3,2,7),(2,2,7),(1,2,7),(0,2,7),(0,2,8),(0,1,8),
205:(2,8,7),(2,8,6),(2,7,6),(2,6,6),(2,5,6),(2,4,6),(2,4,6),(2,4,5),(2,3,5),(2,2,5),(1,2,5),(1,1,5),(1,0,5),(0,0,5),
206:(4,0,3),(4,0,4),(4,0,5),(4,1,5),(4,1,6),(5,1,6),
207:(8,2,1),(8,3,1),(8,4,1),(8,5,1),(8,6,1),(8,6,2),(9,6,2),(9,6,3),(9,6,3),(8,6,3),
208:(7,8,5),(6,8,5),(5,8,5),(4,8,5),(3,8,5),(3,8,6),(3,8,7),(3,8,8),(3,7,8),(3,6,8),(3,5,8),
209:(2,6,4),(2,6,3),(1,6,3),(0,6,3),(0,7,3),
210:(5,3,8),(5,4,8),(5,5,8),(5,6,8),(6,6,8),(6,7,8),(6,7,7),(5,7,7),
211:(4,3,8),(4,3,7),(4,3,6),(4,3,5),(4,2,5),(4,1,5),(4,1,4),(4,1,3),(4,0,3),
212:(3,5,5),(3,5,4),(3,5,3),(3,5,2),(3,4,2),(2,4,2),(3,4,2),(3,3,2),
213:(4,2,6),(4,2,5),(4,2,4),(4,3,4),(3,3,4),(3,4,4),(3,5,4),(3,6,4),(3,7,4),(2,7,4),(2,8,4),
214:(1,6,8),(2,6,8),(2,6,7),(3,6,7),(3,5,7),(3,4,7),(3,3,7),(3,3,6),(3,2,6),(3,2,5),(3,1,5),(3,1,4),(4,1,4),(5,1,4),(5,1,3),(5,0,3),
215:(8,0,8),(7,0,8),(6,0,8),(5,0,8),(4,0,8),(3,0,8),(2,0,8),(2,1,8),(2,2,8),(2,3,8),(2,4,8),(2,5,8),
216:(7,6,1),(6,6,1),(6,7,1),(5,7,1),(4,7,1),(4,7,2),(4,7,3),(4,6,3),
217:(2,2,7),(3,2,7),(3,1,7),(4,1,7),(5,1,7),(5,0,7),(6,0,7),(7,0,7),(8,0,7),(8,0,6),(8,0,5),(8,0,4),(8,0,3),(8,0,2),
218:(6,1,1),(6,2,1),(6,2,2),(6,2,3),(6,2,4),(6,2,4),(6,2,4),(5,2,4),(4,2,4),
219:(0,8,0),(1,8,0),(2,8,0),(3,8,0),(4,8,0),(5,8,0),(6,8,0),(7,8,0),(8,8,0),(8,8,1),(8,8,2),(8,8,3),(8,8,4),(8,8,5),(8,8,6),(8,7,6),(8,6,6),(8,5,6),
220:(8,8,4),(8,7,4),(8,6,4),(8,5,4),(8,4,4),(7,4,4),(7,4,4),(6,4,4),(6,4,4),(6,4,3),
221:(1,4,0),(2,4,0),(3,4,0),(3,5,0),(3,5,1),(2,5,1),(2,5,2),(2,5,3),(2,6,3),(2,7,3),
222:(6,2,0),(5,2,0),(5,2,-1),(4,2,-1),(3,2,-1),(2,2,-1),(2,3,-1),(2,3,0),(2,3,1),(2,3,2),(2,3,3),(1,3,3),(1,4,3),(1,4,4),(1,4,5),(1,4,6),(1,4,7),(1,4,8),(1,5,8),
223:(7,5,7),(6,5,7),(6,5,6),(5,5,6),(4,5,6),(3,5,6),(2,5,6),(2,6,6),(2,7,6),(2,8,6),
224:(1,8,0),(2,8,0),(3,8,0),(4,8,0),(4,8,1),(4,8,2),(4,8,3),(4,8,4),(4,8,5),(4,8,6),(4,8,7),(4,7,7),(4,6,7),(4,5,7),
225:(1,8,3),(2,8,3),(3,8,3),(4,8,3),(5,8,3),(5,8,4),(5,8,3),(5,7,3),(5,6,3),
226:(1,3,5),(0,3,5),(0,4,5),(0,5,5),(0,6,5),(0,7,5),(0,7,5),(0,7,4),
227:(5,3,5),(5,2,5),(5,1,5),(5,1,6),(5,1,5),(5,0,5),(4,0,5),(3,0,5),(2,0,5),(2,0,4),
228:(0,2,3),(1,2,3),(2,2,3),(3,2,3),(4,2,3),(4,3,3),(4,3,4),(4,3,5),(4,3,6),(5,3,6),(6,3,6),(7,3,6),(8,3,6),(8,3,7),(8,4,7),
229:(6,3,3),(6,3,4),(6,3,5),(6,3,6),(6,3,7),(6,3,8),(5,3,8),(4,3,8),(3,3,8),(3,2,8),
230:(3,8,2),(4,8,2),(4,7,2),(4,6,2),(4,5,2),(4,4,2),(5,4,2),(6,4,2),(6,3,2),(6,2,2),(5,2,2),
231:(7,8,3),(6,8,3),(6,8,4),(6,8,5),(6,8,6),(6,8,7),(6,8,8),(6,7,8),
232:(8,6,3),(7,6,3),(7,6,4),(6,6,4),(6,6,5),(6,6,6),(6,5,6),(6,5,6),(6,5,7),
233:(5,7,0),(4,7,0),(3,7,0),(2,7,0),(1,7,0),(0,7,0),(0,7,1),(0,7,2),(0,6,2),(0,5,2),(0,5,3),(0,5,4),(0,4,4),(0,3,4),(0,2,4),
234:(8,8,5),(7,8,5),(6,8,5),(5,8,5),(5,7,5),(5,7,4),(4,7,4),(3,7,4),(2,7,4),(1,7,4),(1,6,4),(0,6,4),(0,5,4),(0,5,3),(0,4,3),(0,3,3),
235:(8,3,4),(7,3,4),(7,3,3),(7,3,2),(7,3,1),(7,3,0),(6,3,0),(5,3,0),(5,2,0),
236:(7,1,7),(6,1,7),(6,1,6),(6,1,5),(6,2,5),(6,3,5),(6,4,5),(6,5,5),(5,5,5),(5,5,4),(4,5,4),(3,5,4),(3,5,3),(3,5,2),(3,5,1),(3,6,1),(3,7,1),(2,7,1),(1,7,1),(1,8,1),
237:(8,4,8),(7,4,8),(7,4,7),(7,5,7),(7,6,7),(7,7,7),(7,7,7),(6,7,7),(6,7,6),
238:(6,8,7),(5,8,7),(4,8,7),(3,8,7),(3,7,7),(3,6,7),(3,5,7),(3,4,7),(3,3,7),(2,3,7),(2,2,7),(2,2,8),(2,1,8),(2,0,8),
239:(7,4,2),(7,4,1),(7,3,1),(7,2,1),
240:(0,2,0),(1,2,0),(2,2,0),(2,3,0),(3,3,0),(3,3,1),(3,4,1),(3,4,2),(4,4,2),(4,4,3),(4,4,3),(4,4,4),(4,4,5),(5,4,5),
241:(3,7,3),(4,7,3),(4,6,3),(4,5,3),(5,5,3),(6,5,3),(6,4,3),(7,4,3),(7,3,3),(7,2,3),(6,2,3),(5,2,3),(5,1,3),(5,0,3),(5,0,4),
242:(8,3,6),(8,4,6),(8,5,6),(8,6,6),(7,6,6),(7,6,6),(6,6,6),(5,6,6),(4,6,6),(3,6,6),
